*---*---*---*---*---*---*---*---*---*---*---*---*---*---*---*---*---*---*---*---*
Algorithm: Differential Evolution
Constrainth handling method: APM
Function: 125
Case: discrete
Seed: 11
Parents size: 50
Offsprings size: 50
maxFe: 20000
CR: 0.9
F: 0.6
rweights: -
*---*---*---*---*---*---*---*---*---*---*---*---*---*---*---*---*---*---*---*---*
ngen ObjectiveFunction Fitness ProjectVariables
50 679.6420706811899 679.6420706811899 1.8139631894898018 3.3520947387879927 2.2847350285775523 1.1796679601145397 0.1 1.2217997526481819 1.998442253342941 2.8412165923680597
100 644.9077759564851 644.9077759564851 2.0162916171468663 3.4 1.7804312964842515 1.045784153895204 0.3264889182753312 1.027080554107622 1.691182793145817 3.217071066835205
150 644.9077759564851 644.9077759564851 2.0162916171468663 3.4 1.7804312964842515 1.045784153895204 0.3264889182753312 1.027080554107622 1.691182793145817 3.217071066835205
200 597.695724528042 597.695724528042 1.6902214745478763 2.599268274617116 2.7350690227077497 0.8922703076765013 0.1 0.7651821239442878 1.7494918441161504 2.5396499537591093
250 596.2977841485481 596.2977841485481 0.3136125191421989 2.1076166535007235 2.098960950505398 0.9417683387547985 0.5331035471415495 1.2362680374113642 1.6363149737518954 3.2016267930056395
300 577.6065582703519 577.6065582703519 0.1 0.1 3.4 0.1 0.5590203647325067 1.1297998156065234 2.3513867467237257 3.4
350 577.6065582703519 577.6065582703519 0.1 0.1 3.4 0.1 0.5590203647325067 1.1297998156065234 2.3513867467237257 3.4
400 562.2185824712911 562.2185824712911 0.6905020338495114 3.4 1.91521663036073 0.40667662238935276 0.1 0.9476883377011147 0.9117728192204364 3.4
450 554.5986573932387 554.5986573932387 0.1 1.971151729667602 2.499373021270669 0.1 0.6105305161437954 1.2108098458905912 1.125976880047318 3.0975126137377447
500 554.5986573932387 554.5986573932387 0.1 1.971151729667602 2.499373021270669 0.1 0.6105305161437954 1.2108098458905912 1.125976880047318 3.0975126137377447
550 554.1294586187825 554.1294586187825 0.1 1.5338866005592908 3.0194311471761672 0.5924024975844492 2.870578226493457 1.121178425522213 0.7082870269429508 3.1203699448938766
600 554.1294586187825 554.1294586187825 0.1 1.5338866005592908 3.0194311471761672 0.5924024975844492 2.870578226493457 1.121178425522213 0.7082870269429508 3.1203699448938766
650 553.9209044916322 553.9209044916322 0.43961671968672505 1.6058308411988673 2.933203835785779 0.4801407639158556 0.1 0.6302575598533132 1.6209288440196599 3.4
700 553.9209044916322 553.9209044916322 0.43961671968672505 1.6058308411988673 2.933203835785779 0.4801407639158556 0.1 0.6302575598533132 1.6209288440196599 3.4
750 545.510585716627 545.510585716627 1.2237870521159024 2.9787956094817982 1.813472270534543 0.1 0.5192561438231765 0.9308760469027652 0.8324216845303519 3.4
800 540.547534064847 540.547534064847 0.8987490695000214 0.47835140074293414 3.4 0.555273234612388 2.6008641216755777 0.9992736124658436 1.1327184747320387 3.1844692603595903
850 535.5389108110365 535.5389108110365 0.1 0.49883437739365766 3.4 0.1 2.2228118721909977 1.248878188410807 1.1327184747320387 3.228818220026495
900 523.8346298619207 523.8346298619207 0.303770031812035 1.2827296756992335 3.3810395780869085 0.3280844583495134 2.1590003420662955 1.0098528999649503 0.5496871120089635 3.3849254530335515
950 523.8346298619207 523.8346298619207 0.303770031812035 1.2827296756992335 3.3810395780869085 0.3280844583495134 2.1590003420662955 1.0098528999649503 0.5496871120089635 3.3849254530335515
1000 523.8346298619207 523.8346298619207 0.303770031812035 1.2827296756992335 3.3810395780869085 0.3280844583495134 2.1590003420662955 1.0098528999649503 0.5496871120089635 3.3849254530335515
1050 523.8346298619207 523.8346298619207 0.303770031812035 1.2827296756992335 3.3810395780869085 0.3280844583495134 2.1590003420662955 1.0098528999649503 0.5496871120089635 3.3849254530335515
1100 519.4467742530637 519.4467742530637 0.2446246454873823 1.6461730238684305 2.964327361263099 0.20890169310216317 1.1281036790573584 0.8813772674822768 0.6931052198571334 3.358012066568474
1150 519.4467742530637 519.4467742530637 0.2446246454873823 1.6461730238684305 2.964327361263099 0.20890169310216317 1.1281036790573584 0.8813772674822768 0.6931052198571334 3.358012066568474
1200 514.656923590934 514.656923590934 0.34104107581230386 1.0266613572171155 3.2774144885687795 0.28150282183693864 0.6862304542926738 0.7384012103577979 1.1934417461923084 3.227311042963354
1250 514.5634063701865 514.5634063701865 0.45317189202372354 1.3656667361147685 3.4 0.1 2.289204801534054 0.8161043923264624 0.4808115517439847 3.3300201109474568
1300 514.5634063701865 514.5634063701865 0.45317189202372354 1.3656667361147685 3.4 0.1 2.289204801534054 0.8161043923264624 0.4808115517439847 3.3300201109474568
1350 514.5634063701865 514.5634063701865 0.45317189202372354 1.3656667361147685 3.4 0.1 2.289204801534054 0.8161043923264624 0.4808115517439847 3.3300201109474568
1400 514.5634063701865 514.5634063701865 0.45317189202372354 1.3656667361147685 3.4 0.1 2.289204801534054 0.8161043923264624 0.4808115517439847 3.3300201109474568
1450 514.5634063701865 514.5634063701865 0.45317189202372354 1.3656667361147685 3.4 0.1 2.289204801534054 0.8161043923264624 0.4808115517439847 3.3300201109474568
1500 514.5634063701865 514.5634063701865 0.45317189202372354 1.3656667361147685 3.4 0.1 2.289204801534054 0.8161043923264624 0.4808115517439847 3.3300201109474568
1550 514.5634063701865 514.5634063701865 0.45317189202372354 1.3656667361147685 3.4 0.1 2.289204801534054 0.8161043923264624 0.4808115517439847 3.3300201109474568
1600 508.9540168440997 508.9540168440997 0.1 0.9246062987952074 3.360418714723559 0.15804592955336733 2.7508980542837325 1.1094424294411498 0.406100014886567 3.3592097626838937
1650 508.9540168440997 508.9540168440997 0.1 0.9246062987952074 3.360418714723559 0.15804592955336733 2.7508980542837325 1.1094424294411498 0.406100014886567 3.3592097626838937
1700 508.9540168440997 508.9540168440997 0.1 0.9246062987952074 3.360418714723559 0.15804592955336733 2.7508980542837325 1.1094424294411498 0.406100014886567 3.3592097626838937
1750 508.9540168440997 508.9540168440997 0.1 0.9246062987952074 3.360418714723559 0.15804592955336733 2.7508980542837325 1.1094424294411498 0.406100014886567 3.3592097626838937
1800 508.9540168440997 508.9540168440997 0.1 0.9246062987952074 3.360418714723559 0.15804592955336733 2.7508980542837325 1.1094424294411498 0.406100014886567 3.3592097626838937
1850 508.9540168440997 508.9540168440997 0.1 0.9246062987952074 3.360418714723559 0.15804592955336733 2.7508980542837325 1.1094424294411498 0.406100014886567 3.3592097626838937
1900 508.9540168440997 508.9540168440997 0.1 0.9246062987952074 3.360418714723559 0.15804592955336733 2.7508980542837325 1.1094424294411498 0.406100014886567 3.3592097626838937
1950 508.9540168440997 508.9540168440997 0.1 0.9246062987952074 3.360418714723559 0.15804592955336733 2.7508980542837325 1.1094424294411498 0.406100014886567 3.3592097626838937
2000 508.9540168440997 508.9540168440997 0.1 0.9246062987952074 3.360418714723559 0.15804592955336733 2.7508980542837325 1.1094424294411498 0.406100014886567 3.3592097626838937
2050 508.9540168440997 508.9540168440997 0.1 0.9246062987952074 3.360418714723559 0.15804592955336733 2.7508980542837325 1.1094424294411498 0.406100014886567 3.3592097626838937
2100 508.9540168440997 508.9540168440997 0.1 0.9246062987952074 3.360418714723559 0.15804592955336733 2.7508980542837325 1.1094424294411498 0.406100014886567 3.3592097626838937
2150 508.9540168440997 508.9540168440997 0.1 0.9246062987952074 3.360418714723559 0.15804592955336733 2.7508980542837325 1.1094424294411498 0.406100014886567 3.3592097626838937
2200 504.97955196273904 504.97955196273904 0.3279630766846125 0.8138447999134761 3.3858007533952694 0.1 2.3662501236155795 0.9984722939731925 0.6334787046238561 3.3300201109474568
2250 504.97955196273904 504.97955196273904 0.3279630766846125 0.8138447999134761 3.3858007533952694 0.1 2.3662501236155795 0.9984722939731925 0.6334787046238561 3.3300201109474568
2300 504.97955196273904 504.97955196273904 0.3279630766846125 0.8138447999134761 3.3858007533952694 0.1 2.3662501236155795 0.9984722939731925 0.6334787046238561 3.3300201109474568
2350 504.97955196273904 504.97955196273904 0.3279630766846125 0.8138447999134761 3.3858007533952694 0.1 2.3662501236155795 0.9984722939731925 0.6334787046238561 3.3300201109474568
2400 504.97955196273904 504.97955196273904 0.3279630766846125 0.8138447999134761 3.3858007533952694 0.1 2.3662501236155795 0.9984722939731925 0.6334787046238561 3.3300201109474568
2450 504.47092870892845 504.47092870892845 0.1 0.7645883103003455 3.2923451634528162 0.1 1.5219075858317987 1.0476997961989756 0.7756445908256882 3.351619657691836
2500 503.4198584716496 503.4198584716496 0.1038195800898512 1.0300867036280004 3.4 0.14054813193322926 1.6619443267793659 0.8341852795319603 0.7523192850079562 3.2572076886113606
2550 503.4198584716496 503.4198584716496 0.1038195800898512 1.0300867036280004 3.4 0.14054813193322926 1.6619443267793659 0.8341852795319603 0.7523192850079562 3.2572076886113606
2600 503.4198584716496 503.4198584716496 0.1038195800898512 1.0300867036280004 3.4 0.14054813193322926 1.6619443267793659 0.8341852795319603 0.7523192850079562 3.2572076886113606
2650 503.4198584716496 503.4198584716496 0.1038195800898512 1.0300867036280004 3.4 0.14054813193322926 1.6619443267793659 0.8341852795319603 0.7523192850079562 3.2572076886113606
2700 503.4198584716496 503.4198584716496 0.1038195800898512 1.0300867036280004 3.4 0.14054813193322926 1.6619443267793659 0.8341852795319603 0.7523192850079562 3.2572076886113606
2750 503.4198584716496 503.4198584716496 0.1038195800898512 1.0300867036280004 3.4 0.14054813193322926 1.6619443267793659 0.8341852795319603 0.7523192850079562 3.2572076886113606
2800 503.4198584716496 503.4198584716496 0.1038195800898512 1.0300867036280004 3.4 0.14054813193322926 1.6619443267793659 0.8341852795319603 0.7523192850079562 3.2572076886113606
2850 503.4198584716496 503.4198584716496 0.1038195800898512 1.0300867036280004 3.4 0.14054813193322926 1.6619443267793659 0.8341852795319603 0.7523192850079562 3.2572076886113606
2900 501.57738081039173 501.57738081039173 0.19698666706929052 0.4282887060027156 3.2467395564128716 0.1 1.1502747338757469 0.9915593769989522 1.1226385554117342 3.4
2950 500.94539359028903 500.94539359028903 0.1 0.9489047460827338 3.2923451634528162 0.1 1.394141481753763 0.905586887998649 0.8288573310259505 3.3606054283633946
3000 500.94539359028903 500.94539359028903 0.1 0.9489047460827338 3.2923451634528162 0.1 1.394141481753763 0.905586887998649 0.8288573310259505 3.3606054283633946
3050 499.4453935902891 499.4453935902891 0.1 0.8664696410730971 3.3858007533952694 0.1 1.2903566002735822 1.0164955955776784 0.7080654259049924 3.4
3100 499.4453935902891 499.4453935902891 0.1 0.8664696410730971 3.3858007533952694 0.1 1.2903566002735822 1.0164955955776784 0.7080654259049924 3.4
3150 499.4453935902891 499.4453935902891 0.1 0.8664696410730971 3.3858007533952694 0.1 1.2903566002735822 1.0164955955776784 0.7080654259049924 3.4
3200 499.4453935902891 499.4453935902891 0.1 0.8664696410730971 3.3858007533952694 0.1 1.2903566002735822 1.0164955955776784 0.7080654259049924 3.4
3250 499.4453935902891 499.4453935902891 0.1 0.8664696410730971 3.3858007533952694 0.1 1.2903566002735822 1.0164955955776784 0.7080654259049924 3.4
3300 499.4453935902891 499.4453935902891 0.1 0.8664696410730971 3.3858007533952694 0.1 1.2903566002735822 1.0164955955776784 0.7080654259049924 3.4
3350 499.4453935902891 499.4453935902891 0.1 0.8664696410730971 3.3858007533952694 0.1 1.2903566002735822 1.0164955955776784 0.7080654259049924 3.4
3400 499.4453935902891 499.4453935902891 0.1 0.8664696410730971 3.3858007533952694 0.1 1.2903566002735822 1.0164955955776784 0.7080654259049924 3.4
3450 499.4453935902891 499.4453935902891 0.1 0.8664696410730971 3.3858007533952694 0.1 1.2903566002735822 1.0164955955776784 0.7080654259049924 3.4
3500 499.4453935902891 499.4453935902891 0.1 0.8664696410730971 3.3858007533952694 0.1 1.2903566002735822 1.0164955955776784 0.7080654259049924 3.4
3550 499.4453935902891 499.4453935902891 0.1 0.8664696410730971 3.3858007533952694 0.1 1.2903566002735822 1.0164955955776784 0.7080654259049924 3.4
3600 499.4453935902891 499.4453935902891 0.1 0.8664696410730971 3.3858007533952694 0.1 1.2903566002735822 1.0164955955776784 0.7080654259049924 3.4
3650 499.4453935902891 499.4453935902891 0.1 0.8664696410730971 3.3858007533952694 0.1 1.2903566002735822 1.0164955955776784 0.7080654259049924 3.4
3700 499.4453935902891 499.4453935902891 0.1 0.8664696410730971 3.3858007533952694 0.1 1.2903566002735822 1.0164955955776784 0.7080654259049924 3.4
3750 499.4453935902891 499.4453935902891 0.1 0.8664696410730971 3.3858007533952694 0.1 1.2903566002735822 1.0164955955776784 0.7080654259049924 3.4
3800 499.4453935902891 499.4453935902891 0.1 0.8664696410730971 3.3858007533952694 0.1 1.2903566002735822 1.0164955955776784 0.7080654259049924 3.4
3850 499.4453935902891 499.4453935902891 0.1 0.8664696410730971 3.3858007533952694 0.1 1.2903566002735822 1.0164955955776784 0.7080654259049924 3.4
3900 499.4453935902891 499.4453935902891 0.1 0.8664696410730971 3.3858007533952694 0.1 1.2903566002735822 1.0164955955776784 0.7080654259049924 3.4
3950 499.4453935902891 499.4453935902891 0.1 0.8664696410730971 3.3858007533952694 0.1 1.2903566002735822 1.0164955955776784 0.7080654259049924 3.4
4000 499.4453935902891 499.4453935902891 0.1 0.8664696410730971 3.3858007533952694 0.1 1.2903566002735822 1.0164955955776784 0.7080654259049924 3.4
4050 499.4453935902891 499.4453935902891 0.1 0.8664696410730971 3.3858007533952694 0.1 1.2903566002735822 1.0164955955776784 0.7080654259049924 3.4
4100 499.4453935902891 499.4453935902891 0.1 0.8664696410730971 3.3858007533952694 0.1 1.2903566002735822 1.0164955955776784 0.7080654259049924 3.4
4150 499.4453935902891 499.4453935902891 0.1 0.8664696410730971 3.3858007533952694 0.1 1.2903566002735822 1.0164955955776784 0.7080654259049924 3.4
4200 499.4453935902891 499.4453935902891 0.1 0.8664696410730971 3.3858007533952694 0.1 1.2903566002735822 1.0164955955776784 0.7080654259049924 3.4
4250 499.4453935902891 499.4453935902891 0.1 0.8664696410730971 3.3858007533952694 0.1 1.2903566002735822 1.0164955955776784 0.7080654259049924 3.4
4300 499.4453935902891 499.4453935902891 0.1 0.8664696410730971 3.3858007533952694 0.1 1.2903566002735822 1.0164955955776784 0.7080654259049924 3.4
4350 499.4453935902891 499.4453935902891 0.1 0.8664696410730971 3.3858007533952694 0.1 1.2903566002735822 1.0164955955776784 0.7080654259049924 3.4
4400 499.4453935902891 499.4453935902891 0.1 0.8664696410730971 3.3858007533952694 0.1 1.2903566002735822 1.0164955955776784 0.7080654259049924 3.4
4450 499.4453935902891 499.4453935902891 0.1 0.8664696410730971 3.3858007533952694 0.1 1.2903566002735822 1.0164955955776784 0.7080654259049924 3.4
4500 499.44539359028903 499.44539359028903 0.1 0.9131263288511013 3.3368976448594108 0.10717547794381713 1.2596851029054326 0.9126967475439953 0.8126717345542098 3.4
4550 499.44539359028903 499.44539359028903 0.1 0.9131263288511013 3.3368976448594108 0.10717547794381713 1.2596851029054326 0.9126967475439953 0.8126717345542098 3.4
4600 499.2507754544732 499.2507754544732 0.1 0.6960395510850274 3.3338773458685407 0.1 1.487023060385701 0.9560459195482883 0.8360674898883496 3.2991696795445806
4650 499.2507754544732 499.2507754544732 0.1 0.6960395510850274 3.3338773458685407 0.1 1.487023060385701 0.9560459195482883 0.8360674898883496 3.2991696795445806
4700 499.2507754544732 499.2507754544732 0.1 0.6960395510850274 3.3338773458685407 0.1 1.487023060385701 0.9560459195482883 0.8360674898883496 3.2991696795445806
4750 499.2507754544732 499.2507754544732 0.1 0.6960395510850274 3.3338773458685407 0.1 1.487023060385701 0.9560459195482883 0.8360674898883496 3.2991696795445806
4800 499.2507754544732 499.2507754544732 0.1 0.6960395510850274 3.3338773458685407 0.1 1.487023060385701 0.9560459195482883 0.8360674898883496 3.2991696795445806
4850 499.2507754544732 499.2507754544732 0.1 0.6960395510850274 3.3338773458685407 0.1 1.487023060385701 0.9560459195482883 0.8360674898883496 3.2991696795445806
4900 499.2507754544732 499.2507754544732 0.1 0.6960395510850274 3.3338773458685407 0.1 1.487023060385701 0.9560459195482883 0.8360674898883496 3.2991696795445806
4950 499.2507754544732 499.2507754544732 0.1 0.6960395510850274 3.3338773458685407 0.1 1.487023060385701 0.9560459195482883 0.8360674898883496 3.2991696795445806
5000 499.2507754544732 499.2507754544732 0.1 0.6960395510850274 3.3338773458685407 0.1 1.487023060385701 0.9560459195482883 0.8360674898883496 3.2991696795445806
5050 499.2507754544732 499.2507754544732 0.1 0.6960395510850274 3.3338773458685407 0.1 1.487023060385701 0.9560459195482883 0.8360674898883496 3.2991696795445806
5100 499.2507754544732 499.2507754544732 0.1 0.6960395510850274 3.3338773458685407 0.1 1.487023060385701 0.9560459195482883 0.8360674898883496 3.2991696795445806
5150 499.2507754544732 499.2507754544732 0.1 0.6960395510850274 3.3338773458685407 0.1 1.487023060385701 0.9560459195482883 0.8360674898883496 3.2991696795445806
5200 499.2507754544732 499.2507754544732 0.1 0.6960395510850274 3.3338773458685407 0.1 1.487023060385701 0.9560459195482883 0.8360674898883496 3.2991696795445806
5250 499.2507754544732 499.2507754544732 0.1 0.6960395510850274 3.3338773458685407 0.1 1.487023060385701 0.9560459195482883 0.8360674898883496 3.2991696795445806
5300 499.2507754544732 499.2507754544732 0.1 0.6960395510850274 3.3338773458685407 0.1 1.487023060385701 0.9560459195482883 0.8360674898883496 3.2991696795445806
5350 499.2507754544732 499.2507754544732 0.1 0.6960395510850274 3.3338773458685407 0.1 1.487023060385701 0.9560459195482883 0.8360674898883496 3.2991696795445806
5400 499.2507754544732 499.2507754544732 0.1 0.6960395510850274 3.3338773458685407 0.1 1.487023060385701 0.9560459195482883 0.8360674898883496 3.2991696795445806
5450 499.2507754544732 499.2507754544732 0.1 0.6960395510850274 3.3338773458685407 0.1 1.487023060385701 0.9560459195482883 0.8360674898883496 3.2991696795445806
5500 499.2507754544732 499.2507754544732 0.1 0.6960395510850274 3.3338773458685407 0.1 1.487023060385701 0.9560459195482883 0.8360674898883496 3.2991696795445806
5550 499.2507754544732 499.2507754544732 0.1 0.6960395510850274 3.3338773458685407 0.1 1.487023060385701 0.9560459195482883 0.8360674898883496 3.2991696795445806
5600 499.2507754544732 499.2507754544732 0.1 0.6960395510850274 3.3338773458685407 0.1 1.487023060385701 0.9560459195482883 0.8360674898883496 3.2991696795445806
5650 499.2507754544732 499.2507754544732 0.1 0.6960395510850274 3.3338773458685407 0.1 1.487023060385701 0.9560459195482883 0.8360674898883496 3.2991696795445806
5700 499.2507754544732 499.2507754544732 0.1 0.6960395510850274 3.3338773458685407 0.1 1.487023060385701 0.9560459195482883 0.8360674898883496 3.2991696795445806
5750 499.2507754544732 499.2507754544732 0.13376515517422188 0.7162361478162068 3.2782845031199743 0.1 1.4985223609880063 0.9649095322687145 0.8209921072177333 3.279460676037266
5800 499.2507754544732 499.2507754544732 0.13376515517422188 0.7162361478162068 3.2782845031199743 0.1 1.4985223609880063 0.9649095322687145 0.8209921072177333 3.279460676037266
5850 499.2507754544732 499.2507754544732 0.13376515517422188 0.7047207466736501 3.2776482468503882 0.1 1.5155851799351252 1.028119420175797 0.7577223554607415 3.3280860120043325
5900 499.2507754544732 499.2507754544732 0.13376515517422188 0.7047207466736501 3.2776482468503882 0.1 1.5155851799351252 1.028119420175797 0.7577223554607415 3.3280860120043325
5950 499.2507754544732 499.2507754544732 0.13376515517422188 0.7047207466736501 3.2776482468503882 0.1 1.5155851799351252 1.028119420175797 0.7577223554607415 3.3280860120043325
6000 499.2507754544732 499.2507754544732 0.13376515517422188 0.7047207466736501 3.2776482468503882 0.1 1.5155851799351252 1.028119420175797 0.7577223554607415 3.3280860120043325
6050 499.2507754544732 499.2507754544732 0.13376515517422188 0.7047207466736501 3.2776482468503882 0.1 1.5155851799351252 1.028119420175797 0.7577223554607415 3.3280860120043325
6100 499.2507754544732 499.2507754544732 0.13376515517422188 0.7047207466736501 3.2776482468503882 0.1 1.5155851799351252 1.028119420175797 0.7577223554607415 3.3280860120043325
6150 499.2507754544732 499.2507754544732 0.13376515517422188 0.7047207466736501 3.2776482468503882 0.1 1.5155851799351252 1.028119420175797 0.7577223554607415 3.3280860120043325
6200 499.2507754544732 499.2507754544732 0.13376515517422188 0.7047207466736501 3.2776482468503882 0.1 1.5155851799351252 1.028119420175797 0.7577223554607415 3.3280860120043325
6250 499.2507754544732 499.2507754544732 0.13376515517422188 0.7047207466736501 3.2776482468503882 0.1 1.5155851799351252 1.028119420175797 0.7577223554607415 3.3280860120043325
6300 499.2507754544732 499.2507754544732 0.13376515517422188 0.7047207466736501 3.2776482468503882 0.1 1.5155851799351252 1.028119420175797 0.7577223554607415 3.3280860120043325
6350 499.2507754544732 499.2507754544732 0.13376515517422188 0.7047207466736501 3.2776482468503882 0.1 1.5155851799351252 1.028119420175797 0.7577223554607415 3.3280860120043325
6400 499.2507754544732 499.2507754544732 0.13376515517422188 0.7047207466736501 3.2776482468503882 0.1 1.5155851799351252 1.028119420175797 0.7577223554607415 3.3280860120043325
6450 499.2507754544732 499.2507754544732 0.13376515517422188 0.7047207466736501 3.2776482468503882 0.1 1.5155851799351252 1.028119420175797 0.7577223554607415 3.3280860120043325
6500 499.2507754544732 499.2507754544732 0.1193894662871236 0.6614866997365821 3.396352012441369 0.11357680269464084 1.4553757297806467 1.0303707239670215 0.7693732517603361 3.4
6550 499.2507754544732 499.2507754544732 0.1193894662871236 0.6614866997365821 3.396352012441369 0.11357680269464084 1.4553757297806467 1.0303707239670215 0.7693732517603361 3.4
6600 499.2507754544732 499.2507754544732 0.1193894662871236 0.6614866997365821 3.396352012441369 0.11357680269464084 1.4553757297806467 1.0303707239670215 0.7693732517603361 3.4
6650 499.2507754544732 499.2507754544732 0.1193894662871236 0.6614866997365821 3.396352012441369 0.11357680269464084 1.4553757297806467 1.0303707239670215 0.7693732517603361 3.4
6700 499.2507754544732 499.2507754544732 0.1193894662871236 0.6614866997365821 3.396352012441369 0.11357680269464084 1.4553757297806467 1.0303707239670215 0.7693732517603361 3.4
6750 499.2507754544732 499.2507754544732 0.1193894662871236 0.6614866997365821 3.396352012441369 0.11357680269464084 1.4553757297806467 1.0303707239670215 0.7693732517603361 3.4
6800 499.2507754544732 499.2507754544732 0.10928490549103559 0.7035750246060759 3.1938586359548653 0.11493696920722549 1.5451976474489675 0.9616953147620112 0.840687886664226 3.3269476755001226
6850 499.2507754544732 499.2507754544732 0.10928490549103559 0.7035750246060759 3.1938586359548653 0.11493696920722549 1.5451976474489675 0.9616953147620112 0.840687886664226 3.3269476755001226
6900 499.2507754544732 499.2507754544732 0.10928490549103559 0.7035750246060759 3.1938586359548653 0.11493696920722549 1.5451976474489675 0.9616953147620112 0.840687886664226 3.3269476755001226
6950 499.2507754544732 499.2507754544732 0.10928490549103559 0.7035750246060759 3.1938586359548653 0.11493696920722549 1.5451976474489675 0.9616953147620112 0.840687886664226 3.3269476755001226
7000 499.2507754544732 499.2507754544732 0.10928490549103559 0.7035750246060759 3.1938586359548653 0.11493696920722549 1.5451976474489675 0.9616953147620112 0.840687886664226 3.3269476755001226
7050 499.2507754544732 499.2507754544732 0.10928490549103559 0.7035750246060759 3.1938586359548653 0.11493696920722549 1.5451976474489675 0.9616953147620112 0.840687886664226 3.3269476755001226
7100 499.2507754544732 499.2507754544732 0.10928490549103559 0.7035750246060759 3.1938586359548653 0.11493696920722549 1.5451976474489675 0.9616953147620112 0.840687886664226 3.3269476755001226
7150 499.2507754544732 499.2507754544732 0.10928490549103559 0.7035750246060759 3.1938586359548653 0.11493696920722549 1.5451976474489675 0.9616953147620112 0.840687886664226 3.3269476755001226
7200 499.2507754544732 499.2507754544732 0.10928490549103559 0.7035750246060759 3.1938586359548653 0.11493696920722549 1.5451976474489675 0.9616953147620112 0.840687886664226 3.3269476755001226
7250 499.2507754544732 499.2507754544732 0.10928490549103559 0.7035750246060759 3.1938586359548653 0.11493696920722549 1.5451976474489675 0.9616953147620112 0.840687886664226 3.3269476755001226
7300 499.2507754544732 499.2507754544732 0.10928490549103559 0.7035750246060759 3.1938586359548653 0.11493696920722549 1.5451976474489675 0.9616953147620112 0.840687886664226 3.3269476755001226
7350 499.2507754544732 499.2507754544732 0.10928490549103559 0.7035750246060759 3.1938586359548653 0.11493696920722549 1.5451976474489675 0.9616953147620112 0.840687886664226 3.3269476755001226
7400 499.2507754544732 499.2507754544732 0.10928490549103559 0.7035750246060759 3.1938586359548653 0.11493696920722549 1.5451976474489675 0.9616953147620112 0.840687886664226 3.3269476755001226
7450 499.2507754544732 499.2507754544732 0.1273440130926319 0.674870281365913 3.3386413730921625 0.10549791373163955 1.5235568689946828 1.034381100453011 0.7737430991754043 3.343190850675236
7500 499.2507754544732 499.2507754544732 0.1273440130926319 0.674870281365913 3.3386413730921625 0.10549791373163955 1.5235568689946828 1.034381100453011 0.7737430991754043 3.343190850675236
7550 499.2507754544732 499.2507754544732 0.1273440130926319 0.674870281365913 3.3386413730921625 0.10549791373163955 1.5235568689946828 1.034381100453011 0.7737430991754043 3.343190850675236
7600 499.2507754544732 499.2507754544732 0.1273440130926319 0.674870281365913 3.3386413730921625 0.10549791373163955 1.5235568689946828 1.034381100453011 0.7737430991754043 3.343190850675236
7650 499.2507754544732 499.2507754544732 0.1273440130926319 0.674870281365913 3.3386413730921625 0.10549791373163955 1.5235568689946828 1.034381100453011 0.7737430991754043 3.343190850675236
7700 499.2507754544732 499.2507754544732 0.1273440130926319 0.674870281365913 3.3386413730921625 0.10549791373163955 1.5235568689946828 1.034381100453011 0.7737430991754043 3.343190850675236
7750 499.2507754544732 499.2507754544732 0.1273440130926319 0.674870281365913 3.3386413730921625 0.10549791373163955 1.5235568689946828 1.034381100453011 0.7737430991754043 3.343190850675236
7800 499.2507754544732 499.2507754544732 0.1273440130926319 0.674870281365913 3.3386413730921625 0.10549791373163955 1.5235568689946828 1.034381100453011 0.7737430991754043 3.343190850675236
7850 499.2507754544732 499.2507754544732 0.1273440130926319 0.674870281365913 3.3386413730921625 0.10549791373163955 1.5235568689946828 1.034381100453011 0.7737430991754043 3.343190850675236
7900 499.2507754544732 499.2507754544732 0.1273440130926319 0.674870281365913 3.3386413730921625 0.10549791373163955 1.5235568689946828 1.034381100453011 0.7737430991754043 3.343190850675236
7950 499.2507754544732 499.2507754544732 0.14509348710316466 0.6827116877873902 3.4 0.10720679637063828 1.517061114684413 1.02962930388941 0.7932945819090934 3.299369842105616
8000 499.2507754544732 499.2507754544732 0.14509348710316466 0.6827116877873902 3.4 0.10720679637063828 1.517061114684413 1.02962930388941 0.7932945819090934 3.299369842105616
8050 499.2507754544732 499.2507754544732 0.14509348710316466 0.6827116877873902 3.4 0.10720679637063828 1.517061114684413 1.02962930388941 0.7932945819090934 3.299369842105616
8100 499.2507754544732 499.2507754544732 0.14509348710316466 0.6827116877873902 3.4 0.10720679637063828 1.517061114684413 1.02962930388941 0.7932945819090934 3.299369842105616
8150 499.2507754544732 499.2507754544732 0.14509348710316466 0.6827116877873902 3.4 0.10720679637063828 1.517061114684413 1.02962930388941 0.7932945819090934 3.299369842105616
8200 499.2507754544732 499.2507754544732 0.11865046226194083 0.7372487767645991 3.4 0.13581967348851726 1.5133218884721398 1.0084181140270052 0.7626044043541316 3.318143436548599
8250 499.2507754544732 499.2507754544732 0.11865046226194083 0.7372487767645991 3.4 0.13581967348851726 1.5133218884721398 1.0084181140270052 0.7626044043541316 3.318143436548599
8300 499.2507754544732 499.2507754544732 0.11865046226194083 0.7372487767645991 3.4 0.13581967348851726 1.5133218884721398 1.0084181140270052 0.7626044043541316 3.318143436548599
8350 499.2507754544732 499.2507754544732 0.11865046226194083 0.7372487767645991 3.4 0.13581967348851726 1.5133218884721398 1.0084181140270052 0.7626044043541316 3.318143436548599
8400 499.2507754544732 499.2507754544732 0.13749476579105527 0.6904301958811256 3.372445407327011 0.1 1.4887215324925098 0.9838957756692994 0.8096650243757187 3.3250017260861493
8450 499.2507754544732 499.2507754544732 0.13749476579105527 0.6904301958811256 3.372445407327011 0.1 1.4887215324925098 0.9838957756692994 0.8096650243757187 3.3250017260861493
8500 499.2507754544732 499.2507754544732 0.13749476579105527 0.6904301958811256 3.372445407327011 0.1 1.4887215324925098 0.9838957756692994 0.8096650243757187 3.3250017260861493
8550 499.2507754544732 499.2507754544732 0.13749476579105527 0.6904301958811256 3.372445407327011 0.1 1.4887215324925098 0.9838957756692994 0.8096650243757187 3.3250017260861493
8600 499.2507754544732 499.2507754544732 0.13749476579105527 0.6904301958811256 3.372445407327011 0.1 1.4887215324925098 0.9838957756692994 0.8096650243757187 3.3250017260861493
8650 499.2507754544732 499.2507754544732 0.13749476579105527 0.6904301958811256 3.372445407327011 0.1 1.4887215324925098 0.9838957756692994 0.8096650243757187 3.3250017260861493
8700 499.2507754544732 499.2507754544732 0.13749476579105527 0.6904301958811256 3.372445407327011 0.1 1.4887215324925098 0.9838957756692994 0.8096650243757187 3.3250017260861493
8750 499.2507754544732 499.2507754544732 0.13749476579105527 0.6904301958811256 3.372445407327011 0.1 1.4887215324925098 0.9838957756692994 0.8096650243757187 3.3250017260861493
8800 499.2507754544732 499.2507754544732 0.13749476579105527 0.6904301958811256 3.372445407327011 0.1 1.4887215324925098 0.9838957756692994 0.8096650243757187 3.3250017260861493
8850 499.2507754544732 499.2507754544732 0.13749476579105527 0.6904301958811256 3.372445407327011 0.1 1.4887215324925098 0.9838957756692994 0.8096650243757187 3.3250017260861493
8900 499.2507754544732 499.2507754544732 0.13749476579105527 0.6904301958811256 3.372445407327011 0.1 1.4887215324925098 0.9838957756692994 0.8096650243757187 3.3250017260861493
8950 499.2507754544732 499.2507754544732 0.13749476579105527 0.6904301958811256 3.372445407327011 0.1 1.4887215324925098 0.9838957756692994 0.8096650243757187 3.3250017260861493
9000 499.2507754544732 499.2507754544732 0.13749476579105527 0.6904301958811256 3.372445407327011 0.1 1.4887215324925098 0.9838957756692994 0.8096650243757187 3.3250017260861493
9050 499.2507754544732 499.2507754544732 0.13749476579105527 0.6904301958811256 3.372445407327011 0.1 1.4887215324925098 0.9838957756692994 0.8096650243757187 3.3250017260861493
9100 499.2507754544732 499.2507754544732 0.13749476579105527 0.6904301958811256 3.372445407327011 0.1 1.4887215324925098 0.9838957756692994 0.8096650243757187 3.3250017260861493
9150 499.2507754544732 499.2507754544732 0.13749476579105527 0.6904301958811256 3.372445407327011 0.1 1.4887215324925098 0.9838957756692994 0.8096650243757187 3.3250017260861493
9200 499.2507754544732 499.2507754544732 0.13749476579105527 0.6904301958811256 3.372445407327011 0.1 1.4887215324925098 0.9838957756692994 0.8096650243757187 3.3250017260861493
9250 499.2507754544732 499.2507754544732 0.13749476579105527 0.6904301958811256 3.372445407327011 0.1 1.4887215324925098 0.9838957756692994 0.8096650243757187 3.3250017260861493
9300 499.2507754544732 499.2507754544732 0.13749476579105527 0.6904301958811256 3.372445407327011 0.1 1.4887215324925098 0.9838957756692994 0.8096650243757187 3.3250017260861493
9350 499.2507754544732 499.2507754544732 0.13749476579105527 0.6904301958811256 3.372445407327011 0.1 1.4887215324925098 0.9838957756692994 0.8096650243757187 3.3250017260861493
9400 499.2507754544732 499.2507754544732 0.13749476579105527 0.6904301958811256 3.372445407327011 0.1 1.4887215324925098 0.9838957756692994 0.8096650243757187 3.3250017260861493
9450 499.2507754544732 499.2507754544732 0.13749476579105527 0.6904301958811256 3.372445407327011 0.1 1.4887215324925098 0.9838957756692994 0.8096650243757187 3.3250017260861493
9500 499.2507754544732 499.2507754544732 0.13749476579105527 0.6904301958811256 3.372445407327011 0.1 1.4887215324925098 0.9838957756692994 0.8096650243757187 3.3250017260861493
9550 499.2507754544732 499.2507754544732 0.13749476579105527 0.6904301958811256 3.372445407327011 0.1 1.4887215324925098 0.9838957756692994 0.8096650243757187 3.3250017260861493
9600 499.2507754544732 499.2507754544732 0.13749476579105527 0.6904301958811256 3.372445407327011 0.1 1.4887215324925098 0.9838957756692994 0.8096650243757187 3.3250017260861493
9650 499.2507754544732 499.2507754544732 0.13749476579105527 0.6904301958811256 3.372445407327011 0.1 1.4887215324925098 0.9838957756692994 0.8096650243757187 3.3250017260861493
9700 499.2507754544732 499.2507754544732 0.13749476579105527 0.6904301958811256 3.372445407327011 0.1 1.4887215324925098 0.9838957756692994 0.8096650243757187 3.3250017260861493
9750 499.2507754544732 499.2507754544732 0.13749476579105527 0.6904301958811256 3.372445407327011 0.1 1.4887215324925098 0.9838957756692994 0.8096650243757187 3.3250017260861493
9800 499.2507754544732 499.2507754544732 0.13749476579105527 0.6904301958811256 3.372445407327011 0.1 1.4887215324925098 0.9838957756692994 0.8096650243757187 3.3250017260861493
9850 499.2507754544732 499.2507754544732 0.13749476579105527 0.6904301958811256 3.372445407327011 0.1 1.4887215324925098 0.9838957756692994 0.8096650243757187 3.3250017260861493
9900 499.2507754544732 499.2507754544732 0.13749476579105527 0.6904301958811256 3.372445407327011 0.1 1.4887215324925098 0.9838957756692994 0.8096650243757187 3.3250017260861493
9950 499.2507754544732 499.2507754544732 0.13749476579105527 0.6904301958811256 3.372445407327011 0.1 1.4887215324925098 0.9838957756692994 0.8096650243757187 3.3250017260861493
10000 499.2507754544732 499.2507754544732 0.13749476579105527 0.6904301958811256 3.372445407327011 0.1 1.4887215324925098 0.9838957756692994 0.8096650243757187 3.3250017260861493
10050 499.2507754544732 499.2507754544732 0.13749476579105527 0.6904301958811256 3.372445407327011 0.1 1.4887215324925098 0.9838957756692994 0.8096650243757187 3.3250017260861493
10100 499.2507754544732 499.2507754544732 0.13749476579105527 0.6904301958811256 3.372445407327011 0.1 1.4887215324925098 0.9838957756692994 0.8096650243757187 3.3250017260861493
10150 499.2507754544732 499.2507754544732 0.13749476579105527 0.6904301958811256 3.372445407327011 0.1 1.4887215324925098 0.9838957756692994 0.8096650243757187 3.3250017260861493
10200 499.2507754544732 499.2507754544732 0.13749476579105527 0.6904301958811256 3.372445407327011 0.1 1.4887215324925098 0.9838957756692994 0.8096650243757187 3.3250017260861493
10250 499.2507754544732 499.2507754544732 0.13749476579105527 0.6904301958811256 3.372445407327011 0.1 1.4887215324925098 0.9838957756692994 0.8096650243757187 3.3250017260861493
10300 499.2507754544732 499.2507754544732 0.13749476579105527 0.6904301958811256 3.372445407327011 0.1 1.4887215324925098 0.9838957756692994 0.8096650243757187 3.3250017260861493
10350 499.2507754544732 499.2507754544732 0.13749476579105527 0.6904301958811256 3.372445407327011 0.1 1.4887215324925098 0.9838957756692994 0.8096650243757187 3.3250017260861493
10400 499.2507754544732 499.2507754544732 0.13749476579105527 0.6904301958811256 3.372445407327011 0.1 1.4887215324925098 0.9838957756692994 0.8096650243757187 3.3250017260861493
10450 499.2507754544732 499.2507754544732 0.13749476579105527 0.6904301958811256 3.372445407327011 0.1 1.4887215324925098 0.9838957756692994 0.8096650243757187 3.3250017260861493
10500 499.2507754544732 499.2507754544732 0.13749476579105527 0.6904301958811256 3.372445407327011 0.1 1.4887215324925098 0.9838957756692994 0.8096650243757187 3.3250017260861493
10550 499.2507754544732 499.2507754544732 0.13749476579105527 0.6904301958811256 3.372445407327011 0.1 1.4887215324925098 0.9838957756692994 0.8096650243757187 3.3250017260861493
10600 499.2507754544732 499.2507754544732 0.13749476579105527 0.6904301958811256 3.372445407327011 0.1 1.4887215324925098 0.9838957756692994 0.8096650243757187 3.3250017260861493
10650 499.2507754544732 499.2507754544732 0.13749476579105527 0.6904301958811256 3.372445407327011 0.1 1.4887215324925098 0.9838957756692994 0.8096650243757187 3.3250017260861493
10700 499.2507754544732 499.2507754544732 0.13749476579105527 0.6904301958811256 3.372445407327011 0.1 1.4887215324925098 0.9838957756692994 0.8096650243757187 3.3250017260861493
10750 499.2507754544732 499.2507754544732 0.13749476579105527 0.6904301958811256 3.372445407327011 0.1 1.4887215324925098 0.9838957756692994 0.8096650243757187 3.3250017260861493
10800 499.2507754544732 499.2507754544732 0.13749476579105527 0.6904301958811256 3.372445407327011 0.1 1.4887215324925098 0.9838957756692994 0.8096650243757187 3.3250017260861493
10850 499.2507754544732 499.2507754544732 0.13749476579105527 0.6904301958811256 3.372445407327011 0.1 1.4887215324925098 0.9838957756692994 0.8096650243757187 3.3250017260861493
10900 499.2507754544732 499.2507754544732 0.13749476579105527 0.6904301958811256 3.372445407327011 0.1 1.4887215324925098 0.9838957756692994 0.8096650243757187 3.3250017260861493
10950 499.2507754544732 499.2507754544732 0.13749476579105527 0.6904301958811256 3.372445407327011 0.1 1.4887215324925098 0.9838957756692994 0.8096650243757187 3.3250017260861493
11000 499.2507754544732 499.2507754544732 0.13749476579105527 0.6904301958811256 3.372445407327011 0.1 1.4887215324925098 0.9838957756692994 0.8096650243757187 3.3250017260861493
11050 499.2507754544732 499.2507754544732 0.13749476579105527 0.6904301958811256 3.372445407327011 0.1 1.4887215324925098 0.9838957756692994 0.8096650243757187 3.3250017260861493
11100 499.2507754544732 499.2507754544732 0.13749476579105527 0.6904301958811256 3.372445407327011 0.1 1.4887215324925098 0.9838957756692994 0.8096650243757187 3.3250017260861493
11150 499.2507754544732 499.2507754544732 0.13749476579105527 0.6904301958811256 3.372445407327011 0.1 1.4887215324925098 0.9838957756692994 0.8096650243757187 3.3250017260861493
11200 499.2507754544732 499.2507754544732 0.13749476579105527 0.6904301958811256 3.372445407327011 0.1 1.4887215324925098 0.9838957756692994 0.8096650243757187 3.3250017260861493
11250 499.2507754544732 499.2507754544732 0.13749476579105527 0.6904301958811256 3.372445407327011 0.1 1.4887215324925098 0.9838957756692994 0.8096650243757187 3.3250017260861493
11300 499.2507754544732 499.2507754544732 0.13749476579105527 0.6904301958811256 3.372445407327011 0.1 1.4887215324925098 0.9838957756692994 0.8096650243757187 3.3250017260861493
11350 499.2507754544732 499.2507754544732 0.13749476579105527 0.6904301958811256 3.372445407327011 0.1 1.4887215324925098 0.9838957756692994 0.8096650243757187 3.3250017260861493
11400 499.2507754544732 499.2507754544732 0.13749476579105527 0.6904301958811256 3.372445407327011 0.1 1.4887215324925098 0.9838957756692994 0.8096650243757187 3.3250017260861493
11450 499.2507754544732 499.2507754544732 0.13749476579105527 0.6904301958811256 3.372445407327011 0.1 1.4887215324925098 0.9838957756692994 0.8096650243757187 3.3250017260861493
11500 499.2507754544732 499.2507754544732 0.13749476579105527 0.6904301958811256 3.372445407327011 0.1 1.4887215324925098 0.9838957756692994 0.8096650243757187 3.3250017260861493
11550 499.2507754544732 499.2507754544732 0.13749476579105527 0.6904301958811256 3.372445407327011 0.1 1.4887215324925098 0.9838957756692994 0.8096650243757187 3.3250017260861493
11600 499.2507754544732 499.2507754544732 0.13749476579105527 0.6904301958811256 3.372445407327011 0.1 1.4887215324925098 0.9838957756692994 0.8096650243757187 3.3250017260861493
11650 499.2507754544732 499.2507754544732 0.13749476579105527 0.6904301958811256 3.372445407327011 0.1 1.4887215324925098 0.9838957756692994 0.8096650243757187 3.3250017260861493
11700 499.2507754544732 499.2507754544732 0.13749476579105527 0.6904301958811256 3.372445407327011 0.1 1.4887215324925098 0.9838957756692994 0.8096650243757187 3.3250017260861493
11750 499.2507754544732 499.2507754544732 0.13749476579105527 0.6904301958811256 3.372445407327011 0.1 1.4887215324925098 0.9838957756692994 0.8096650243757187 3.3250017260861493
11800 499.2507754544732 499.2507754544732 0.13749476579105527 0.6904301958811256 3.372445407327011 0.1 1.4887215324925098 0.9838957756692994 0.8096650243757187 3.3250017260861493
11850 499.2507754544732 499.2507754544732 0.13749476579105527 0.6904301958811256 3.372445407327011 0.1 1.4887215324925098 0.9838957756692994 0.8096650243757187 3.3250017260861493
11900 499.2507754544732 499.2507754544732 0.13749476579105527 0.6904301958811256 3.372445407327011 0.1 1.4887215324925098 0.9838957756692994 0.8096650243757187 3.3250017260861493
11950 499.2507754544732 499.2507754544732 0.13749476579105527 0.6904301958811256 3.372445407327011 0.1 1.4887215324925098 0.9838957756692994 0.8096650243757187 3.3250017260861493
12000 499.2507754544732 499.2507754544732 0.13749476579105527 0.6904301958811256 3.372445407327011 0.1 1.4887215324925098 0.9838957756692994 0.8096650243757187 3.3250017260861493
12050 499.2507754544732 499.2507754544732 0.13749476579105527 0.6904301958811256 3.372445407327011 0.1 1.4887215324925098 0.9838957756692994 0.8096650243757187 3.3250017260861493
12100 499.2507754544732 499.2507754544732 0.13749476579105527 0.6904301958811256 3.372445407327011 0.1 1.4887215324925098 0.9838957756692994 0.8096650243757187 3.3250017260861493
12150 499.2507754544732 499.2507754544732 0.13749476579105527 0.6904301958811256 3.372445407327011 0.1 1.4887215324925098 0.9838957756692994 0.8096650243757187 3.3250017260861493
12200 499.2507754544732 499.2507754544732 0.13749476579105527 0.6904301958811256 3.372445407327011 0.1 1.4887215324925098 0.9838957756692994 0.8096650243757187 3.3250017260861493
12250 499.2507754544732 499.2507754544732 0.13749476579105527 0.6904301958811256 3.372445407327011 0.1 1.4887215324925098 0.9838957756692994 0.8096650243757187 3.3250017260861493
12300 499.2507754544732 499.2507754544732 0.13749476579105527 0.6904301958811256 3.372445407327011 0.1 1.4887215324925098 0.9838957756692994 0.8096650243757187 3.3250017260861493
12350 499.2507754544732 499.2507754544732 0.13749476579105527 0.6904301958811256 3.372445407327011 0.1 1.4887215324925098 0.9838957756692994 0.8096650243757187 3.3250017260861493
12400 499.2507754544732 499.2507754544732 0.13749476579105527 0.6904301958811256 3.372445407327011 0.1 1.4887215324925098 0.9838957756692994 0.8096650243757187 3.3250017260861493
12450 499.2507754544732 499.2507754544732 0.13749476579105527 0.6904301958811256 3.372445407327011 0.1 1.4887215324925098 0.9838957756692994 0.8096650243757187 3.3250017260861493
12500 499.2507754544732 499.2507754544732 0.13749476579105527 0.6904301958811256 3.372445407327011 0.1 1.4887215324925098 0.9838957756692994 0.8096650243757187 3.3250017260861493
12550 499.2507754544732 499.2507754544732 0.13749476579105527 0.6904301958811256 3.372445407327011 0.1 1.4887215324925098 0.9838957756692994 0.8096650243757187 3.3250017260861493
12600 499.2507754544732 499.2507754544732 0.13749476579105527 0.6904301958811256 3.372445407327011 0.1 1.4887215324925098 0.9838957756692994 0.8096650243757187 3.3250017260861493
12650 499.2507754544732 499.2507754544732 0.13749476579105527 0.6904301958811256 3.372445407327011 0.1 1.4887215324925098 0.9838957756692994 0.8096650243757187 3.3250017260861493
12700 499.2507754544732 499.2507754544732 0.13749476579105527 0.6904301958811256 3.372445407327011 0.1 1.4887215324925098 0.9838957756692994 0.8096650243757187 3.3250017260861493
12750 499.2507754544732 499.2507754544732 0.13749476579105527 0.6904301958811256 3.372445407327011 0.1 1.4887215324925098 0.9838957756692994 0.8096650243757187 3.3250017260861493
12800 499.2507754544732 499.2507754544732 0.13749476579105527 0.6904301958811256 3.372445407327011 0.1 1.4887215324925098 0.9838957756692994 0.8096650243757187 3.3250017260861493
12850 499.2507754544732 499.2507754544732 0.13749476579105527 0.6904301958811256 3.372445407327011 0.1 1.4887215324925098 0.9838957756692994 0.8096650243757187 3.3250017260861493
12900 499.2507754544732 499.2507754544732 0.13749476579105527 0.6904301958811256 3.372445407327011 0.1 1.4887215324925098 0.9838957756692994 0.8096650243757187 3.3250017260861493
12950 499.2507754544732 499.2507754544732 0.13749476579105527 0.6904301958811256 3.372445407327011 0.1 1.4887215324925098 0.9838957756692994 0.8096650243757187 3.3250017260861493
13000 499.2507754544732 499.2507754544732 0.13749476579105527 0.6904301958811256 3.372445407327011 0.1 1.4887215324925098 0.9838957756692994 0.8096650243757187 3.3250017260861493
13050 499.2507754544732 499.2507754544732 0.13749476579105527 0.6904301958811256 3.372445407327011 0.1 1.4887215324925098 0.9838957756692994 0.8096650243757187 3.3250017260861493
13100 499.2507754544732 499.2507754544732 0.13749476579105527 0.6904301958811256 3.372445407327011 0.1 1.4887215324925098 0.9838957756692994 0.8096650243757187 3.3250017260861493
13150 499.2507754544732 499.2507754544732 0.13749476579105527 0.6904301958811256 3.372445407327011 0.1 1.4887215324925098 0.9838957756692994 0.8096650243757187 3.3250017260861493
13200 499.2507754544732 499.2507754544732 0.13749476579105527 0.6904301958811256 3.372445407327011 0.1 1.4887215324925098 0.9838957756692994 0.8096650243757187 3.3250017260861493
13250 499.2507754544732 499.2507754544732 0.13749476579105527 0.6904301958811256 3.372445407327011 0.1 1.4887215324925098 0.9838957756692994 0.8096650243757187 3.3250017260861493
13300 499.2507754544732 499.2507754544732 0.13749476579105527 0.6904301958811256 3.372445407327011 0.1 1.4887215324925098 0.9838957756692994 0.8096650243757187 3.3250017260861493
13350 499.2507754544732 499.2507754544732 0.13749476579105527 0.6904301958811256 3.372445407327011 0.1 1.4887215324925098 0.9838957756692994 0.8096650243757187 3.3250017260861493
13400 499.2507754544732 499.2507754544732 0.13749476579105527 0.6904301958811256 3.372445407327011 0.1 1.4887215324925098 0.9838957756692994 0.8096650243757187 3.3250017260861493
13450 499.2507754544732 499.2507754544732 0.13749476579105527 0.6904301958811256 3.372445407327011 0.1 1.4887215324925098 0.9838957756692994 0.8096650243757187 3.3250017260861493
13500 499.2507754544732 499.2507754544732 0.13749476579105527 0.6904301958811256 3.372445407327011 0.1 1.4887215324925098 0.9838957756692994 0.8096650243757187 3.3250017260861493
13550 499.2507754544732 499.2507754544732 0.13749476579105527 0.6904301958811256 3.372445407327011 0.1 1.4887215324925098 0.9838957756692994 0.8096650243757187 3.3250017260861493
13600 499.2507754544732 499.2507754544732 0.13749476579105527 0.6904301958811256 3.372445407327011 0.1 1.4887215324925098 0.9838957756692994 0.8096650243757187 3.3250017260861493
13650 499.2507754544732 499.2507754544732 0.13749476579105527 0.6904301958811256 3.372445407327011 0.1 1.4887215324925098 0.9838957756692994 0.8096650243757187 3.3250017260861493
13700 499.2507754544732 499.2507754544732 0.13749476579105527 0.6904301958811256 3.372445407327011 0.1 1.4887215324925098 0.9838957756692994 0.8096650243757187 3.3250017260861493
13750 499.2507754544732 499.2507754544732 0.13749476579105527 0.6904301958811256 3.372445407327011 0.1 1.4887215324925098 0.9838957756692994 0.8096650243757187 3.3250017260861493
13800 499.2507754544732 499.2507754544732 0.13749476579105527 0.6904301958811256 3.372445407327011 0.1 1.4887215324925098 0.9838957756692994 0.8096650243757187 3.3250017260861493
13850 499.2507754544732 499.2507754544732 0.13749476579105527 0.6904301958811256 3.372445407327011 0.1 1.4887215324925098 0.9838957756692994 0.8096650243757187 3.3250017260861493
13900 499.2507754544732 499.2507754544732 0.13749476579105527 0.6904301958811256 3.372445407327011 0.1 1.4887215324925098 0.9838957756692994 0.8096650243757187 3.3250017260861493
13950 499.2507754544732 499.2507754544732 0.13749476579105527 0.6904301958811256 3.372445407327011 0.1 1.4887215324925098 0.9838957756692994 0.8096650243757187 3.3250017260861493
14000 499.2507754544732 499.2507754544732 0.13749476579105527 0.6904301958811256 3.372445407327011 0.1 1.4887215324925098 0.9838957756692994 0.8096650243757187 3.3250017260861493
14050 499.2507754544732 499.2507754544732 0.13749476579105527 0.6904301958811256 3.372445407327011 0.1 1.4887215324925098 0.9838957756692994 0.8096650243757187 3.3250017260861493
14100 499.2507754544732 499.2507754544732 0.13749476579105527 0.6904301958811256 3.372445407327011 0.1 1.4887215324925098 0.9838957756692994 0.8096650243757187 3.3250017260861493
14150 499.2507754544732 499.2507754544732 0.13749476579105527 0.6904301958811256 3.372445407327011 0.1 1.4887215324925098 0.9838957756692994 0.8096650243757187 3.3250017260861493
14200 499.2507754544732 499.2507754544732 0.13749476579105527 0.6904301958811256 3.372445407327011 0.1 1.4887215324925098 0.9838957756692994 0.8096650243757187 3.3250017260861493
14250 499.2507754544732 499.2507754544732 0.13749476579105527 0.6904301958811256 3.372445407327011 0.1 1.4887215324925098 0.9838957756692994 0.8096650243757187 3.3250017260861493
14300 499.2507754544732 499.2507754544732 0.13749476579105527 0.6904301958811256 3.372445407327011 0.1 1.4887215324925098 0.9838957756692994 0.8096650243757187 3.3250017260861493
14350 499.2507754544732 499.2507754544732 0.13749476579105527 0.6904301958811256 3.372445407327011 0.1 1.4887215324925098 0.9838957756692994 0.8096650243757187 3.3250017260861493
14400 499.2507754544732 499.2507754544732 0.13749476579105527 0.6904301958811256 3.372445407327011 0.1 1.4887215324925098 0.9838957756692994 0.8096650243757187 3.3250017260861493
14450 499.2507754544732 499.2507754544732 0.13749476579105527 0.6904301958811256 3.372445407327011 0.1 1.4887215324925098 0.9838957756692994 0.8096650243757187 3.3250017260861493
14500 499.2507754544732 499.2507754544732 0.13749476579105527 0.6904301958811256 3.372445407327011 0.1 1.4887215324925098 0.9838957756692994 0.8096650243757187 3.3250017260861493
14550 499.2507754544732 499.2507754544732 0.13749476579105527 0.6904301958811256 3.372445407327011 0.1 1.4887215324925098 0.9838957756692994 0.8096650243757187 3.3250017260861493
14600 499.2507754544732 499.2507754544732 0.13749476579105527 0.6904301958811256 3.372445407327011 0.1 1.4887215324925098 0.9838957756692994 0.8096650243757187 3.3250017260861493
14650 499.2507754544732 499.2507754544732 0.13749476579105527 0.6904301958811256 3.372445407327011 0.1 1.4887215324925098 0.9838957756692994 0.8096650243757187 3.3250017260861493
14700 499.2507754544732 499.2507754544732 0.13749476579105527 0.6904301958811256 3.372445407327011 0.1 1.4887215324925098 0.9838957756692994 0.8096650243757187 3.3250017260861493
14750 499.2507754544732 499.2507754544732 0.13749476579105527 0.6904301958811256 3.372445407327011 0.1 1.4887215324925098 0.9838957756692994 0.8096650243757187 3.3250017260861493
14800 499.2507754544732 499.2507754544732 0.13749476579105527 0.6904301958811256 3.372445407327011 0.1 1.4887215324925098 0.9838957756692994 0.8096650243757187 3.3250017260861493
14850 499.2507754544732 499.2507754544732 0.13749476579105527 0.6904301958811256 3.372445407327011 0.1 1.4887215324925098 0.9838957756692994 0.8096650243757187 3.3250017260861493
14900 499.2507754544732 499.2507754544732 0.13749476579105527 0.6904301958811256 3.372445407327011 0.1 1.4887215324925098 0.9838957756692994 0.8096650243757187 3.3250017260861493
14950 499.2507754544732 499.2507754544732 0.13749476579105527 0.6904301958811256 3.372445407327011 0.1 1.4887215324925098 0.9838957756692994 0.8096650243757187 3.3250017260861493
15000 499.2507754544732 499.2507754544732 0.13749476579105527 0.6904301958811256 3.372445407327011 0.1 1.4887215324925098 0.9838957756692994 0.8096650243757187 3.3250017260861493
15050 499.2507754544732 499.2507754544732 0.13749476579105527 0.6904301958811256 3.372445407327011 0.1 1.4887215324925098 0.9838957756692994 0.8096650243757187 3.3250017260861493
15100 499.2507754544732 499.2507754544732 0.13749476579105527 0.6904301958811256 3.372445407327011 0.1 1.4887215324925098 0.9838957756692994 0.8096650243757187 3.3250017260861493
15150 499.2507754544732 499.2507754544732 0.13749476579105527 0.6904301958811256 3.372445407327011 0.1 1.4887215324925098 0.9838957756692994 0.8096650243757187 3.3250017260861493
15200 499.2507754544732 499.2507754544732 0.13749476579105527 0.6904301958811256 3.372445407327011 0.1 1.4887215324925098 0.9838957756692994 0.8096650243757187 3.3250017260861493
15250 499.2507754544732 499.2507754544732 0.13749476579105527 0.6904301958811256 3.372445407327011 0.1 1.4887215324925098 0.9838957756692994 0.8096650243757187 3.3250017260861493
15300 499.2507754544732 499.2507754544732 0.13749476579105527 0.6904301958811256 3.372445407327011 0.1 1.4887215324925098 0.9838957756692994 0.8096650243757187 3.3250017260861493
15350 499.2507754544732 499.2507754544732 0.13749476579105527 0.6904301958811256 3.372445407327011 0.1 1.4887215324925098 0.9838957756692994 0.8096650243757187 3.3250017260861493
15400 499.2507754544732 499.2507754544732 0.13749476579105527 0.6904301958811256 3.372445407327011 0.1 1.4887215324925098 0.9838957756692994 0.8096650243757187 3.3250017260861493
15450 499.2507754544732 499.2507754544732 0.13749476579105527 0.6904301958811256 3.372445407327011 0.1 1.4887215324925098 0.9838957756692994 0.8096650243757187 3.3250017260861493
15500 499.2507754544732 499.2507754544732 0.13749476579105527 0.6904301958811256 3.372445407327011 0.1 1.4887215324925098 0.9838957756692994 0.8096650243757187 3.3250017260861493
15550 499.2507754544732 499.2507754544732 0.13749476579105527 0.6904301958811256 3.372445407327011 0.1 1.4887215324925098 0.9838957756692994 0.8096650243757187 3.3250017260861493
15600 499.2507754544732 499.2507754544732 0.13749476579105527 0.6904301958811256 3.372445407327011 0.1 1.4887215324925098 0.9838957756692994 0.8096650243757187 3.3250017260861493
15650 499.2507754544732 499.2507754544732 0.13749476579105527 0.6904301958811256 3.372445407327011 0.1 1.4887215324925098 0.9838957756692994 0.8096650243757187 3.3250017260861493
15700 499.2507754544732 499.2507754544732 0.13749476579105527 0.6904301958811256 3.372445407327011 0.1 1.4887215324925098 0.9838957756692994 0.8096650243757187 3.3250017260861493
15750 499.2507754544732 499.2507754544732 0.13749476579105527 0.6904301958811256 3.372445407327011 0.1 1.4887215324925098 0.9838957756692994 0.8096650243757187 3.3250017260861493
15800 499.2507754544732 499.2507754544732 0.13749476579105527 0.6904301958811256 3.372445407327011 0.1 1.4887215324925098 0.9838957756692994 0.8096650243757187 3.3250017260861493
15850 499.2507754544732 499.2507754544732 0.13749476579105527 0.6904301958811256 3.372445407327011 0.1 1.4887215324925098 0.9838957756692994 0.8096650243757187 3.3250017260861493
15900 499.2507754544732 499.2507754544732 0.13749476579105527 0.6904301958811256 3.372445407327011 0.1 1.4887215324925098 0.9838957756692994 0.8096650243757187 3.3250017260861493
15950 499.2507754544732 499.2507754544732 0.13749476579105527 0.6904301958811256 3.372445407327011 0.1 1.4887215324925098 0.9838957756692994 0.8096650243757187 3.3250017260861493
16000 499.2507754544732 499.2507754544732 0.13749476579105527 0.6904301958811256 3.372445407327011 0.1 1.4887215324925098 0.9838957756692994 0.8096650243757187 3.3250017260861493
16050 499.2507754544732 499.2507754544732 0.13749476579105527 0.6904301958811256 3.372445407327011 0.1 1.4887215324925098 0.9838957756692994 0.8096650243757187 3.3250017260861493
16100 499.2507754544732 499.2507754544732 0.13749476579105527 0.6904301958811256 3.372445407327011 0.1 1.4887215324925098 0.9838957756692994 0.8096650243757187 3.3250017260861493
16150 499.2507754544732 499.2507754544732 0.13749476579105527 0.6904301958811256 3.372445407327011 0.1 1.4887215324925098 0.9838957756692994 0.8096650243757187 3.3250017260861493
16200 499.2507754544732 499.2507754544732 0.13749476579105527 0.6904301958811256 3.372445407327011 0.1 1.4887215324925098 0.9838957756692994 0.8096650243757187 3.3250017260861493
16250 499.2507754544732 499.2507754544732 0.13749476579105527 0.6904301958811256 3.372445407327011 0.1 1.4887215324925098 0.9838957756692994 0.8096650243757187 3.3250017260861493
16300 499.2507754544732 499.2507754544732 0.13749476579105527 0.6904301958811256 3.372445407327011 0.1 1.4887215324925098 0.9838957756692994 0.8096650243757187 3.3250017260861493
16350 499.2507754544732 499.2507754544732 0.13749476579105527 0.6904301958811256 3.372445407327011 0.1 1.4887215324925098 0.9838957756692994 0.8096650243757187 3.3250017260861493
16400 499.2507754544732 499.2507754544732 0.13749476579105527 0.6904301958811256 3.372445407327011 0.1 1.4887215324925098 0.9838957756692994 0.8096650243757187 3.3250017260861493
16450 499.2507754544732 499.2507754544732 0.13749476579105527 0.6904301958811256 3.372445407327011 0.1 1.4887215324925098 0.9838957756692994 0.8096650243757187 3.3250017260861493
16500 499.2507754544732 499.2507754544732 0.13749476579105527 0.6904301958811256 3.372445407327011 0.1 1.4887215324925098 0.9838957756692994 0.8096650243757187 3.3250017260861493
16550 499.2507754544732 499.2507754544732 0.13749476579105527 0.6904301958811256 3.372445407327011 0.1 1.4887215324925098 0.9838957756692994 0.8096650243757187 3.3250017260861493
16600 499.2507754544732 499.2507754544732 0.13749476579105527 0.6904301958811256 3.372445407327011 0.1 1.4887215324925098 0.9838957756692994 0.8096650243757187 3.3250017260861493
16650 499.2507754544732 499.2507754544732 0.13749476579105527 0.6904301958811256 3.372445407327011 0.1 1.4887215324925098 0.9838957756692994 0.8096650243757187 3.3250017260861493
16700 499.2507754544732 499.2507754544732 0.13749476579105527 0.6904301958811256 3.372445407327011 0.1 1.4887215324925098 0.9838957756692994 0.8096650243757187 3.3250017260861493
16750 499.2507754544732 499.2507754544732 0.13749476579105527 0.6904301958811256 3.372445407327011 0.1 1.4887215324925098 0.9838957756692994 0.8096650243757187 3.3250017260861493
16800 499.2507754544732 499.2507754544732 0.13749476579105527 0.6904301958811256 3.372445407327011 0.1 1.4887215324925098 0.9838957756692994 0.8096650243757187 3.3250017260861493
16850 499.2507754544732 499.2507754544732 0.13749476579105527 0.6904301958811256 3.372445407327011 0.1 1.4887215324925098 0.9838957756692994 0.8096650243757187 3.3250017260861493
16900 499.2507754544732 499.2507754544732 0.13749476579105527 0.6904301958811256 3.372445407327011 0.1 1.4887215324925098 0.9838957756692994 0.8096650243757187 3.3250017260861493
16950 499.2507754544732 499.2507754544732 0.13749476579105527 0.6904301958811256 3.372445407327011 0.1 1.4887215324925098 0.9838957756692994 0.8096650243757187 3.3250017260861493
17000 499.2507754544732 499.2507754544732 0.13749476579105527 0.6904301958811256 3.372445407327011 0.1 1.4887215324925098 0.9838957756692994 0.8096650243757187 3.3250017260861493
17050 499.2507754544732 499.2507754544732 0.13749476579105527 0.6904301958811256 3.372445407327011 0.1 1.4887215324925098 0.9838957756692994 0.8096650243757187 3.3250017260861493
17100 499.2507754544732 499.2507754544732 0.13749476579105527 0.6904301958811256 3.372445407327011 0.1 1.4887215324925098 0.9838957756692994 0.8096650243757187 3.3250017260861493
17150 499.2507754544732 499.2507754544732 0.13749476579105527 0.6904301958811256 3.372445407327011 0.1 1.4887215324925098 0.9838957756692994 0.8096650243757187 3.3250017260861493
17200 499.2507754544732 499.2507754544732 0.13749476579105527 0.6904301958811256 3.372445407327011 0.1 1.4887215324925098 0.9838957756692994 0.8096650243757187 3.3250017260861493
17250 499.2507754544732 499.2507754544732 0.13749476579105527 0.6904301958811256 3.372445407327011 0.1 1.4887215324925098 0.9838957756692994 0.8096650243757187 3.3250017260861493
17300 499.2507754544732 499.2507754544732 0.13749476579105527 0.6904301958811256 3.372445407327011 0.1 1.4887215324925098 0.9838957756692994 0.8096650243757187 3.3250017260861493
17350 499.2507754544732 499.2507754544732 0.13749476579105527 0.6904301958811256 3.372445407327011 0.1 1.4887215324925098 0.9838957756692994 0.8096650243757187 3.3250017260861493
17400 499.2507754544732 499.2507754544732 0.13749476579105527 0.6904301958811256 3.372445407327011 0.1 1.4887215324925098 0.9838957756692994 0.8096650243757187 3.3250017260861493
17450 499.2507754544732 499.2507754544732 0.13749476579105527 0.6904301958811256 3.372445407327011 0.1 1.4887215324925098 0.9838957756692994 0.8096650243757187 3.3250017260861493
17500 499.2507754544732 499.2507754544732 0.13749476579105527 0.6904301958811256 3.372445407327011 0.1 1.4887215324925098 0.9838957756692994 0.8096650243757187 3.3250017260861493
17550 499.2507754544732 499.2507754544732 0.13749476579105527 0.6904301958811256 3.372445407327011 0.1 1.4887215324925098 0.9838957756692994 0.8096650243757187 3.3250017260861493
17600 499.2507754544732 499.2507754544732 0.13749476579105527 0.6904301958811256 3.372445407327011 0.1 1.4887215324925098 0.9838957756692994 0.8096650243757187 3.3250017260861493
17650 499.2507754544732 499.2507754544732 0.13749476579105527 0.6904301958811256 3.372445407327011 0.1 1.4887215324925098 0.9838957756692994 0.8096650243757187 3.3250017260861493
17700 499.2507754544732 499.2507754544732 0.13749476579105527 0.6904301958811256 3.372445407327011 0.1 1.4887215324925098 0.9838957756692994 0.8096650243757187 3.3250017260861493
17750 499.2507754544732 499.2507754544732 0.13749476579105527 0.6904301958811256 3.372445407327011 0.1 1.4887215324925098 0.9838957756692994 0.8096650243757187 3.3250017260861493
17800 499.2507754544732 499.2507754544732 0.13749476579105527 0.6904301958811256 3.372445407327011 0.1 1.4887215324925098 0.9838957756692994 0.8096650243757187 3.3250017260861493
17850 499.2507754544732 499.2507754544732 0.13749476579105527 0.6904301958811256 3.372445407327011 0.1 1.4887215324925098 0.9838957756692994 0.8096650243757187 3.3250017260861493
17900 499.2507754544732 499.2507754544732 0.13749476579105527 0.6904301958811256 3.372445407327011 0.1 1.4887215324925098 0.9838957756692994 0.8096650243757187 3.3250017260861493
17950 499.2507754544732 499.2507754544732 0.13749476579105527 0.6904301958811256 3.372445407327011 0.1 1.4887215324925098 0.9838957756692994 0.8096650243757187 3.3250017260861493
18000 499.2507754544732 499.2507754544732 0.13749476579105527 0.6904301958811256 3.372445407327011 0.1 1.4887215324925098 0.9838957756692994 0.8096650243757187 3.3250017260861493
18050 499.2507754544732 499.2507754544732 0.13749476579105527 0.6904301958811256 3.372445407327011 0.1 1.4887215324925098 0.9838957756692994 0.8096650243757187 3.3250017260861493
18100 499.2507754544732 499.2507754544732 0.13749476579105527 0.6904301958811256 3.372445407327011 0.1 1.4887215324925098 0.9838957756692994 0.8096650243757187 3.3250017260861493
18150 499.2507754544732 499.2507754544732 0.13749476579105527 0.6904301958811256 3.372445407327011 0.1 1.4887215324925098 0.9838957756692994 0.8096650243757187 3.3250017260861493
18200 499.2507754544732 499.2507754544732 0.13749476579105527 0.6904301958811256 3.372445407327011 0.1 1.4887215324925098 0.9838957756692994 0.8096650243757187 3.3250017260861493
18250 499.2507754544732 499.2507754544732 0.13749476579105527 0.6904301958811256 3.372445407327011 0.1 1.4887215324925098 0.9838957756692994 0.8096650243757187 3.3250017260861493
18300 499.2507754544732 499.2507754544732 0.13749476579105527 0.6904301958811256 3.372445407327011 0.1 1.4887215324925098 0.9838957756692994 0.8096650243757187 3.3250017260861493
18350 499.2507754544732 499.2507754544732 0.13749476579105527 0.6904301958811256 3.372445407327011 0.1 1.4887215324925098 0.9838957756692994 0.8096650243757187 3.3250017260861493
18400 499.2507754544732 499.2507754544732 0.13749476579105527 0.6904301958811256 3.372445407327011 0.1 1.4887215324925098 0.9838957756692994 0.8096650243757187 3.3250017260861493
18450 499.2507754544732 499.2507754544732 0.13749476579105527 0.6904301958811256 3.372445407327011 0.1 1.4887215324925098 0.9838957756692994 0.8096650243757187 3.3250017260861493
18500 499.2507754544732 499.2507754544732 0.13749476579105527 0.6904301958811256 3.372445407327011 0.1 1.4887215324925098 0.9838957756692994 0.8096650243757187 3.3250017260861493
18550 499.2507754544732 499.2507754544732 0.13749476579105527 0.6904301958811256 3.372445407327011 0.1 1.4887215324925098 0.9838957756692994 0.8096650243757187 3.3250017260861493
18600 499.2507754544732 499.2507754544732 0.13749476579105527 0.6904301958811256 3.372445407327011 0.1 1.4887215324925098 0.9838957756692994 0.8096650243757187 3.3250017260861493
18650 499.2507754544732 499.2507754544732 0.13749476579105527 0.6904301958811256 3.372445407327011 0.1 1.4887215324925098 0.9838957756692994 0.8096650243757187 3.3250017260861493
18700 499.2507754544732 499.2507754544732 0.13749476579105527 0.6904301958811256 3.372445407327011 0.1 1.4887215324925098 0.9838957756692994 0.8096650243757187 3.3250017260861493
18750 499.2507754544732 499.2507754544732 0.13749476579105527 0.6904301958811256 3.372445407327011 0.1 1.4887215324925098 0.9838957756692994 0.8096650243757187 3.3250017260861493
18800 499.2507754544732 499.2507754544732 0.13749476579105527 0.6904301958811256 3.372445407327011 0.1 1.4887215324925098 0.9838957756692994 0.8096650243757187 3.3250017260861493
18850 499.2507754544732 499.2507754544732 0.13749476579105527 0.6904301958811256 3.372445407327011 0.1 1.4887215324925098 0.9838957756692994 0.8096650243757187 3.3250017260861493
18900 499.2507754544732 499.2507754544732 0.13749476579105527 0.6904301958811256 3.372445407327011 0.1 1.4887215324925098 0.9838957756692994 0.8096650243757187 3.3250017260861493
18950 499.2507754544732 499.2507754544732 0.13749476579105527 0.6904301958811256 3.372445407327011 0.1 1.4887215324925098 0.9838957756692994 0.8096650243757187 3.3250017260861493
19000 499.2507754544732 499.2507754544732 0.13749476579105527 0.6904301958811256 3.372445407327011 0.1 1.4887215324925098 0.9838957756692994 0.8096650243757187 3.3250017260861493
19050 499.2507754544732 499.2507754544732 0.13749476579105527 0.6904301958811256 3.372445407327011 0.1 1.4887215324925098 0.9838957756692994 0.8096650243757187 3.3250017260861493
19100 499.2507754544732 499.2507754544732 0.13749476579105527 0.6904301958811256 3.372445407327011 0.1 1.4887215324925098 0.9838957756692994 0.8096650243757187 3.3250017260861493
19150 499.2507754544732 499.2507754544732 0.13749476579105527 0.6904301958811256 3.372445407327011 0.1 1.4887215324925098 0.9838957756692994 0.8096650243757187 3.3250017260861493
19200 499.2507754544732 499.2507754544732 0.13749476579105527 0.6904301958811256 3.372445407327011 0.1 1.4887215324925098 0.9838957756692994 0.8096650243757187 3.3250017260861493
19250 499.2507754544732 499.2507754544732 0.13749476579105527 0.6904301958811256 3.372445407327011 0.1 1.4887215324925098 0.9838957756692994 0.8096650243757187 3.3250017260861493
19300 499.2507754544732 499.2507754544732 0.13749476579105527 0.6904301958811256 3.372445407327011 0.1 1.4887215324925098 0.9838957756692994 0.8096650243757187 3.3250017260861493
19350 499.2507754544732 499.2507754544732 0.13749476579105527 0.6904301958811256 3.372445407327011 0.1 1.4887215324925098 0.9838957756692994 0.8096650243757187 3.3250017260861493
19400 499.2507754544732 499.2507754544732 0.13749476579105527 0.6904301958811256 3.372445407327011 0.1 1.4887215324925098 0.9838957756692994 0.8096650243757187 3.3250017260861493
19450 499.2507754544732 499.2507754544732 0.13749476579105527 0.6904301958811256 3.372445407327011 0.1 1.4887215324925098 0.9838957756692994 0.8096650243757187 3.3250017260861493
19500 499.2507754544732 499.2507754544732 0.13749476579105527 0.6904301958811256 3.372445407327011 0.1 1.4887215324925098 0.9838957756692994 0.8096650243757187 3.3250017260861493
19550 499.2507754544732 499.2507754544732 0.13749476579105527 0.6904301958811256 3.372445407327011 0.1 1.4887215324925098 0.9838957756692994 0.8096650243757187 3.3250017260861493
19600 499.2507754544732 499.2507754544732 0.13749476579105527 0.6904301958811256 3.372445407327011 0.1 1.4887215324925098 0.9838957756692994 0.8096650243757187 3.3250017260861493
19650 499.2507754544732 499.2507754544732 0.13749476579105527 0.6904301958811256 3.372445407327011 0.1 1.4887215324925098 0.9838957756692994 0.8096650243757187 3.3250017260861493
19700 499.2507754544732 499.2507754544732 0.13749476579105527 0.6904301958811256 3.372445407327011 0.1 1.4887215324925098 0.9838957756692994 0.8096650243757187 3.3250017260861493
19750 499.2507754544732 499.2507754544732 0.13749476579105527 0.6904301958811256 3.372445407327011 0.1 1.4887215324925098 0.9838957756692994 0.8096650243757187 3.3250017260861493
19800 499.2507754544732 499.2507754544732 0.13749476579105527 0.6904301958811256 3.372445407327011 0.1 1.4887215324925098 0.9838957756692994 0.8096650243757187 3.3250017260861493
19850 499.2507754544732 499.2507754544732 0.13749476579105527 0.6904301958811256 3.372445407327011 0.1 1.4887215324925098 0.9838957756692994 0.8096650243757187 3.3250017260861493
19900 499.2507754544732 499.2507754544732 0.13749476579105527 0.6904301958811256 3.372445407327011 0.1 1.4887215324925098 0.9838957756692994 0.8096650243757187 3.3250017260861493
19950 499.2507754544732 499.2507754544732 0.13749476579105527 0.6904301958811256 3.372445407327011 0.1 1.4887215324925098 0.9838957756692994 0.8096650243757187 3.3250017260861493
*---*---*---*---*---*---*---*---*---*---*---*---*---*---*---*---*---*---*---*---*
Status: Finished
Last individual
499.2507754544732 499.2507754544732 0.13749476579105527 0.6904301958811256 3.372445407327011 0.1 1.4887215324925098 0.9838957756692994 0.8096650243757187 3.3250017260861493
Hall of fame
499.2507754544732 499.2507754544732 0.1 0.6960395510850274 3.3338773458685407 0.1 1.487023060385701 0.9560459195482883 0.8360674898883496 3.2991696795445806
Last factible individual
499.2507754544732 499.2507754544732 0.13749476579105527 0.6904301958811256 3.372445407327011 0.1 1.4887215324925098 0.9838957756692994 0.8096650243757187 3.3250017260861493
CPU time used (seconds)
4.064927068000543
