*---*---*---*---*---*---*---*---*---*---*---*---*---*---*---*---*---*---*---*---*
Algorithm: Differential Evolution
Constrainth handling method: APM
Function: 125
Case: discrete
Seed: 22
Parents size: 50
Offsprings size: 50
maxFe: 20000
CR: 0.9
F: 0.6
rweights: -
*---*---*---*---*---*---*---*---*---*---*---*---*---*---*---*---*---*---*---*---*
ngen ObjectiveFunction Fitness ProjectVariables
50 820.1730660815641 820.1730660815641 1.5109322914863241 2.028155822417753 2.4186972122559913 0.46925406721613305 3.1467907552866863 3.3633247037489418 2.335455552510532 2.724043759010254
100 547.9709287089287 547.9709287089287 0.1 0.7552834568346062 3.4 1.3723712357884184 3.0637542982258603 1.2075330913612197 0.6405047055968716 3.24538922148502
150 547.9709287089287 547.9709287089287 0.1 0.7552834568346062 3.4 1.3723712357884184 3.0637542982258603 1.2075330913612197 0.6405047055968716 3.24538922148502
200 547.9709287089287 547.9709287089287 0.1 0.7552834568346062 3.4 1.3723712357884184 3.0637542982258603 1.2075330913612197 0.6405047055968716 3.24538922148502
250 547.9709287089287 547.9709287089287 0.1 0.7552834568346062 3.4 1.3723712357884184 3.0637542982258603 1.2075330913612197 0.6405047055968716 3.24538922148502
300 547.9709287089287 547.9709287089287 0.1 0.7552834568346062 3.4 1.3723712357884184 3.0637542982258603 1.2075330913612197 0.6405047055968716 3.24538922148502
350 547.9709287089287 547.9709287089287 0.1 0.7552834568346062 3.4 1.3723712357884184 3.0637542982258603 1.2075330913612197 0.6405047055968716 3.24538922148502
400 547.9709287089287 547.9709287089287 0.1 0.7552834568346062 3.4 1.3723712357884184 3.0637542982258603 1.2075330913612197 0.6405047055968716 3.24538922148502
450 542.7676873193022 542.7676873193022 0.1 0.6240396294938749 3.4 0.17873726057136818 3.2810567040023013 1.4919141516577716 0.5549013612757823 3.3571790952310527
500 542.7676873193022 542.7676873193022 0.1 0.6240396294938749 3.4 0.17873726057136818 3.2810567040023013 1.4919141516577716 0.5549013612757823 3.3571790952310527
550 537.1569235909338 537.1569235909338 0.1 0.9685477672456051 3.4 0.1 2.5330139496993116 1.5555565824434554 0.3487258129036078 3.374307457138632
600 529.5518456917522 529.5518456917522 0.20449574107283103 0.5026778211887132 3.351180869744405 0.8716776254924105 2.3934594528108097 1.396677340071607 0.638199977688604 3.4
650 529.5518456917522 529.5518456917522 0.20449574107283103 0.5026778211887132 3.351180869744405 0.8716776254924105 2.3934594528108097 1.396677340071607 0.638199977688604 3.4
700 520.6582977932152 520.6582977932152 0.1 0.1 3.4 0.1 2.5953008919411413 1.4617951749292954 0.7922216016223498 3.4
750 520.6582977932152 520.6582977932152 0.1 0.1 3.4 0.1 2.5953008919411413 1.4617951749292954 0.7922216016223498 3.4
800 520.6582977932152 520.6582977932152 0.1 0.1 3.4 0.1 2.5953008919411413 1.4617951749292954 0.7922216016223498 3.4
850 520.6582977932152 520.6582977932152 0.1 0.1 3.4 0.1 2.5953008919411413 1.4617951749292954 0.7922216016223498 3.4
900 520.6582977932152 520.6582977932152 0.1 0.1 3.4 0.1 2.5953008919411413 1.4617951749292954 0.7922216016223498 3.4
950 520.6582977932152 520.6582977932152 0.1 0.1 3.4 0.1 2.5953008919411413 1.4617951749292954 0.7922216016223498 3.4
1000 511.2507754544733 511.2507754544733 0.1 0.7111010646876084 3.340294545911102 0.1 2.3300547524322615 1.1350353148560317 0.6605137698173422 3.2772696690738727
1050 511.2507754544733 511.2507754544733 0.1 0.7111010646876084 3.340294545911102 0.1 2.3300547524322615 1.1350353148560317 0.6605137698173422 3.2772696690738727
1100 505.05615731865737 505.05615731865737 0.1 0.45130642510679986 3.380423210096633 0.1 2.0584417340512746 0.9300587437028016 1.002628245972203 3.1934012779456813
1150 505.05615731865737 505.05615731865737 0.1 0.45130642510679986 3.380423210096633 0.1 2.0584417340512746 0.9300587437028016 1.002628245972203 3.1934012779456813
1200 505.05615731865737 505.05615731865737 0.1 0.45130642510679986 3.380423210096633 0.1 2.0584417340512746 0.9300587437028016 1.002628245972203 3.1934012779456813
1250 505.05615731865737 505.05615731865737 0.1 0.45130642510679986 3.380423210096633 0.1 2.0584417340512746 0.9300587437028016 1.002628245972203 3.1934012779456813
1300 503.22524033583375 503.22524033583375 0.14434436942592466 0.8142762763775422 3.3449729243470605 0.1 1.9232402892548897 0.9149589038595637 0.8162730240441677 3.286254763137229
1350 503.22524033583375 503.22524033583375 0.14434436942592466 0.8142762763775422 3.3449729243470605 0.1 1.9232402892548897 0.9149589038595637 0.8162730240441677 3.286254763137229
1400 503.22524033583375 503.22524033583375 0.14434436942592466 0.8142762763775422 3.3449729243470605 0.1 1.9232402892548897 0.9149589038595637 0.8162730240441677 3.286254763137229
1450 503.22524033583375 503.22524033583375 0.14434436942592466 0.8142762763775422 3.3449729243470605 0.1 1.9232402892548897 0.9149589038595637 0.8162730240441677 3.286254763137229
1500 503.22524033583375 503.22524033583375 0.14434436942592466 0.8142762763775422 3.3449729243470605 0.1 1.9232402892548897 0.9149589038595637 0.8162730240441677 3.286254763137229
1550 503.22524033583375 503.22524033583375 0.14434436942592466 0.8142762763775422 3.3449729243470605 0.1 1.9232402892548897 0.9149589038595637 0.8162730240441677 3.286254763137229
1600 503.22524033583375 503.22524033583375 0.14434436942592466 0.8142762763775422 3.3449729243470605 0.1 1.9232402892548897 0.9149589038595637 0.8162730240441677 3.286254763137229
1650 503.0007754544732 503.0007754544732 0.19288791339332043 0.7246272101935385 3.2062397815265946 0.1 1.7233522240557826 1.0182644577356879 0.7887156008482299 3.4
1700 503.0007754544732 503.0007754544732 0.19288791339332043 0.7246272101935385 3.2062397815265946 0.1 1.7233522240557826 1.0182644577356879 0.7887156008482299 3.4
1750 503.0007754544732 503.0007754544732 0.19288791339332043 0.7246272101935385 3.2062397815265946 0.1 1.7233522240557826 1.0182644577356879 0.7887156008482299 3.4
1800 503.0007754544732 503.0007754544732 0.19288791339332043 0.7246272101935385 3.2062397815265946 0.1 1.7233522240557826 1.0182644577356879 0.7887156008482299 3.4
1850 503.0007754544732 503.0007754544732 0.19288791339332043 0.7246272101935385 3.2062397815265946 0.1 1.7233522240557826 1.0182644577356879 0.7887156008482299 3.4
1900 503.0007754544732 503.0007754544732 0.19288791339332043 0.7246272101935385 3.2062397815265946 0.1 1.7233522240557826 1.0182644577356879 0.7887156008482299 3.4
1950 503.0007754544732 503.0007754544732 0.19288791339332043 0.7246272101935385 3.2062397815265946 0.1 1.7233522240557826 1.0182644577356879 0.7887156008482299 3.4
2000 502.02631057311265 502.02631057311265 0.2114585599142842 0.5680403611887642 3.4 0.1 1.5364435813474508 1.0907083355271172 0.8403259255178706 3.238059823229414
2050 500.0007754544732 500.0007754544732 0.16747449992269706 0.6899135332268831 3.2062397815265946 0.1 1.5233525643009591 0.9883900056088594 0.7887156008482299 3.3979044795462348
2100 500.0007754544732 500.0007754544732 0.16747449992269706 0.6899135332268831 3.2062397815265946 0.1 1.5233525643009591 0.9883900056088594 0.7887156008482299 3.3979044795462348
2150 500.0007754544732 500.0007754544732 0.16747449992269706 0.6899135332268831 3.2062397815265946 0.1 1.5233525643009591 0.9883900056088594 0.7887156008482299 3.3979044795462348
2200 500.0007754544732 500.0007754544732 0.16747449992269706 0.6899135332268831 3.2062397815265946 0.1 1.5233525643009591 0.9883900056088594 0.7887156008482299 3.3979044795462348
2250 500.0007754544732 500.0007754544732 0.16747449992269706 0.6899135332268831 3.2062397815265946 0.1 1.5233525643009591 0.9883900056088594 0.7887156008482299 3.3979044795462348
2300 500.0007754544732 500.0007754544732 0.16747449992269706 0.6899135332268831 3.2062397815265946 0.1 1.5233525643009591 0.9883900056088594 0.7887156008482299 3.3979044795462348
2350 500.0007754544732 500.0007754544732 0.16747449992269706 0.6899135332268831 3.2062397815265946 0.1 1.5233525643009591 0.9883900056088594 0.7887156008482299 3.3979044795462348
2400 500.0007754544732 500.0007754544732 0.16747449992269706 0.6899135332268831 3.2062397815265946 0.1 1.5233525643009591 0.9883900056088594 0.7887156008482299 3.3979044795462348
2450 500.0007754544732 500.0007754544732 0.16747449992269706 0.6899135332268831 3.2062397815265946 0.1 1.5233525643009591 0.9883900056088594 0.7887156008482299 3.3979044795462348
2500 500.0007754544732 500.0007754544732 0.16747449992269706 0.6899135332268831 3.2062397815265946 0.1 1.5233525643009591 0.9883900056088594 0.7887156008482299 3.3979044795462348
2550 500.0007754544732 500.0007754544732 0.16747449992269706 0.6899135332268831 3.2062397815265946 0.1 1.5233525643009591 0.9883900056088594 0.7887156008482299 3.3979044795462348
2600 500.0007754544732 500.0007754544732 0.16747449992269706 0.6899135332268831 3.2062397815265946 0.1 1.5233525643009591 0.9883900056088594 0.7887156008482299 3.3979044795462348
2650 500.0007754544732 500.0007754544732 0.16747449992269706 0.6899135332268831 3.2062397815265946 0.1 1.5233525643009591 0.9883900056088594 0.7887156008482299 3.3979044795462348
2700 500.0007754544732 500.0007754544732 0.16747449992269706 0.6899135332268831 3.2062397815265946 0.1 1.5233525643009591 0.9883900056088594 0.7887156008482299 3.3979044795462348
2750 500.0007754544732 500.0007754544732 0.16747449992269706 0.6899135332268831 3.2062397815265946 0.1 1.5233525643009591 0.9883900056088594 0.7887156008482299 3.3979044795462348
2800 500.0007754544732 500.0007754544732 0.16747449992269706 0.6899135332268831 3.2062397815265946 0.1 1.5233525643009591 0.9883900056088594 0.7887156008482299 3.3979044795462348
2850 500.0007754544732 500.0007754544732 0.16747449992269706 0.6899135332268831 3.2062397815265946 0.1 1.5233525643009591 0.9883900056088594 0.7887156008482299 3.3979044795462348
2900 500.0007754544732 500.0007754544732 0.16747449992269706 0.6899135332268831 3.2062397815265946 0.1 1.5233525643009591 0.9883900056088594 0.7887156008482299 3.3979044795462348
2950 500.0007754544732 500.0007754544732 0.16747449992269706 0.6899135332268831 3.2062397815265946 0.1 1.5233525643009591 0.9883900056088594 0.7887156008482299 3.3979044795462348
3000 500.0007754544732 500.0007754544732 0.16747449992269706 0.6899135332268831 3.2062397815265946 0.1 1.5233525643009591 0.9883900056088594 0.7887156008482299 3.3979044795462348
3050 500.0007754544732 500.0007754544732 0.16747449992269706 0.6899135332268831 3.2062397815265946 0.1 1.5233525643009591 0.9883900056088594 0.7887156008482299 3.3979044795462348
3100 500.0007754544732 500.0007754544732 0.16747449992269706 0.6899135332268831 3.2062397815265946 0.1 1.5233525643009591 0.9883900056088594 0.7887156008482299 3.3979044795462348
3150 500.0007754544732 500.0007754544732 0.16747449992269706 0.6899135332268831 3.2062397815265946 0.1 1.5233525643009591 0.9883900056088594 0.7887156008482299 3.3979044795462348
3200 500.0007754544732 500.0007754544732 0.16747449992269706 0.6899135332268831 3.2062397815265946 0.1 1.5233525643009591 0.9883900056088594 0.7887156008482299 3.3979044795462348
3250 500.0007754544732 500.0007754544732 0.16747449992269706 0.6899135332268831 3.2062397815265946 0.1 1.5233525643009591 0.9883900056088594 0.7887156008482299 3.3979044795462348
3300 500.0007754544732 500.0007754544732 0.16747449992269706 0.6899135332268831 3.2062397815265946 0.1 1.5233525643009591 0.9883900056088594 0.7887156008482299 3.3979044795462348
3350 500.0007754544732 500.0007754544732 0.16747449992269706 0.6899135332268831 3.2062397815265946 0.1 1.5233525643009591 0.9883900056088594 0.7887156008482299 3.3979044795462348
3400 500.0007754544732 500.0007754544732 0.16747449992269706 0.6899135332268831 3.2062397815265946 0.1 1.5233525643009591 0.9883900056088594 0.7887156008482299 3.3979044795462348
3450 500.0007754544732 500.0007754544732 0.16747449992269706 0.6899135332268831 3.2062397815265946 0.1 1.5233525643009591 0.9883900056088594 0.7887156008482299 3.3979044795462348
3500 500.0007754544732 500.0007754544732 0.16747449992269706 0.6899135332268831 3.2062397815265946 0.1 1.5233525643009591 0.9883900056088594 0.7887156008482299 3.3979044795462348
3550 499.9709287089285 499.9709287089285 0.1 0.8287335469016637 3.4 0.1 1.2454308427331202 1.0266786830093853 0.8337618961382965 3.325708328030999
3600 499.9709287089285 499.9709287089285 0.1 0.8287335469016637 3.4 0.1 1.2454308427331202 1.0266786830093853 0.8337618961382965 3.325708328030999
3650 499.9709287089285 499.9709287089285 0.1 0.8287335469016637 3.4 0.1 1.2454308427331202 1.0266786830093853 0.8337618961382965 3.325708328030999
3700 499.9709287089285 499.9709287089285 0.1 0.8287335469016637 3.4 0.1 1.2454308427331202 1.0266786830093853 0.8337618961382965 3.325708328030999
3750 499.9709287089285 499.9709287089285 0.1 0.8287335469016637 3.4 0.1 1.2454308427331202 1.0266786830093853 0.8337618961382965 3.325708328030999
3800 499.9709287089285 499.9709287089285 0.1 0.8287335469016637 3.4 0.1 1.2454308427331202 1.0266786830093853 0.8337618961382965 3.325708328030999
3850 499.9709287089285 499.9709287089285 0.1 0.8287335469016637 3.4 0.1 1.2454308427331202 1.0266786830093853 0.8337618961382965 3.325708328030999
3900 499.9709287089285 499.9709287089285 0.1 0.8287335469016637 3.4 0.1 1.2454308427331202 1.0266786830093853 0.8337618961382965 3.325708328030999
3950 499.9709287089285 499.9709287089285 0.1 0.8287335469016637 3.4 0.1 1.2454308427331202 1.0266786830093853 0.8337618961382965 3.325708328030999
4000 499.9709287089285 499.9709287089285 0.1 0.8287335469016637 3.4 0.1 1.2454308427331202 1.0266786830093853 0.8337618961382965 3.325708328030999
4050 499.6997052171944 499.6997052171944 0.12830302647769778 0.9262468556475206 3.2073792346505843 0.13859494353363355 1.7635738985328577 0.9600868235468845 0.6482502436342094 3.4
4100 499.6997052171944 499.6997052171944 0.12830302647769778 0.9262468556475206 3.2073792346505843 0.13859494353363355 1.7635738985328577 0.9600868235468845 0.6482502436342094 3.4
4150 499.6997052171944 499.6997052171944 0.12830302647769778 0.9262468556475206 3.2073792346505843 0.13859494353363355 1.7635738985328577 0.9600868235468845 0.6482502436342094 3.4
4200 499.6997052171944 499.6997052171944 0.12830302647769778 0.9262468556475206 3.2073792346505843 0.13859494353363355 1.7635738985328577 0.9600868235468845 0.6482502436342094 3.4
4250 499.6997052171944 499.6997052171944 0.12830302647769778 0.9262468556475206 3.2073792346505843 0.13859494353363355 1.7635738985328577 0.9600868235468845 0.6482502436342094 3.4
4300 499.6997052171944 499.6997052171944 0.12830302647769778 0.9262468556475206 3.2073792346505843 0.13859494353363355 1.7635738985328577 0.9600868235468845 0.6482502436342094 3.4
4350 499.6997052171944 499.6997052171944 0.12830302647769778 0.9262468556475206 3.2073792346505843 0.13859494353363355 1.7635738985328577 0.9600868235468845 0.6482502436342094 3.4
4400 499.2507754544732 499.2507754544732 0.10222541294691671 0.7137765481303339 3.219954354855062 0.12175465039975503 1.4785449535555175 1.039100286628905 0.7577716637485944 3.2370211035748016
4450 499.2507754544732 499.2507754544732 0.1332859534852019 0.6805659914420854 3.3255960761062124 0.1 1.5304640573379704 0.9706868026216516 0.8345220710042056 3.24002749077818
4500 499.2507754544732 499.2507754544732 0.1332859534852019 0.6805659914420854 3.3255960761062124 0.1 1.5304640573379704 0.9706868026216516 0.8345220710042056 3.24002749077818
4550 499.2507754544732 499.2507754544732 0.1332859534852019 0.6805659914420854 3.3255960761062124 0.1 1.5304640573379704 0.9706868026216516 0.8345220710042056 3.24002749077818
4600 499.2507754544732 499.2507754544732 0.1332859534852019 0.6805659914420854 3.3255960761062124 0.1 1.5304640573379704 0.9706868026216516 0.8345220710042056 3.24002749077818
4650 499.2507754544732 499.2507754544732 0.1332859534852019 0.6805659914420854 3.3255960761062124 0.1 1.5304640573379704 0.9706868026216516 0.8345220710042056 3.24002749077818
4700 499.2507754544732 499.2507754544732 0.1332859534852019 0.6805659914420854 3.3255960761062124 0.1 1.5304640573379704 0.9706868026216516 0.8345220710042056 3.24002749077818
4750 499.2507754544732 499.2507754544732 0.1332859534852019 0.6805659914420854 3.3255960761062124 0.1 1.5304640573379704 0.9706868026216516 0.8345220710042056 3.24002749077818
4800 499.2507754544732 499.2507754544732 0.1332859534852019 0.6805659914420854 3.3255960761062124 0.1 1.5304640573379704 0.9706868026216516 0.8345220710042056 3.24002749077818
4850 499.2507754544732 499.2507754544732 0.1332859534852019 0.6805659914420854 3.3255960761062124 0.1 1.5304640573379704 0.9706868026216516 0.8345220710042056 3.24002749077818
4900 499.2507754544732 499.2507754544732 0.1332859534852019 0.6805659914420854 3.3255960761062124 0.1 1.5304640573379704 0.9706868026216516 0.8345220710042056 3.24002749077818
4950 499.2507754544732 499.2507754544732 0.1332859534852019 0.6805659914420854 3.3255960761062124 0.1 1.5304640573379704 0.9706868026216516 0.8345220710042056 3.24002749077818
5000 499.2507754544732 499.2507754544732 0.1332859534852019 0.6805659914420854 3.3255960761062124 0.1 1.5304640573379704 0.9706868026216516 0.8345220710042056 3.24002749077818
5050 499.2507754544732 499.2507754544732 0.1332859534852019 0.6805659914420854 3.3255960761062124 0.1 1.5304640573379704 0.9706868026216516 0.8345220710042056 3.24002749077818
5100 499.2507754544732 499.2507754544732 0.12321744819582083 0.7090429899025841 3.2245446205165864 0.12831926625177287 1.456182731851092 1.0438604966779614 0.8478982284696689 3.1907576449581936
5150 499.2507754544732 499.2507754544732 0.12321744819582083 0.7090429899025841 3.2245446205165864 0.12831926625177287 1.456182731851092 1.0438604966779614 0.8478982284696689 3.1907576449581936
5200 499.2507754544732 499.2507754544732 0.12321744819582083 0.7090429899025841 3.2245446205165864 0.12831926625177287 1.456182731851092 1.0438604966779614 0.8478982284696689 3.1907576449581936
5250 499.2507754544732 499.2507754544732 0.12321744819582083 0.7090429899025841 3.2245446205165864 0.12831926625177287 1.456182731851092 1.0438604966779614 0.8478982284696689 3.1907576449581936
5300 499.2507754544732 499.2507754544732 0.12321744819582083 0.7090429899025841 3.2245446205165864 0.12831926625177287 1.456182731851092 1.0438604966779614 0.8478982284696689 3.1907576449581936
5350 499.2507754544732 499.2507754544732 0.12321744819582083 0.7090429899025841 3.2245446205165864 0.12831926625177287 1.456182731851092 1.0438604966779614 0.8478982284696689 3.1907576449581936
5400 499.2507754544732 499.2507754544732 0.12321744819582083 0.7090429899025841 3.2245446205165864 0.12831926625177287 1.456182731851092 1.0438604966779614 0.8478982284696689 3.1907576449581936
5450 499.2507754544732 499.2507754544732 0.12321744819582083 0.7090429899025841 3.2245446205165864 0.12831926625177287 1.456182731851092 1.0438604966779614 0.8478982284696689 3.1907576449581936
5500 499.2507754544732 499.2507754544732 0.12321744819582083 0.7090429899025841 3.2245446205165864 0.12831926625177287 1.456182731851092 1.0438604966779614 0.8478982284696689 3.1907576449581936
5550 499.2507754544732 499.2507754544732 0.12321744819582083 0.7090429899025841 3.2245446205165864 0.12831926625177287 1.456182731851092 1.0438604966779614 0.8478982284696689 3.1907576449581936
5600 499.2507754544732 499.2507754544732 0.12321744819582083 0.7090429899025841 3.2245446205165864 0.12831926625177287 1.456182731851092 1.0438604966779614 0.8478982284696689 3.1907576449581936
5650 499.2507754544732 499.2507754544732 0.12321744819582083 0.7090429899025841 3.2245446205165864 0.12831926625177287 1.456182731851092 1.0438604966779614 0.8478982284696689 3.1907576449581936
5700 499.2507754544732 499.2507754544732 0.12321744819582083 0.7090429899025841 3.2245446205165864 0.12831926625177287 1.456182731851092 1.0438604966779614 0.8478982284696689 3.1907576449581936
5750 499.2507754544732 499.2507754544732 0.12321744819582083 0.7090429899025841 3.2245446205165864 0.12831926625177287 1.456182731851092 1.0438604966779614 0.8478982284696689 3.1907576449581936
5800 499.2507754544732 499.2507754544732 0.1 0.7078209027156707 3.357117622581422 0.12707987384830977 1.516647929837023 1.0407145300230694 0.8059887018035506 3.2120335858668234
5850 499.2507754544732 499.2507754544732 0.1 0.7078209027156707 3.357117622581422 0.12707987384830977 1.516647929837023 1.0407145300230694 0.8059887018035506 3.2120335858668234
5900 499.2507754544732 499.2507754544732 0.1 0.6724797084505463 3.394600073102463 0.1 1.4607408874050813 0.9788403146683975 0.8047107527717722 3.3819694580119912
5950 499.2507754544732 499.2507754544732 0.1 0.6724797084505463 3.394600073102463 0.1 1.4607408874050813 0.9788403146683975 0.8047107527717722 3.3819694580119912
6000 499.2507754544732 499.2507754544732 0.1 0.6724797084505463 3.394600073102463 0.1 1.4607408874050813 0.9788403146683975 0.8047107527717722 3.3819694580119912
6050 499.2507754544732 499.2507754544732 0.1 0.6724797084505463 3.394600073102463 0.1 1.4607408874050813 0.9788403146683975 0.8047107527717722 3.3819694580119912
6100 499.2507754544732 499.2507754544732 0.1 0.6724797084505463 3.394600073102463 0.1 1.4607408874050813 0.9788403146683975 0.8047107527717722 3.3819694580119912
6150 499.2507754544732 499.2507754544732 0.1 0.6724797084505463 3.394600073102463 0.1 1.4607408874050813 0.9788403146683975 0.8047107527717722 3.3819694580119912
6200 499.2507754544732 499.2507754544732 0.1 0.7128031914322975 3.4 0.1 1.4526080312028162 0.9938354547742961 0.7728415268405673 3.4
6250 499.2507754544732 499.2507754544732 0.1 0.7128031914322975 3.4 0.1 1.4526080312028162 0.9938354547742961 0.7728415268405673 3.4
6300 499.2507754544732 499.2507754544732 0.1 0.7128031914322975 3.4 0.1 1.4526080312028162 0.9938354547742961 0.7728415268405673 3.4
6350 499.2507754544732 499.2507754544732 0.1 0.7128031914322975 3.4 0.1 1.4526080312028162 0.9938354547742961 0.7728415268405673 3.4
6400 499.2507754544732 499.2507754544732 0.1 0.7128031914322975 3.4 0.1 1.4526080312028162 0.9938354547742961 0.7728415268405673 3.4
6450 499.2507754544732 499.2507754544732 0.1 0.7128031914322975 3.4 0.1 1.4526080312028162 0.9938354547742961 0.7728415268405673 3.4
6500 499.2507754544732 499.2507754544732 0.1 0.6744653458423189 3.2622558879161616 0.11804661137637253 1.4549085103613997 0.9708904649539832 0.8413256005978403 3.180939563691716
6550 499.2507754544732 499.2507754544732 0.1 0.6744653458423189 3.2622558879161616 0.11804661137637253 1.4549085103613997 0.9708904649539832 0.8413256005978403 3.180939563691716
6600 499.2507754544732 499.2507754544732 0.1 0.6744653458423189 3.2622558879161616 0.11804661137637253 1.4549085103613997 0.9708904649539832 0.8413256005978403 3.180939563691716
6650 499.2507754544732 499.2507754544732 0.1 0.6744653458423189 3.2622558879161616 0.11804661137637253 1.4549085103613997 0.9708904649539832 0.8413256005978403 3.180939563691716
6700 499.2507754544732 499.2507754544732 0.1 0.6744653458423189 3.2622558879161616 0.11804661137637253 1.4549085103613997 0.9708904649539832 0.8413256005978403 3.180939563691716
6750 499.2507754544732 499.2507754544732 0.1 0.6744653458423189 3.2622558879161616 0.11804661137637253 1.4549085103613997 0.9708904649539832 0.8413256005978403 3.180939563691716
6800 499.2507754544732 499.2507754544732 0.1 0.6744653458423189 3.2622558879161616 0.11804661137637253 1.4549085103613997 0.9708904649539832 0.8413256005978403 3.180939563691716
6850 499.2507754544732 499.2507754544732 0.1 0.6744653458423189 3.2622558879161616 0.11804661137637253 1.4549085103613997 0.9708904649539832 0.8413256005978403 3.180939563691716
6900 499.2507754544732 499.2507754544732 0.1 0.6744653458423189 3.2622558879161616 0.11804661137637253 1.4549085103613997 0.9708904649539832 0.8413256005978403 3.180939563691716
6950 499.2507754544732 499.2507754544732 0.1 0.6744653458423189 3.2622558879161616 0.11804661137637253 1.4549085103613997 0.9708904649539832 0.8413256005978403 3.180939563691716
7000 499.2507754544732 499.2507754544732 0.1 0.6744653458423189 3.2622558879161616 0.11804661137637253 1.4549085103613997 0.9708904649539832 0.8413256005978403 3.180939563691716
7050 499.2507754544732 499.2507754544732 0.1 0.6744653458423189 3.2622558879161616 0.11804661137637253 1.4549085103613997 0.9708904649539832 0.8413256005978403 3.180939563691716
7100 499.2507754544732 499.2507754544732 0.1 0.6744653458423189 3.2622558879161616 0.11804661137637253 1.4549085103613997 0.9708904649539832 0.8413256005978403 3.180939563691716
7150 499.2507754544732 499.2507754544732 0.1 0.6744653458423189 3.2622558879161616 0.11804661137637253 1.4549085103613997 0.9708904649539832 0.8413256005978403 3.180939563691716
7200 499.2507754544732 499.2507754544732 0.1 0.6744653458423189 3.2622558879161616 0.11804661137637253 1.4549085103613997 0.9708904649539832 0.8413256005978403 3.180939563691716
7250 499.2507754544732 499.2507754544732 0.1 0.6744653458423189 3.2622558879161616 0.11804661137637253 1.4549085103613997 0.9708904649539832 0.8413256005978403 3.180939563691716
7300 499.2507754544732 499.2507754544732 0.1 0.6744653458423189 3.2622558879161616 0.11804661137637253 1.4549085103613997 0.9708904649539832 0.8413256005978403 3.180939563691716
7350 499.2507754544732 499.2507754544732 0.1 0.6744653458423189 3.2622558879161616 0.11804661137637253 1.4549085103613997 0.9708904649539832 0.8413256005978403 3.180939563691716
7400 499.2507754544732 499.2507754544732 0.1 0.6744653458423189 3.2622558879161616 0.11804661137637253 1.4549085103613997 0.9708904649539832 0.8413256005978403 3.180939563691716
7450 499.2507754544732 499.2507754544732 0.1 0.6744653458423189 3.2622558879161616 0.11804661137637253 1.4549085103613997 0.9708904649539832 0.8413256005978403 3.180939563691716
7500 499.2507754544732 499.2507754544732 0.1 0.6744653458423189 3.2622558879161616 0.11804661137637253 1.4549085103613997 0.9708904649539832 0.8413256005978403 3.180939563691716
7550 499.2507754544732 499.2507754544732 0.1 0.6744653458423189 3.2622558879161616 0.11804661137637253 1.4549085103613997 0.9708904649539832 0.8413256005978403 3.180939563691716
7600 499.2507754544732 499.2507754544732 0.1 0.6744653458423189 3.2622558879161616 0.11804661137637253 1.4549085103613997 0.9708904649539832 0.8413256005978403 3.180939563691716
7650 499.2507754544732 499.2507754544732 0.1 0.6744653458423189 3.2622558879161616 0.11804661137637253 1.4549085103613997 0.9708904649539832 0.8413256005978403 3.180939563691716
7700 499.2507754544732 499.2507754544732 0.1 0.6744653458423189 3.2622558879161616 0.11804661137637253 1.4549085103613997 0.9708904649539832 0.8413256005978403 3.180939563691716
7750 499.2507754544732 499.2507754544732 0.1 0.6744653458423189 3.2622558879161616 0.11804661137637253 1.4549085103613997 0.9708904649539832 0.8413256005978403 3.180939563691716
7800 499.2507754544732 499.2507754544732 0.1 0.6744653458423189 3.2622558879161616 0.11804661137637253 1.4549085103613997 0.9708904649539832 0.8413256005978403 3.180939563691716
7850 499.2507754544732 499.2507754544732 0.1 0.6744653458423189 3.2622558879161616 0.11804661137637253 1.4549085103613997 0.9708904649539832 0.8413256005978403 3.180939563691716
7900 499.2507754544732 499.2507754544732 0.1 0.6744653458423189 3.2622558879161616 0.11804661137637253 1.4549085103613997 0.9708904649539832 0.8413256005978403 3.180939563691716
7950 499.2507754544732 499.2507754544732 0.1 0.6744653458423189 3.2622558879161616 0.11804661137637253 1.4549085103613997 0.9708904649539832 0.8413256005978403 3.180939563691716
8000 499.2507754544732 499.2507754544732 0.1 0.6744653458423189 3.2622558879161616 0.11804661137637253 1.4549085103613997 0.9708904649539832 0.8413256005978403 3.180939563691716
8050 499.2507754544732 499.2507754544732 0.1 0.6744653458423189 3.2622558879161616 0.11804661137637253 1.4549085103613997 0.9708904649539832 0.8413256005978403 3.180939563691716
8100 499.2507754544732 499.2507754544732 0.1 0.6744653458423189 3.2622558879161616 0.11804661137637253 1.4549085103613997 0.9708904649539832 0.8413256005978403 3.180939563691716
8150 499.2507754544732 499.2507754544732 0.1 0.6744653458423189 3.2622558879161616 0.11804661137637253 1.4549085103613997 0.9708904649539832 0.8413256005978403 3.180939563691716
8200 499.2507754544732 499.2507754544732 0.1 0.6744653458423189 3.2622558879161616 0.11804661137637253 1.4549085103613997 0.9708904649539832 0.8413256005978403 3.180939563691716
8250 499.2507754544732 499.2507754544732 0.1 0.6744653458423189 3.2622558879161616 0.11804661137637253 1.4549085103613997 0.9708904649539832 0.8413256005978403 3.180939563691716
8300 499.2507754544732 499.2507754544732 0.1 0.6744653458423189 3.2622558879161616 0.11804661137637253 1.4549085103613997 0.9708904649539832 0.8413256005978403 3.180939563691716
8350 499.2507754544732 499.2507754544732 0.1 0.6744653458423189 3.2622558879161616 0.11804661137637253 1.4549085103613997 0.9708904649539832 0.8413256005978403 3.180939563691716
8400 499.2507754544732 499.2507754544732 0.1 0.6744653458423189 3.2622558879161616 0.11804661137637253 1.4549085103613997 0.9708904649539832 0.8413256005978403 3.180939563691716
8450 499.2507754544732 499.2507754544732 0.1 0.6744653458423189 3.2622558879161616 0.11804661137637253 1.4549085103613997 0.9708904649539832 0.8413256005978403 3.180939563691716
8500 499.2507754544732 499.2507754544732 0.1 0.6744653458423189 3.2622558879161616 0.11804661137637253 1.4549085103613997 0.9708904649539832 0.8413256005978403 3.180939563691716
8550 499.2507754544732 499.2507754544732 0.1 0.6744653458423189 3.2622558879161616 0.11804661137637253 1.4549085103613997 0.9708904649539832 0.8413256005978403 3.180939563691716
8600 499.2507754544732 499.2507754544732 0.1 0.6744653458423189 3.2622558879161616 0.11804661137637253 1.4549085103613997 0.9708904649539832 0.8413256005978403 3.180939563691716
8650 499.2507754544732 499.2507754544732 0.1 0.6744653458423189 3.2622558879161616 0.11804661137637253 1.4549085103613997 0.9708904649539832 0.8413256005978403 3.180939563691716
8700 499.2507754544732 499.2507754544732 0.1 0.6744653458423189 3.2622558879161616 0.11804661137637253 1.4549085103613997 0.9708904649539832 0.8413256005978403 3.180939563691716
8750 499.2507754544732 499.2507754544732 0.1 0.6744653458423189 3.2622558879161616 0.11804661137637253 1.4549085103613997 0.9708904649539832 0.8413256005978403 3.180939563691716
8800 499.2507754544732 499.2507754544732 0.1 0.6744653458423189 3.2622558879161616 0.11804661137637253 1.4549085103613997 0.9708904649539832 0.8413256005978403 3.180939563691716
8850 499.2507754544732 499.2507754544732 0.1 0.6744653458423189 3.2622558879161616 0.11804661137637253 1.4549085103613997 0.9708904649539832 0.8413256005978403 3.180939563691716
8900 499.2507754544732 499.2507754544732 0.1 0.6744653458423189 3.2622558879161616 0.11804661137637253 1.4549085103613997 0.9708904649539832 0.8413256005978403 3.180939563691716
8950 499.2507754544732 499.2507754544732 0.1 0.6744653458423189 3.2622558879161616 0.11804661137637253 1.4549085103613997 0.9708904649539832 0.8413256005978403 3.180939563691716
9000 499.2507754544732 499.2507754544732 0.1 0.6744653458423189 3.2622558879161616 0.11804661137637253 1.4549085103613997 0.9708904649539832 0.8413256005978403 3.180939563691716
9050 499.2507754544732 499.2507754544732 0.1 0.6744653458423189 3.2622558879161616 0.11804661137637253 1.4549085103613997 0.9708904649539832 0.8413256005978403 3.180939563691716
9100 499.2507754544732 499.2507754544732 0.1 0.6744653458423189 3.2622558879161616 0.11804661137637253 1.4549085103613997 0.9708904649539832 0.8413256005978403 3.180939563691716
9150 499.2507754544732 499.2507754544732 0.1 0.6744653458423189 3.2622558879161616 0.11804661137637253 1.4549085103613997 0.9708904649539832 0.8413256005978403 3.180939563691716
9200 499.2507754544732 499.2507754544732 0.1 0.6744653458423189 3.2622558879161616 0.11804661137637253 1.4549085103613997 0.9708904649539832 0.8413256005978403 3.180939563691716
9250 499.2507754544732 499.2507754544732 0.1 0.6744653458423189 3.2622558879161616 0.11804661137637253 1.4549085103613997 0.9708904649539832 0.8413256005978403 3.180939563691716
9300 499.2507754544732 499.2507754544732 0.1 0.6744653458423189 3.2622558879161616 0.11804661137637253 1.4549085103613997 0.9708904649539832 0.8413256005978403 3.180939563691716
9350 499.2507754544732 499.2507754544732 0.1 0.6744653458423189 3.2622558879161616 0.11804661137637253 1.4549085103613997 0.9708904649539832 0.8413256005978403 3.180939563691716
9400 499.2507754544732 499.2507754544732 0.1 0.6744653458423189 3.2622558879161616 0.11804661137637253 1.4549085103613997 0.9708904649539832 0.8413256005978403 3.180939563691716
9450 499.2507754544732 499.2507754544732 0.1 0.6744653458423189 3.2622558879161616 0.11804661137637253 1.4549085103613997 0.9708904649539832 0.8413256005978403 3.180939563691716
9500 499.2507754544732 499.2507754544732 0.1 0.6744653458423189 3.2622558879161616 0.11804661137637253 1.4549085103613997 0.9708904649539832 0.8413256005978403 3.180939563691716
9550 499.2507754544732 499.2507754544732 0.1 0.6744653458423189 3.2622558879161616 0.11804661137637253 1.4549085103613997 0.9708904649539832 0.8413256005978403 3.180939563691716
9600 499.2507754544732 499.2507754544732 0.1 0.6744653458423189 3.2622558879161616 0.11804661137637253 1.4549085103613997 0.9708904649539832 0.8413256005978403 3.180939563691716
9650 499.2507754544732 499.2507754544732 0.1 0.6744653458423189 3.2622558879161616 0.11804661137637253 1.4549085103613997 0.9708904649539832 0.8413256005978403 3.180939563691716
9700 499.2507754544732 499.2507754544732 0.1 0.6744653458423189 3.2622558879161616 0.11804661137637253 1.4549085103613997 0.9708904649539832 0.8413256005978403 3.180939563691716
9750 499.2507754544732 499.2507754544732 0.1 0.6744653458423189 3.2622558879161616 0.11804661137637253 1.4549085103613997 0.9708904649539832 0.8413256005978403 3.180939563691716
9800 499.2507754544732 499.2507754544732 0.1 0.6744653458423189 3.2622558879161616 0.11804661137637253 1.4549085103613997 0.9708904649539832 0.8413256005978403 3.180939563691716
9850 499.2507754544732 499.2507754544732 0.1 0.6744653458423189 3.2622558879161616 0.11804661137637253 1.4549085103613997 0.9708904649539832 0.8413256005978403 3.180939563691716
9900 499.2507754544732 499.2507754544732 0.1 0.6744653458423189 3.2622558879161616 0.11804661137637253 1.4549085103613997 0.9708904649539832 0.8413256005978403 3.180939563691716
9950 499.2507754544732 499.2507754544732 0.1 0.6744653458423189 3.2622558879161616 0.11804661137637253 1.4549085103613997 0.9708904649539832 0.8413256005978403 3.180939563691716
10000 499.2507754544732 499.2507754544732 0.1 0.6744653458423189 3.2622558879161616 0.11804661137637253 1.4549085103613997 0.9708904649539832 0.8413256005978403 3.180939563691716
10050 499.2507754544732 499.2507754544732 0.1 0.6744653458423189 3.2622558879161616 0.11804661137637253 1.4549085103613997 0.9708904649539832 0.8413256005978403 3.180939563691716
10100 499.2507754544732 499.2507754544732 0.1 0.6744653458423189 3.2622558879161616 0.11804661137637253 1.4549085103613997 0.9708904649539832 0.8413256005978403 3.180939563691716
10150 499.2507754544732 499.2507754544732 0.1 0.6744653458423189 3.2622558879161616 0.11804661137637253 1.4549085103613997 0.9708904649539832 0.8413256005978403 3.180939563691716
10200 499.2507754544732 499.2507754544732 0.1 0.6744653458423189 3.2622558879161616 0.11804661137637253 1.4549085103613997 0.9708904649539832 0.8413256005978403 3.180939563691716
10250 499.2507754544732 499.2507754544732 0.1 0.6744653458423189 3.2622558879161616 0.11804661137637253 1.4549085103613997 0.9708904649539832 0.8413256005978403 3.180939563691716
10300 499.2507754544732 499.2507754544732 0.1 0.6744653458423189 3.2622558879161616 0.11804661137637253 1.4549085103613997 0.9708904649539832 0.8413256005978403 3.180939563691716
10350 499.2507754544732 499.2507754544732 0.1 0.6744653458423189 3.2622558879161616 0.11804661137637253 1.4549085103613997 0.9708904649539832 0.8413256005978403 3.180939563691716
10400 499.2507754544732 499.2507754544732 0.1 0.6744653458423189 3.2622558879161616 0.11804661137637253 1.4549085103613997 0.9708904649539832 0.8413256005978403 3.180939563691716
10450 499.2507754544732 499.2507754544732 0.1 0.6744653458423189 3.2622558879161616 0.11804661137637253 1.4549085103613997 0.9708904649539832 0.8413256005978403 3.180939563691716
10500 499.2507754544732 499.2507754544732 0.1 0.6744653458423189 3.2622558879161616 0.11804661137637253 1.4549085103613997 0.9708904649539832 0.8413256005978403 3.180939563691716
10550 499.2507754544732 499.2507754544732 0.1 0.6744653458423189 3.2622558879161616 0.11804661137637253 1.4549085103613997 0.9708904649539832 0.8413256005978403 3.180939563691716
10600 499.2507754544732 499.2507754544732 0.1 0.6744653458423189 3.2622558879161616 0.11804661137637253 1.4549085103613997 0.9708904649539832 0.8413256005978403 3.180939563691716
10650 499.2507754544732 499.2507754544732 0.1 0.6744653458423189 3.2622558879161616 0.11804661137637253 1.4549085103613997 0.9708904649539832 0.8413256005978403 3.180939563691716
10700 499.2507754544732 499.2507754544732 0.1 0.6744653458423189 3.2622558879161616 0.11804661137637253 1.4549085103613997 0.9708904649539832 0.8413256005978403 3.180939563691716
10750 499.2507754544732 499.2507754544732 0.1 0.6744653458423189 3.2622558879161616 0.11804661137637253 1.4549085103613997 0.9708904649539832 0.8413256005978403 3.180939563691716
10800 499.2507754544732 499.2507754544732 0.1 0.6744653458423189 3.2622558879161616 0.11804661137637253 1.4549085103613997 0.9708904649539832 0.8413256005978403 3.180939563691716
10850 499.2507754544732 499.2507754544732 0.1 0.6744653458423189 3.2622558879161616 0.11804661137637253 1.4549085103613997 0.9708904649539832 0.8413256005978403 3.180939563691716
10900 499.2507754544732 499.2507754544732 0.1 0.6744653458423189 3.2622558879161616 0.11804661137637253 1.4549085103613997 0.9708904649539832 0.8413256005978403 3.180939563691716
10950 499.2507754544732 499.2507754544732 0.1 0.6744653458423189 3.2622558879161616 0.11804661137637253 1.4549085103613997 0.9708904649539832 0.8413256005978403 3.180939563691716
11000 499.2507754544732 499.2507754544732 0.1 0.6744653458423189 3.2622558879161616 0.11804661137637253 1.4549085103613997 0.9708904649539832 0.8413256005978403 3.180939563691716
11050 499.2507754544732 499.2507754544732 0.1 0.6744653458423189 3.2622558879161616 0.11804661137637253 1.4549085103613997 0.9708904649539832 0.8413256005978403 3.180939563691716
11100 499.2507754544732 499.2507754544732 0.1 0.6744653458423189 3.2622558879161616 0.11804661137637253 1.4549085103613997 0.9708904649539832 0.8413256005978403 3.180939563691716
11150 499.2507754544732 499.2507754544732 0.1 0.6744653458423189 3.2622558879161616 0.11804661137637253 1.4549085103613997 0.9708904649539832 0.8413256005978403 3.180939563691716
11200 499.2507754544732 499.2507754544732 0.1 0.6744653458423189 3.2622558879161616 0.11804661137637253 1.4549085103613997 0.9708904649539832 0.8413256005978403 3.180939563691716
11250 499.2507754544732 499.2507754544732 0.1 0.6744653458423189 3.2622558879161616 0.11804661137637253 1.4549085103613997 0.9708904649539832 0.8413256005978403 3.180939563691716
11300 499.2507754544732 499.2507754544732 0.1 0.6744653458423189 3.2622558879161616 0.11804661137637253 1.4549085103613997 0.9708904649539832 0.8413256005978403 3.180939563691716
11350 499.2507754544732 499.2507754544732 0.1 0.6744653458423189 3.2622558879161616 0.11804661137637253 1.4549085103613997 0.9708904649539832 0.8413256005978403 3.180939563691716
11400 499.2507754544732 499.2507754544732 0.1 0.6744653458423189 3.2622558879161616 0.11804661137637253 1.4549085103613997 0.9708904649539832 0.8413256005978403 3.180939563691716
11450 499.2507754544732 499.2507754544732 0.1 0.6744653458423189 3.2622558879161616 0.11804661137637253 1.4549085103613997 0.9708904649539832 0.8413256005978403 3.180939563691716
11500 499.2507754544732 499.2507754544732 0.1 0.6744653458423189 3.2622558879161616 0.11804661137637253 1.4549085103613997 0.9708904649539832 0.8413256005978403 3.180939563691716
11550 499.2507754544732 499.2507754544732 0.1 0.6744653458423189 3.2622558879161616 0.11804661137637253 1.4549085103613997 0.9708904649539832 0.8413256005978403 3.180939563691716
11600 499.2507754544732 499.2507754544732 0.1 0.6744653458423189 3.2622558879161616 0.11804661137637253 1.4549085103613997 0.9708904649539832 0.8413256005978403 3.180939563691716
11650 499.2507754544732 499.2507754544732 0.1 0.6744653458423189 3.2622558879161616 0.11804661137637253 1.4549085103613997 0.9708904649539832 0.8413256005978403 3.180939563691716
11700 499.2507754544732 499.2507754544732 0.1 0.6744653458423189 3.2622558879161616 0.11804661137637253 1.4549085103613997 0.9708904649539832 0.8413256005978403 3.180939563691716
11750 499.2507754544732 499.2507754544732 0.1 0.6744653458423189 3.2622558879161616 0.11804661137637253 1.4549085103613997 0.9708904649539832 0.8413256005978403 3.180939563691716
11800 499.2507754544732 499.2507754544732 0.1 0.6744653458423189 3.2622558879161616 0.11804661137637253 1.4549085103613997 0.9708904649539832 0.8413256005978403 3.180939563691716
11850 499.2507754544732 499.2507754544732 0.1 0.6744653458423189 3.2622558879161616 0.11804661137637253 1.4549085103613997 0.9708904649539832 0.8413256005978403 3.180939563691716
11900 499.2507754544732 499.2507754544732 0.1 0.6744653458423189 3.2622558879161616 0.11804661137637253 1.4549085103613997 0.9708904649539832 0.8413256005978403 3.180939563691716
11950 499.2507754544732 499.2507754544732 0.1 0.6744653458423189 3.2622558879161616 0.11804661137637253 1.4549085103613997 0.9708904649539832 0.8413256005978403 3.180939563691716
12000 499.2507754544732 499.2507754544732 0.1 0.6744653458423189 3.2622558879161616 0.11804661137637253 1.4549085103613997 0.9708904649539832 0.8413256005978403 3.180939563691716
12050 499.2507754544732 499.2507754544732 0.1 0.6744653458423189 3.2622558879161616 0.11804661137637253 1.4549085103613997 0.9708904649539832 0.8413256005978403 3.180939563691716
12100 499.2507754544732 499.2507754544732 0.1 0.6744653458423189 3.2622558879161616 0.11804661137637253 1.4549085103613997 0.9708904649539832 0.8413256005978403 3.180939563691716
12150 499.2507754544732 499.2507754544732 0.1 0.6744653458423189 3.2622558879161616 0.11804661137637253 1.4549085103613997 0.9708904649539832 0.8413256005978403 3.180939563691716
12200 499.2507754544732 499.2507754544732 0.1 0.6744653458423189 3.2622558879161616 0.11804661137637253 1.4549085103613997 0.9708904649539832 0.8413256005978403 3.180939563691716
12250 499.2507754544732 499.2507754544732 0.1 0.6744653458423189 3.2622558879161616 0.11804661137637253 1.4549085103613997 0.9708904649539832 0.8413256005978403 3.180939563691716
12300 499.2507754544732 499.2507754544732 0.1 0.6744653458423189 3.2622558879161616 0.11804661137637253 1.4549085103613997 0.9708904649539832 0.8413256005978403 3.180939563691716
12350 499.2507754544732 499.2507754544732 0.1 0.6744653458423189 3.2622558879161616 0.11804661137637253 1.4549085103613997 0.9708904649539832 0.8413256005978403 3.180939563691716
12400 499.2507754544732 499.2507754544732 0.1 0.6744653458423189 3.2622558879161616 0.11804661137637253 1.4549085103613997 0.9708904649539832 0.8413256005978403 3.180939563691716
12450 499.2507754544732 499.2507754544732 0.1 0.6744653458423189 3.2622558879161616 0.11804661137637253 1.4549085103613997 0.9708904649539832 0.8413256005978403 3.180939563691716
12500 499.2507754544732 499.2507754544732 0.1 0.6744653458423189 3.2622558879161616 0.11804661137637253 1.4549085103613997 0.9708904649539832 0.8413256005978403 3.180939563691716
12550 499.2507754544732 499.2507754544732 0.1 0.6744653458423189 3.2622558879161616 0.11804661137637253 1.4549085103613997 0.9708904649539832 0.8413256005978403 3.180939563691716
12600 499.2507754544732 499.2507754544732 0.1 0.6744653458423189 3.2622558879161616 0.11804661137637253 1.4549085103613997 0.9708904649539832 0.8413256005978403 3.180939563691716
12650 499.2507754544732 499.2507754544732 0.1 0.6744653458423189 3.2622558879161616 0.11804661137637253 1.4549085103613997 0.9708904649539832 0.8413256005978403 3.180939563691716
12700 499.2507754544732 499.2507754544732 0.1 0.6744653458423189 3.2622558879161616 0.11804661137637253 1.4549085103613997 0.9708904649539832 0.8413256005978403 3.180939563691716
12750 499.2507754544732 499.2507754544732 0.1 0.6744653458423189 3.2622558879161616 0.11804661137637253 1.4549085103613997 0.9708904649539832 0.8413256005978403 3.180939563691716
12800 499.2507754544732 499.2507754544732 0.1 0.6744653458423189 3.2622558879161616 0.11804661137637253 1.4549085103613997 0.9708904649539832 0.8413256005978403 3.180939563691716
12850 499.2507754544732 499.2507754544732 0.1 0.6744653458423189 3.2622558879161616 0.11804661137637253 1.4549085103613997 0.9708904649539832 0.8413256005978403 3.180939563691716
12900 499.2507754544732 499.2507754544732 0.1 0.6744653458423189 3.2622558879161616 0.11804661137637253 1.4549085103613997 0.9708904649539832 0.8413256005978403 3.180939563691716
12950 499.2507754544732 499.2507754544732 0.1 0.6744653458423189 3.2622558879161616 0.11804661137637253 1.4549085103613997 0.9708904649539832 0.8413256005978403 3.180939563691716
13000 499.2507754544732 499.2507754544732 0.1 0.6744653458423189 3.2622558879161616 0.11804661137637253 1.4549085103613997 0.9708904649539832 0.8413256005978403 3.180939563691716
13050 499.2507754544732 499.2507754544732 0.1 0.6744653458423189 3.2622558879161616 0.11804661137637253 1.4549085103613997 0.9708904649539832 0.8413256005978403 3.180939563691716
13100 499.2507754544732 499.2507754544732 0.1 0.6744653458423189 3.2622558879161616 0.11804661137637253 1.4549085103613997 0.9708904649539832 0.8413256005978403 3.180939563691716
13150 499.2507754544732 499.2507754544732 0.1 0.6744653458423189 3.2622558879161616 0.11804661137637253 1.4549085103613997 0.9708904649539832 0.8413256005978403 3.180939563691716
13200 499.2507754544732 499.2507754544732 0.1 0.6744653458423189 3.2622558879161616 0.11804661137637253 1.4549085103613997 0.9708904649539832 0.8413256005978403 3.180939563691716
13250 499.2507754544732 499.2507754544732 0.1 0.6744653458423189 3.2622558879161616 0.11804661137637253 1.4549085103613997 0.9708904649539832 0.8413256005978403 3.180939563691716
13300 499.2507754544732 499.2507754544732 0.1 0.6744653458423189 3.2622558879161616 0.11804661137637253 1.4549085103613997 0.9708904649539832 0.8413256005978403 3.180939563691716
13350 499.2507754544732 499.2507754544732 0.1 0.6744653458423189 3.2622558879161616 0.11804661137637253 1.4549085103613997 0.9708904649539832 0.8413256005978403 3.180939563691716
13400 499.2507754544732 499.2507754544732 0.1 0.6744653458423189 3.2622558879161616 0.11804661137637253 1.4549085103613997 0.9708904649539832 0.8413256005978403 3.180939563691716
13450 499.2507754544732 499.2507754544732 0.1 0.6744653458423189 3.2622558879161616 0.11804661137637253 1.4549085103613997 0.9708904649539832 0.8413256005978403 3.180939563691716
13500 499.2507754544732 499.2507754544732 0.1 0.6744653458423189 3.2622558879161616 0.11804661137637253 1.4549085103613997 0.9708904649539832 0.8413256005978403 3.180939563691716
13550 499.2507754544732 499.2507754544732 0.1 0.6744653458423189 3.2622558879161616 0.11804661137637253 1.4549085103613997 0.9708904649539832 0.8413256005978403 3.180939563691716
13600 499.2507754544732 499.2507754544732 0.1 0.6744653458423189 3.2622558879161616 0.11804661137637253 1.4549085103613997 0.9708904649539832 0.8413256005978403 3.180939563691716
13650 499.2507754544732 499.2507754544732 0.1 0.6744653458423189 3.2622558879161616 0.11804661137637253 1.4549085103613997 0.9708904649539832 0.8413256005978403 3.180939563691716
13700 499.2507754544732 499.2507754544732 0.1 0.6744653458423189 3.2622558879161616 0.11804661137637253 1.4549085103613997 0.9708904649539832 0.8413256005978403 3.180939563691716
13750 499.2507754544732 499.2507754544732 0.1 0.6744653458423189 3.2622558879161616 0.11804661137637253 1.4549085103613997 0.9708904649539832 0.8413256005978403 3.180939563691716
13800 499.2507754544732 499.2507754544732 0.1 0.6744653458423189 3.2622558879161616 0.11804661137637253 1.4549085103613997 0.9708904649539832 0.8413256005978403 3.180939563691716
13850 499.2507754544732 499.2507754544732 0.1 0.6744653458423189 3.2622558879161616 0.11804661137637253 1.4549085103613997 0.9708904649539832 0.8413256005978403 3.180939563691716
13900 499.2507754544732 499.2507754544732 0.1 0.6744653458423189 3.2622558879161616 0.11804661137637253 1.4549085103613997 0.9708904649539832 0.8413256005978403 3.180939563691716
13950 499.2507754544732 499.2507754544732 0.1 0.6744653458423189 3.2622558879161616 0.11804661137637253 1.4549085103613997 0.9708904649539832 0.8413256005978403 3.180939563691716
14000 499.2507754544732 499.2507754544732 0.1 0.6744653458423189 3.2622558879161616 0.11804661137637253 1.4549085103613997 0.9708904649539832 0.8413256005978403 3.180939563691716
14050 499.2507754544732 499.2507754544732 0.1 0.6744653458423189 3.2622558879161616 0.11804661137637253 1.4549085103613997 0.9708904649539832 0.8413256005978403 3.180939563691716
14100 499.2507754544732 499.2507754544732 0.1 0.6744653458423189 3.2622558879161616 0.11804661137637253 1.4549085103613997 0.9708904649539832 0.8413256005978403 3.180939563691716
14150 499.2507754544732 499.2507754544732 0.1 0.6744653458423189 3.2622558879161616 0.11804661137637253 1.4549085103613997 0.9708904649539832 0.8413256005978403 3.180939563691716
14200 499.2507754544732 499.2507754544732 0.1 0.6744653458423189 3.2622558879161616 0.11804661137637253 1.4549085103613997 0.9708904649539832 0.8413256005978403 3.180939563691716
14250 499.2507754544732 499.2507754544732 0.1 0.6744653458423189 3.2622558879161616 0.11804661137637253 1.4549085103613997 0.9708904649539832 0.8413256005978403 3.180939563691716
14300 499.2507754544732 499.2507754544732 0.1 0.6744653458423189 3.2622558879161616 0.11804661137637253 1.4549085103613997 0.9708904649539832 0.8413256005978403 3.180939563691716
14350 499.2507754544732 499.2507754544732 0.1 0.6744653458423189 3.2622558879161616 0.11804661137637253 1.4549085103613997 0.9708904649539832 0.8413256005978403 3.180939563691716
14400 499.2507754544732 499.2507754544732 0.1 0.6744653458423189 3.2622558879161616 0.11804661137637253 1.4549085103613997 0.9708904649539832 0.8413256005978403 3.180939563691716
14450 499.2507754544732 499.2507754544732 0.1 0.6744653458423189 3.2622558879161616 0.11804661137637253 1.4549085103613997 0.9708904649539832 0.8413256005978403 3.180939563691716
14500 499.2507754544732 499.2507754544732 0.1 0.6744653458423189 3.2622558879161616 0.11804661137637253 1.4549085103613997 0.9708904649539832 0.8413256005978403 3.180939563691716
14550 499.2507754544732 499.2507754544732 0.1 0.6744653458423189 3.2622558879161616 0.11804661137637253 1.4549085103613997 0.9708904649539832 0.8413256005978403 3.180939563691716
14600 499.2507754544732 499.2507754544732 0.1 0.6744653458423189 3.2622558879161616 0.11804661137637253 1.4549085103613997 0.9708904649539832 0.8413256005978403 3.180939563691716
14650 499.2507754544732 499.2507754544732 0.1 0.6744653458423189 3.2622558879161616 0.11804661137637253 1.4549085103613997 0.9708904649539832 0.8413256005978403 3.180939563691716
14700 499.2507754544732 499.2507754544732 0.1 0.6744653458423189 3.2622558879161616 0.11804661137637253 1.4549085103613997 0.9708904649539832 0.8413256005978403 3.180939563691716
14750 499.2507754544732 499.2507754544732 0.1 0.6744653458423189 3.2622558879161616 0.11804661137637253 1.4549085103613997 0.9708904649539832 0.8413256005978403 3.180939563691716
14800 499.2507754544732 499.2507754544732 0.1 0.6744653458423189 3.2622558879161616 0.11804661137637253 1.4549085103613997 0.9708904649539832 0.8413256005978403 3.180939563691716
14850 499.2507754544732 499.2507754544732 0.1 0.6744653458423189 3.2622558879161616 0.11804661137637253 1.4549085103613997 0.9708904649539832 0.8413256005978403 3.180939563691716
14900 499.2507754544732 499.2507754544732 0.1 0.6744653458423189 3.2622558879161616 0.11804661137637253 1.4549085103613997 0.9708904649539832 0.8413256005978403 3.180939563691716
14950 499.2507754544732 499.2507754544732 0.1 0.6744653458423189 3.2622558879161616 0.11804661137637253 1.4549085103613997 0.9708904649539832 0.8413256005978403 3.180939563691716
15000 499.2507754544732 499.2507754544732 0.1 0.6744653458423189 3.2622558879161616 0.11804661137637253 1.4549085103613997 0.9708904649539832 0.8413256005978403 3.180939563691716
15050 499.2507754544732 499.2507754544732 0.1 0.6744653458423189 3.2622558879161616 0.11804661137637253 1.4549085103613997 0.9708904649539832 0.8413256005978403 3.180939563691716
15100 499.2507754544732 499.2507754544732 0.1 0.6744653458423189 3.2622558879161616 0.11804661137637253 1.4549085103613997 0.9708904649539832 0.8413256005978403 3.180939563691716
15150 499.2507754544732 499.2507754544732 0.1 0.6744653458423189 3.2622558879161616 0.11804661137637253 1.4549085103613997 0.9708904649539832 0.8413256005978403 3.180939563691716
15200 499.2507754544732 499.2507754544732 0.1 0.6744653458423189 3.2622558879161616 0.11804661137637253 1.4549085103613997 0.9708904649539832 0.8413256005978403 3.180939563691716
15250 499.2507754544732 499.2507754544732 0.1 0.6744653458423189 3.2622558879161616 0.11804661137637253 1.4549085103613997 0.9708904649539832 0.8413256005978403 3.180939563691716
15300 499.2507754544732 499.2507754544732 0.1 0.6744653458423189 3.2622558879161616 0.11804661137637253 1.4549085103613997 0.9708904649539832 0.8413256005978403 3.180939563691716
15350 499.2507754544732 499.2507754544732 0.1 0.6744653458423189 3.2622558879161616 0.11804661137637253 1.4549085103613997 0.9708904649539832 0.8413256005978403 3.180939563691716
15400 499.2507754544732 499.2507754544732 0.1 0.6744653458423189 3.2622558879161616 0.11804661137637253 1.4549085103613997 0.9708904649539832 0.8413256005978403 3.180939563691716
15450 499.2507754544732 499.2507754544732 0.1 0.6744653458423189 3.2622558879161616 0.11804661137637253 1.4549085103613997 0.9708904649539832 0.8413256005978403 3.180939563691716
15500 499.2507754544732 499.2507754544732 0.1 0.6744653458423189 3.2622558879161616 0.11804661137637253 1.4549085103613997 0.9708904649539832 0.8413256005978403 3.180939563691716
15550 499.2507754544732 499.2507754544732 0.1 0.6744653458423189 3.2622558879161616 0.11804661137637253 1.4549085103613997 0.9708904649539832 0.8413256005978403 3.180939563691716
15600 499.2507754544732 499.2507754544732 0.1 0.6744653458423189 3.2622558879161616 0.11804661137637253 1.4549085103613997 0.9708904649539832 0.8413256005978403 3.180939563691716
15650 499.2507754544732 499.2507754544732 0.1 0.6744653458423189 3.2622558879161616 0.11804661137637253 1.4549085103613997 0.9708904649539832 0.8413256005978403 3.180939563691716
15700 499.2507754544732 499.2507754544732 0.1 0.6744653458423189 3.2622558879161616 0.11804661137637253 1.4549085103613997 0.9708904649539832 0.8413256005978403 3.180939563691716
15750 499.2507754544732 499.2507754544732 0.1 0.6744653458423189 3.2622558879161616 0.11804661137637253 1.4549085103613997 0.9708904649539832 0.8413256005978403 3.180939563691716
15800 499.2507754544732 499.2507754544732 0.1 0.6744653458423189 3.2622558879161616 0.11804661137637253 1.4549085103613997 0.9708904649539832 0.8413256005978403 3.180939563691716
15850 499.2507754544732 499.2507754544732 0.1 0.6744653458423189 3.2622558879161616 0.11804661137637253 1.4549085103613997 0.9708904649539832 0.8413256005978403 3.180939563691716
15900 499.2507754544732 499.2507754544732 0.1 0.6744653458423189 3.2622558879161616 0.11804661137637253 1.4549085103613997 0.9708904649539832 0.8413256005978403 3.180939563691716
15950 499.2507754544732 499.2507754544732 0.1 0.6744653458423189 3.2622558879161616 0.11804661137637253 1.4549085103613997 0.9708904649539832 0.8413256005978403 3.180939563691716
16000 499.2507754544732 499.2507754544732 0.1 0.6744653458423189 3.2622558879161616 0.11804661137637253 1.4549085103613997 0.9708904649539832 0.8413256005978403 3.180939563691716
16050 499.2507754544732 499.2507754544732 0.1 0.6744653458423189 3.2622558879161616 0.11804661137637253 1.4549085103613997 0.9708904649539832 0.8413256005978403 3.180939563691716
16100 499.2507754544732 499.2507754544732 0.1 0.6744653458423189 3.2622558879161616 0.11804661137637253 1.4549085103613997 0.9708904649539832 0.8413256005978403 3.180939563691716
16150 499.2507754544732 499.2507754544732 0.1 0.6744653458423189 3.2622558879161616 0.11804661137637253 1.4549085103613997 0.9708904649539832 0.8413256005978403 3.180939563691716
16200 499.2507754544732 499.2507754544732 0.1 0.6744653458423189 3.2622558879161616 0.11804661137637253 1.4549085103613997 0.9708904649539832 0.8413256005978403 3.180939563691716
16250 499.2507754544732 499.2507754544732 0.1 0.6744653458423189 3.2622558879161616 0.11804661137637253 1.4549085103613997 0.9708904649539832 0.8413256005978403 3.180939563691716
16300 499.2507754544732 499.2507754544732 0.1 0.6744653458423189 3.2622558879161616 0.11804661137637253 1.4549085103613997 0.9708904649539832 0.8413256005978403 3.180939563691716
16350 499.2507754544732 499.2507754544732 0.1 0.6744653458423189 3.2622558879161616 0.11804661137637253 1.4549085103613997 0.9708904649539832 0.8413256005978403 3.180939563691716
16400 499.2507754544732 499.2507754544732 0.1 0.6744653458423189 3.2622558879161616 0.11804661137637253 1.4549085103613997 0.9708904649539832 0.8413256005978403 3.180939563691716
16450 499.2507754544732 499.2507754544732 0.1 0.6744653458423189 3.2622558879161616 0.11804661137637253 1.4549085103613997 0.9708904649539832 0.8413256005978403 3.180939563691716
16500 499.2507754544732 499.2507754544732 0.1 0.6744653458423189 3.2622558879161616 0.11804661137637253 1.4549085103613997 0.9708904649539832 0.8413256005978403 3.180939563691716
16550 499.2507754544732 499.2507754544732 0.1 0.6744653458423189 3.2622558879161616 0.11804661137637253 1.4549085103613997 0.9708904649539832 0.8413256005978403 3.180939563691716
16600 499.2507754544732 499.2507754544732 0.1 0.6744653458423189 3.2622558879161616 0.11804661137637253 1.4549085103613997 0.9708904649539832 0.8413256005978403 3.180939563691716
16650 499.2507754544732 499.2507754544732 0.1 0.6744653458423189 3.2622558879161616 0.11804661137637253 1.4549085103613997 0.9708904649539832 0.8413256005978403 3.180939563691716
16700 499.2507754544732 499.2507754544732 0.1 0.6744653458423189 3.2622558879161616 0.11804661137637253 1.4549085103613997 0.9708904649539832 0.8413256005978403 3.180939563691716
16750 499.2507754544732 499.2507754544732 0.1 0.6744653458423189 3.2622558879161616 0.11804661137637253 1.4549085103613997 0.9708904649539832 0.8413256005978403 3.180939563691716
16800 499.2507754544732 499.2507754544732 0.1 0.6744653458423189 3.2622558879161616 0.11804661137637253 1.4549085103613997 0.9708904649539832 0.8413256005978403 3.180939563691716
16850 499.2507754544732 499.2507754544732 0.1 0.6744653458423189 3.2622558879161616 0.11804661137637253 1.4549085103613997 0.9708904649539832 0.8413256005978403 3.180939563691716
16900 499.2507754544732 499.2507754544732 0.1 0.6744653458423189 3.2622558879161616 0.11804661137637253 1.4549085103613997 0.9708904649539832 0.8413256005978403 3.180939563691716
16950 499.2507754544732 499.2507754544732 0.1 0.6744653458423189 3.2622558879161616 0.11804661137637253 1.4549085103613997 0.9708904649539832 0.8413256005978403 3.180939563691716
17000 499.2507754544732 499.2507754544732 0.1 0.6744653458423189 3.2622558879161616 0.11804661137637253 1.4549085103613997 0.9708904649539832 0.8413256005978403 3.180939563691716
17050 499.2507754544732 499.2507754544732 0.1 0.6744653458423189 3.2622558879161616 0.11804661137637253 1.4549085103613997 0.9708904649539832 0.8413256005978403 3.180939563691716
17100 499.2507754544732 499.2507754544732 0.1 0.6744653458423189 3.2622558879161616 0.11804661137637253 1.4549085103613997 0.9708904649539832 0.8413256005978403 3.180939563691716
17150 499.2507754544732 499.2507754544732 0.1 0.6744653458423189 3.2622558879161616 0.11804661137637253 1.4549085103613997 0.9708904649539832 0.8413256005978403 3.180939563691716
17200 499.2507754544732 499.2507754544732 0.1 0.6744653458423189 3.2622558879161616 0.11804661137637253 1.4549085103613997 0.9708904649539832 0.8413256005978403 3.180939563691716
17250 499.2507754544732 499.2507754544732 0.1 0.6744653458423189 3.2622558879161616 0.11804661137637253 1.4549085103613997 0.9708904649539832 0.8413256005978403 3.180939563691716
17300 499.2507754544732 499.2507754544732 0.1 0.6744653458423189 3.2622558879161616 0.11804661137637253 1.4549085103613997 0.9708904649539832 0.8413256005978403 3.180939563691716
17350 499.2507754544732 499.2507754544732 0.1 0.6744653458423189 3.2622558879161616 0.11804661137637253 1.4549085103613997 0.9708904649539832 0.8413256005978403 3.180939563691716
17400 499.2507754544732 499.2507754544732 0.1 0.6744653458423189 3.2622558879161616 0.11804661137637253 1.4549085103613997 0.9708904649539832 0.8413256005978403 3.180939563691716
17450 499.2507754544732 499.2507754544732 0.1 0.6744653458423189 3.2622558879161616 0.11804661137637253 1.4549085103613997 0.9708904649539832 0.8413256005978403 3.180939563691716
17500 499.2507754544732 499.2507754544732 0.1 0.6744653458423189 3.2622558879161616 0.11804661137637253 1.4549085103613997 0.9708904649539832 0.8413256005978403 3.180939563691716
17550 499.2507754544732 499.2507754544732 0.1 0.6744653458423189 3.2622558879161616 0.11804661137637253 1.4549085103613997 0.9708904649539832 0.8413256005978403 3.180939563691716
17600 499.2507754544732 499.2507754544732 0.1 0.6744653458423189 3.2622558879161616 0.11804661137637253 1.4549085103613997 0.9708904649539832 0.8413256005978403 3.180939563691716
17650 499.2507754544732 499.2507754544732 0.1 0.6744653458423189 3.2622558879161616 0.11804661137637253 1.4549085103613997 0.9708904649539832 0.8413256005978403 3.180939563691716
17700 499.2507754544732 499.2507754544732 0.1 0.6744653458423189 3.2622558879161616 0.11804661137637253 1.4549085103613997 0.9708904649539832 0.8413256005978403 3.180939563691716
17750 499.2507754544732 499.2507754544732 0.1 0.6744653458423189 3.2622558879161616 0.11804661137637253 1.4549085103613997 0.9708904649539832 0.8413256005978403 3.180939563691716
17800 499.2507754544732 499.2507754544732 0.1 0.6744653458423189 3.2622558879161616 0.11804661137637253 1.4549085103613997 0.9708904649539832 0.8413256005978403 3.180939563691716
17850 499.2507754544732 499.2507754544732 0.1 0.6744653458423189 3.2622558879161616 0.11804661137637253 1.4549085103613997 0.9708904649539832 0.8413256005978403 3.180939563691716
17900 499.2507754544732 499.2507754544732 0.1 0.6744653458423189 3.2622558879161616 0.11804661137637253 1.4549085103613997 0.9708904649539832 0.8413256005978403 3.180939563691716
17950 499.2507754544732 499.2507754544732 0.1 0.6744653458423189 3.2622558879161616 0.11804661137637253 1.4549085103613997 0.9708904649539832 0.8413256005978403 3.180939563691716
18000 499.2507754544732 499.2507754544732 0.1 0.6744653458423189 3.2622558879161616 0.11804661137637253 1.4549085103613997 0.9708904649539832 0.8413256005978403 3.180939563691716
18050 499.2507754544732 499.2507754544732 0.1 0.6744653458423189 3.2622558879161616 0.11804661137637253 1.4549085103613997 0.9708904649539832 0.8413256005978403 3.180939563691716
18100 499.2507754544732 499.2507754544732 0.1 0.6744653458423189 3.2622558879161616 0.11804661137637253 1.4549085103613997 0.9708904649539832 0.8413256005978403 3.180939563691716
18150 499.2507754544732 499.2507754544732 0.1 0.6744653458423189 3.2622558879161616 0.11804661137637253 1.4549085103613997 0.9708904649539832 0.8413256005978403 3.180939563691716
18200 499.2507754544732 499.2507754544732 0.1 0.6744653458423189 3.2622558879161616 0.11804661137637253 1.4549085103613997 0.9708904649539832 0.8413256005978403 3.180939563691716
18250 499.2507754544732 499.2507754544732 0.1 0.6744653458423189 3.2622558879161616 0.11804661137637253 1.4549085103613997 0.9708904649539832 0.8413256005978403 3.180939563691716
18300 499.2507754544732 499.2507754544732 0.1 0.6744653458423189 3.2622558879161616 0.11804661137637253 1.4549085103613997 0.9708904649539832 0.8413256005978403 3.180939563691716
18350 499.2507754544732 499.2507754544732 0.1 0.6744653458423189 3.2622558879161616 0.11804661137637253 1.4549085103613997 0.9708904649539832 0.8413256005978403 3.180939563691716
18400 499.2507754544732 499.2507754544732 0.1 0.6744653458423189 3.2622558879161616 0.11804661137637253 1.4549085103613997 0.9708904649539832 0.8413256005978403 3.180939563691716
18450 499.2507754544732 499.2507754544732 0.1 0.6744653458423189 3.2622558879161616 0.11804661137637253 1.4549085103613997 0.9708904649539832 0.8413256005978403 3.180939563691716
18500 499.2507754544732 499.2507754544732 0.1 0.6744653458423189 3.2622558879161616 0.11804661137637253 1.4549085103613997 0.9708904649539832 0.8413256005978403 3.180939563691716
18550 499.2507754544732 499.2507754544732 0.1 0.6744653458423189 3.2622558879161616 0.11804661137637253 1.4549085103613997 0.9708904649539832 0.8413256005978403 3.180939563691716
18600 499.2507754544732 499.2507754544732 0.1 0.6744653458423189 3.2622558879161616 0.11804661137637253 1.4549085103613997 0.9708904649539832 0.8413256005978403 3.180939563691716
18650 499.2507754544732 499.2507754544732 0.1 0.6744653458423189 3.2622558879161616 0.11804661137637253 1.4549085103613997 0.9708904649539832 0.8413256005978403 3.180939563691716
18700 499.2507754544732 499.2507754544732 0.1 0.6744653458423189 3.2622558879161616 0.11804661137637253 1.4549085103613997 0.9708904649539832 0.8413256005978403 3.180939563691716
18750 499.2507754544732 499.2507754544732 0.1 0.6744653458423189 3.2622558879161616 0.11804661137637253 1.4549085103613997 0.9708904649539832 0.8413256005978403 3.180939563691716
18800 499.2507754544732 499.2507754544732 0.1 0.6744653458423189 3.2622558879161616 0.11804661137637253 1.4549085103613997 0.9708904649539832 0.8413256005978403 3.180939563691716
18850 499.2507754544732 499.2507754544732 0.1 0.6744653458423189 3.2622558879161616 0.11804661137637253 1.4549085103613997 0.9708904649539832 0.8413256005978403 3.180939563691716
18900 499.2507754544732 499.2507754544732 0.1 0.6744653458423189 3.2622558879161616 0.11804661137637253 1.4549085103613997 0.9708904649539832 0.8413256005978403 3.180939563691716
18950 499.2507754544732 499.2507754544732 0.1 0.6744653458423189 3.2622558879161616 0.11804661137637253 1.4549085103613997 0.9708904649539832 0.8413256005978403 3.180939563691716
19000 499.2507754544732 499.2507754544732 0.1 0.6744653458423189 3.2622558879161616 0.11804661137637253 1.4549085103613997 0.9708904649539832 0.8413256005978403 3.180939563691716
19050 499.2507754544732 499.2507754544732 0.1 0.6744653458423189 3.2622558879161616 0.11804661137637253 1.4549085103613997 0.9708904649539832 0.8413256005978403 3.180939563691716
19100 499.2507754544732 499.2507754544732 0.1 0.6744653458423189 3.2622558879161616 0.11804661137637253 1.4549085103613997 0.9708904649539832 0.8413256005978403 3.180939563691716
19150 499.2507754544732 499.2507754544732 0.1 0.6744653458423189 3.2622558879161616 0.11804661137637253 1.4549085103613997 0.9708904649539832 0.8413256005978403 3.180939563691716
19200 499.2507754544732 499.2507754544732 0.1 0.6744653458423189 3.2622558879161616 0.11804661137637253 1.4549085103613997 0.9708904649539832 0.8413256005978403 3.180939563691716
19250 499.2507754544732 499.2507754544732 0.1 0.6744653458423189 3.2622558879161616 0.11804661137637253 1.4549085103613997 0.9708904649539832 0.8413256005978403 3.180939563691716
19300 499.2507754544732 499.2507754544732 0.1 0.6744653458423189 3.2622558879161616 0.11804661137637253 1.4549085103613997 0.9708904649539832 0.8413256005978403 3.180939563691716
19350 499.2507754544732 499.2507754544732 0.1 0.6744653458423189 3.2622558879161616 0.11804661137637253 1.4549085103613997 0.9708904649539832 0.8413256005978403 3.180939563691716
19400 499.2507754544732 499.2507754544732 0.1 0.6744653458423189 3.2622558879161616 0.11804661137637253 1.4549085103613997 0.9708904649539832 0.8413256005978403 3.180939563691716
19450 499.2507754544732 499.2507754544732 0.1 0.6744653458423189 3.2622558879161616 0.11804661137637253 1.4549085103613997 0.9708904649539832 0.8413256005978403 3.180939563691716
19500 499.2507754544732 499.2507754544732 0.1 0.6744653458423189 3.2622558879161616 0.11804661137637253 1.4549085103613997 0.9708904649539832 0.8413256005978403 3.180939563691716
19550 499.2507754544732 499.2507754544732 0.1 0.6744653458423189 3.2622558879161616 0.11804661137637253 1.4549085103613997 0.9708904649539832 0.8413256005978403 3.180939563691716
19600 499.2507754544732 499.2507754544732 0.1 0.6744653458423189 3.2622558879161616 0.11804661137637253 1.4549085103613997 0.9708904649539832 0.8413256005978403 3.180939563691716
19650 499.2507754544732 499.2507754544732 0.1 0.6744653458423189 3.2622558879161616 0.11804661137637253 1.4549085103613997 0.9708904649539832 0.8413256005978403 3.180939563691716
19700 499.2507754544732 499.2507754544732 0.1 0.6744653458423189 3.2622558879161616 0.11804661137637253 1.4549085103613997 0.9708904649539832 0.8413256005978403 3.180939563691716
19750 499.2507754544732 499.2507754544732 0.1 0.6744653458423189 3.2622558879161616 0.11804661137637253 1.4549085103613997 0.9708904649539832 0.8413256005978403 3.180939563691716
19800 499.2507754544732 499.2507754544732 0.1 0.6744653458423189 3.2622558879161616 0.11804661137637253 1.4549085103613997 0.9708904649539832 0.8413256005978403 3.180939563691716
19850 499.2507754544732 499.2507754544732 0.1 0.6744653458423189 3.2622558879161616 0.11804661137637253 1.4549085103613997 0.9708904649539832 0.8413256005978403 3.180939563691716
19900 499.2507754544732 499.2507754544732 0.1 0.6744653458423189 3.2622558879161616 0.11804661137637253 1.4549085103613997 0.9708904649539832 0.8413256005978403 3.180939563691716
19950 499.2507754544732 499.2507754544732 0.1 0.6744653458423189 3.2622558879161616 0.11804661137637253 1.4549085103613997 0.9708904649539832 0.8413256005978403 3.180939563691716
*---*---*---*---*---*---*---*---*---*---*---*---*---*---*---*---*---*---*---*---*
Status: Finished
Last individual
499.2507754544732 499.2507754544732 0.1 0.6744653458423189 3.2622558879161616 0.11804661137637253 1.4549085103613997 0.9708904649539832 0.8413256005978403 3.180939563691716
Hall of fame
499.2507754544732 499.2507754544732 0.10222541294691671 0.7137765481303339 3.219954354855062 0.12175465039975503 1.4785449535555175 1.039100286628905 0.7577716637485944 3.2370211035748016
Last factible individual
499.2507754544732 499.2507754544732 0.1 0.6744653458423189 3.2622558879161616 0.11804661137637253 1.4549085103613997 0.9708904649539832 0.8413256005978403 3.180939563691716
CPU time used (seconds)
4.113210274997982
