*---*---*---*---*---*---*---*---*---*---*---*---*---*---*---*---*---*---*---*---*
Algorithm: Differential Evolution
Constrainth handling method: DEB
Function: 125
Case: discrete
Seed: 21
Parents size: 50
Offsprings size: 50
maxFe: 20000
CR: 0.9
F: 0.6
rweights: -
*---*---*---*---*---*---*---*---*---*---*---*---*---*---*---*---*---*---*---*---*
ngen ObjectiveFunction ViolationSum ProjectVariables
50 570.8192094764623 0 0.22090853366944707 1.236483719451912 2.774206797486095 1.503733647211221 2.9449069219180948 1.0675719653007223 1.1052285395969743 3.0124213548396455
100 570.8192094764623 0 0.22090853366944707 1.236483719451912 2.774206797486095 1.503733647211221 2.9449069219180948 1.0675719653007223 1.1052285395969743 3.0124213548396455
150 570.8192094764623 0 0.22090853366944707 1.236483719451912 2.774206797486095 1.503733647211221 2.9449069219180948 1.0675719653007223 1.1052285395969743 3.0124213548396455
200 570.8192094764623 0 0.22090853366944707 1.236483719451912 2.774206797486095 1.503733647211221 2.9449069219180948 1.0675719653007223 1.1052285395969743 3.0124213548396455
250 570.8192094764623 0 0.22090853366944707 1.236483719451912 2.774206797486095 1.503733647211221 2.9449069219180948 1.0675719653007223 1.1052285395969743 3.0124213548396455
300 560.6198277938602 0 0.5521328346306631 0.17272615027509963 3.4 0.6444568414985364 3.4 1.3566335830530647 1.0983459411174756 3.251858100119558
350 560.6198277938602 0 0.5521328346306631 0.17272615027509963 3.4 0.6444568414985364 3.4 1.3566335830530647 1.0983459411174756 3.251858100119558
400 560.6198277938602 0 0.5521328346306631 0.17272615027509963 3.4 0.6444568414985364 3.4 1.3566335830530647 1.0983459411174756 3.251858100119558
450 548.2537128790973 0 0.772897039912297 1.6293340666741933 3.4 1.047404566028121 2.8910927573745884 1.1602128036629806 0.1 3.4
500 548.2537128790973 0 0.772897039912297 1.6293340666741933 3.4 1.047404566028121 2.8910927573745884 1.1602128036629806 0.1 3.4
550 537.6670860512369 0 0.1 2.2675886081802807 2.574445825296002 0.1 3.1345540411183466 1.0703807675610875 0.1 3.4
600 537.6670860512369 0 0.1 2.2675886081802807 2.574445825296002 0.1 3.1345540411183466 1.0703807675610875 0.1 3.4
650 537.6670860512369 0 0.1 2.2675886081802807 2.574445825296002 0.1 3.1345540411183466 1.0703807675610875 0.1 3.4
700 535.3986349799154 0 1.61326066234807 1.12272455434874 3.2649458470725587 0.6348904600875866 3.301746936667673 0.9248453503733808 0.4783304094317383 3.4
750 535.3986349799154 0 1.61326066234807 1.12272455434874 3.2649458470725587 0.6348904600875866 3.301746936667673 0.9248453503733808 0.4783304094317383 3.4
800 535.3986349799154 0 1.61326066234807 1.12272455434874 3.2649458470725587 0.6348904600875866 3.301746936667673 0.9248453503733808 0.4783304094317383 3.4
850 532.7341569658076 0 0.1 1.0497387277261332 3.2535837715020137 0.3343088457747795 3.4 0.9623735323830134 0.7579757797803544 2.9268022229142128
900 532.7341569658076 0 0.1 1.0497387277261332 3.2535837715020137 0.3343088457747795 3.4 0.9623735323830134 0.7579757797803544 2.9268022229142128
950 532.7341569658076 0 0.1 1.0497387277261332 3.2535837715020137 0.3343088457747795 3.4 0.9623735323830134 0.7579757797803544 2.9268022229142128
1000 532.7341569658076 0 0.1 1.0497387277261332 3.2535837715020137 0.3343088457747795 3.4 0.9623735323830134 0.7579757797803544 2.9268022229142128
1050 532.7341569658076 0 0.1 1.0497387277261332 3.2535837715020137 0.3343088457747795 3.4 0.9623735323830134 0.7579757797803544 2.9268022229142128
1100 532.7341569658076 0 0.1 1.0497387277261332 3.2535837715020137 0.3343088457747795 3.4 0.9623735323830134 0.7579757797803544 2.9268022229142128
1150 532.7341569658076 0 0.1 1.0497387277261332 3.2535837715020137 0.3343088457747795 3.4 0.9623735323830134 0.7579757797803544 2.9268022229142128
1200 531.1967265259417 0 0.19545714213360088 0.1 3.4 0.1 0.1 1.1475095739539434 1.9795497180448616 2.9773832494738626
1250 531.1967265259417 0 0.19545714213360088 0.1 3.4 0.1 0.1 1.1475095739539434 1.9795497180448616 2.9773832494738626
1300 531.1967265259417 0 0.19545714213360088 0.1 3.4 0.1 0.1 1.1475095739539434 1.9795497180448616 2.9773832494738626
1350 531.1967265259417 0 0.19545714213360088 0.1 3.4 0.1 0.1 1.1475095739539434 1.9795497180448616 2.9773832494738626
1400 530.1108314483865 0 0.8369365748676354 0.8264300435257679 3.2004824815710817 0.1 0.8430212049812376 1.3476558277035546 1.0446668644888915 3.0902007085610745
1450 528.9793758636646 0 0.22505843169101442 1.34220892306922 2.857350379503157 0.1 1.9509766846305598 1.2125530485735205 0.744753838852415 3.369449944881101
1500 528.9793758636646 0 0.22505843169101442 1.34220892306922 2.857350379503157 0.1 1.9509766846305598 1.2125530485735205 0.744753838852415 3.369449944881101
1550 515.8010673108278 0 0.1 0.4204029276067973 3.0524829068452695 0.1 2.029521400544457 1.0824912498477226 1.1347642302657839 3.4
1600 515.8010673108278 0 0.1 0.4204029276067973 3.0524829068452695 0.1 2.029521400544457 1.0824912498477226 1.1347642302657839 3.4
1650 515.8010673108278 0 0.1 0.4204029276067973 3.0524829068452695 0.1 2.029521400544457 1.0824912498477226 1.1347642302657839 3.4
1700 515.8010673108278 0 0.1 0.4204029276067973 3.0524829068452695 0.1 2.029521400544457 1.0824912498477226 1.1347642302657839 3.4
1750 515.8010673108278 0 0.1 0.4204029276067973 3.0524829068452695 0.1 2.029521400544457 1.0824912498477226 1.1347642302657839 3.4
1800 515.8010673108278 0 0.1 0.4204029276067973 3.0524829068452695 0.1 2.029521400544457 1.0824912498477226 1.1347642302657839 3.4
1850 515.8010673108278 0 0.1 0.4204029276067973 3.0524829068452695 0.1 2.029521400544457 1.0824912498477226 1.1347642302657839 3.4
1900 515.8010673108278 0 0.1 0.4204029276067973 3.0524829068452695 0.1 2.029521400544457 1.0824912498477226 1.1347642302657839 3.4
1950 515.8010673108278 0 0.1 0.4204029276067973 3.0524829068452695 0.1 2.029521400544457 1.0824912498477226 1.1347642302657839 3.4
2000 515.5858279651278 0 0.1 0.8511114042397615 2.8629954749625295 0.1 1.0782807168400959 1.0051019938475578 1.2376824109477944 3.4
2050 511.387074301481 0 0.1 0.2081322911800979 3.307471527561523 0.1 2.665666820010071 1.1397093992318985 0.9945456864528909 3.4
2100 511.387074301481 0 0.1 0.2081322911800979 3.307471527561523 0.1 2.665666820010071 1.1397093992318985 0.9945456864528909 3.4
2150 506.69461520936454 0 0.39114717874690347 0.8279403967181257 3.0686697854975105 0.106548253425122 1.2617963636905156 1.0860368566800007 0.8039088686678743 3.4
2200 506.69461520936454 0 0.39114717874690347 0.8279403967181257 3.0686697854975105 0.106548253425122 1.2617963636905156 1.0860368566800007 0.8039088686678743 3.4
2250 506.69461520936454 0 0.39114717874690347 0.8279403967181257 3.0686697854975105 0.106548253425122 1.2617963636905156 1.0860368566800007 0.8039088686678743 3.4
2300 506.69461520936454 0 0.39114717874690347 0.8279403967181257 3.0686697854975105 0.106548253425122 1.2617963636905156 1.0860368566800007 0.8039088686678743 3.4
2350 506.69461520936454 0 0.39114717874690347 0.8279403967181257 3.0686697854975105 0.106548253425122 1.2617963636905156 1.0860368566800007 0.8039088686678743 3.4
2400 506.69461520936454 0 0.39114717874690347 0.8279403967181257 3.0686697854975105 0.106548253425122 1.2617963636905156 1.0860368566800007 0.8039088686678743 3.4
2450 506.69461520936454 0 0.39114717874690347 0.8279403967181257 3.0686697854975105 0.106548253425122 1.2617963636905156 1.0860368566800007 0.8039088686678743 3.4
2500 506.69461520936454 0 0.39114717874690347 0.8279403967181257 3.0686697854975105 0.106548253425122 1.2617963636905156 1.0860368566800007 0.8039088686678743 3.4
2550 506.69461520936454 0 0.39114717874690347 0.8279403967181257 3.0686697854975105 0.106548253425122 1.2617963636905156 1.0860368566800007 0.8039088686678743 3.4
2600 504.9198584716496 0 0.45621979181205446 1.0448493060532327 3.3366310456259964 0.1344107166853705 1.5507624909965083 0.866401979999536 0.6777492685082914 3.256965631681433
2650 504.9198584716496 0 0.45621979181205446 1.0448493060532327 3.3366310456259964 0.1344107166853705 1.5507624909965083 0.866401979999536 0.6777492685082914 3.256965631681433
2700 504.9198584716496 0 0.45621979181205446 1.0448493060532327 3.3366310456259964 0.1344107166853705 1.5507624909965083 0.866401979999536 0.6777492685082914 3.256965631681433
2750 504.9198584716496 0 0.45621979181205446 1.0448493060532327 3.3366310456259964 0.1344107166853705 1.5507624909965083 0.866401979999536 0.6777492685082914 3.256965631681433
2800 504.9198584716496 0 0.45621979181205446 1.0448493060532327 3.3366310456259964 0.1344107166853705 1.5507624909965083 0.866401979999536 0.6777492685082914 3.256965631681433
2850 504.9198584716496 0 0.45621979181205446 1.0448493060532327 3.3366310456259964 0.1344107166853705 1.5507624909965083 0.866401979999536 0.6777492685082914 3.256965631681433
2900 504.9198584716496 0 0.45621979181205446 1.0448493060532327 3.3366310456259964 0.1344107166853705 1.5507624909965083 0.866401979999536 0.6777492685082914 3.256965631681433
2950 504.57738081039173 0 0.6091604190624136 0.4462013518472133 3.389870293708993 0.1 1.1752742543984236 0.9826781882544909 1.0700491202129765 3.20682000602887
3000 504.57738081039173 0 0.6091604190624136 0.4462013518472133 3.389870293708993 0.1 1.1752742543984236 0.9826781882544909 1.0700491202129765 3.20682000602887
3050 504.57738081039173 0 0.6091604190624136 0.4462013518472133 3.389870293708993 0.1 1.1752742543984236 0.9826781882544909 1.0700491202129765 3.20682000602887
3100 504.57738081039173 0 0.6091604190624136 0.4462013518472133 3.389870293708993 0.1 1.1752742543984236 0.9826781882544909 1.0700491202129765 3.20682000602887
3150 504.57738081039173 0 0.6091604190624136 0.4462013518472133 3.389870293708993 0.1 1.1752742543984236 0.9826781882544909 1.0700491202129765 3.20682000602887
3200 503.4198584716496 0 0.3305940280148184 0.9851844038411391 3.258441511805529 0.12187528624573331 1.5813564214894904 0.9227347306664764 0.735545251191516 3.256965631681433
3250 503.4198584716496 0 0.3305940280148184 0.9851844038411391 3.258441511805529 0.12187528624573331 1.5813564214894904 0.9227347306664764 0.735545251191516 3.256965631681433
3300 503.4198584716496 0 0.3305940280148184 0.9851844038411391 3.258441511805529 0.12187528624573331 1.5813564214894904 0.9227347306664764 0.735545251191516 3.256965631681433
3350 503.4198584716496 0 0.3305940280148184 0.9851844038411391 3.258441511805529 0.12187528624573331 1.5813564214894904 0.9227347306664764 0.735545251191516 3.256965631681433
3400 503.4198584716496 0 0.3305940280148184 0.9851844038411391 3.258441511805529 0.12187528624573331 1.5813564214894904 0.9227347306664764 0.735545251191516 3.256965631681433
3450 502.9410819633838 0 0.22004122464678427 0.9173489751246694 3.3377520052482774 0.11886345612548065 0.9638925929895509 1.1375338579724255 0.662860662594789 3.1877793095839486
3500 502.9410819633838 0 0.22004122464678427 0.9173489751246694 3.3377520052482774 0.11886345612548065 0.9638925929895509 1.1375338579724255 0.662860662594789 3.1877793095839486
3550 501.1698584716496 0 0.22726291212817115 0.9696791420624749 3.2811435169751815 0.13110977170824867 1.5099093284793172 1.0252204903093471 0.619237422509774 3.270837108439454
3600 501.1698584716496 0 0.22726291212817115 0.9696791420624749 3.2811435169751815 0.13110977170824867 1.5099093284793172 1.0252204903093471 0.619237422509774 3.270837108439454
3650 501.1698584716496 0 0.22726291212817115 0.9696791420624749 3.2811435169751815 0.13110977170824867 1.5099093284793172 1.0252204903093471 0.619237422509774 3.270837108439454
3700 501.1698584716496 0 0.22726291212817115 0.9696791420624749 3.2811435169751815 0.13110977170824867 1.5099093284793172 1.0252204903093471 0.619237422509774 3.270837108439454
3750 501.1698584716496 0 0.22726291212817115 0.9696791420624749 3.2811435169751815 0.13110977170824867 1.5099093284793172 1.0252204903093471 0.619237422509774 3.270837108439454
3800 501.1698584716496 0 0.22726291212817115 0.9696791420624749 3.2811435169751815 0.13110977170824867 1.5099093284793172 1.0252204903093471 0.619237422509774 3.270837108439454
3850 500.49646382756794 0 0.1 0.7385847248774369 3.2025812942060794 0.10910189964838826 1.1460094457538945 0.8982074437055528 1.0425318669749937 3.3784476388969913
3900 500.49646382756794 0 0.1 0.7385847248774369 3.2025812942060794 0.10910189964838826 1.1460094457538945 0.8982074437055528 1.0425318669749937 3.3784476388969913
3950 500.49646382756794 0 0.1 0.7385847248774369 3.2025812942060794 0.10910189964838826 1.1460094457538945 0.8982074437055528 1.0425318669749937 3.3784476388969913
4000 500.49646382756794 0 0.1 0.7385847248774369 3.2025812942060794 0.10910189964838826 1.1460094457538945 0.8982074437055528 1.0425318669749937 3.3784476388969913
4050 500.49646382756794 0 0.1 0.7385847248774369 3.2025812942060794 0.10910189964838826 1.1460094457538945 0.8982074437055528 1.0425318669749937 3.3784476388969913
4100 500.49646382756794 0 0.1 0.7385847248774369 3.2025812942060794 0.10910189964838826 1.1460094457538945 0.8982074437055528 1.0425318669749937 3.3784476388969913
4150 499.2507754544732 0 0.10223010659483872 0.6603016194217144 3.249375012033077 0.12617302061271216 1.4986635787699898 1.0234367841284047 0.8033035108028297 3.3806527746813146
4200 499.2507754544732 0 0.10223010659483872 0.6603016194217144 3.249375012033077 0.12617302061271216 1.4986635787699898 1.0234367841284047 0.8033035108028297 3.3806527746813146
4250 499.2507754544732 0 0.10223010659483872 0.6603016194217144 3.249375012033077 0.12617302061271216 1.4986635787699898 1.0234367841284047 0.8033035108028297 3.3806527746813146
4300 499.2507754544732 0 0.10223010659483872 0.6603016194217144 3.249375012033077 0.12617302061271216 1.4986635787699898 1.0234367841284047 0.8033035108028297 3.3806527746813146
4350 499.2507754544732 0 0.10223010659483872 0.6603016194217144 3.249375012033077 0.12617302061271216 1.4986635787699898 1.0234367841284047 0.8033035108028297 3.3806527746813146
4400 499.2507754544732 0 0.10223010659483872 0.6603016194217144 3.249375012033077 0.12617302061271216 1.4986635787699898 1.0234367841284047 0.8033035108028297 3.3806527746813146
4450 499.2507754544732 0 0.10223010659483872 0.6603016194217144 3.249375012033077 0.12617302061271216 1.4986635787699898 1.0234367841284047 0.8033035108028297 3.3806527746813146
4500 499.2507754544732 0 0.10223010659483872 0.6603016194217144 3.249375012033077 0.12617302061271216 1.4986635787699898 1.0234367841284047 0.8033035108028297 3.3806527746813146
4550 499.2507754544732 0 0.10223010659483872 0.6603016194217144 3.249375012033077 0.12617302061271216 1.4986635787699898 1.0234367841284047 0.8033035108028297 3.3806527746813146
4600 499.2507754544732 0 0.10223010659483872 0.6603016194217144 3.249375012033077 0.12617302061271216 1.4986635787699898 1.0234367841284047 0.8033035108028297 3.3806527746813146
4650 499.2507754544732 0 0.10223010659483872 0.6603016194217144 3.249375012033077 0.12617302061271216 1.4986635787699898 1.0234367841284047 0.8033035108028297 3.3806527746813146
4700 499.2507754544732 0 0.10223010659483872 0.6603016194217144 3.249375012033077 0.12617302061271216 1.4986635787699898 1.0234367841284047 0.8033035108028297 3.3806527746813146
4750 499.2507754544732 0 0.10223010659483872 0.6603016194217144 3.249375012033077 0.12617302061271216 1.4986635787699898 1.0234367841284047 0.8033035108028297 3.3806527746813146
4800 499.2507754544732 0 0.10223010659483872 0.6603016194217144 3.249375012033077 0.12617302061271216 1.4986635787699898 1.0234367841284047 0.8033035108028297 3.3806527746813146
4850 499.2507754544732 0 0.10223010659483872 0.6603016194217144 3.249375012033077 0.12617302061271216 1.4986635787699898 1.0234367841284047 0.8033035108028297 3.3806527746813146
4900 499.2507754544732 0 0.10223010659483872 0.6603016194217144 3.249375012033077 0.12617302061271216 1.4986635787699898 1.0234367841284047 0.8033035108028297 3.3806527746813146
4950 499.2507754544732 0 0.10223010659483872 0.6603016194217144 3.249375012033077 0.12617302061271216 1.4986635787699898 1.0234367841284047 0.8033035108028297 3.3806527746813146
5000 499.2507754544732 0 0.10223010659483872 0.6603016194217144 3.249375012033077 0.12617302061271216 1.4986635787699898 1.0234367841284047 0.8033035108028297 3.3806527746813146
5050 499.2507754544732 0 0.10223010659483872 0.6603016194217144 3.249375012033077 0.12617302061271216 1.4986635787699898 1.0234367841284047 0.8033035108028297 3.3806527746813146
5100 499.2507754544732 0 0.10223010659483872 0.6603016194217144 3.249375012033077 0.12617302061271216 1.4986635787699898 1.0234367841284047 0.8033035108028297 3.3806527746813146
5150 499.2507754544732 0 0.10223010659483872 0.6603016194217144 3.249375012033077 0.12617302061271216 1.4986635787699898 1.0234367841284047 0.8033035108028297 3.3806527746813146
5200 499.2507754544732 0 0.10223010659483872 0.6603016194217144 3.249375012033077 0.12617302061271216 1.4986635787699898 1.0234367841284047 0.8033035108028297 3.3806527746813146
5250 499.2507754544732 0 0.10223010659483872 0.6603016194217144 3.249375012033077 0.12617302061271216 1.4986635787699898 1.0234367841284047 0.8033035108028297 3.3806527746813146
5300 499.2507754544732 0 0.10223010659483872 0.6603016194217144 3.249375012033077 0.12617302061271216 1.4986635787699898 1.0234367841284047 0.8033035108028297 3.3806527746813146
5350 499.2507754544732 0 0.10223010659483872 0.6603016194217144 3.249375012033077 0.12617302061271216 1.4986635787699898 1.0234367841284047 0.8033035108028297 3.3806527746813146
5400 499.2507754544732 0 0.10223010659483872 0.6603016194217144 3.249375012033077 0.12617302061271216 1.4986635787699898 1.0234367841284047 0.8033035108028297 3.3806527746813146
5450 499.2507754544732 0 0.10223010659483872 0.6603016194217144 3.249375012033077 0.12617302061271216 1.4986635787699898 1.0234367841284047 0.8033035108028297 3.3806527746813146
5500 499.2507754544732 0 0.10223010659483872 0.6603016194217144 3.249375012033077 0.12617302061271216 1.4986635787699898 1.0234367841284047 0.8033035108028297 3.3806527746813146
5550 499.2507754544732 0 0.10223010659483872 0.6603016194217144 3.249375012033077 0.12617302061271216 1.4986635787699898 1.0234367841284047 0.8033035108028297 3.3806527746813146
5600 499.2507754544732 0 0.10223010659483872 0.6603016194217144 3.249375012033077 0.12617302061271216 1.4986635787699898 1.0234367841284047 0.8033035108028297 3.3806527746813146
5650 499.2507754544732 0 0.10223010659483872 0.6603016194217144 3.249375012033077 0.12617302061271216 1.4986635787699898 1.0234367841284047 0.8033035108028297 3.3806527746813146
5700 499.2507754544732 0 0.10223010659483872 0.6603016194217144 3.249375012033077 0.12617302061271216 1.4986635787699898 1.0234367841284047 0.8033035108028297 3.3806527746813146
5750 499.2507754544732 0 0.10223010659483872 0.6603016194217144 3.249375012033077 0.12617302061271216 1.4986635787699898 1.0234367841284047 0.8033035108028297 3.3806527746813146
5800 499.2507754544732 0 0.10223010659483872 0.6603016194217144 3.249375012033077 0.12617302061271216 1.4986635787699898 1.0234367841284047 0.8033035108028297 3.3806527746813146
5850 499.2507754544732 0 0.10223010659483872 0.6603016194217144 3.249375012033077 0.12617302061271216 1.4986635787699898 1.0234367841284047 0.8033035108028297 3.3806527746813146
5900 499.2507754544732 0 0.10223010659483872 0.6603016194217144 3.249375012033077 0.12617302061271216 1.4986635787699898 1.0234367841284047 0.8033035108028297 3.3806527746813146
5950 499.2507754544732 0 0.10223010659483872 0.6603016194217144 3.249375012033077 0.12617302061271216 1.4986635787699898 1.0234367841284047 0.8033035108028297 3.3806527746813146
6000 499.2507754544732 0 0.10223010659483872 0.6603016194217144 3.249375012033077 0.12617302061271216 1.4986635787699898 1.0234367841284047 0.8033035108028297 3.3806527746813146
6050 499.2507754544732 0 0.10223010659483872 0.6603016194217144 3.249375012033077 0.12617302061271216 1.4986635787699898 1.0234367841284047 0.8033035108028297 3.3806527746813146
6100 499.2507754544732 0 0.10223010659483872 0.6603016194217144 3.249375012033077 0.12617302061271216 1.4986635787699898 1.0234367841284047 0.8033035108028297 3.3806527746813146
6150 499.2507754544732 0 0.10223010659483872 0.6603016194217144 3.249375012033077 0.12617302061271216 1.4986635787699898 1.0234367841284047 0.8033035108028297 3.3806527746813146
6200 499.2507754544732 0 0.10223010659483872 0.6603016194217144 3.249375012033077 0.12617302061271216 1.4986635787699898 1.0234367841284047 0.8033035108028297 3.3806527746813146
6250 499.2507754544732 0 0.10223010659483872 0.6603016194217144 3.249375012033077 0.12617302061271216 1.4986635787699898 1.0234367841284047 0.8033035108028297 3.3806527746813146
6300 499.2507754544732 0 0.10223010659483872 0.6603016194217144 3.249375012033077 0.12617302061271216 1.4986635787699898 1.0234367841284047 0.8033035108028297 3.3806527746813146
6350 499.2507754544732 0 0.10223010659483872 0.6603016194217144 3.249375012033077 0.12617302061271216 1.4986635787699898 1.0234367841284047 0.8033035108028297 3.3806527746813146
6400 499.2507754544732 0 0.10223010659483872 0.6603016194217144 3.249375012033077 0.12617302061271216 1.4986635787699898 1.0234367841284047 0.8033035108028297 3.3806527746813146
6450 499.2507754544732 0 0.10223010659483872 0.6603016194217144 3.249375012033077 0.12617302061271216 1.4986635787699898 1.0234367841284047 0.8033035108028297 3.3806527746813146
6500 499.2507754544732 0 0.10223010659483872 0.6603016194217144 3.249375012033077 0.12617302061271216 1.4986635787699898 1.0234367841284047 0.8033035108028297 3.3806527746813146
6550 499.2507754544732 0 0.10223010659483872 0.6603016194217144 3.249375012033077 0.12617302061271216 1.4986635787699898 1.0234367841284047 0.8033035108028297 3.3806527746813146
6600 499.2507754544732 0 0.10223010659483872 0.6603016194217144 3.249375012033077 0.12617302061271216 1.4986635787699898 1.0234367841284047 0.8033035108028297 3.3806527746813146
6650 499.2507754544732 0 0.10223010659483872 0.6603016194217144 3.249375012033077 0.12617302061271216 1.4986635787699898 1.0234367841284047 0.8033035108028297 3.3806527746813146
6700 499.2507754544732 0 0.10223010659483872 0.6603016194217144 3.249375012033077 0.12617302061271216 1.4986635787699898 1.0234367841284047 0.8033035108028297 3.3806527746813146
6750 499.2507754544732 0 0.10223010659483872 0.6603016194217144 3.249375012033077 0.12617302061271216 1.4986635787699898 1.0234367841284047 0.8033035108028297 3.3806527746813146
6800 499.2507754544732 0 0.10223010659483872 0.6603016194217144 3.249375012033077 0.12617302061271216 1.4986635787699898 1.0234367841284047 0.8033035108028297 3.3806527746813146
6850 499.2507754544732 0 0.10223010659483872 0.6603016194217144 3.249375012033077 0.12617302061271216 1.4986635787699898 1.0234367841284047 0.8033035108028297 3.3806527746813146
6900 499.2507754544732 0 0.10223010659483872 0.6603016194217144 3.249375012033077 0.12617302061271216 1.4986635787699898 1.0234367841284047 0.8033035108028297 3.3806527746813146
6950 499.2507754544732 0 0.10223010659483872 0.6603016194217144 3.249375012033077 0.12617302061271216 1.4986635787699898 1.0234367841284047 0.8033035108028297 3.3806527746813146
7000 499.2507754544732 0 0.10223010659483872 0.6603016194217144 3.249375012033077 0.12617302061271216 1.4986635787699898 1.0234367841284047 0.8033035108028297 3.3806527746813146
7050 499.2507754544732 0 0.10223010659483872 0.6603016194217144 3.249375012033077 0.12617302061271216 1.4986635787699898 1.0234367841284047 0.8033035108028297 3.3806527746813146
7100 499.2507754544732 0 0.10223010659483872 0.6603016194217144 3.249375012033077 0.12617302061271216 1.4986635787699898 1.0234367841284047 0.8033035108028297 3.3806527746813146
7150 499.2507754544732 0 0.12160917077213018 0.6567119171282824 3.1960229307690313 0.12404346406970915 1.4561542294661531 1.047349945991694 0.8008320318817348 3.1877793095839486
7200 499.2507754544732 0 0.12160917077213018 0.6567119171282824 3.1960229307690313 0.12404346406970915 1.4561542294661531 1.047349945991694 0.8008320318817348 3.1877793095839486
7250 499.2507754544732 0 0.12160917077213018 0.6567119171282824 3.1960229307690313 0.12404346406970915 1.4561542294661531 1.047349945991694 0.8008320318817348 3.1877793095839486
7300 499.2507754544732 0 0.12160917077213018 0.6567119171282824 3.1960229307690313 0.12404346406970915 1.4561542294661531 1.047349945991694 0.8008320318817348 3.1877793095839486
7350 499.2507754544732 0 0.12160917077213018 0.6567119171282824 3.1960229307690313 0.12404346406970915 1.4561542294661531 1.047349945991694 0.8008320318817348 3.1877793095839486
7400 499.2507754544732 0 0.12160917077213018 0.6567119171282824 3.1960229307690313 0.12404346406970915 1.4561542294661531 1.047349945991694 0.8008320318817348 3.1877793095839486
7450 499.2507754544732 0 0.12160917077213018 0.6567119171282824 3.1960229307690313 0.12404346406970915 1.4561542294661531 1.047349945991694 0.8008320318817348 3.1877793095839486
7500 499.2507754544732 0 0.12160917077213018 0.6567119171282824 3.1960229307690313 0.12404346406970915 1.4561542294661531 1.047349945991694 0.8008320318817348 3.1877793095839486
7550 499.2507754544732 0 0.12160917077213018 0.6567119171282824 3.1960229307690313 0.12404346406970915 1.4561542294661531 1.047349945991694 0.8008320318817348 3.1877793095839486
7600 499.2507754544732 0 0.12160917077213018 0.6567119171282824 3.1960229307690313 0.12404346406970915 1.4561542294661531 1.047349945991694 0.8008320318817348 3.1877793095839486
7650 499.2507754544732 0 0.12160917077213018 0.6567119171282824 3.1960229307690313 0.12404346406970915 1.4561542294661531 1.047349945991694 0.8008320318817348 3.1877793095839486
7700 499.2507754544732 0 0.12160917077213018 0.6567119171282824 3.1960229307690313 0.12404346406970915 1.4561542294661531 1.047349945991694 0.8008320318817348 3.1877793095839486
7750 499.2507754544732 0 0.12160917077213018 0.6567119171282824 3.1960229307690313 0.12404346406970915 1.4561542294661531 1.047349945991694 0.8008320318817348 3.1877793095839486
7800 499.2507754544732 0 0.12160917077213018 0.6567119171282824 3.1960229307690313 0.12404346406970915 1.4561542294661531 1.047349945991694 0.8008320318817348 3.1877793095839486
7850 499.2507754544732 0 0.12160917077213018 0.6567119171282824 3.1960229307690313 0.12404346406970915 1.4561542294661531 1.047349945991694 0.8008320318817348 3.1877793095839486
7900 499.2507754544732 0 0.12160917077213018 0.6567119171282824 3.1960229307690313 0.12404346406970915 1.4561542294661531 1.047349945991694 0.8008320318817348 3.1877793095839486
7950 499.2507754544732 0 0.12160917077213018 0.6567119171282824 3.1960229307690313 0.12404346406970915 1.4561542294661531 1.047349945991694 0.8008320318817348 3.1877793095839486
8000 499.2507754544732 0 0.12160917077213018 0.6567119171282824 3.1960229307690313 0.12404346406970915 1.4561542294661531 1.047349945991694 0.8008320318817348 3.1877793095839486
8050 499.2507754544732 0 0.12160917077213018 0.6567119171282824 3.1960229307690313 0.12404346406970915 1.4561542294661531 1.047349945991694 0.8008320318817348 3.1877793095839486
8100 499.2507754544732 0 0.12160917077213018 0.6567119171282824 3.1960229307690313 0.12404346406970915 1.4561542294661531 1.047349945991694 0.8008320318817348 3.1877793095839486
8150 499.2507754544732 0 0.12160917077213018 0.6567119171282824 3.1960229307690313 0.12404346406970915 1.4561542294661531 1.047349945991694 0.8008320318817348 3.1877793095839486
8200 499.2507754544732 0 0.12160917077213018 0.6567119171282824 3.1960229307690313 0.12404346406970915 1.4561542294661531 1.047349945991694 0.8008320318817348 3.1877793095839486
8250 499.2507754544732 0 0.12160917077213018 0.6567119171282824 3.1960229307690313 0.12404346406970915 1.4561542294661531 1.047349945991694 0.8008320318817348 3.1877793095839486
8300 499.2507754544732 0 0.12160917077213018 0.6567119171282824 3.1960229307690313 0.12404346406970915 1.4561542294661531 1.047349945991694 0.8008320318817348 3.1877793095839486
8350 499.2507754544732 0 0.12160917077213018 0.6567119171282824 3.1960229307690313 0.12404346406970915 1.4561542294661531 1.047349945991694 0.8008320318817348 3.1877793095839486
8400 499.2507754544732 0 0.12160917077213018 0.6567119171282824 3.1960229307690313 0.12404346406970915 1.4561542294661531 1.047349945991694 0.8008320318817348 3.1877793095839486
8450 499.2507754544732 0 0.12160917077213018 0.6567119171282824 3.1960229307690313 0.12404346406970915 1.4561542294661531 1.047349945991694 0.8008320318817348 3.1877793095839486
8500 499.2507754544732 0 0.12160917077213018 0.6567119171282824 3.1960229307690313 0.12404346406970915 1.4561542294661531 1.047349945991694 0.8008320318817348 3.1877793095839486
8550 499.2507754544732 0 0.12160917077213018 0.6567119171282824 3.1960229307690313 0.12404346406970915 1.4561542294661531 1.047349945991694 0.8008320318817348 3.1877793095839486
8600 499.2507754544732 0 0.12160917077213018 0.6567119171282824 3.1960229307690313 0.12404346406970915 1.4561542294661531 1.047349945991694 0.8008320318817348 3.1877793095839486
8650 499.2507754544732 0 0.12160917077213018 0.6567119171282824 3.1960229307690313 0.12404346406970915 1.4561542294661531 1.047349945991694 0.8008320318817348 3.1877793095839486
8700 499.2507754544732 0 0.12160917077213018 0.6567119171282824 3.1960229307690313 0.12404346406970915 1.4561542294661531 1.047349945991694 0.8008320318817348 3.1877793095839486
8750 499.2507754544732 0 0.12160917077213018 0.6567119171282824 3.1960229307690313 0.12404346406970915 1.4561542294661531 1.047349945991694 0.8008320318817348 3.1877793095839486
8800 499.2507754544732 0 0.12160917077213018 0.6567119171282824 3.1960229307690313 0.12404346406970915 1.4561542294661531 1.047349945991694 0.8008320318817348 3.1877793095839486
8850 499.2507754544732 0 0.12160917077213018 0.6567119171282824 3.1960229307690313 0.12404346406970915 1.4561542294661531 1.047349945991694 0.8008320318817348 3.1877793095839486
8900 499.2507754544732 0 0.12160917077213018 0.6567119171282824 3.1960229307690313 0.12404346406970915 1.4561542294661531 1.047349945991694 0.8008320318817348 3.1877793095839486
8950 499.2507754544732 0 0.12160917077213018 0.6567119171282824 3.1960229307690313 0.12404346406970915 1.4561542294661531 1.047349945991694 0.8008320318817348 3.1877793095839486
9000 499.2507754544732 0 0.12160917077213018 0.6567119171282824 3.1960229307690313 0.12404346406970915 1.4561542294661531 1.047349945991694 0.8008320318817348 3.1877793095839486
9050 499.2507754544732 0 0.12160917077213018 0.6567119171282824 3.1960229307690313 0.12404346406970915 1.4561542294661531 1.047349945991694 0.8008320318817348 3.1877793095839486
9100 499.2507754544732 0 0.12160917077213018 0.6567119171282824 3.1960229307690313 0.12404346406970915 1.4561542294661531 1.047349945991694 0.8008320318817348 3.1877793095839486
9150 499.2507754544732 0 0.12160917077213018 0.6567119171282824 3.1960229307690313 0.12404346406970915 1.4561542294661531 1.047349945991694 0.8008320318817348 3.1877793095839486
9200 499.2507754544732 0 0.12160917077213018 0.6567119171282824 3.1960229307690313 0.12404346406970915 1.4561542294661531 1.047349945991694 0.8008320318817348 3.1877793095839486
9250 499.2507754544732 0 0.12160917077213018 0.6567119171282824 3.1960229307690313 0.12404346406970915 1.4561542294661531 1.047349945991694 0.8008320318817348 3.1877793095839486
9300 499.2507754544732 0 0.12160917077213018 0.6567119171282824 3.1960229307690313 0.12404346406970915 1.4561542294661531 1.047349945991694 0.8008320318817348 3.1877793095839486
9350 499.2507754544732 0 0.12160917077213018 0.6567119171282824 3.1960229307690313 0.12404346406970915 1.4561542294661531 1.047349945991694 0.8008320318817348 3.1877793095839486
9400 499.2507754544732 0 0.12160917077213018 0.6567119171282824 3.1960229307690313 0.12404346406970915 1.4561542294661531 1.047349945991694 0.8008320318817348 3.1877793095839486
9450 499.2507754544732 0 0.12160917077213018 0.6567119171282824 3.1960229307690313 0.12404346406970915 1.4561542294661531 1.047349945991694 0.8008320318817348 3.1877793095839486
9500 499.2507754544732 0 0.12160917077213018 0.6567119171282824 3.1960229307690313 0.12404346406970915 1.4561542294661531 1.047349945991694 0.8008320318817348 3.1877793095839486
9550 499.2507754544732 0 0.12160917077213018 0.6567119171282824 3.1960229307690313 0.12404346406970915 1.4561542294661531 1.047349945991694 0.8008320318817348 3.1877793095839486
9600 499.2507754544732 0 0.12160917077213018 0.6567119171282824 3.1960229307690313 0.12404346406970915 1.4561542294661531 1.047349945991694 0.8008320318817348 3.1877793095839486
9650 499.2507754544732 0 0.12160917077213018 0.6567119171282824 3.1960229307690313 0.12404346406970915 1.4561542294661531 1.047349945991694 0.8008320318817348 3.1877793095839486
9700 499.2507754544732 0 0.12160917077213018 0.6567119171282824 3.1960229307690313 0.12404346406970915 1.4561542294661531 1.047349945991694 0.8008320318817348 3.1877793095839486
9750 499.2507754544732 0 0.12160917077213018 0.6567119171282824 3.1960229307690313 0.12404346406970915 1.4561542294661531 1.047349945991694 0.8008320318817348 3.1877793095839486
9800 499.2507754544732 0 0.12160917077213018 0.6567119171282824 3.1960229307690313 0.12404346406970915 1.4561542294661531 1.047349945991694 0.8008320318817348 3.1877793095839486
9850 499.2507754544732 0 0.12160917077213018 0.6567119171282824 3.1960229307690313 0.12404346406970915 1.4561542294661531 1.047349945991694 0.8008320318817348 3.1877793095839486
9900 499.2507754544732 0 0.12160917077213018 0.6567119171282824 3.1960229307690313 0.12404346406970915 1.4561542294661531 1.047349945991694 0.8008320318817348 3.1877793095839486
9950 499.2507754544732 0 0.12160917077213018 0.6567119171282824 3.1960229307690313 0.12404346406970915 1.4561542294661531 1.047349945991694 0.8008320318817348 3.1877793095839486
10000 499.2507754544732 0 0.12160917077213018 0.6567119171282824 3.1960229307690313 0.12404346406970915 1.4561542294661531 1.047349945991694 0.8008320318817348 3.1877793095839486
10050 499.2507754544732 0 0.12160917077213018 0.6567119171282824 3.1960229307690313 0.12404346406970915 1.4561542294661531 1.047349945991694 0.8008320318817348 3.1877793095839486
10100 499.2507754544732 0 0.12160917077213018 0.6567119171282824 3.1960229307690313 0.12404346406970915 1.4561542294661531 1.047349945991694 0.8008320318817348 3.1877793095839486
10150 499.2507754544732 0 0.12160917077213018 0.6567119171282824 3.1960229307690313 0.12404346406970915 1.4561542294661531 1.047349945991694 0.8008320318817348 3.1877793095839486
10200 499.2507754544732 0 0.12160917077213018 0.6567119171282824 3.1960229307690313 0.12404346406970915 1.4561542294661531 1.047349945991694 0.8008320318817348 3.1877793095839486
10250 499.2507754544732 0 0.12160917077213018 0.6567119171282824 3.1960229307690313 0.12404346406970915 1.4561542294661531 1.047349945991694 0.8008320318817348 3.1877793095839486
10300 499.2507754544732 0 0.12160917077213018 0.6567119171282824 3.1960229307690313 0.12404346406970915 1.4561542294661531 1.047349945991694 0.8008320318817348 3.1877793095839486
10350 499.2507754544732 0 0.12160917077213018 0.6567119171282824 3.1960229307690313 0.12404346406970915 1.4561542294661531 1.047349945991694 0.8008320318817348 3.1877793095839486
10400 499.2507754544732 0 0.12160917077213018 0.6567119171282824 3.1960229307690313 0.12404346406970915 1.4561542294661531 1.047349945991694 0.8008320318817348 3.1877793095839486
10450 499.2507754544732 0 0.12160917077213018 0.6567119171282824 3.1960229307690313 0.12404346406970915 1.4561542294661531 1.047349945991694 0.8008320318817348 3.1877793095839486
10500 499.2507754544732 0 0.12160917077213018 0.6567119171282824 3.1960229307690313 0.12404346406970915 1.4561542294661531 1.047349945991694 0.8008320318817348 3.1877793095839486
10550 499.2507754544732 0 0.12160917077213018 0.6567119171282824 3.1960229307690313 0.12404346406970915 1.4561542294661531 1.047349945991694 0.8008320318817348 3.1877793095839486
10600 499.2507754544732 0 0.12160917077213018 0.6567119171282824 3.1960229307690313 0.12404346406970915 1.4561542294661531 1.047349945991694 0.8008320318817348 3.1877793095839486
10650 499.2507754544732 0 0.12160917077213018 0.6567119171282824 3.1960229307690313 0.12404346406970915 1.4561542294661531 1.047349945991694 0.8008320318817348 3.1877793095839486
10700 499.2507754544732 0 0.12160917077213018 0.6567119171282824 3.1960229307690313 0.12404346406970915 1.4561542294661531 1.047349945991694 0.8008320318817348 3.1877793095839486
10750 499.2507754544732 0 0.12160917077213018 0.6567119171282824 3.1960229307690313 0.12404346406970915 1.4561542294661531 1.047349945991694 0.8008320318817348 3.1877793095839486
10800 499.2507754544732 0 0.12160917077213018 0.6567119171282824 3.1960229307690313 0.12404346406970915 1.4561542294661531 1.047349945991694 0.8008320318817348 3.1877793095839486
10850 499.2507754544732 0 0.12160917077213018 0.6567119171282824 3.1960229307690313 0.12404346406970915 1.4561542294661531 1.047349945991694 0.8008320318817348 3.1877793095839486
10900 499.2507754544732 0 0.12160917077213018 0.6567119171282824 3.1960229307690313 0.12404346406970915 1.4561542294661531 1.047349945991694 0.8008320318817348 3.1877793095839486
10950 499.2507754544732 0 0.12160917077213018 0.6567119171282824 3.1960229307690313 0.12404346406970915 1.4561542294661531 1.047349945991694 0.8008320318817348 3.1877793095839486
11000 499.2507754544732 0 0.12160917077213018 0.6567119171282824 3.1960229307690313 0.12404346406970915 1.4561542294661531 1.047349945991694 0.8008320318817348 3.1877793095839486
11050 499.2507754544732 0 0.12160917077213018 0.6567119171282824 3.1960229307690313 0.12404346406970915 1.4561542294661531 1.047349945991694 0.8008320318817348 3.1877793095839486
11100 499.2507754544732 0 0.12160917077213018 0.6567119171282824 3.1960229307690313 0.12404346406970915 1.4561542294661531 1.047349945991694 0.8008320318817348 3.1877793095839486
11150 499.2507754544732 0 0.12160917077213018 0.6567119171282824 3.1960229307690313 0.12404346406970915 1.4561542294661531 1.047349945991694 0.8008320318817348 3.1877793095839486
11200 499.2507754544732 0 0.12160917077213018 0.6567119171282824 3.1960229307690313 0.12404346406970915 1.4561542294661531 1.047349945991694 0.8008320318817348 3.1877793095839486
11250 499.2507754544732 0 0.12160917077213018 0.6567119171282824 3.1960229307690313 0.12404346406970915 1.4561542294661531 1.047349945991694 0.8008320318817348 3.1877793095839486
11300 499.2507754544732 0 0.12160917077213018 0.6567119171282824 3.1960229307690313 0.12404346406970915 1.4561542294661531 1.047349945991694 0.8008320318817348 3.1877793095839486
11350 499.2507754544732 0 0.12160917077213018 0.6567119171282824 3.1960229307690313 0.12404346406970915 1.4561542294661531 1.047349945991694 0.8008320318817348 3.1877793095839486
11400 499.2507754544732 0 0.12160917077213018 0.6567119171282824 3.1960229307690313 0.12404346406970915 1.4561542294661531 1.047349945991694 0.8008320318817348 3.1877793095839486
11450 499.2507754544732 0 0.12160917077213018 0.6567119171282824 3.1960229307690313 0.12404346406970915 1.4561542294661531 1.047349945991694 0.8008320318817348 3.1877793095839486
11500 499.2507754544732 0 0.12160917077213018 0.6567119171282824 3.1960229307690313 0.12404346406970915 1.4561542294661531 1.047349945991694 0.8008320318817348 3.1877793095839486
11550 499.2507754544732 0 0.12160917077213018 0.6567119171282824 3.1960229307690313 0.12404346406970915 1.4561542294661531 1.047349945991694 0.8008320318817348 3.1877793095839486
11600 499.2507754544732 0 0.12160917077213018 0.6567119171282824 3.1960229307690313 0.12404346406970915 1.4561542294661531 1.047349945991694 0.8008320318817348 3.1877793095839486
11650 499.2507754544732 0 0.12160917077213018 0.6567119171282824 3.1960229307690313 0.12404346406970915 1.4561542294661531 1.047349945991694 0.8008320318817348 3.1877793095839486
11700 499.2507754544732 0 0.12160917077213018 0.6567119171282824 3.1960229307690313 0.12404346406970915 1.4561542294661531 1.047349945991694 0.8008320318817348 3.1877793095839486
11750 499.2507754544732 0 0.12160917077213018 0.6567119171282824 3.1960229307690313 0.12404346406970915 1.4561542294661531 1.047349945991694 0.8008320318817348 3.1877793095839486
11800 499.2507754544732 0 0.12160917077213018 0.6567119171282824 3.1960229307690313 0.12404346406970915 1.4561542294661531 1.047349945991694 0.8008320318817348 3.1877793095839486
11850 499.2507754544732 0 0.12160917077213018 0.6567119171282824 3.1960229307690313 0.12404346406970915 1.4561542294661531 1.047349945991694 0.8008320318817348 3.1877793095839486
11900 499.2507754544732 0 0.12160917077213018 0.6567119171282824 3.1960229307690313 0.12404346406970915 1.4561542294661531 1.047349945991694 0.8008320318817348 3.1877793095839486
11950 499.2507754544732 0 0.12160917077213018 0.6567119171282824 3.1960229307690313 0.12404346406970915 1.4561542294661531 1.047349945991694 0.8008320318817348 3.1877793095839486
12000 499.2507754544732 0 0.12160917077213018 0.6567119171282824 3.1960229307690313 0.12404346406970915 1.4561542294661531 1.047349945991694 0.8008320318817348 3.1877793095839486
12050 499.2507754544732 0 0.12160917077213018 0.6567119171282824 3.1960229307690313 0.12404346406970915 1.4561542294661531 1.047349945991694 0.8008320318817348 3.1877793095839486
12100 499.2507754544732 0 0.12160917077213018 0.6567119171282824 3.1960229307690313 0.12404346406970915 1.4561542294661531 1.047349945991694 0.8008320318817348 3.1877793095839486
12150 499.2507754544732 0 0.12160917077213018 0.6567119171282824 3.1960229307690313 0.12404346406970915 1.4561542294661531 1.047349945991694 0.8008320318817348 3.1877793095839486
12200 499.2507754544732 0 0.12160917077213018 0.6567119171282824 3.1960229307690313 0.12404346406970915 1.4561542294661531 1.047349945991694 0.8008320318817348 3.1877793095839486
12250 499.2507754544732 0 0.12160917077213018 0.6567119171282824 3.1960229307690313 0.12404346406970915 1.4561542294661531 1.047349945991694 0.8008320318817348 3.1877793095839486
12300 499.2507754544732 0 0.12160917077213018 0.6567119171282824 3.1960229307690313 0.12404346406970915 1.4561542294661531 1.047349945991694 0.8008320318817348 3.1877793095839486
12350 499.2507754544732 0 0.12160917077213018 0.6567119171282824 3.1960229307690313 0.12404346406970915 1.4561542294661531 1.047349945991694 0.8008320318817348 3.1877793095839486
12400 499.2507754544732 0 0.12160917077213018 0.6567119171282824 3.1960229307690313 0.12404346406970915 1.4561542294661531 1.047349945991694 0.8008320318817348 3.1877793095839486
12450 499.2507754544732 0 0.12160917077213018 0.6567119171282824 3.1960229307690313 0.12404346406970915 1.4561542294661531 1.047349945991694 0.8008320318817348 3.1877793095839486
12500 499.2507754544732 0 0.12160917077213018 0.6567119171282824 3.1960229307690313 0.12404346406970915 1.4561542294661531 1.047349945991694 0.8008320318817348 3.1877793095839486
12550 499.2507754544732 0 0.12160917077213018 0.6567119171282824 3.1960229307690313 0.12404346406970915 1.4561542294661531 1.047349945991694 0.8008320318817348 3.1877793095839486
12600 499.2507754544732 0 0.12160917077213018 0.6567119171282824 3.1960229307690313 0.12404346406970915 1.4561542294661531 1.047349945991694 0.8008320318817348 3.1877793095839486
12650 499.2507754544732 0 0.12160917077213018 0.6567119171282824 3.1960229307690313 0.12404346406970915 1.4561542294661531 1.047349945991694 0.8008320318817348 3.1877793095839486
12700 499.2507754544732 0 0.12160917077213018 0.6567119171282824 3.1960229307690313 0.12404346406970915 1.4561542294661531 1.047349945991694 0.8008320318817348 3.1877793095839486
12750 499.2507754544732 0 0.12160917077213018 0.6567119171282824 3.1960229307690313 0.12404346406970915 1.4561542294661531 1.047349945991694 0.8008320318817348 3.1877793095839486
12800 499.2507754544732 0 0.12160917077213018 0.6567119171282824 3.1960229307690313 0.12404346406970915 1.4561542294661531 1.047349945991694 0.8008320318817348 3.1877793095839486
12850 499.2507754544732 0 0.12160917077213018 0.6567119171282824 3.1960229307690313 0.12404346406970915 1.4561542294661531 1.047349945991694 0.8008320318817348 3.1877793095839486
12900 499.2507754544732 0 0.12160917077213018 0.6567119171282824 3.1960229307690313 0.12404346406970915 1.4561542294661531 1.047349945991694 0.8008320318817348 3.1877793095839486
12950 499.2507754544732 0 0.12160917077213018 0.6567119171282824 3.1960229307690313 0.12404346406970915 1.4561542294661531 1.047349945991694 0.8008320318817348 3.1877793095839486
13000 499.2507754544732 0 0.12160917077213018 0.6567119171282824 3.1960229307690313 0.12404346406970915 1.4561542294661531 1.047349945991694 0.8008320318817348 3.1877793095839486
13050 499.2507754544732 0 0.12160917077213018 0.6567119171282824 3.1960229307690313 0.12404346406970915 1.4561542294661531 1.047349945991694 0.8008320318817348 3.1877793095839486
13100 499.2507754544732 0 0.12160917077213018 0.6567119171282824 3.1960229307690313 0.12404346406970915 1.4561542294661531 1.047349945991694 0.8008320318817348 3.1877793095839486
13150 499.2507754544732 0 0.12160917077213018 0.6567119171282824 3.1960229307690313 0.12404346406970915 1.4561542294661531 1.047349945991694 0.8008320318817348 3.1877793095839486
13200 499.2507754544732 0 0.12160917077213018 0.6567119171282824 3.1960229307690313 0.12404346406970915 1.4561542294661531 1.047349945991694 0.8008320318817348 3.1877793095839486
13250 499.2507754544732 0 0.12160917077213018 0.6567119171282824 3.1960229307690313 0.12404346406970915 1.4561542294661531 1.047349945991694 0.8008320318817348 3.1877793095839486
13300 499.2507754544732 0 0.12160917077213018 0.6567119171282824 3.1960229307690313 0.12404346406970915 1.4561542294661531 1.047349945991694 0.8008320318817348 3.1877793095839486
13350 499.2507754544732 0 0.12160917077213018 0.6567119171282824 3.1960229307690313 0.12404346406970915 1.4561542294661531 1.047349945991694 0.8008320318817348 3.1877793095839486
13400 499.2507754544732 0 0.12160917077213018 0.6567119171282824 3.1960229307690313 0.12404346406970915 1.4561542294661531 1.047349945991694 0.8008320318817348 3.1877793095839486
13450 499.2507754544732 0 0.12160917077213018 0.6567119171282824 3.1960229307690313 0.12404346406970915 1.4561542294661531 1.047349945991694 0.8008320318817348 3.1877793095839486
13500 499.2507754544732 0 0.12160917077213018 0.6567119171282824 3.1960229307690313 0.12404346406970915 1.4561542294661531 1.047349945991694 0.8008320318817348 3.1877793095839486
13550 499.2507754544732 0 0.12160917077213018 0.6567119171282824 3.1960229307690313 0.12404346406970915 1.4561542294661531 1.047349945991694 0.8008320318817348 3.1877793095839486
13600 499.2507754544732 0 0.12160917077213018 0.6567119171282824 3.1960229307690313 0.12404346406970915 1.4561542294661531 1.047349945991694 0.8008320318817348 3.1877793095839486
13650 499.2507754544732 0 0.12160917077213018 0.6567119171282824 3.1960229307690313 0.12404346406970915 1.4561542294661531 1.047349945991694 0.8008320318817348 3.1877793095839486
13700 499.2507754544732 0 0.12160917077213018 0.6567119171282824 3.1960229307690313 0.12404346406970915 1.4561542294661531 1.047349945991694 0.8008320318817348 3.1877793095839486
13750 499.2507754544732 0 0.12160917077213018 0.6567119171282824 3.1960229307690313 0.12404346406970915 1.4561542294661531 1.047349945991694 0.8008320318817348 3.1877793095839486
13800 499.2507754544732 0 0.12160917077213018 0.6567119171282824 3.1960229307690313 0.12404346406970915 1.4561542294661531 1.047349945991694 0.8008320318817348 3.1877793095839486
13850 499.2507754544732 0 0.12160917077213018 0.6567119171282824 3.1960229307690313 0.12404346406970915 1.4561542294661531 1.047349945991694 0.8008320318817348 3.1877793095839486
13900 499.2507754544732 0 0.12160917077213018 0.6567119171282824 3.1960229307690313 0.12404346406970915 1.4561542294661531 1.047349945991694 0.8008320318817348 3.1877793095839486
13950 499.2507754544732 0 0.12160917077213018 0.6567119171282824 3.1960229307690313 0.12404346406970915 1.4561542294661531 1.047349945991694 0.8008320318817348 3.1877793095839486
14000 499.2507754544732 0 0.12160917077213018 0.6567119171282824 3.1960229307690313 0.12404346406970915 1.4561542294661531 1.047349945991694 0.8008320318817348 3.1877793095839486
14050 499.2507754544732 0 0.12160917077213018 0.6567119171282824 3.1960229307690313 0.12404346406970915 1.4561542294661531 1.047349945991694 0.8008320318817348 3.1877793095839486
14100 499.2507754544732 0 0.12160917077213018 0.6567119171282824 3.1960229307690313 0.12404346406970915 1.4561542294661531 1.047349945991694 0.8008320318817348 3.1877793095839486
14150 499.2507754544732 0 0.12160917077213018 0.6567119171282824 3.1960229307690313 0.12404346406970915 1.4561542294661531 1.047349945991694 0.8008320318817348 3.1877793095839486
14200 499.2507754544732 0 0.12160917077213018 0.6567119171282824 3.1960229307690313 0.12404346406970915 1.4561542294661531 1.047349945991694 0.8008320318817348 3.1877793095839486
14250 499.2507754544732 0 0.12160917077213018 0.6567119171282824 3.1960229307690313 0.12404346406970915 1.4561542294661531 1.047349945991694 0.8008320318817348 3.1877793095839486
14300 499.2507754544732 0 0.12160917077213018 0.6567119171282824 3.1960229307690313 0.12404346406970915 1.4561542294661531 1.047349945991694 0.8008320318817348 3.1877793095839486
14350 499.2507754544732 0 0.12160917077213018 0.6567119171282824 3.1960229307690313 0.12404346406970915 1.4561542294661531 1.047349945991694 0.8008320318817348 3.1877793095839486
14400 499.2507754544732 0 0.12160917077213018 0.6567119171282824 3.1960229307690313 0.12404346406970915 1.4561542294661531 1.047349945991694 0.8008320318817348 3.1877793095839486
14450 499.2507754544732 0 0.12160917077213018 0.6567119171282824 3.1960229307690313 0.12404346406970915 1.4561542294661531 1.047349945991694 0.8008320318817348 3.1877793095839486
14500 499.2507754544732 0 0.12160917077213018 0.6567119171282824 3.1960229307690313 0.12404346406970915 1.4561542294661531 1.047349945991694 0.8008320318817348 3.1877793095839486
14550 499.2507754544732 0 0.12160917077213018 0.6567119171282824 3.1960229307690313 0.12404346406970915 1.4561542294661531 1.047349945991694 0.8008320318817348 3.1877793095839486
14600 499.2507754544732 0 0.12160917077213018 0.6567119171282824 3.1960229307690313 0.12404346406970915 1.4561542294661531 1.047349945991694 0.8008320318817348 3.1877793095839486
14650 499.2507754544732 0 0.12160917077213018 0.6567119171282824 3.1960229307690313 0.12404346406970915 1.4561542294661531 1.047349945991694 0.8008320318817348 3.1877793095839486
14700 499.2507754544732 0 0.12160917077213018 0.6567119171282824 3.1960229307690313 0.12404346406970915 1.4561542294661531 1.047349945991694 0.8008320318817348 3.1877793095839486
14750 499.2507754544732 0 0.12160917077213018 0.6567119171282824 3.1960229307690313 0.12404346406970915 1.4561542294661531 1.047349945991694 0.8008320318817348 3.1877793095839486
14800 499.2507754544732 0 0.12160917077213018 0.6567119171282824 3.1960229307690313 0.12404346406970915 1.4561542294661531 1.047349945991694 0.8008320318817348 3.1877793095839486
14850 499.2507754544732 0 0.12160917077213018 0.6567119171282824 3.1960229307690313 0.12404346406970915 1.4561542294661531 1.047349945991694 0.8008320318817348 3.1877793095839486
14900 499.2507754544732 0 0.12160917077213018 0.6567119171282824 3.1960229307690313 0.12404346406970915 1.4561542294661531 1.047349945991694 0.8008320318817348 3.1877793095839486
14950 499.2507754544732 0 0.12160917077213018 0.6567119171282824 3.1960229307690313 0.12404346406970915 1.4561542294661531 1.047349945991694 0.8008320318817348 3.1877793095839486
15000 499.2507754544732 0 0.12160917077213018 0.6567119171282824 3.1960229307690313 0.12404346406970915 1.4561542294661531 1.047349945991694 0.8008320318817348 3.1877793095839486
15050 499.2507754544732 0 0.12160917077213018 0.6567119171282824 3.1960229307690313 0.12404346406970915 1.4561542294661531 1.047349945991694 0.8008320318817348 3.1877793095839486
15100 499.2507754544732 0 0.12160917077213018 0.6567119171282824 3.1960229307690313 0.12404346406970915 1.4561542294661531 1.047349945991694 0.8008320318817348 3.1877793095839486
15150 499.2507754544732 0 0.12160917077213018 0.6567119171282824 3.1960229307690313 0.12404346406970915 1.4561542294661531 1.047349945991694 0.8008320318817348 3.1877793095839486
15200 499.2507754544732 0 0.12160917077213018 0.6567119171282824 3.1960229307690313 0.12404346406970915 1.4561542294661531 1.047349945991694 0.8008320318817348 3.1877793095839486
15250 499.2507754544732 0 0.12160917077213018 0.6567119171282824 3.1960229307690313 0.12404346406970915 1.4561542294661531 1.047349945991694 0.8008320318817348 3.1877793095839486
15300 499.2507754544732 0 0.12160917077213018 0.6567119171282824 3.1960229307690313 0.12404346406970915 1.4561542294661531 1.047349945991694 0.8008320318817348 3.1877793095839486
15350 499.2507754544732 0 0.12160917077213018 0.6567119171282824 3.1960229307690313 0.12404346406970915 1.4561542294661531 1.047349945991694 0.8008320318817348 3.1877793095839486
15400 499.2507754544732 0 0.12160917077213018 0.6567119171282824 3.1960229307690313 0.12404346406970915 1.4561542294661531 1.047349945991694 0.8008320318817348 3.1877793095839486
15450 499.2507754544732 0 0.12160917077213018 0.6567119171282824 3.1960229307690313 0.12404346406970915 1.4561542294661531 1.047349945991694 0.8008320318817348 3.1877793095839486
15500 499.2507754544732 0 0.12160917077213018 0.6567119171282824 3.1960229307690313 0.12404346406970915 1.4561542294661531 1.047349945991694 0.8008320318817348 3.1877793095839486
15550 499.2507754544732 0 0.12160917077213018 0.6567119171282824 3.1960229307690313 0.12404346406970915 1.4561542294661531 1.047349945991694 0.8008320318817348 3.1877793095839486
15600 499.2507754544732 0 0.12160917077213018 0.6567119171282824 3.1960229307690313 0.12404346406970915 1.4561542294661531 1.047349945991694 0.8008320318817348 3.1877793095839486
15650 499.2507754544732 0 0.12160917077213018 0.6567119171282824 3.1960229307690313 0.12404346406970915 1.4561542294661531 1.047349945991694 0.8008320318817348 3.1877793095839486
15700 499.2507754544732 0 0.12160917077213018 0.6567119171282824 3.1960229307690313 0.12404346406970915 1.4561542294661531 1.047349945991694 0.8008320318817348 3.1877793095839486
15750 499.2507754544732 0 0.12160917077213018 0.6567119171282824 3.1960229307690313 0.12404346406970915 1.4561542294661531 1.047349945991694 0.8008320318817348 3.1877793095839486
15800 499.2507754544732 0 0.12160917077213018 0.6567119171282824 3.1960229307690313 0.12404346406970915 1.4561542294661531 1.047349945991694 0.8008320318817348 3.1877793095839486
15850 499.2507754544732 0 0.12160917077213018 0.6567119171282824 3.1960229307690313 0.12404346406970915 1.4561542294661531 1.047349945991694 0.8008320318817348 3.1877793095839486
15900 499.2507754544732 0 0.12160917077213018 0.6567119171282824 3.1960229307690313 0.12404346406970915 1.4561542294661531 1.047349945991694 0.8008320318817348 3.1877793095839486
15950 499.2507754544732 0 0.12160917077213018 0.6567119171282824 3.1960229307690313 0.12404346406970915 1.4561542294661531 1.047349945991694 0.8008320318817348 3.1877793095839486
16000 499.2507754544732 0 0.12160917077213018 0.6567119171282824 3.1960229307690313 0.12404346406970915 1.4561542294661531 1.047349945991694 0.8008320318817348 3.1877793095839486
16050 499.2507754544732 0 0.12160917077213018 0.6567119171282824 3.1960229307690313 0.12404346406970915 1.4561542294661531 1.047349945991694 0.8008320318817348 3.1877793095839486
16100 499.2507754544732 0 0.12160917077213018 0.6567119171282824 3.1960229307690313 0.12404346406970915 1.4561542294661531 1.047349945991694 0.8008320318817348 3.1877793095839486
16150 499.2507754544732 0 0.12160917077213018 0.6567119171282824 3.1960229307690313 0.12404346406970915 1.4561542294661531 1.047349945991694 0.8008320318817348 3.1877793095839486
16200 499.2507754544732 0 0.12160917077213018 0.6567119171282824 3.1960229307690313 0.12404346406970915 1.4561542294661531 1.047349945991694 0.8008320318817348 3.1877793095839486
16250 499.2507754544732 0 0.12160917077213018 0.6567119171282824 3.1960229307690313 0.12404346406970915 1.4561542294661531 1.047349945991694 0.8008320318817348 3.1877793095839486
16300 499.2507754544732 0 0.12160917077213018 0.6567119171282824 3.1960229307690313 0.12404346406970915 1.4561542294661531 1.047349945991694 0.8008320318817348 3.1877793095839486
16350 499.2507754544732 0 0.12160917077213018 0.6567119171282824 3.1960229307690313 0.12404346406970915 1.4561542294661531 1.047349945991694 0.8008320318817348 3.1877793095839486
16400 499.2507754544732 0 0.12160917077213018 0.6567119171282824 3.1960229307690313 0.12404346406970915 1.4561542294661531 1.047349945991694 0.8008320318817348 3.1877793095839486
16450 499.2507754544732 0 0.12160917077213018 0.6567119171282824 3.1960229307690313 0.12404346406970915 1.4561542294661531 1.047349945991694 0.8008320318817348 3.1877793095839486
16500 499.2507754544732 0 0.12160917077213018 0.6567119171282824 3.1960229307690313 0.12404346406970915 1.4561542294661531 1.047349945991694 0.8008320318817348 3.1877793095839486
16550 499.2507754544732 0 0.12160917077213018 0.6567119171282824 3.1960229307690313 0.12404346406970915 1.4561542294661531 1.047349945991694 0.8008320318817348 3.1877793095839486
16600 499.2507754544732 0 0.12160917077213018 0.6567119171282824 3.1960229307690313 0.12404346406970915 1.4561542294661531 1.047349945991694 0.8008320318817348 3.1877793095839486
16650 499.2507754544732 0 0.12160917077213018 0.6567119171282824 3.1960229307690313 0.12404346406970915 1.4561542294661531 1.047349945991694 0.8008320318817348 3.1877793095839486
16700 499.2507754544732 0 0.12160917077213018 0.6567119171282824 3.1960229307690313 0.12404346406970915 1.4561542294661531 1.047349945991694 0.8008320318817348 3.1877793095839486
16750 499.2507754544732 0 0.12160917077213018 0.6567119171282824 3.1960229307690313 0.12404346406970915 1.4561542294661531 1.047349945991694 0.8008320318817348 3.1877793095839486
16800 499.2507754544732 0 0.12160917077213018 0.6567119171282824 3.1960229307690313 0.12404346406970915 1.4561542294661531 1.047349945991694 0.8008320318817348 3.1877793095839486
16850 499.2507754544732 0 0.12160917077213018 0.6567119171282824 3.1960229307690313 0.12404346406970915 1.4561542294661531 1.047349945991694 0.8008320318817348 3.1877793095839486
16900 499.2507754544732 0 0.12160917077213018 0.6567119171282824 3.1960229307690313 0.12404346406970915 1.4561542294661531 1.047349945991694 0.8008320318817348 3.1877793095839486
16950 499.2507754544732 0 0.12160917077213018 0.6567119171282824 3.1960229307690313 0.12404346406970915 1.4561542294661531 1.047349945991694 0.8008320318817348 3.1877793095839486
17000 499.2507754544732 0 0.12160917077213018 0.6567119171282824 3.1960229307690313 0.12404346406970915 1.4561542294661531 1.047349945991694 0.8008320318817348 3.1877793095839486
17050 499.2507754544732 0 0.12160917077213018 0.6567119171282824 3.1960229307690313 0.12404346406970915 1.4561542294661531 1.047349945991694 0.8008320318817348 3.1877793095839486
17100 499.2507754544732 0 0.12160917077213018 0.6567119171282824 3.1960229307690313 0.12404346406970915 1.4561542294661531 1.047349945991694 0.8008320318817348 3.1877793095839486
17150 499.2507754544732 0 0.12160917077213018 0.6567119171282824 3.1960229307690313 0.12404346406970915 1.4561542294661531 1.047349945991694 0.8008320318817348 3.1877793095839486
17200 499.2507754544732 0 0.12160917077213018 0.6567119171282824 3.1960229307690313 0.12404346406970915 1.4561542294661531 1.047349945991694 0.8008320318817348 3.1877793095839486
17250 499.2507754544732 0 0.12160917077213018 0.6567119171282824 3.1960229307690313 0.12404346406970915 1.4561542294661531 1.047349945991694 0.8008320318817348 3.1877793095839486
17300 499.2507754544732 0 0.12160917077213018 0.6567119171282824 3.1960229307690313 0.12404346406970915 1.4561542294661531 1.047349945991694 0.8008320318817348 3.1877793095839486
17350 499.2507754544732 0 0.12160917077213018 0.6567119171282824 3.1960229307690313 0.12404346406970915 1.4561542294661531 1.047349945991694 0.8008320318817348 3.1877793095839486
17400 499.2507754544732 0 0.12160917077213018 0.6567119171282824 3.1960229307690313 0.12404346406970915 1.4561542294661531 1.047349945991694 0.8008320318817348 3.1877793095839486
17450 499.2507754544732 0 0.12160917077213018 0.6567119171282824 3.1960229307690313 0.12404346406970915 1.4561542294661531 1.047349945991694 0.8008320318817348 3.1877793095839486
17500 499.2507754544732 0 0.12160917077213018 0.6567119171282824 3.1960229307690313 0.12404346406970915 1.4561542294661531 1.047349945991694 0.8008320318817348 3.1877793095839486
17550 499.2507754544732 0 0.12160917077213018 0.6567119171282824 3.1960229307690313 0.12404346406970915 1.4561542294661531 1.047349945991694 0.8008320318817348 3.1877793095839486
17600 499.2507754544732 0 0.12160917077213018 0.6567119171282824 3.1960229307690313 0.12404346406970915 1.4561542294661531 1.047349945991694 0.8008320318817348 3.1877793095839486
17650 499.2507754544732 0 0.12160917077213018 0.6567119171282824 3.1960229307690313 0.12404346406970915 1.4561542294661531 1.047349945991694 0.8008320318817348 3.1877793095839486
17700 499.2507754544732 0 0.12160917077213018 0.6567119171282824 3.1960229307690313 0.12404346406970915 1.4561542294661531 1.047349945991694 0.8008320318817348 3.1877793095839486
17750 499.2507754544732 0 0.12160917077213018 0.6567119171282824 3.1960229307690313 0.12404346406970915 1.4561542294661531 1.047349945991694 0.8008320318817348 3.1877793095839486
17800 499.2507754544732 0 0.12160917077213018 0.6567119171282824 3.1960229307690313 0.12404346406970915 1.4561542294661531 1.047349945991694 0.8008320318817348 3.1877793095839486
17850 499.2507754544732 0 0.12160917077213018 0.6567119171282824 3.1960229307690313 0.12404346406970915 1.4561542294661531 1.047349945991694 0.8008320318817348 3.1877793095839486
17900 499.2507754544732 0 0.12160917077213018 0.6567119171282824 3.1960229307690313 0.12404346406970915 1.4561542294661531 1.047349945991694 0.8008320318817348 3.1877793095839486
17950 499.2507754544732 0 0.12160917077213018 0.6567119171282824 3.1960229307690313 0.12404346406970915 1.4561542294661531 1.047349945991694 0.8008320318817348 3.1877793095839486
18000 499.2507754544732 0 0.12160917077213018 0.6567119171282824 3.1960229307690313 0.12404346406970915 1.4561542294661531 1.047349945991694 0.8008320318817348 3.1877793095839486
18050 499.2507754544732 0 0.12160917077213018 0.6567119171282824 3.1960229307690313 0.12404346406970915 1.4561542294661531 1.047349945991694 0.8008320318817348 3.1877793095839486
18100 499.2507754544732 0 0.12160917077213018 0.6567119171282824 3.1960229307690313 0.12404346406970915 1.4561542294661531 1.047349945991694 0.8008320318817348 3.1877793095839486
18150 499.2507754544732 0 0.12160917077213018 0.6567119171282824 3.1960229307690313 0.12404346406970915 1.4561542294661531 1.047349945991694 0.8008320318817348 3.1877793095839486
18200 499.2507754544732 0 0.12160917077213018 0.6567119171282824 3.1960229307690313 0.12404346406970915 1.4561542294661531 1.047349945991694 0.8008320318817348 3.1877793095839486
18250 499.2507754544732 0 0.12160917077213018 0.6567119171282824 3.1960229307690313 0.12404346406970915 1.4561542294661531 1.047349945991694 0.8008320318817348 3.1877793095839486
18300 499.2507754544732 0 0.12160917077213018 0.6567119171282824 3.1960229307690313 0.12404346406970915 1.4561542294661531 1.047349945991694 0.8008320318817348 3.1877793095839486
18350 499.2507754544732 0 0.12160917077213018 0.6567119171282824 3.1960229307690313 0.12404346406970915 1.4561542294661531 1.047349945991694 0.8008320318817348 3.1877793095839486
18400 499.2507754544732 0 0.12160917077213018 0.6567119171282824 3.1960229307690313 0.12404346406970915 1.4561542294661531 1.047349945991694 0.8008320318817348 3.1877793095839486
18450 499.2507754544732 0 0.12160917077213018 0.6567119171282824 3.1960229307690313 0.12404346406970915 1.4561542294661531 1.047349945991694 0.8008320318817348 3.1877793095839486
18500 499.2507754544732 0 0.12160917077213018 0.6567119171282824 3.1960229307690313 0.12404346406970915 1.4561542294661531 1.047349945991694 0.8008320318817348 3.1877793095839486
18550 499.2507754544732 0 0.12160917077213018 0.6567119171282824 3.1960229307690313 0.12404346406970915 1.4561542294661531 1.047349945991694 0.8008320318817348 3.1877793095839486
18600 499.2507754544732 0 0.12160917077213018 0.6567119171282824 3.1960229307690313 0.12404346406970915 1.4561542294661531 1.047349945991694 0.8008320318817348 3.1877793095839486
18650 499.2507754544732 0 0.12160917077213018 0.6567119171282824 3.1960229307690313 0.12404346406970915 1.4561542294661531 1.047349945991694 0.8008320318817348 3.1877793095839486
18700 499.2507754544732 0 0.12160917077213018 0.6567119171282824 3.1960229307690313 0.12404346406970915 1.4561542294661531 1.047349945991694 0.8008320318817348 3.1877793095839486
18750 499.2507754544732 0 0.12160917077213018 0.6567119171282824 3.1960229307690313 0.12404346406970915 1.4561542294661531 1.047349945991694 0.8008320318817348 3.1877793095839486
18800 499.2507754544732 0 0.12160917077213018 0.6567119171282824 3.1960229307690313 0.12404346406970915 1.4561542294661531 1.047349945991694 0.8008320318817348 3.1877793095839486
18850 499.2507754544732 0 0.12160917077213018 0.6567119171282824 3.1960229307690313 0.12404346406970915 1.4561542294661531 1.047349945991694 0.8008320318817348 3.1877793095839486
18900 499.2507754544732 0 0.12160917077213018 0.6567119171282824 3.1960229307690313 0.12404346406970915 1.4561542294661531 1.047349945991694 0.8008320318817348 3.1877793095839486
18950 499.2507754544732 0 0.12160917077213018 0.6567119171282824 3.1960229307690313 0.12404346406970915 1.4561542294661531 1.047349945991694 0.8008320318817348 3.1877793095839486
19000 499.2507754544732 0 0.12160917077213018 0.6567119171282824 3.1960229307690313 0.12404346406970915 1.4561542294661531 1.047349945991694 0.8008320318817348 3.1877793095839486
19050 499.2507754544732 0 0.12160917077213018 0.6567119171282824 3.1960229307690313 0.12404346406970915 1.4561542294661531 1.047349945991694 0.8008320318817348 3.1877793095839486
19100 499.2507754544732 0 0.12160917077213018 0.6567119171282824 3.1960229307690313 0.12404346406970915 1.4561542294661531 1.047349945991694 0.8008320318817348 3.1877793095839486
19150 499.2507754544732 0 0.12160917077213018 0.6567119171282824 3.1960229307690313 0.12404346406970915 1.4561542294661531 1.047349945991694 0.8008320318817348 3.1877793095839486
19200 499.2507754544732 0 0.12160917077213018 0.6567119171282824 3.1960229307690313 0.12404346406970915 1.4561542294661531 1.047349945991694 0.8008320318817348 3.1877793095839486
19250 499.2507754544732 0 0.12160917077213018 0.6567119171282824 3.1960229307690313 0.12404346406970915 1.4561542294661531 1.047349945991694 0.8008320318817348 3.1877793095839486
19300 499.2507754544732 0 0.12160917077213018 0.6567119171282824 3.1960229307690313 0.12404346406970915 1.4561542294661531 1.047349945991694 0.8008320318817348 3.1877793095839486
19350 499.2507754544732 0 0.12160917077213018 0.6567119171282824 3.1960229307690313 0.12404346406970915 1.4561542294661531 1.047349945991694 0.8008320318817348 3.1877793095839486
19400 499.2507754544732 0 0.12160917077213018 0.6567119171282824 3.1960229307690313 0.12404346406970915 1.4561542294661531 1.047349945991694 0.8008320318817348 3.1877793095839486
19450 499.2507754544732 0 0.12160917077213018 0.6567119171282824 3.1960229307690313 0.12404346406970915 1.4561542294661531 1.047349945991694 0.8008320318817348 3.1877793095839486
19500 499.2507754544732 0 0.12160917077213018 0.6567119171282824 3.1960229307690313 0.12404346406970915 1.4561542294661531 1.047349945991694 0.8008320318817348 3.1877793095839486
19550 499.2507754544732 0 0.12160917077213018 0.6567119171282824 3.1960229307690313 0.12404346406970915 1.4561542294661531 1.047349945991694 0.8008320318817348 3.1877793095839486
19600 499.2507754544732 0 0.12160917077213018 0.6567119171282824 3.1960229307690313 0.12404346406970915 1.4561542294661531 1.047349945991694 0.8008320318817348 3.1877793095839486
19650 499.2507754544732 0 0.12160917077213018 0.6567119171282824 3.1960229307690313 0.12404346406970915 1.4561542294661531 1.047349945991694 0.8008320318817348 3.1877793095839486
19700 499.2507754544732 0 0.12160917077213018 0.6567119171282824 3.1960229307690313 0.12404346406970915 1.4561542294661531 1.047349945991694 0.8008320318817348 3.1877793095839486
19750 499.2507754544732 0 0.12160917077213018 0.6567119171282824 3.1960229307690313 0.12404346406970915 1.4561542294661531 1.047349945991694 0.8008320318817348 3.1877793095839486
19800 499.2507754544732 0 0.12160917077213018 0.6567119171282824 3.1960229307690313 0.12404346406970915 1.4561542294661531 1.047349945991694 0.8008320318817348 3.1877793095839486
19850 499.2507754544732 0 0.12160917077213018 0.6567119171282824 3.1960229307690313 0.12404346406970915 1.4561542294661531 1.047349945991694 0.8008320318817348 3.1877793095839486
19900 499.2507754544732 0 0.12160917077213018 0.6567119171282824 3.1960229307690313 0.12404346406970915 1.4561542294661531 1.047349945991694 0.8008320318817348 3.1877793095839486
19950 499.2507754544732 0 0.12160917077213018 0.6567119171282824 3.1960229307690313 0.12404346406970915 1.4561542294661531 1.047349945991694 0.8008320318817348 3.1877793095839486
*---*---*---*---*---*---*---*---*---*---*---*---*---*---*---*---*---*---*---*---*
Status: Finished
Last individual
499.2507754544732 0 0.12160917077213018 0.6567119171282824 3.1960229307690313 0.12404346406970915 1.4561542294661531 1.047349945991694 0.8008320318817348 3.1877793095839486
Hall of fame
499.2507754544732 0 0.10223010659483872 0.6603016194217144 3.249375012033077 0.12617302061271216 1.4986635787699898 1.0234367841284047 0.8033035108028297 3.3806527746813146
Last factible individual
499.2507754544732 0 0.12160917077213018 0.6567119171282824 3.1960229307690313 0.12404346406970915 1.4561542294661531 1.047349945991694 0.8008320318817348 3.1877793095839486
CPU time used (seconds)
4.023478158007492
