*---*---*---*---*---*---*---*---*---*---*---*---*---*---*---*---*---*---*---*---*
Algorithm: Differential Evolution
Constrainth handling method: APM
Function: 125
Case: discrete
Seed: 5
Parents size: 50
Offsprings size: 50
maxFe: 20000
CR: 0.9
F: 0.6
rweights: -
*---*---*---*---*---*---*---*---*---*---*---*---*---*---*---*---*---*---*---*---*
ngen ObjectiveFunction Fitness ProjectVariables
50 596.4120986782539 596.4120986782539 3.2136822706524026 0.46858500970578565 2.883731388163738 1.2418929007946429 0.43273000044672894 1.3652499180214803 1.7841708312195181 3.2716401704849285
100 596.4120986782539 596.4120986782539 3.2136822706524026 0.46858500970578565 2.883731388163738 1.2418929007946429 0.43273000044672894 1.3652499180214803 1.7841708312195181 3.2716401704849285
150 582.6511724792682 582.6511724792682 0.1 1.5281745814367298 2.6588240231627793 0.1 0.9315562318166588 0.8141861567829847 2.163628077570648 3.0140486181978123
200 582.6511724792682 582.6511724792682 0.1 1.5281745814367298 2.6588240231627793 0.1 0.9315562318166588 0.8141861567829847 2.163628077570648 3.0140486181978123
250 582.6511724792682 582.6511724792682 0.1 1.5281745814367298 2.6588240231627793 0.1 0.9315562318166588 0.8141861567829847 2.163628077570648 3.0140486181978123
300 534.1330560507392 534.1330560507392 0.1 0.4070913126679514 3.4 0.5155199941214175 1.8198481017983423 1.326118624084351 1.2281510356546104 3.0331164487922626
350 534.1330560507392 534.1330560507392 0.1 0.4070913126679514 3.4 0.5155199941214175 1.8198481017983423 1.326118624084351 1.2281510356546104 3.0331164487922626
400 534.1330560507392 534.1330560507392 0.1 0.4070913126679514 3.4 0.5155199941214175 1.8198481017983423 1.326118624084351 1.2281510356546104 3.0331164487922626
450 534.1330560507392 534.1330560507392 0.1 0.4070913126679514 3.4 0.5155199941214175 1.8198481017983423 1.326118624084351 1.2281510356546104 3.0331164487922626
500 534.1330560507392 534.1330560507392 0.1 0.4070913126679514 3.4 0.5155199941214175 1.8198481017983423 1.326118624084351 1.2281510356546104 3.0331164487922626
550 534.1330560507392 534.1330560507392 0.1 0.4070913126679514 3.4 0.5155199941214175 1.8198481017983423 1.326118624084351 1.2281510356546104 3.0331164487922626
600 534.1330560507392 534.1330560507392 0.1 0.4070913126679514 3.4 0.5155199941214175 1.8198481017983423 1.326118624084351 1.2281510356546104 3.0331164487922626
650 534.1330560507392 534.1330560507392 0.1 0.4070913126679514 3.4 0.5155199941214175 1.8198481017983423 1.326118624084351 1.2281510356546104 3.0331164487922626
700 523.4039861663101 523.4039861663101 0.1 0.1 3.4 1.211500902568197 1.2373759467641707 1.137211216077184 1.3310400629993588 3.175487234979231
750 523.4039861663101 523.4039861663101 0.1 0.1 3.4 1.211500902568197 1.2373759467641707 1.137211216077184 1.3310400629993588 3.175487234979231
800 523.4039861663101 523.4039861663101 0.1 0.1 3.4 1.211500902568197 1.2373759467641707 1.137211216077184 1.3310400629993588 3.175487234979231
850 523.4039861663101 523.4039861663101 0.1 0.1 3.4 1.211500902568197 1.2373759467641707 1.137211216077184 1.3310400629993588 3.175487234979231
900 523.4039861663101 523.4039861663101 0.1 0.1 3.4 1.211500902568197 1.2373759467641707 1.137211216077184 1.3310400629993588 3.175487234979231
950 523.4039861663101 523.4039861663101 0.1 0.1 3.4 1.211500902568197 1.2373759467641707 1.137211216077184 1.3310400629993588 3.175487234979231
1000 523.4039861663101 523.4039861663101 0.1 0.1 3.4 1.211500902568197 1.2373759467641707 1.137211216077184 1.3310400629993588 3.175487234979231
1050 523.4039861663101 523.4039861663101 0.1 0.1 3.4 1.211500902568197 1.2373759467641707 1.137211216077184 1.3310400629993588 3.175487234979231
1100 523.4039861663101 523.4039861663101 0.1 0.1 3.4 1.211500902568197 1.2373759467641707 1.137211216077184 1.3310400629993588 3.175487234979231
1150 523.4039861663101 523.4039861663101 0.1 0.1 3.4 1.211500902568197 1.2373759467641707 1.137211216077184 1.3310400629993588 3.175487234979231
1200 523.4039861663101 523.4039861663101 0.1 0.1 3.4 1.211500902568197 1.2373759467641707 1.137211216077184 1.3310400629993588 3.175487234979231
1250 523.4039861663101 523.4039861663101 0.1 0.1 3.4 1.211500902568197 1.2373759467641707 1.137211216077184 1.3310400629993588 3.175487234979231
1300 514.102915929031 514.102915929031 0.4026028975370095 0.27228336811819054 3.190689688391869 0.3430686493726446 1.5810310257225515 1.2749148758190227 0.9355693509605729 3.4
1350 513.3529159290312 513.3529159290312 0.26746539144318593 0.31530696204809383 3.3411005002051395 0.1 1.8285999955769476 1.0294768417366795 1.2339650915096796 3.2438483717202953
1400 513.3529159290312 513.3529159290312 0.26746539144318593 0.31530696204809383 3.3411005002051395 0.1 1.8285999955769476 1.0294768417366795 1.2339650915096796 3.2438483717202953
1450 513.3529159290312 513.3529159290312 0.26746539144318593 0.31530696204809383 3.3411005002051395 0.1 1.8285999955769476 1.0294768417366795 1.2339650915096796 3.2438483717202953
1500 513.3529159290312 513.3529159290312 0.26746539144318593 0.31530696204809383 3.3411005002051395 0.1 1.8285999955769476 1.0294768417366795 1.2339650915096796 3.2438483717202953
1550 509.1058533536548 509.1058533536548 0.3157313873193198 1.2288048924621209 3.4 0.1 0.8377997538921713 0.8391917195763293 0.8995934944351223 3.177748149203712
1600 509.1058533536548 509.1058533536548 0.3157313873193198 1.2288048924621209 3.4 0.1 0.8377997538921713 0.8391917195763293 0.8995934944351223 3.177748149203712
1650 509.1058533536548 509.1058533536548 0.3157313873193198 1.2288048924621209 3.4 0.1 0.8377997538921713 0.8391917195763293 0.8995934944351223 3.177748149203712
1700 509.1058533536548 509.1058533536548 0.3157313873193198 1.2288048924621209 3.4 0.1 0.8377997538921713 0.8391917195763293 0.8995934944351223 3.177748149203712
1750 509.1058533536548 509.1058533536548 0.3157313873193198 1.2288048924621209 3.4 0.1 0.8377997538921713 0.8391917195763293 0.8995934944351223 3.177748149203712
1800 509.1058533536548 509.1058533536548 0.3157313873193198 1.2288048924621209 3.4 0.1 0.8377997538921713 0.8391917195763293 0.8995934944351223 3.177748149203712
1850 509.1058533536548 509.1058533536548 0.3157313873193198 1.2288048924621209 3.4 0.1 0.8377997538921713 0.8391917195763293 0.8995934944351223 3.177748149203712
1900 509.1058533536548 509.1058533536548 0.3157313873193198 1.2288048924621209 3.4 0.1 0.8377997538921713 0.8391917195763293 0.8995934944351223 3.177748149203712
1950 506.72092870892857 506.72092870892857 0.18285002255898267 0.84229702555567 3.3659685952905924 0.1 1.5791925377371347 1.2854784480810817 0.4659640917292169 3.2822901280523484
2000 506.72092870892857 506.72092870892857 0.18285002255898267 0.84229702555567 3.3659685952905924 0.1 1.5791925377371347 1.2854784480810817 0.4659640917292169 3.2822901280523484
2050 506.72092870892857 506.72092870892857 0.18285002255898267 0.84229702555567 3.3659685952905924 0.1 1.5791925377371347 1.2854784480810817 0.4659640917292169 3.2822901280523484
2100 506.72092870892857 506.72092870892857 0.18285002255898267 0.84229702555567 3.3659685952905924 0.1 1.5791925377371347 1.2854784480810817 0.4659640917292169 3.2822901280523484
2150 506.72092870892857 506.72092870892857 0.18285002255898267 0.84229702555567 3.3659685952905924 0.1 1.5791925377371347 1.2854784480810817 0.4659640917292169 3.2822901280523484
2200 506.72092870892857 506.72092870892857 0.18285002255898267 0.84229702555567 3.3659685952905924 0.1 1.5791925377371347 1.2854784480810817 0.4659640917292169 3.2822901280523484
2250 506.72092870892857 506.72092870892857 0.18285002255898267 0.84229702555567 3.3659685952905924 0.1 1.5791925377371347 1.2854784480810817 0.4659640917292169 3.2822901280523484
2300 505.69970521719443 505.69970521719443 0.1 0.8815737263928876 3.4 0.16192570273338908 2.0667784799729447 1.1747433625531771 0.3865930907660897 3.3410744969742114
2350 505.69970521719443 505.69970521719443 0.1 0.8815737263928876 3.4 0.16192570273338908 2.0667784799729447 1.1747433625531771 0.3865930907660897 3.3410744969742114
2400 504.3346298619207 504.3346298619207 0.1 1.2968065442164414 3.257228081370866 0.1 1.1504759135485612 0.7676053585663194 0.7221328293606322 3.4
2450 504.3346298619207 504.3346298619207 0.1 1.2968065442164414 3.257228081370866 0.1 1.1504759135485612 0.7676053585663194 0.7221328293606322 3.4
2500 504.3346298619207 504.3346298619207 0.1 1.2968065442164414 3.257228081370866 0.1 1.1504759135485612 0.7676053585663194 0.7221328293606322 3.4
2550 504.3346298619207 504.3346298619207 0.1 1.2968065442164414 3.257228081370866 0.1 1.1504759135485612 0.7676053585663194 0.7221328293606322 3.4
2600 504.3346298619207 504.3346298619207 0.1 1.2968065442164414 3.257228081370866 0.1 1.1504759135485612 0.7676053585663194 0.7221328293606322 3.4
2650 502.11447660746546 502.11447660746546 0.1 1.1723537404043378 3.3502607725809024 0.1 1.4377005243773782 1.0347785402102012 0.5055081778996704 3.2465793465752704
2700 502.11447660746546 502.11447660746546 0.1 1.1723537404043378 3.3502607725809024 0.1 1.4377005243773782 1.0347785402102012 0.5055081778996704 3.2465793465752704
2750 502.11447660746546 502.11447660746546 0.1 1.1723537404043378 3.3502607725809024 0.1 1.4377005243773782 1.0347785402102012 0.5055081778996704 3.2465793465752704
2800 502.11447660746546 502.11447660746546 0.1 1.1723537404043378 3.3502607725809024 0.1 1.4377005243773782 1.0347785402102012 0.5055081778996704 3.2465793465752704
2850 502.11447660746546 502.11447660746546 0.1 1.1723537404043378 3.3502607725809024 0.1 1.4377005243773782 1.0347785402102012 0.5055081778996704 3.2465793465752704
2900 502.11447660746546 502.11447660746546 0.1 1.1723537404043378 3.3502607725809024 0.1 1.4377005243773782 1.0347785402102012 0.5055081778996704 3.2465793465752704
2950 502.11447660746546 502.11447660746546 0.1 1.1723537404043378 3.3502607725809024 0.1 1.4377005243773782 1.0347785402102012 0.5055081778996704 3.2465793465752704
3000 502.11447660746546 502.11447660746546 0.1 1.1723537404043378 3.3502607725809024 0.1 1.4377005243773782 1.0347785402102012 0.5055081778996704 3.2465793465752704
3050 502.11447660746546 502.11447660746546 0.1 1.1723537404043378 3.3502607725809024 0.1 1.4377005243773782 1.0347785402102012 0.5055081778996704 3.2465793465752704
3100 502.11447660746546 502.11447660746546 0.1 1.1723537404043378 3.3502607725809024 0.1 1.4377005243773782 1.0347785402102012 0.5055081778996704 3.2465793465752704
3150 502.11447660746546 502.11447660746546 0.1 1.1723537404043378 3.3502607725809024 0.1 1.4377005243773782 1.0347785402102012 0.5055081778996704 3.2465793465752704
3200 502.11447660746546 502.11447660746546 0.1 1.1723537404043378 3.3502607725809024 0.1 1.4377005243773782 1.0347785402102012 0.5055081778996704 3.2465793465752704
3250 502.11447660746546 502.11447660746546 0.1 1.1723537404043378 3.3502607725809024 0.1 1.4377005243773782 1.0347785402102012 0.5055081778996704 3.2465793465752704
3300 502.11447660746546 502.11447660746546 0.1 1.1723537404043378 3.3502607725809024 0.1 1.4377005243773782 1.0347785402102012 0.5055081778996704 3.2465793465752704
3350 501.8018456917521 501.8018456917521 0.1 0.5137947442786214 3.3692280847667644 0.12206434393232655 1.4269795561683734 1.1069541384722301 0.8798092218604011 3.338614665736158
3400 501.8018456917521 501.8018456917521 0.1 0.5137947442786214 3.3692280847667644 0.12206434393232655 1.4269795561683734 1.1069541384722301 0.8798092218604011 3.338614665736158
3450 500.22524033583386 500.22524033583386 0.12152942528287397 0.8397288484784555 3.324274503609139 0.12229325298402008 1.7111700822716363 1.112264756522783 0.6331235584153184 3.3829273273318488
3500 500.22524033583386 500.22524033583386 0.12152942528287397 0.8397288484784555 3.324274503609139 0.12229325298402008 1.7111700822716363 1.112264756522783 0.6331235584153184 3.3829273273318488
3550 500.22524033583386 500.22524033583386 0.12152942528287397 0.8397288484784555 3.324274503609139 0.12229325298402008 1.7111700822716363 1.112264756522783 0.6331235584153184 3.3829273273318488
3600 500.22524033583386 500.22524033583386 0.12152942528287397 0.8397288484784555 3.324274503609139 0.12229325298402008 1.7111700822716363 1.112264756522783 0.6331235584153184 3.3829273273318488
3650 500.22524033583386 500.22524033583386 0.12152942528287397 0.8397288484784555 3.324274503609139 0.12229325298402008 1.7111700822716363 1.112264756522783 0.6331235584153184 3.3829273273318488
3700 499.9709287089285 499.9709287089285 0.1 0.797372710237019 3.177694436301449 0.1 1.1720117592348782 0.9116628306657738 0.9384992811113706 3.353851225146377
3750 499.9709287089285 499.9709287089285 0.1 0.797372710237019 3.177694436301449 0.1 1.1720117592348782 0.9116628306657738 0.9384992811113706 3.353851225146377
3800 499.9709287089285 499.9709287089285 0.1 0.797372710237019 3.177694436301449 0.1 1.1720117592348782 0.9116628306657738 0.9384992811113706 3.353851225146377
3850 499.9709287089285 499.9709287089285 0.1 0.797372710237019 3.177694436301449 0.1 1.1720117592348782 0.9116628306657738 0.9384992811113706 3.353851225146377
3900 499.9709287089285 499.9709287089285 0.1 0.797372710237019 3.177694436301449 0.1 1.1720117592348782 0.9116628306657738 0.9384992811113706 3.353851225146377
3950 499.9709287089285 499.9709287089285 0.1 0.797372710237019 3.177694436301449 0.1 1.1720117592348782 0.9116628306657738 0.9384992811113706 3.353851225146377
4000 499.9709287089285 499.9709287089285 0.1 0.797372710237019 3.177694436301449 0.1 1.1720117592348782 0.9116628306657738 0.9384992811113706 3.353851225146377
4050 499.9709287089285 499.9709287089285 0.1 0.797372710237019 3.177694436301449 0.1 1.1720117592348782 0.9116628306657738 0.9384992811113706 3.353851225146377
4100 499.2507754544732 499.2507754544732 0.1 0.7202534181662128 3.3393619572269584 0.14801084025446282 1.5274383880206992 0.9980908656638815 0.8454167563045039 3.4
4150 499.2507754544732 499.2507754544732 0.1 0.7202534181662128 3.3393619572269584 0.14801084025446282 1.5274383880206992 0.9980908656638815 0.8454167563045039 3.4
4200 499.2507754544732 499.2507754544732 0.1 0.7202534181662128 3.3393619572269584 0.14801084025446282 1.5274383880206992 0.9980908656638815 0.8454167563045039 3.4
4250 499.2507754544732 499.2507754544732 0.1 0.7202534181662128 3.3393619572269584 0.14801084025446282 1.5274383880206992 0.9980908656638815 0.8454167563045039 3.4
4300 499.2507754544732 499.2507754544732 0.1 0.7202534181662128 3.3393619572269584 0.14801084025446282 1.5274383880206992 0.9980908656638815 0.8454167563045039 3.4
4350 499.2507754544732 499.2507754544732 0.1 0.7202534181662128 3.3393619572269584 0.14801084025446282 1.5274383880206992 0.9980908656638815 0.8454167563045039 3.4
4400 499.2507754544732 499.2507754544732 0.1 0.7202534181662128 3.3393619572269584 0.14801084025446282 1.5274383880206992 0.9980908656638815 0.8454167563045039 3.4
4450 499.2507754544732 499.2507754544732 0.1 0.7202534181662128 3.3393619572269584 0.14801084025446282 1.5274383880206992 0.9980908656638815 0.8454167563045039 3.4
4500 499.2507754544732 499.2507754544732 0.1 0.7202534181662128 3.3393619572269584 0.14801084025446282 1.5274383880206992 0.9980908656638815 0.8454167563045039 3.4
4550 499.2507754544732 499.2507754544732 0.1 0.7202534181662128 3.3393619572269584 0.14801084025446282 1.5274383880206992 0.9980908656638815 0.8454167563045039 3.4
4600 499.2507754544732 499.2507754544732 0.1 0.7202534181662128 3.3393619572269584 0.14801084025446282 1.5274383880206992 0.9980908656638815 0.8454167563045039 3.4
4650 499.2507754544732 499.2507754544732 0.1 0.7202534181662128 3.3393619572269584 0.14801084025446282 1.5274383880206992 0.9980908656638815 0.8454167563045039 3.4
4700 499.2507754544732 499.2507754544732 0.1 0.7202534181662128 3.3393619572269584 0.14801084025446282 1.5274383880206992 0.9980908656638815 0.8454167563045039 3.4
4750 499.2507754544732 499.2507754544732 0.1 0.7202534181662128 3.3393619572269584 0.14801084025446282 1.5274383880206992 0.9980908656638815 0.8454167563045039 3.4
4800 499.2507754544732 499.2507754544732 0.1 0.7202534181662128 3.3393619572269584 0.14801084025446282 1.5274383880206992 0.9980908656638815 0.8454167563045039 3.4
4850 499.2507754544732 499.2507754544732 0.1 0.7202534181662128 3.3393619572269584 0.14801084025446282 1.5274383880206992 0.9980908656638815 0.8454167563045039 3.4
4900 499.2507754544732 499.2507754544732 0.1 0.7202534181662128 3.3393619572269584 0.14801084025446282 1.5274383880206992 0.9980908656638815 0.8454167563045039 3.4
4950 499.2507754544732 499.2507754544732 0.1 0.7202534181662128 3.3393619572269584 0.14801084025446282 1.5274383880206992 0.9980908656638815 0.8454167563045039 3.4
5000 499.2507754544732 499.2507754544732 0.1 0.7202534181662128 3.3393619572269584 0.14801084025446282 1.5274383880206992 0.9980908656638815 0.8454167563045039 3.4
5050 499.2507754544732 499.2507754544732 0.1 0.7202534181662128 3.3393619572269584 0.14801084025446282 1.5274383880206992 0.9980908656638815 0.8454167563045039 3.4
5100 499.2507754544732 499.2507754544732 0.1 0.7202534181662128 3.3393619572269584 0.14801084025446282 1.5274383880206992 0.9980908656638815 0.8454167563045039 3.4
5150 499.2507754544732 499.2507754544732 0.1 0.7202534181662128 3.3393619572269584 0.14801084025446282 1.5274383880206992 0.9980908656638815 0.8454167563045039 3.4
5200 499.2507754544732 499.2507754544732 0.1 0.7202534181662128 3.3393619572269584 0.14801084025446282 1.5274383880206992 0.9980908656638815 0.8454167563045039 3.4
5250 499.2507754544732 499.2507754544732 0.1 0.7202534181662128 3.3393619572269584 0.14801084025446282 1.5274383880206992 0.9980908656638815 0.8454167563045039 3.4
5300 499.2507754544732 499.2507754544732 0.1 0.7202534181662128 3.3393619572269584 0.14801084025446282 1.5274383880206992 0.9980908656638815 0.8454167563045039 3.4
5350 499.2507754544732 499.2507754544732 0.1 0.7202534181662128 3.3393619572269584 0.14801084025446282 1.5274383880206992 0.9980908656638815 0.8454167563045039 3.4
5400 499.2507754544732 499.2507754544732 0.1 0.7202534181662128 3.3393619572269584 0.14801084025446282 1.5274383880206992 0.9980908656638815 0.8454167563045039 3.4
5450 499.2507754544732 499.2507754544732 0.1 0.7202534181662128 3.3393619572269584 0.14801084025446282 1.5274383880206992 0.9980908656638815 0.8454167563045039 3.4
5500 499.2507754544732 499.2507754544732 0.1 0.7202534181662128 3.3393619572269584 0.14801084025446282 1.5274383880206992 0.9980908656638815 0.8454167563045039 3.4
5550 499.2507754544732 499.2507754544732 0.1 0.7202534181662128 3.3393619572269584 0.14801084025446282 1.5274383880206992 0.9980908656638815 0.8454167563045039 3.4
5600 499.2507754544732 499.2507754544732 0.1 0.7202534181662128 3.3393619572269584 0.14801084025446282 1.5274383880206992 0.9980908656638815 0.8454167563045039 3.4
5650 499.2507754544732 499.2507754544732 0.1 0.7202534181662128 3.3393619572269584 0.14801084025446282 1.5274383880206992 0.9980908656638815 0.8454167563045039 3.4
5700 499.2507754544732 499.2507754544732 0.1 0.7202534181662128 3.3393619572269584 0.14801084025446282 1.5274383880206992 0.9980908656638815 0.8454167563045039 3.4
5750 499.2507754544732 499.2507754544732 0.1 0.7202534181662128 3.3393619572269584 0.14801084025446282 1.5274383880206992 0.9980908656638815 0.8454167563045039 3.4
5800 499.2507754544732 499.2507754544732 0.1 0.7202534181662128 3.3393619572269584 0.14801084025446282 1.5274383880206992 0.9980908656638815 0.8454167563045039 3.4
5850 499.2507754544732 499.2507754544732 0.1 0.7202534181662128 3.3393619572269584 0.14801084025446282 1.5274383880206992 0.9980908656638815 0.8454167563045039 3.4
5900 499.2507754544732 499.2507754544732 0.1 0.7202534181662128 3.3393619572269584 0.14801084025446282 1.5274383880206992 0.9980908656638815 0.8454167563045039 3.4
5950 499.2507754544732 499.2507754544732 0.1 0.7202534181662128 3.3393619572269584 0.14801084025446282 1.5274383880206992 0.9980908656638815 0.8454167563045039 3.4
6000 499.2507754544732 499.2507754544732 0.1 0.7202534181662128 3.3393619572269584 0.14801084025446282 1.5274383880206992 0.9980908656638815 0.8454167563045039 3.4
6050 499.2507754544732 499.2507754544732 0.1 0.7202534181662128 3.3393619572269584 0.14801084025446282 1.5274383880206992 0.9980908656638815 0.8454167563045039 3.4
6100 499.2507754544732 499.2507754544732 0.1 0.7202534181662128 3.3393619572269584 0.14801084025446282 1.5274383880206992 0.9980908656638815 0.8454167563045039 3.4
6150 499.2507754544732 499.2507754544732 0.1 0.7202534181662128 3.3393619572269584 0.14801084025446282 1.5274383880206992 0.9980908656638815 0.8454167563045039 3.4
6200 499.2507754544732 499.2507754544732 0.1 0.7202534181662128 3.3393619572269584 0.14801084025446282 1.5274383880206992 0.9980908656638815 0.8454167563045039 3.4
6250 499.2507754544732 499.2507754544732 0.1 0.7202534181662128 3.3393619572269584 0.14801084025446282 1.5274383880206992 0.9980908656638815 0.8454167563045039 3.4
6300 499.2507754544732 499.2507754544732 0.1 0.7202534181662128 3.3393619572269584 0.14801084025446282 1.5274383880206992 0.9980908656638815 0.8454167563045039 3.4
6350 499.2507754544732 499.2507754544732 0.1 0.7202534181662128 3.3393619572269584 0.14801084025446282 1.5274383880206992 0.9980908656638815 0.8454167563045039 3.4
6400 499.2507754544732 499.2507754544732 0.1 0.7202534181662128 3.3393619572269584 0.14801084025446282 1.5274383880206992 0.9980908656638815 0.8454167563045039 3.4
6450 499.2507754544732 499.2507754544732 0.1 0.7202534181662128 3.3393619572269584 0.14801084025446282 1.5274383880206992 0.9980908656638815 0.8454167563045039 3.4
6500 499.2507754544732 499.2507754544732 0.1 0.7202534181662128 3.3393619572269584 0.14801084025446282 1.5274383880206992 0.9980908656638815 0.8454167563045039 3.4
6550 499.2507754544732 499.2507754544732 0.1 0.7202534181662128 3.3393619572269584 0.14801084025446282 1.5274383880206992 0.9980908656638815 0.8454167563045039 3.4
6600 499.2507754544732 499.2507754544732 0.1 0.7202534181662128 3.3393619572269584 0.14801084025446282 1.5274383880206992 0.9980908656638815 0.8454167563045039 3.4
6650 499.2507754544732 499.2507754544732 0.1 0.7202534181662128 3.3393619572269584 0.14801084025446282 1.5274383880206992 0.9980908656638815 0.8454167563045039 3.4
6700 499.2507754544732 499.2507754544732 0.1 0.7202534181662128 3.3393619572269584 0.14801084025446282 1.5274383880206992 0.9980908656638815 0.8454167563045039 3.4
6750 499.2507754544732 499.2507754544732 0.1 0.7202534181662128 3.3393619572269584 0.14801084025446282 1.5274383880206992 0.9980908656638815 0.8454167563045039 3.4
6800 499.2507754544732 499.2507754544732 0.1 0.7202534181662128 3.3393619572269584 0.14801084025446282 1.5274383880206992 0.9980908656638815 0.8454167563045039 3.4
6850 499.2507754544732 499.2507754544732 0.1 0.7202534181662128 3.3393619572269584 0.14801084025446282 1.5274383880206992 0.9980908656638815 0.8454167563045039 3.4
6900 499.2507754544732 499.2507754544732 0.1 0.7202534181662128 3.3393619572269584 0.14801084025446282 1.5274383880206992 0.9980908656638815 0.8454167563045039 3.4
6950 499.2507754544732 499.2507754544732 0.1 0.7202534181662128 3.3393619572269584 0.14801084025446282 1.5274383880206992 0.9980908656638815 0.8454167563045039 3.4
7000 499.2507754544732 499.2507754544732 0.1 0.7083793690524335 3.1919891967788563 0.13183681995178503 1.5087153352232507 1.0292331406484696 0.755122382319329 3.4
7050 499.2507754544732 499.2507754544732 0.1 0.7083793690524335 3.1919891967788563 0.13183681995178503 1.5087153352232507 1.0292331406484696 0.755122382319329 3.4
7100 499.2507754544732 499.2507754544732 0.1 0.7083793690524335 3.1919891967788563 0.13183681995178503 1.5087153352232507 1.0292331406484696 0.755122382319329 3.4
7150 499.2507754544732 499.2507754544732 0.1 0.7083793690524335 3.1919891967788563 0.13183681995178503 1.5087153352232507 1.0292331406484696 0.755122382319329 3.4
7200 499.2507754544732 499.2507754544732 0.1 0.7083793690524335 3.1919891967788563 0.13183681995178503 1.5087153352232507 1.0292331406484696 0.755122382319329 3.4
7250 499.2507754544732 499.2507754544732 0.11330670346828127 0.6543303736961272 3.226744994329133 0.1330275614621463 1.5220640100540528 1.0148892588587877 0.7919166996884243 3.2261809319210983
7300 499.2507754544732 499.2507754544732 0.11330670346828127 0.6543303736961272 3.226744994329133 0.1330275614621463 1.5220640100540528 1.0148892588587877 0.7919166996884243 3.2261809319210983
7350 499.2507754544732 499.2507754544732 0.11330670346828127 0.6543303736961272 3.226744994329133 0.1330275614621463 1.5220640100540528 1.0148892588587877 0.7919166996884243 3.2261809319210983
7400 499.2507754544732 499.2507754544732 0.11330670346828127 0.6543303736961272 3.226744994329133 0.1330275614621463 1.5220640100540528 1.0148892588587877 0.7919166996884243 3.2261809319210983
7450 499.2507754544732 499.2507754544732 0.1 0.6680184136123702 3.292879418691061 0.11455468336861997 1.5187555972834572 0.9945137079793651 0.8294271435944073 3.4
7500 499.2507754544732 499.2507754544732 0.1 0.6680184136123702 3.292879418691061 0.11455468336861997 1.5187555972834572 0.9945137079793651 0.8294271435944073 3.4
7550 499.2507754544732 499.2507754544732 0.1 0.6680184136123702 3.292879418691061 0.11455468336861997 1.5187555972834572 0.9945137079793651 0.8294271435944073 3.4
7600 499.2507754544732 499.2507754544732 0.1 0.6680184136123702 3.292879418691061 0.11455468336861997 1.5187555972834572 0.9945137079793651 0.8294271435944073 3.4
7650 499.2507754544732 499.2507754544732 0.1 0.6680184136123702 3.292879418691061 0.11455468336861997 1.5187555972834572 0.9945137079793651 0.8294271435944073 3.4
7700 499.2507754544732 499.2507754544732 0.1 0.6680184136123702 3.292879418691061 0.11455468336861997 1.5187555972834572 0.9945137079793651 0.8294271435944073 3.4
7750 499.2507754544732 499.2507754544732 0.1 0.6680184136123702 3.292879418691061 0.11455468336861997 1.5187555972834572 0.9945137079793651 0.8294271435944073 3.4
7800 499.2507754544732 499.2507754544732 0.1 0.6680184136123702 3.292879418691061 0.11455468336861997 1.5187555972834572 0.9945137079793651 0.8294271435944073 3.4
7850 499.2507754544732 499.2507754544732 0.1 0.6680184136123702 3.292879418691061 0.11455468336861997 1.5187555972834572 0.9945137079793651 0.8294271435944073 3.4
7900 499.2507754544732 499.2507754544732 0.1 0.6680184136123702 3.292879418691061 0.11455468336861997 1.5187555972834572 0.9945137079793651 0.8294271435944073 3.4
7950 499.2507754544732 499.2507754544732 0.1 0.6680184136123702 3.292879418691061 0.11455468336861997 1.5187555972834572 0.9945137079793651 0.8294271435944073 3.4
8000 499.2507754544732 499.2507754544732 0.1 0.6680184136123702 3.292879418691061 0.11455468336861997 1.5187555972834572 0.9945137079793651 0.8294271435944073 3.4
8050 499.2507754544732 499.2507754544732 0.1 0.6680184136123702 3.292879418691061 0.11455468336861997 1.5187555972834572 0.9945137079793651 0.8294271435944073 3.4
8100 499.2507754544732 499.2507754544732 0.1 0.6680184136123702 3.292879418691061 0.11455468336861997 1.5187555972834572 0.9945137079793651 0.8294271435944073 3.4
8150 499.2507754544732 499.2507754544732 0.1 0.6680184136123702 3.292879418691061 0.11455468336861997 1.5187555972834572 0.9945137079793651 0.8294271435944073 3.4
8200 499.2507754544732 499.2507754544732 0.1 0.6680184136123702 3.292879418691061 0.11455468336861997 1.5187555972834572 0.9945137079793651 0.8294271435944073 3.4
8250 499.2507754544732 499.2507754544732 0.1 0.6680184136123702 3.292879418691061 0.11455468336861997 1.5187555972834572 0.9945137079793651 0.8294271435944073 3.4
8300 499.2507754544732 499.2507754544732 0.1 0.6680184136123702 3.292879418691061 0.11455468336861997 1.5187555972834572 0.9945137079793651 0.8294271435944073 3.4
8350 499.2507754544732 499.2507754544732 0.1 0.6680184136123702 3.292879418691061 0.11455468336861997 1.5187555972834572 0.9945137079793651 0.8294271435944073 3.4
8400 499.2507754544732 499.2507754544732 0.1 0.6680184136123702 3.292879418691061 0.11455468336861997 1.5187555972834572 0.9945137079793651 0.8294271435944073 3.4
8450 499.2507754544732 499.2507754544732 0.1 0.6680184136123702 3.292879418691061 0.11455468336861997 1.5187555972834572 0.9945137079793651 0.8294271435944073 3.4
8500 499.2507754544732 499.2507754544732 0.1 0.6680184136123702 3.292879418691061 0.11455468336861997 1.5187555972834572 0.9945137079793651 0.8294271435944073 3.4
8550 499.2507754544732 499.2507754544732 0.1 0.6680184136123702 3.292879418691061 0.11455468336861997 1.5187555972834572 0.9945137079793651 0.8294271435944073 3.4
8600 499.2507754544732 499.2507754544732 0.1 0.6680184136123702 3.292879418691061 0.11455468336861997 1.5187555972834572 0.9945137079793651 0.8294271435944073 3.4
8650 499.2507754544732 499.2507754544732 0.1 0.6680184136123702 3.292879418691061 0.11455468336861997 1.5187555972834572 0.9945137079793651 0.8294271435944073 3.4
8700 499.2507754544732 499.2507754544732 0.1 0.6680184136123702 3.292879418691061 0.11455468336861997 1.5187555972834572 0.9945137079793651 0.8294271435944073 3.4
8750 499.2507754544732 499.2507754544732 0.1 0.6680184136123702 3.292879418691061 0.11455468336861997 1.5187555972834572 0.9945137079793651 0.8294271435944073 3.4
8800 499.2507754544732 499.2507754544732 0.1 0.6680184136123702 3.292879418691061 0.11455468336861997 1.5187555972834572 0.9945137079793651 0.8294271435944073 3.4
8850 499.2507754544732 499.2507754544732 0.1 0.6680184136123702 3.292879418691061 0.11455468336861997 1.5187555972834572 0.9945137079793651 0.8294271435944073 3.4
8900 499.2507754544732 499.2507754544732 0.1 0.6680184136123702 3.292879418691061 0.11455468336861997 1.5187555972834572 0.9945137079793651 0.8294271435944073 3.4
8950 499.2507754544732 499.2507754544732 0.1 0.6680184136123702 3.292879418691061 0.11455468336861997 1.5187555972834572 0.9945137079793651 0.8294271435944073 3.4
9000 499.2507754544732 499.2507754544732 0.1 0.6680184136123702 3.292879418691061 0.11455468336861997 1.5187555972834572 0.9945137079793651 0.8294271435944073 3.4
9050 499.2507754544732 499.2507754544732 0.1 0.6680184136123702 3.292879418691061 0.11455468336861997 1.5187555972834572 0.9945137079793651 0.8294271435944073 3.4
9100 499.2507754544732 499.2507754544732 0.1 0.6680184136123702 3.292879418691061 0.11455468336861997 1.5187555972834572 0.9945137079793651 0.8294271435944073 3.4
9150 499.2507754544732 499.2507754544732 0.1 0.6680184136123702 3.292879418691061 0.11455468336861997 1.5187555972834572 0.9945137079793651 0.8294271435944073 3.4
9200 499.2507754544732 499.2507754544732 0.1 0.6680184136123702 3.292879418691061 0.11455468336861997 1.5187555972834572 0.9945137079793651 0.8294271435944073 3.4
9250 499.2507754544732 499.2507754544732 0.1 0.6680184136123702 3.292879418691061 0.11455468336861997 1.5187555972834572 0.9945137079793651 0.8294271435944073 3.4
9300 499.2507754544732 499.2507754544732 0.1 0.6680184136123702 3.292879418691061 0.11455468336861997 1.5187555972834572 0.9945137079793651 0.8294271435944073 3.4
9350 499.2507754544732 499.2507754544732 0.1 0.6680184136123702 3.292879418691061 0.11455468336861997 1.5187555972834572 0.9945137079793651 0.8294271435944073 3.4
9400 499.2507754544732 499.2507754544732 0.1 0.6680184136123702 3.292879418691061 0.11455468336861997 1.5187555972834572 0.9945137079793651 0.8294271435944073 3.4
9450 499.2507754544732 499.2507754544732 0.1 0.6680184136123702 3.292879418691061 0.11455468336861997 1.5187555972834572 0.9945137079793651 0.8294271435944073 3.4
9500 499.2507754544732 499.2507754544732 0.1 0.6680184136123702 3.292879418691061 0.11455468336861997 1.5187555972834572 0.9945137079793651 0.8294271435944073 3.4
9550 499.2507754544732 499.2507754544732 0.1 0.6680184136123702 3.292879418691061 0.11455468336861997 1.5187555972834572 0.9945137079793651 0.8294271435944073 3.4
9600 499.2507754544732 499.2507754544732 0.1 0.6680184136123702 3.292879418691061 0.11455468336861997 1.5187555972834572 0.9945137079793651 0.8294271435944073 3.4
9650 499.2507754544732 499.2507754544732 0.1 0.6680184136123702 3.292879418691061 0.11455468336861997 1.5187555972834572 0.9945137079793651 0.8294271435944073 3.4
9700 499.2507754544732 499.2507754544732 0.1 0.6680184136123702 3.292879418691061 0.11455468336861997 1.5187555972834572 0.9945137079793651 0.8294271435944073 3.4
9750 499.2507754544732 499.2507754544732 0.1 0.6680184136123702 3.292879418691061 0.11455468336861997 1.5187555972834572 0.9945137079793651 0.8294271435944073 3.4
9800 499.2507754544732 499.2507754544732 0.1 0.6680184136123702 3.292879418691061 0.11455468336861997 1.5187555972834572 0.9945137079793651 0.8294271435944073 3.4
9850 499.2507754544732 499.2507754544732 0.1 0.6680184136123702 3.292879418691061 0.11455468336861997 1.5187555972834572 0.9945137079793651 0.8294271435944073 3.4
9900 499.2507754544732 499.2507754544732 0.1 0.6680184136123702 3.292879418691061 0.11455468336861997 1.5187555972834572 0.9945137079793651 0.8294271435944073 3.4
9950 499.2507754544732 499.2507754544732 0.1 0.6680184136123702 3.292879418691061 0.11455468336861997 1.5187555972834572 0.9945137079793651 0.8294271435944073 3.4
10000 499.2507754544732 499.2507754544732 0.1 0.6680184136123702 3.292879418691061 0.11455468336861997 1.5187555972834572 0.9945137079793651 0.8294271435944073 3.4
10050 499.2507754544732 499.2507754544732 0.1 0.6680184136123702 3.292879418691061 0.11455468336861997 1.5187555972834572 0.9945137079793651 0.8294271435944073 3.4
10100 499.2507754544732 499.2507754544732 0.1 0.6680184136123702 3.292879418691061 0.11455468336861997 1.5187555972834572 0.9945137079793651 0.8294271435944073 3.4
10150 499.2507754544732 499.2507754544732 0.1 0.6680184136123702 3.292879418691061 0.11455468336861997 1.5187555972834572 0.9945137079793651 0.8294271435944073 3.4
10200 499.2507754544732 499.2507754544732 0.1 0.6680184136123702 3.292879418691061 0.11455468336861997 1.5187555972834572 0.9945137079793651 0.8294271435944073 3.4
10250 499.2507754544732 499.2507754544732 0.1 0.6680184136123702 3.292879418691061 0.11455468336861997 1.5187555972834572 0.9945137079793651 0.8294271435944073 3.4
10300 499.2507754544732 499.2507754544732 0.1 0.6680184136123702 3.292879418691061 0.11455468336861997 1.5187555972834572 0.9945137079793651 0.8294271435944073 3.4
10350 499.2507754544732 499.2507754544732 0.1 0.6680184136123702 3.292879418691061 0.11455468336861997 1.5187555972834572 0.9945137079793651 0.8294271435944073 3.4
10400 499.2507754544732 499.2507754544732 0.1 0.6680184136123702 3.292879418691061 0.11455468336861997 1.5187555972834572 0.9945137079793651 0.8294271435944073 3.4
10450 499.2507754544732 499.2507754544732 0.1 0.6680184136123702 3.292879418691061 0.11455468336861997 1.5187555972834572 0.9945137079793651 0.8294271435944073 3.4
10500 499.2507754544732 499.2507754544732 0.1 0.6680184136123702 3.292879418691061 0.11455468336861997 1.5187555972834572 0.9945137079793651 0.8294271435944073 3.4
10550 499.2507754544732 499.2507754544732 0.1 0.6680184136123702 3.292879418691061 0.11455468336861997 1.5187555972834572 0.9945137079793651 0.8294271435944073 3.4
10600 499.2507754544732 499.2507754544732 0.1 0.6680184136123702 3.292879418691061 0.11455468336861997 1.5187555972834572 0.9945137079793651 0.8294271435944073 3.4
10650 499.2507754544732 499.2507754544732 0.1 0.6680184136123702 3.292879418691061 0.11455468336861997 1.5187555972834572 0.9945137079793651 0.8294271435944073 3.4
10700 499.2507754544732 499.2507754544732 0.1 0.6680184136123702 3.292879418691061 0.11455468336861997 1.5187555972834572 0.9945137079793651 0.8294271435944073 3.4
10750 499.2507754544732 499.2507754544732 0.1 0.6680184136123702 3.292879418691061 0.11455468336861997 1.5187555972834572 0.9945137079793651 0.8294271435944073 3.4
10800 499.2507754544732 499.2507754544732 0.1 0.6680184136123702 3.292879418691061 0.11455468336861997 1.5187555972834572 0.9945137079793651 0.8294271435944073 3.4
10850 499.2507754544732 499.2507754544732 0.1 0.6680184136123702 3.292879418691061 0.11455468336861997 1.5187555972834572 0.9945137079793651 0.8294271435944073 3.4
10900 499.2507754544732 499.2507754544732 0.1 0.6680184136123702 3.292879418691061 0.11455468336861997 1.5187555972834572 0.9945137079793651 0.8294271435944073 3.4
10950 499.2507754544732 499.2507754544732 0.1 0.6680184136123702 3.292879418691061 0.11455468336861997 1.5187555972834572 0.9945137079793651 0.8294271435944073 3.4
11000 499.2507754544732 499.2507754544732 0.1 0.6680184136123702 3.292879418691061 0.11455468336861997 1.5187555972834572 0.9945137079793651 0.8294271435944073 3.4
11050 499.2507754544732 499.2507754544732 0.1 0.6680184136123702 3.292879418691061 0.11455468336861997 1.5187555972834572 0.9945137079793651 0.8294271435944073 3.4
11100 499.2507754544732 499.2507754544732 0.1 0.6680184136123702 3.292879418691061 0.11455468336861997 1.5187555972834572 0.9945137079793651 0.8294271435944073 3.4
11150 499.2507754544732 499.2507754544732 0.1 0.6680184136123702 3.292879418691061 0.11455468336861997 1.5187555972834572 0.9945137079793651 0.8294271435944073 3.4
11200 499.2507754544732 499.2507754544732 0.1 0.6680184136123702 3.292879418691061 0.11455468336861997 1.5187555972834572 0.9945137079793651 0.8294271435944073 3.4
11250 499.2507754544732 499.2507754544732 0.1 0.6680184136123702 3.292879418691061 0.11455468336861997 1.5187555972834572 0.9945137079793651 0.8294271435944073 3.4
11300 499.2507754544732 499.2507754544732 0.1 0.6680184136123702 3.292879418691061 0.11455468336861997 1.5187555972834572 0.9945137079793651 0.8294271435944073 3.4
11350 499.2507754544732 499.2507754544732 0.1 0.6680184136123702 3.292879418691061 0.11455468336861997 1.5187555972834572 0.9945137079793651 0.8294271435944073 3.4
11400 499.2507754544732 499.2507754544732 0.1 0.6680184136123702 3.292879418691061 0.11455468336861997 1.5187555972834572 0.9945137079793651 0.8294271435944073 3.4
11450 499.2507754544732 499.2507754544732 0.1 0.6680184136123702 3.292879418691061 0.11455468336861997 1.5187555972834572 0.9945137079793651 0.8294271435944073 3.4
11500 499.2507754544732 499.2507754544732 0.1 0.6680184136123702 3.292879418691061 0.11455468336861997 1.5187555972834572 0.9945137079793651 0.8294271435944073 3.4
11550 499.2507754544732 499.2507754544732 0.1 0.6680184136123702 3.292879418691061 0.11455468336861997 1.5187555972834572 0.9945137079793651 0.8294271435944073 3.4
11600 499.2507754544732 499.2507754544732 0.1 0.6680184136123702 3.292879418691061 0.11455468336861997 1.5187555972834572 0.9945137079793651 0.8294271435944073 3.4
11650 499.2507754544732 499.2507754544732 0.1 0.6680184136123702 3.292879418691061 0.11455468336861997 1.5187555972834572 0.9945137079793651 0.8294271435944073 3.4
11700 499.2507754544732 499.2507754544732 0.1 0.6680184136123702 3.292879418691061 0.11455468336861997 1.5187555972834572 0.9945137079793651 0.8294271435944073 3.4
11750 499.2507754544732 499.2507754544732 0.1 0.6680184136123702 3.292879418691061 0.11455468336861997 1.5187555972834572 0.9945137079793651 0.8294271435944073 3.4
11800 499.2507754544732 499.2507754544732 0.1 0.6680184136123702 3.292879418691061 0.11455468336861997 1.5187555972834572 0.9945137079793651 0.8294271435944073 3.4
11850 499.2507754544732 499.2507754544732 0.1 0.6680184136123702 3.292879418691061 0.11455468336861997 1.5187555972834572 0.9945137079793651 0.8294271435944073 3.4
11900 499.2507754544732 499.2507754544732 0.1 0.6680184136123702 3.292879418691061 0.11455468336861997 1.5187555972834572 0.9945137079793651 0.8294271435944073 3.4
11950 499.2507754544732 499.2507754544732 0.1 0.6680184136123702 3.292879418691061 0.11455468336861997 1.5187555972834572 0.9945137079793651 0.8294271435944073 3.4
12000 499.2507754544732 499.2507754544732 0.1 0.6680184136123702 3.292879418691061 0.11455468336861997 1.5187555972834572 0.9945137079793651 0.8294271435944073 3.4
12050 499.2507754544732 499.2507754544732 0.1 0.6680184136123702 3.292879418691061 0.11455468336861997 1.5187555972834572 0.9945137079793651 0.8294271435944073 3.4
12100 499.2507754544732 499.2507754544732 0.1 0.6680184136123702 3.292879418691061 0.11455468336861997 1.5187555972834572 0.9945137079793651 0.8294271435944073 3.4
12150 499.2507754544732 499.2507754544732 0.1 0.6680184136123702 3.292879418691061 0.11455468336861997 1.5187555972834572 0.9945137079793651 0.8294271435944073 3.4
12200 499.2507754544732 499.2507754544732 0.1 0.6680184136123702 3.292879418691061 0.11455468336861997 1.5187555972834572 0.9945137079793651 0.8294271435944073 3.4
12250 499.2507754544732 499.2507754544732 0.1 0.6680184136123702 3.292879418691061 0.11455468336861997 1.5187555972834572 0.9945137079793651 0.8294271435944073 3.4
12300 499.2507754544732 499.2507754544732 0.1 0.6680184136123702 3.292879418691061 0.11455468336861997 1.5187555972834572 0.9945137079793651 0.8294271435944073 3.4
12350 499.2507754544732 499.2507754544732 0.1 0.6680184136123702 3.292879418691061 0.11455468336861997 1.5187555972834572 0.9945137079793651 0.8294271435944073 3.4
12400 499.2507754544732 499.2507754544732 0.1 0.6680184136123702 3.292879418691061 0.11455468336861997 1.5187555972834572 0.9945137079793651 0.8294271435944073 3.4
12450 499.2507754544732 499.2507754544732 0.1 0.6680184136123702 3.292879418691061 0.11455468336861997 1.5187555972834572 0.9945137079793651 0.8294271435944073 3.4
12500 499.2507754544732 499.2507754544732 0.1 0.6680184136123702 3.292879418691061 0.11455468336861997 1.5187555972834572 0.9945137079793651 0.8294271435944073 3.4
12550 499.2507754544732 499.2507754544732 0.1 0.6680184136123702 3.292879418691061 0.11455468336861997 1.5187555972834572 0.9945137079793651 0.8294271435944073 3.4
12600 499.2507754544732 499.2507754544732 0.1 0.6680184136123702 3.292879418691061 0.11455468336861997 1.5187555972834572 0.9945137079793651 0.8294271435944073 3.4
12650 499.2507754544732 499.2507754544732 0.1 0.6680184136123702 3.292879418691061 0.11455468336861997 1.5187555972834572 0.9945137079793651 0.8294271435944073 3.4
12700 499.2507754544732 499.2507754544732 0.1 0.6680184136123702 3.292879418691061 0.11455468336861997 1.5187555972834572 0.9945137079793651 0.8294271435944073 3.4
12750 499.2507754544732 499.2507754544732 0.1 0.6680184136123702 3.292879418691061 0.11455468336861997 1.5187555972834572 0.9945137079793651 0.8294271435944073 3.4
12800 499.2507754544732 499.2507754544732 0.1 0.6680184136123702 3.292879418691061 0.11455468336861997 1.5187555972834572 0.9945137079793651 0.8294271435944073 3.4
12850 499.2507754544732 499.2507754544732 0.1 0.6680184136123702 3.292879418691061 0.11455468336861997 1.5187555972834572 0.9945137079793651 0.8294271435944073 3.4
12900 499.2507754544732 499.2507754544732 0.1 0.6680184136123702 3.292879418691061 0.11455468336861997 1.5187555972834572 0.9945137079793651 0.8294271435944073 3.4
12950 499.2507754544732 499.2507754544732 0.1 0.6680184136123702 3.292879418691061 0.11455468336861997 1.5187555972834572 0.9945137079793651 0.8294271435944073 3.4
13000 499.2507754544732 499.2507754544732 0.1 0.6680184136123702 3.292879418691061 0.11455468336861997 1.5187555972834572 0.9945137079793651 0.8294271435944073 3.4
13050 499.2507754544732 499.2507754544732 0.1 0.6680184136123702 3.292879418691061 0.11455468336861997 1.5187555972834572 0.9945137079793651 0.8294271435944073 3.4
13100 499.2507754544732 499.2507754544732 0.1 0.6680184136123702 3.292879418691061 0.11455468336861997 1.5187555972834572 0.9945137079793651 0.8294271435944073 3.4
13150 499.2507754544732 499.2507754544732 0.1 0.6680184136123702 3.292879418691061 0.11455468336861997 1.5187555972834572 0.9945137079793651 0.8294271435944073 3.4
13200 499.2507754544732 499.2507754544732 0.1 0.6680184136123702 3.292879418691061 0.11455468336861997 1.5187555972834572 0.9945137079793651 0.8294271435944073 3.4
13250 499.2507754544732 499.2507754544732 0.1 0.6680184136123702 3.292879418691061 0.11455468336861997 1.5187555972834572 0.9945137079793651 0.8294271435944073 3.4
13300 499.2507754544732 499.2507754544732 0.1 0.6680184136123702 3.292879418691061 0.11455468336861997 1.5187555972834572 0.9945137079793651 0.8294271435944073 3.4
13350 499.2507754544732 499.2507754544732 0.1 0.6680184136123702 3.292879418691061 0.11455468336861997 1.5187555972834572 0.9945137079793651 0.8294271435944073 3.4
13400 499.2507754544732 499.2507754544732 0.1 0.6680184136123702 3.292879418691061 0.11455468336861997 1.5187555972834572 0.9945137079793651 0.8294271435944073 3.4
13450 499.2507754544732 499.2507754544732 0.1 0.6680184136123702 3.292879418691061 0.11455468336861997 1.5187555972834572 0.9945137079793651 0.8294271435944073 3.4
13500 499.2507754544732 499.2507754544732 0.1 0.6680184136123702 3.292879418691061 0.11455468336861997 1.5187555972834572 0.9945137079793651 0.8294271435944073 3.4
13550 499.2507754544732 499.2507754544732 0.1 0.6680184136123702 3.292879418691061 0.11455468336861997 1.5187555972834572 0.9945137079793651 0.8294271435944073 3.4
13600 499.2507754544732 499.2507754544732 0.1 0.6680184136123702 3.292879418691061 0.11455468336861997 1.5187555972834572 0.9945137079793651 0.8294271435944073 3.4
13650 499.2507754544732 499.2507754544732 0.1 0.6680184136123702 3.292879418691061 0.11455468336861997 1.5187555972834572 0.9945137079793651 0.8294271435944073 3.4
13700 499.2507754544732 499.2507754544732 0.1 0.6680184136123702 3.292879418691061 0.11455468336861997 1.5187555972834572 0.9945137079793651 0.8294271435944073 3.4
13750 499.2507754544732 499.2507754544732 0.1 0.6680184136123702 3.292879418691061 0.11455468336861997 1.5187555972834572 0.9945137079793651 0.8294271435944073 3.4
13800 499.2507754544732 499.2507754544732 0.1 0.6680184136123702 3.292879418691061 0.11455468336861997 1.5187555972834572 0.9945137079793651 0.8294271435944073 3.4
13850 499.2507754544732 499.2507754544732 0.1 0.6680184136123702 3.292879418691061 0.11455468336861997 1.5187555972834572 0.9945137079793651 0.8294271435944073 3.4
13900 499.2507754544732 499.2507754544732 0.1 0.6680184136123702 3.292879418691061 0.11455468336861997 1.5187555972834572 0.9945137079793651 0.8294271435944073 3.4
13950 499.2507754544732 499.2507754544732 0.1 0.6680184136123702 3.292879418691061 0.11455468336861997 1.5187555972834572 0.9945137079793651 0.8294271435944073 3.4
14000 499.2507754544732 499.2507754544732 0.1 0.6680184136123702 3.292879418691061 0.11455468336861997 1.5187555972834572 0.9945137079793651 0.8294271435944073 3.4
14050 499.2507754544732 499.2507754544732 0.1 0.6680184136123702 3.292879418691061 0.11455468336861997 1.5187555972834572 0.9945137079793651 0.8294271435944073 3.4
14100 499.2507754544732 499.2507754544732 0.1 0.6680184136123702 3.292879418691061 0.11455468336861997 1.5187555972834572 0.9945137079793651 0.8294271435944073 3.4
14150 499.2507754544732 499.2507754544732 0.1 0.6680184136123702 3.292879418691061 0.11455468336861997 1.5187555972834572 0.9945137079793651 0.8294271435944073 3.4
14200 499.2507754544732 499.2507754544732 0.1 0.6680184136123702 3.292879418691061 0.11455468336861997 1.5187555972834572 0.9945137079793651 0.8294271435944073 3.4
14250 499.2507754544732 499.2507754544732 0.1 0.6680184136123702 3.292879418691061 0.11455468336861997 1.5187555972834572 0.9945137079793651 0.8294271435944073 3.4
14300 499.2507754544732 499.2507754544732 0.1 0.6680184136123702 3.292879418691061 0.11455468336861997 1.5187555972834572 0.9945137079793651 0.8294271435944073 3.4
14350 499.2507754544732 499.2507754544732 0.1 0.6680184136123702 3.292879418691061 0.11455468336861997 1.5187555972834572 0.9945137079793651 0.8294271435944073 3.4
14400 499.2507754544732 499.2507754544732 0.1 0.6680184136123702 3.292879418691061 0.11455468336861997 1.5187555972834572 0.9945137079793651 0.8294271435944073 3.4
14450 499.2507754544732 499.2507754544732 0.1 0.6680184136123702 3.292879418691061 0.11455468336861997 1.5187555972834572 0.9945137079793651 0.8294271435944073 3.4
14500 499.2507754544732 499.2507754544732 0.1 0.6680184136123702 3.292879418691061 0.11455468336861997 1.5187555972834572 0.9945137079793651 0.8294271435944073 3.4
14550 499.2507754544732 499.2507754544732 0.1 0.6680184136123702 3.292879418691061 0.11455468336861997 1.5187555972834572 0.9945137079793651 0.8294271435944073 3.4
14600 499.2507754544732 499.2507754544732 0.1 0.6680184136123702 3.292879418691061 0.11455468336861997 1.5187555972834572 0.9945137079793651 0.8294271435944073 3.4
14650 499.2507754544732 499.2507754544732 0.1 0.6680184136123702 3.292879418691061 0.11455468336861997 1.5187555972834572 0.9945137079793651 0.8294271435944073 3.4
14700 499.2507754544732 499.2507754544732 0.1 0.6680184136123702 3.292879418691061 0.11455468336861997 1.5187555972834572 0.9945137079793651 0.8294271435944073 3.4
14750 499.2507754544732 499.2507754544732 0.1 0.6680184136123702 3.292879418691061 0.11455468336861997 1.5187555972834572 0.9945137079793651 0.8294271435944073 3.4
14800 499.2507754544732 499.2507754544732 0.1 0.6680184136123702 3.292879418691061 0.11455468336861997 1.5187555972834572 0.9945137079793651 0.8294271435944073 3.4
14850 499.2507754544732 499.2507754544732 0.1 0.6680184136123702 3.292879418691061 0.11455468336861997 1.5187555972834572 0.9945137079793651 0.8294271435944073 3.4
14900 499.2507754544732 499.2507754544732 0.1 0.6680184136123702 3.292879418691061 0.11455468336861997 1.5187555972834572 0.9945137079793651 0.8294271435944073 3.4
14950 499.2507754544732 499.2507754544732 0.1 0.6680184136123702 3.292879418691061 0.11455468336861997 1.5187555972834572 0.9945137079793651 0.8294271435944073 3.4
15000 499.2507754544732 499.2507754544732 0.1 0.6680184136123702 3.292879418691061 0.11455468336861997 1.5187555972834572 0.9945137079793651 0.8294271435944073 3.4
15050 499.2507754544732 499.2507754544732 0.1 0.6680184136123702 3.292879418691061 0.11455468336861997 1.5187555972834572 0.9945137079793651 0.8294271435944073 3.4
15100 499.2507754544732 499.2507754544732 0.1 0.6680184136123702 3.292879418691061 0.11455468336861997 1.5187555972834572 0.9945137079793651 0.8294271435944073 3.4
15150 499.2507754544732 499.2507754544732 0.1 0.6680184136123702 3.292879418691061 0.11455468336861997 1.5187555972834572 0.9945137079793651 0.8294271435944073 3.4
15200 499.2507754544732 499.2507754544732 0.1 0.6680184136123702 3.292879418691061 0.11455468336861997 1.5187555972834572 0.9945137079793651 0.8294271435944073 3.4
15250 499.2507754544732 499.2507754544732 0.1 0.6680184136123702 3.292879418691061 0.11455468336861997 1.5187555972834572 0.9945137079793651 0.8294271435944073 3.4
15300 499.2507754544732 499.2507754544732 0.1 0.6680184136123702 3.292879418691061 0.11455468336861997 1.5187555972834572 0.9945137079793651 0.8294271435944073 3.4
15350 499.2507754544732 499.2507754544732 0.1 0.6680184136123702 3.292879418691061 0.11455468336861997 1.5187555972834572 0.9945137079793651 0.8294271435944073 3.4
15400 499.2507754544732 499.2507754544732 0.1 0.6680184136123702 3.292879418691061 0.11455468336861997 1.5187555972834572 0.9945137079793651 0.8294271435944073 3.4
15450 499.2507754544732 499.2507754544732 0.1 0.6680184136123702 3.292879418691061 0.11455468336861997 1.5187555972834572 0.9945137079793651 0.8294271435944073 3.4
15500 499.2507754544732 499.2507754544732 0.1 0.6680184136123702 3.292879418691061 0.11455468336861997 1.5187555972834572 0.9945137079793651 0.8294271435944073 3.4
15550 499.2507754544732 499.2507754544732 0.1 0.6680184136123702 3.292879418691061 0.11455468336861997 1.5187555972834572 0.9945137079793651 0.8294271435944073 3.4
15600 499.2507754544732 499.2507754544732 0.1 0.6680184136123702 3.292879418691061 0.11455468336861997 1.5187555972834572 0.9945137079793651 0.8294271435944073 3.4
15650 499.2507754544732 499.2507754544732 0.1 0.6680184136123702 3.292879418691061 0.11455468336861997 1.5187555972834572 0.9945137079793651 0.8294271435944073 3.4
15700 499.2507754544732 499.2507754544732 0.1 0.6680184136123702 3.292879418691061 0.11455468336861997 1.5187555972834572 0.9945137079793651 0.8294271435944073 3.4
15750 499.2507754544732 499.2507754544732 0.1 0.6680184136123702 3.292879418691061 0.11455468336861997 1.5187555972834572 0.9945137079793651 0.8294271435944073 3.4
15800 499.2507754544732 499.2507754544732 0.1 0.6680184136123702 3.292879418691061 0.11455468336861997 1.5187555972834572 0.9945137079793651 0.8294271435944073 3.4
15850 499.2507754544732 499.2507754544732 0.1 0.6680184136123702 3.292879418691061 0.11455468336861997 1.5187555972834572 0.9945137079793651 0.8294271435944073 3.4
15900 499.2507754544732 499.2507754544732 0.1 0.6680184136123702 3.292879418691061 0.11455468336861997 1.5187555972834572 0.9945137079793651 0.8294271435944073 3.4
15950 499.2507754544732 499.2507754544732 0.1 0.6680184136123702 3.292879418691061 0.11455468336861997 1.5187555972834572 0.9945137079793651 0.8294271435944073 3.4
16000 499.2507754544732 499.2507754544732 0.1 0.6680184136123702 3.292879418691061 0.11455468336861997 1.5187555972834572 0.9945137079793651 0.8294271435944073 3.4
16050 499.2507754544732 499.2507754544732 0.1 0.6680184136123702 3.292879418691061 0.11455468336861997 1.5187555972834572 0.9945137079793651 0.8294271435944073 3.4
16100 499.2507754544732 499.2507754544732 0.1 0.6680184136123702 3.292879418691061 0.11455468336861997 1.5187555972834572 0.9945137079793651 0.8294271435944073 3.4
16150 499.2507754544732 499.2507754544732 0.1 0.6680184136123702 3.292879418691061 0.11455468336861997 1.5187555972834572 0.9945137079793651 0.8294271435944073 3.4
16200 499.2507754544732 499.2507754544732 0.1 0.6680184136123702 3.292879418691061 0.11455468336861997 1.5187555972834572 0.9945137079793651 0.8294271435944073 3.4
16250 499.2507754544732 499.2507754544732 0.1 0.6680184136123702 3.292879418691061 0.11455468336861997 1.5187555972834572 0.9945137079793651 0.8294271435944073 3.4
16300 499.2507754544732 499.2507754544732 0.1 0.6680184136123702 3.292879418691061 0.11455468336861997 1.5187555972834572 0.9945137079793651 0.8294271435944073 3.4
16350 499.2507754544732 499.2507754544732 0.1 0.6680184136123702 3.292879418691061 0.11455468336861997 1.5187555972834572 0.9945137079793651 0.8294271435944073 3.4
16400 499.2507754544732 499.2507754544732 0.1 0.6680184136123702 3.292879418691061 0.11455468336861997 1.5187555972834572 0.9945137079793651 0.8294271435944073 3.4
16450 499.2507754544732 499.2507754544732 0.1 0.6680184136123702 3.292879418691061 0.11455468336861997 1.5187555972834572 0.9945137079793651 0.8294271435944073 3.4
16500 499.2507754544732 499.2507754544732 0.1 0.6680184136123702 3.292879418691061 0.11455468336861997 1.5187555972834572 0.9945137079793651 0.8294271435944073 3.4
16550 499.2507754544732 499.2507754544732 0.1 0.6680184136123702 3.292879418691061 0.11455468336861997 1.5187555972834572 0.9945137079793651 0.8294271435944073 3.4
16600 499.2507754544732 499.2507754544732 0.1 0.6680184136123702 3.292879418691061 0.11455468336861997 1.5187555972834572 0.9945137079793651 0.8294271435944073 3.4
16650 499.2507754544732 499.2507754544732 0.1 0.6680184136123702 3.292879418691061 0.11455468336861997 1.5187555972834572 0.9945137079793651 0.8294271435944073 3.4
16700 499.2507754544732 499.2507754544732 0.1 0.6680184136123702 3.292879418691061 0.11455468336861997 1.5187555972834572 0.9945137079793651 0.8294271435944073 3.4
16750 499.2507754544732 499.2507754544732 0.1 0.6680184136123702 3.292879418691061 0.11455468336861997 1.5187555972834572 0.9945137079793651 0.8294271435944073 3.4
16800 499.2507754544732 499.2507754544732 0.1 0.6680184136123702 3.292879418691061 0.11455468336861997 1.5187555972834572 0.9945137079793651 0.8294271435944073 3.4
16850 499.2507754544732 499.2507754544732 0.1 0.6680184136123702 3.292879418691061 0.11455468336861997 1.5187555972834572 0.9945137079793651 0.8294271435944073 3.4
16900 499.2507754544732 499.2507754544732 0.1 0.6680184136123702 3.292879418691061 0.11455468336861997 1.5187555972834572 0.9945137079793651 0.8294271435944073 3.4
16950 499.2507754544732 499.2507754544732 0.1 0.6680184136123702 3.292879418691061 0.11455468336861997 1.5187555972834572 0.9945137079793651 0.8294271435944073 3.4
17000 499.2507754544732 499.2507754544732 0.1 0.6680184136123702 3.292879418691061 0.11455468336861997 1.5187555972834572 0.9945137079793651 0.8294271435944073 3.4
17050 499.2507754544732 499.2507754544732 0.1 0.6680184136123702 3.292879418691061 0.11455468336861997 1.5187555972834572 0.9945137079793651 0.8294271435944073 3.4
17100 499.2507754544732 499.2507754544732 0.1 0.6680184136123702 3.292879418691061 0.11455468336861997 1.5187555972834572 0.9945137079793651 0.8294271435944073 3.4
17150 499.2507754544732 499.2507754544732 0.1 0.6680184136123702 3.292879418691061 0.11455468336861997 1.5187555972834572 0.9945137079793651 0.8294271435944073 3.4
17200 499.2507754544732 499.2507754544732 0.1 0.6680184136123702 3.292879418691061 0.11455468336861997 1.5187555972834572 0.9945137079793651 0.8294271435944073 3.4
17250 499.2507754544732 499.2507754544732 0.1 0.6680184136123702 3.292879418691061 0.11455468336861997 1.5187555972834572 0.9945137079793651 0.8294271435944073 3.4
17300 499.2507754544732 499.2507754544732 0.1 0.6680184136123702 3.292879418691061 0.11455468336861997 1.5187555972834572 0.9945137079793651 0.8294271435944073 3.4
17350 499.2507754544732 499.2507754544732 0.1 0.6680184136123702 3.292879418691061 0.11455468336861997 1.5187555972834572 0.9945137079793651 0.8294271435944073 3.4
17400 499.2507754544732 499.2507754544732 0.1 0.6680184136123702 3.292879418691061 0.11455468336861997 1.5187555972834572 0.9945137079793651 0.8294271435944073 3.4
17450 499.2507754544732 499.2507754544732 0.1 0.6680184136123702 3.292879418691061 0.11455468336861997 1.5187555972834572 0.9945137079793651 0.8294271435944073 3.4
17500 499.2507754544732 499.2507754544732 0.1 0.6680184136123702 3.292879418691061 0.11455468336861997 1.5187555972834572 0.9945137079793651 0.8294271435944073 3.4
17550 499.2507754544732 499.2507754544732 0.1 0.6680184136123702 3.292879418691061 0.11455468336861997 1.5187555972834572 0.9945137079793651 0.8294271435944073 3.4
17600 499.2507754544732 499.2507754544732 0.1 0.6680184136123702 3.292879418691061 0.11455468336861997 1.5187555972834572 0.9945137079793651 0.8294271435944073 3.4
17650 499.2507754544732 499.2507754544732 0.1 0.6680184136123702 3.292879418691061 0.11455468336861997 1.5187555972834572 0.9945137079793651 0.8294271435944073 3.4
17700 499.2507754544732 499.2507754544732 0.1 0.6680184136123702 3.292879418691061 0.11455468336861997 1.5187555972834572 0.9945137079793651 0.8294271435944073 3.4
17750 499.2507754544732 499.2507754544732 0.1 0.6680184136123702 3.292879418691061 0.11455468336861997 1.5187555972834572 0.9945137079793651 0.8294271435944073 3.4
17800 499.2507754544732 499.2507754544732 0.1 0.6680184136123702 3.292879418691061 0.11455468336861997 1.5187555972834572 0.9945137079793651 0.8294271435944073 3.4
17850 499.2507754544732 499.2507754544732 0.1 0.6680184136123702 3.292879418691061 0.11455468336861997 1.5187555972834572 0.9945137079793651 0.8294271435944073 3.4
17900 499.2507754544732 499.2507754544732 0.1 0.6680184136123702 3.292879418691061 0.11455468336861997 1.5187555972834572 0.9945137079793651 0.8294271435944073 3.4
17950 499.2507754544732 499.2507754544732 0.1 0.6680184136123702 3.292879418691061 0.11455468336861997 1.5187555972834572 0.9945137079793651 0.8294271435944073 3.4
18000 499.2507754544732 499.2507754544732 0.1 0.6680184136123702 3.292879418691061 0.11455468336861997 1.5187555972834572 0.9945137079793651 0.8294271435944073 3.4
18050 499.2507754544732 499.2507754544732 0.1 0.6680184136123702 3.292879418691061 0.11455468336861997 1.5187555972834572 0.9945137079793651 0.8294271435944073 3.4
18100 499.2507754544732 499.2507754544732 0.1 0.6680184136123702 3.292879418691061 0.11455468336861997 1.5187555972834572 0.9945137079793651 0.8294271435944073 3.4
18150 499.2507754544732 499.2507754544732 0.1 0.6680184136123702 3.292879418691061 0.11455468336861997 1.5187555972834572 0.9945137079793651 0.8294271435944073 3.4
18200 499.2507754544732 499.2507754544732 0.1 0.6680184136123702 3.292879418691061 0.11455468336861997 1.5187555972834572 0.9945137079793651 0.8294271435944073 3.4
18250 499.2507754544732 499.2507754544732 0.1 0.6680184136123702 3.292879418691061 0.11455468336861997 1.5187555972834572 0.9945137079793651 0.8294271435944073 3.4
18300 499.2507754544732 499.2507754544732 0.1 0.6680184136123702 3.292879418691061 0.11455468336861997 1.5187555972834572 0.9945137079793651 0.8294271435944073 3.4
18350 499.2507754544732 499.2507754544732 0.1 0.6680184136123702 3.292879418691061 0.11455468336861997 1.5187555972834572 0.9945137079793651 0.8294271435944073 3.4
18400 499.2507754544732 499.2507754544732 0.1 0.6680184136123702 3.292879418691061 0.11455468336861997 1.5187555972834572 0.9945137079793651 0.8294271435944073 3.4
18450 499.2507754544732 499.2507754544732 0.1 0.6680184136123702 3.292879418691061 0.11455468336861997 1.5187555972834572 0.9945137079793651 0.8294271435944073 3.4
18500 499.2507754544732 499.2507754544732 0.1 0.6680184136123702 3.292879418691061 0.11455468336861997 1.5187555972834572 0.9945137079793651 0.8294271435944073 3.4
18550 499.2507754544732 499.2507754544732 0.1 0.6680184136123702 3.292879418691061 0.11455468336861997 1.5187555972834572 0.9945137079793651 0.8294271435944073 3.4
18600 499.2507754544732 499.2507754544732 0.1 0.6680184136123702 3.292879418691061 0.11455468336861997 1.5187555972834572 0.9945137079793651 0.8294271435944073 3.4
18650 499.2507754544732 499.2507754544732 0.1 0.6680184136123702 3.292879418691061 0.11455468336861997 1.5187555972834572 0.9945137079793651 0.8294271435944073 3.4
18700 499.2507754544732 499.2507754544732 0.1 0.6680184136123702 3.292879418691061 0.11455468336861997 1.5187555972834572 0.9945137079793651 0.8294271435944073 3.4
18750 499.2507754544732 499.2507754544732 0.1 0.6680184136123702 3.292879418691061 0.11455468336861997 1.5187555972834572 0.9945137079793651 0.8294271435944073 3.4
18800 499.2507754544732 499.2507754544732 0.1 0.6680184136123702 3.292879418691061 0.11455468336861997 1.5187555972834572 0.9945137079793651 0.8294271435944073 3.4
18850 499.2507754544732 499.2507754544732 0.1 0.6680184136123702 3.292879418691061 0.11455468336861997 1.5187555972834572 0.9945137079793651 0.8294271435944073 3.4
18900 499.2507754544732 499.2507754544732 0.1 0.6680184136123702 3.292879418691061 0.11455468336861997 1.5187555972834572 0.9945137079793651 0.8294271435944073 3.4
18950 499.2507754544732 499.2507754544732 0.1 0.6680184136123702 3.292879418691061 0.11455468336861997 1.5187555972834572 0.9945137079793651 0.8294271435944073 3.4
19000 499.2507754544732 499.2507754544732 0.1 0.6680184136123702 3.292879418691061 0.11455468336861997 1.5187555972834572 0.9945137079793651 0.8294271435944073 3.4
19050 499.2507754544732 499.2507754544732 0.1 0.6680184136123702 3.292879418691061 0.11455468336861997 1.5187555972834572 0.9945137079793651 0.8294271435944073 3.4
19100 499.2507754544732 499.2507754544732 0.1 0.6680184136123702 3.292879418691061 0.11455468336861997 1.5187555972834572 0.9945137079793651 0.8294271435944073 3.4
19150 499.2507754544732 499.2507754544732 0.1 0.6680184136123702 3.292879418691061 0.11455468336861997 1.5187555972834572 0.9945137079793651 0.8294271435944073 3.4
19200 499.2507754544732 499.2507754544732 0.1 0.6680184136123702 3.292879418691061 0.11455468336861997 1.5187555972834572 0.9945137079793651 0.8294271435944073 3.4
19250 499.2507754544732 499.2507754544732 0.1 0.6680184136123702 3.292879418691061 0.11455468336861997 1.5187555972834572 0.9945137079793651 0.8294271435944073 3.4
19300 499.2507754544732 499.2507754544732 0.1 0.6680184136123702 3.292879418691061 0.11455468336861997 1.5187555972834572 0.9945137079793651 0.8294271435944073 3.4
19350 499.2507754544732 499.2507754544732 0.1 0.6680184136123702 3.292879418691061 0.11455468336861997 1.5187555972834572 0.9945137079793651 0.8294271435944073 3.4
19400 499.2507754544732 499.2507754544732 0.1 0.6680184136123702 3.292879418691061 0.11455468336861997 1.5187555972834572 0.9945137079793651 0.8294271435944073 3.4
19450 499.2507754544732 499.2507754544732 0.1 0.6680184136123702 3.292879418691061 0.11455468336861997 1.5187555972834572 0.9945137079793651 0.8294271435944073 3.4
19500 499.2507754544732 499.2507754544732 0.1 0.6680184136123702 3.292879418691061 0.11455468336861997 1.5187555972834572 0.9945137079793651 0.8294271435944073 3.4
19550 499.2507754544732 499.2507754544732 0.1 0.6680184136123702 3.292879418691061 0.11455468336861997 1.5187555972834572 0.9945137079793651 0.8294271435944073 3.4
19600 499.2507754544732 499.2507754544732 0.1 0.6680184136123702 3.292879418691061 0.11455468336861997 1.5187555972834572 0.9945137079793651 0.8294271435944073 3.4
19650 499.2507754544732 499.2507754544732 0.1 0.6680184136123702 3.292879418691061 0.11455468336861997 1.5187555972834572 0.9945137079793651 0.8294271435944073 3.4
19700 499.2507754544732 499.2507754544732 0.1 0.6680184136123702 3.292879418691061 0.11455468336861997 1.5187555972834572 0.9945137079793651 0.8294271435944073 3.4
19750 499.2507754544732 499.2507754544732 0.1 0.6680184136123702 3.292879418691061 0.11455468336861997 1.5187555972834572 0.9945137079793651 0.8294271435944073 3.4
19800 499.2507754544732 499.2507754544732 0.1 0.6680184136123702 3.292879418691061 0.11455468336861997 1.5187555972834572 0.9945137079793651 0.8294271435944073 3.4
19850 499.2507754544732 499.2507754544732 0.1 0.6680184136123702 3.292879418691061 0.11455468336861997 1.5187555972834572 0.9945137079793651 0.8294271435944073 3.4
19900 499.2507754544732 499.2507754544732 0.1 0.6680184136123702 3.292879418691061 0.11455468336861997 1.5187555972834572 0.9945137079793651 0.8294271435944073 3.4
19950 499.2507754544732 499.2507754544732 0.1 0.6680184136123702 3.292879418691061 0.11455468336861997 1.5187555972834572 0.9945137079793651 0.8294271435944073 3.4
*---*---*---*---*---*---*---*---*---*---*---*---*---*---*---*---*---*---*---*---*
Status: Finished
Last individual
499.2507754544732 499.2507754544732 0.1 0.6680184136123702 3.292879418691061 0.11455468336861997 1.5187555972834572 0.9945137079793651 0.8294271435944073 3.4
Hall of fame
499.2507754544732 499.2507754544732 0.1 0.7202534181662128 3.3393619572269584 0.14801084025446282 1.5274383880206992 0.9980908656638815 0.8454167563045039 3.4
Last factible individual
499.2507754544732 499.2507754544732 0.1 0.6680184136123702 3.292879418691061 0.11455468336861997 1.5187555972834572 0.9945137079793651 0.8294271435944073 3.4
CPU time used (seconds)
3.8870991449948633
