*---*---*---*---*---*---*---*---*---*---*---*---*---*---*---*---*---*---*---*---*
Algorithm: Differential Evolution
Constrainth handling method: APM
Function: 125
Case: discrete
Seed: 3
Parents size: 50
Offsprings size: 50
maxFe: 20000
CR: 0.9
F: 0.6
rweights: -
*---*---*---*---*---*---*---*---*---*---*---*---*---*---*---*---*---*---*---*---*
ngen ObjectiveFunction Fitness ProjectVariables
50 631.6841327485113 631.6841327485113 3.4 1.7552618468489 2.9920033300233304 1.1758401718558114 3.2981490695398397 0.5990810194586614 1.5691891115788519 2.9283192277163548
100 631.6841327485113 631.6841327485113 3.4 1.7552618468489 2.9920033300233304 1.1758401718558114 3.2981490695398397 0.5990810194586614 1.5691891115788519 2.9283192277163548
150 548.9039861663101 548.9039861663101 1.5447618237015879 0.1 3.4 1.5117337020610464 1.9293801983717351 1.1443946910187295 1.2735273146198467 3.4
200 548.9039861663101 548.9039861663101 1.5447618237015879 0.1 3.4 1.5117337020610464 1.9293801983717351 1.1443946910187295 1.2735273146198467 3.4
250 548.9039861663101 548.9039861663101 1.5447618237015879 0.1 3.4 1.5117337020610464 1.9293801983717351 1.1443946910187295 1.2735273146198467 3.4
300 548.9039861663101 548.9039861663101 1.5447618237015879 0.1 3.4 1.5117337020610464 1.9293801983717351 1.1443946910187295 1.2735273146198467 3.4
350 548.9039861663101 548.9039861663101 1.5447618237015879 0.1 3.4 1.5117337020610464 1.9293801983717351 1.1443946910187295 1.2735273146198467 3.4
400 548.9039861663101 548.9039861663101 1.5447618237015879 0.1 3.4 1.5117337020610464 1.9293801983717351 1.1443946910187295 1.2735273146198467 3.4
450 548.9039861663101 548.9039861663101 1.5447618237015879 0.1 3.4 1.5117337020610464 1.9293801983717351 1.1443946910187295 1.2735273146198467 3.4
500 548.9039861663101 548.9039861663101 1.5447618237015879 0.1 3.4 1.5117337020610464 1.9293801983717351 1.1443946910187295 1.2735273146198467 3.4
550 545.195393590289 545.195393590289 3.4 0.9083705195038371 3.265121472675132 0.1 2.732674110406654 0.8653185002490038 0.8095688302480984 3.4
600 545.195393590289 545.195393590289 3.4 0.9083705195038371 3.265121472675132 0.1 2.732674110406654 0.8653185002490038 0.8095688302480984 3.4
650 545.195393590289 545.195393590289 3.4 0.9083705195038371 3.265121472675132 0.1 2.732674110406654 0.8653185002490038 0.8095688302480984 3.4
700 545.195393590289 545.195393590289 3.4 0.9083705195038371 3.265121472675132 0.1 2.732674110406654 0.8653185002490038 0.8095688302480984 3.4
750 545.195393590289 545.195393590289 3.4 0.9083705195038371 3.265121472675132 0.1 2.732674110406654 0.8653185002490038 0.8095688302480984 3.4
800 545.195393590289 545.195393590289 3.4 0.9083705195038371 3.265121472675132 0.1 2.732674110406654 0.8653185002490038 0.8095688302480984 3.4
850 545.195393590289 545.195393590289 3.4 0.9083705195038371 3.265121472675132 0.1 2.732674110406654 0.8653185002490038 0.8095688302480984 3.4
900 544.7580245060024 544.7580245060024 3.065537885955439 1.5510170663944007 3.4 0.1 2.80621119846028 0.9204039926466728 0.32205549008045836 3.3684598364499365
950 544.7580245060024 544.7580245060024 3.065537885955439 1.5510170663944007 3.4 0.1 2.80621119846028 0.9204039926466728 0.32205549008045836 3.3684598364499365
1000 544.7580245060024 544.7580245060024 3.065537885955439 1.5510170663944007 3.4 0.1 2.80621119846028 0.9204039926466728 0.32205549008045836 3.3684598364499365
1050 527.7494012521918 527.7494012521918 2.146408182040372 1.6424627716550178 3.3553836472012972 0.1 1.1690870867580065 1.021154261109232 0.40398280883217597 3.4
1100 521.0007754544732 521.0007754544732 2.7986162438348985 0.6925718809390972 3.4 0.1 1.6080259978966263 1.0117546628776048 0.7575744420161924 3.4
1150 521.0007754544732 521.0007754544732 2.7986162438348985 0.6925718809390972 3.4 0.1 1.6080259978966263 1.0117546628776048 0.7575744420161924 3.4
1200 520.1683017098006 520.1683017098006 1.2090268021696957 0.752757843128958 3.026563471759148 0.1 1.6098212973791073 0.7882857155793458 1.1946287532514788 3.4
1250 520.1683017098006 520.1683017098006 1.2090268021696957 0.752757843128958 3.026563471759148 0.1 1.6098212973791073 0.7882857155793458 1.1946287532514788 3.4
1300 520.1683017098006 520.1683017098006 1.2090268021696957 0.752757843128958 3.026563471759148 0.1 1.6098212973791073 0.7882857155793458 1.1946287532514788 3.4
1350 520.1683017098006 520.1683017098006 1.2090268021696957 0.752757843128958 3.026563471759148 0.1 1.6098212973791073 0.7882857155793458 1.1946287532514788 3.4
1400 520.1683017098006 520.1683017098006 1.2090268021696957 0.752757843128958 3.026563471759148 0.1 1.6098212973791073 0.7882857155793458 1.1946287532514788 3.4
1450 516.6486349799154 516.6486349799154 1.3125264975521642 1.1253795816808907 3.4 0.1 2.6284958540855285 0.8899379400676674 0.5235871179695684 3.3430622175994857
1500 516.6486349799154 516.6486349799154 1.3125264975521642 1.1253795816808907 3.4 0.1 2.6284958540855285 0.8899379400676674 0.5235871179695684 3.3430622175994857
1550 516.6486349799154 516.6486349799154 1.3125264975521642 1.1253795816808907 3.4 0.1 2.6284958540855285 0.8899379400676674 0.5235871179695684 3.3430622175994857
1600 516.6486349799154 516.6486349799154 1.3125264975521642 1.1253795816808907 3.4 0.1 2.6284958540855285 0.8899379400676674 0.5235871179695684 3.3430622175994857
1650 516.6486349799154 516.6486349799154 1.3125264975521642 1.1253795816808907 3.4 0.1 2.6284958540855285 0.8899379400676674 0.5235871179695684 3.3430622175994857
1700 516.6486349799154 516.6486349799154 1.3125264975521642 1.1253795816808907 3.4 0.1 2.6284958540855285 0.8899379400676674 0.5235871179695684 3.3430622175994857
1750 516.6486349799154 516.6486349799154 1.3125264975521642 1.1253795816808907 3.4 0.1 2.6284958540855285 0.8899379400676674 0.5235871179695684 3.3430622175994857
1800 510.9497052171944 510.9497052171944 1.554811124212715 0.9025918575287982 3.222882935637123 0.1 1.8021967334917965 0.9569500271023236 0.6462545748479082 3.4
1850 510.9497052171944 510.9497052171944 1.554811124212715 0.9025918575287982 3.222882935637123 0.1 1.8021967334917965 0.9569500271023236 0.6462545748479082 3.4
1900 510.9497052171944 510.9497052171944 1.554811124212715 0.9025918575287982 3.222882935637123 0.1 1.8021967334917965 0.9569500271023236 0.6462545748479082 3.4
1950 510.9497052171944 510.9497052171944 1.554811124212715 0.9025918575287982 3.222882935637123 0.1 1.8021967334917965 0.9569500271023236 0.6462545748479082 3.4
2000 510.9497052171944 510.9497052171944 1.554811124212715 0.9025918575287982 3.222882935637123 0.1 1.8021967334917965 0.9569500271023236 0.6462545748479082 3.4
2050 510.9497052171944 510.9497052171944 1.554811124212715 0.9025918575287982 3.222882935637123 0.1 1.8021967334917965 0.9569500271023236 0.6462545748479082 3.4
2100 510.83738472697684 510.83738472697684 0.17120688588760613 1.1323758017654928 3.0193746595477062 0.1 1.3502499579563132 1.2771520613714815 0.4982448262881959 3.4
2150 509.90398616631 509.90398616631 0.1 0.1 3.222882935637123 0.1 1.3533308528807921 0.9569500271023236 1.3736865567862289 3.4
2200 509.90398616631 509.90398616631 0.1 0.1 3.222882935637123 0.1 1.3533308528807921 0.9569500271023236 1.3736865567862289 3.4
2250 509.90398616631 509.90398616631 0.1 0.1 3.222882935637123 0.1 1.3533308528807921 0.9569500271023236 1.3736865567862289 3.4
2300 507.1997052171944 507.1997052171944 1.075253930590804 0.9428655637832062 3.4 0.1 1.8450911362211102 1.0196120480363566 0.580099678063622 3.3893180469166997
2350 507.1997052171944 507.1997052171944 1.075253930590804 0.9428655637832062 3.4 0.1 1.8450911362211102 1.0196120480363566 0.580099678063622 3.3893180469166997
2400 507.1997052171944 507.1997052171944 1.075253930590804 0.9428655637832062 3.4 0.1 1.8450911362211102 1.0196120480363566 0.580099678063622 3.3893180469166997
2450 507.1997052171944 507.1997052171944 1.075253930590804 0.9428655637832062 3.4 0.1 1.8450911362211102 1.0196120480363566 0.580099678063622 3.3893180469166997
2500 505.6698584716496 505.6698584716496 0.8170742434760232 1.0141592781372606 3.4 0.1 1.4897450997639592 0.930352652773539 0.6979270069139403 3.2405913492612566
2550 505.6698584716496 505.6698584716496 0.8170742434760232 1.0141592781372606 3.4 0.1 1.4897450997639592 0.930352652773539 0.6979270069139403 3.2405913492612566
2600 503.7507754544732 503.7507754544732 0.53590423181438 0.6710935369626252 3.4 0.1 1.6205511222213027 0.957611964810383 0.7546784301104847 3.3653259806432936
2650 503.7507754544732 503.7507754544732 0.53590423181438 0.6710935369626252 3.4 0.1 1.6205511222213027 0.957611964810383 0.7546784301104847 3.3653259806432936
2700 503.1187882343707 503.1187882343707 0.24297010376727374 1.210066473250761 3.1880573787174185 0.12763664857481197 1.8877638870976061 0.9071413216600397 0.5194210473253562 3.3653259806432936
2750 503.1187882343707 503.1187882343707 0.24297010376727374 1.210066473250761 3.1880573787174185 0.12763664857481197 1.8877638870976061 0.9071413216600397 0.5194210473253562 3.3653259806432936
2800 502.8943233530101 502.8943233530101 0.1 1.130246389471091 3.177140798829314 0.24513653847767358 1.7069225582747256 1.0280172364647686 0.5295312471662825 3.3814112318609855
2850 502.8943233530101 502.8943233530101 0.1 1.130246389471091 3.177140798829314 0.24513653847767358 1.7069225582747256 1.0280172364647686 0.5295312471662825 3.3814112318609855
2900 502.8943233530101 502.8943233530101 0.1 1.130246389471091 3.177140798829314 0.24513653847767358 1.7069225582747256 1.0280172364647686 0.5295312471662825 3.3814112318609855
2950 502.8943233530101 502.8943233530101 0.1 1.130246389471091 3.177140798829314 0.24513653847767358 1.7069225582747256 1.0280172364647686 0.5295312471662825 3.3814112318609855
3000 502.8943233530101 502.8943233530101 0.1 1.130246389471091 3.177140798829314 0.24513653847767358 1.7069225582747256 1.0280172364647686 0.5295312471662825 3.3814112318609855
3050 502.8943233530101 502.8943233530101 0.1 1.130246389471091 3.177140798829314 0.24513653847767358 1.7069225582747256 1.0280172364647686 0.5295312471662825 3.3814112318609855
3100 502.8943233530101 502.8943233530101 0.1 1.130246389471091 3.177140798829314 0.24513653847767358 1.7069225582747256 1.0280172364647686 0.5295312471662825 3.3814112318609855
3150 502.8943233530101 502.8943233530101 0.1 1.130246389471091 3.177140798829314 0.24513653847767358 1.7069225582747256 1.0280172364647686 0.5295312471662825 3.3814112318609855
3200 502.8943233530101 502.8943233530101 0.1 1.130246389471091 3.177140798829314 0.24513653847767358 1.7069225582747256 1.0280172364647686 0.5295312471662825 3.3814112318609855
3250 502.8943233530101 502.8943233530101 0.1 1.130246389471091 3.177140798829314 0.24513653847767358 1.7069225582747256 1.0280172364647686 0.5295312471662825 3.3814112318609855
3300 502.8943233530101 502.8943233530101 0.1 1.130246389471091 3.177140798829314 0.24513653847767358 1.7069225582747256 1.0280172364647686 0.5295312471662825 3.3814112318609855
3350 502.8943233530101 502.8943233530101 0.1 1.130246389471091 3.177140798829314 0.24513653847767358 1.7069225582747256 1.0280172364647686 0.5295312471662825 3.3814112318609855
3400 502.8943233530101 502.8943233530101 0.1 1.130246389471091 3.177140798829314 0.24513653847767358 1.7069225582747256 1.0280172364647686 0.5295312471662825 3.3814112318609855
3450 502.2507754544733 502.2507754544733 0.1 0.6758201107548609 3.4 0.1 1.7493068041609947 1.1367851924551726 0.7323131949658677 3.2836665381823953
3500 502.2507754544733 502.2507754544733 0.1 0.6758201107548609 3.4 0.1 1.7493068041609947 1.1367851924551726 0.7323131949658677 3.2836665381823953
3550 502.2507754544733 502.2507754544733 0.1 0.6758201107548609 3.4 0.1 1.7493068041609947 1.1367851924551726 0.7323131949658677 3.2836665381823953
3600 502.2507754544733 502.2507754544733 0.1 0.6758201107548609 3.4 0.1 1.7493068041609947 1.1367851924551726 0.7323131949658677 3.2836665381823953
3650 501.27631057311265 501.27631057311265 0.1 0.6203489978339376 3.4 0.16991266889095724 1.385003521386243 1.036400862680835 0.9337198535008074 3.3251447239465395
3700 500.9453935902891 500.9453935902891 0.1 0.9279894451709905 3.2556911307280942 0.1 1.4436204211591017 1.0449962697637414 0.6983635475571185 3.247813470795585
3750 500.7507754544732 500.7507754544732 0.1 0.7222964825728186 3.2286802565172983 0.1 1.5664675674255113 1.026803761196882 0.8149030387820627 3.3058907439323595
3800 500.4497052171944 500.4497052171944 0.18578206226036426 0.8739209149236608 3.320785825855997 0.10040987308062792 1.7525951509284539 0.9946149624870911 0.5942850091781257 3.3133766765063895
3850 500.4497052171944 500.4497052171944 0.18578206226036426 0.8739209149236608 3.320785825855997 0.10040987308062792 1.7525951509284539 0.9946149624870911 0.5942850091781257 3.3133766765063895
3900 500.4497052171944 500.4497052171944 0.18578206226036426 0.8739209149236608 3.320785825855997 0.10040987308062792 1.7525951509284539 0.9946149624870911 0.5942850091781257 3.3133766765063895
3950 500.4497052171944 500.4497052171944 0.18578206226036426 0.8739209149236608 3.320785825855997 0.10040987308062792 1.7525951509284539 0.9946149624870911 0.5942850091781257 3.3133766765063895
4000 500.4497052171944 500.4497052171944 0.18578206226036426 0.8739209149236608 3.320785825855997 0.10040987308062792 1.7525951509284539 0.9946149624870911 0.5942850091781257 3.3133766765063895
4050 500.4497052171944 500.4497052171944 0.18578206226036426 0.8739209149236608 3.320785825855997 0.10040987308062792 1.7525951509284539 0.9946149624870911 0.5942850091781257 3.3133766765063895
4100 500.4497052171944 500.4497052171944 0.18578206226036426 0.8739209149236608 3.320785825855997 0.10040987308062792 1.7525951509284539 0.9946149624870911 0.5942850091781257 3.3133766765063895
4150 500.4497052171944 500.4497052171944 0.18578206226036426 0.8739209149236608 3.320785825855997 0.10040987308062792 1.7525951509284539 0.9946149624870911 0.5942850091781257 3.3133766765063895
4200 499.6997052171944 499.6997052171944 0.1 0.8774704889491937 3.4 0.10488751945511976 1.7791345320837508 0.9698594783665374 0.6421961871969587 3.287906980703621
4250 499.6997052171944 499.6997052171944 0.1 0.8774704889491937 3.4 0.10488751945511976 1.7791345320837508 0.9698594783665374 0.6421961871969587 3.287906980703621
4300 499.6997052171944 499.6997052171944 0.1 0.8774704889491937 3.4 0.10488751945511976 1.7791345320837508 0.9698594783665374 0.6421961871969587 3.287906980703621
4350 499.6997052171944 499.6997052171944 0.1 0.8774704889491937 3.4 0.10488751945511976 1.7791345320837508 0.9698594783665374 0.6421961871969587 3.287906980703621
4400 499.6997052171944 499.6997052171944 0.1 0.8774704889491937 3.4 0.10488751945511976 1.7791345320837508 0.9698594783665374 0.6421961871969587 3.287906980703621
4450 499.6997052171944 499.6997052171944 0.1 0.8774704889491937 3.4 0.10488751945511976 1.7791345320837508 0.9698594783665374 0.6421961871969587 3.287906980703621
4500 499.6997052171944 499.6997052171944 0.1 0.8774704889491937 3.4 0.10488751945511976 1.7791345320837508 0.9698594783665374 0.6421961871969587 3.287906980703621
4550 499.6997052171944 499.6997052171944 0.1 0.8774704889491937 3.4 0.10488751945511976 1.7791345320837508 0.9698594783665374 0.6421961871969587 3.287906980703621
4600 499.6997052171944 499.6997052171944 0.1 0.8774704889491937 3.4 0.10488751945511976 1.7791345320837508 0.9698594783665374 0.6421961871969587 3.287906980703621
4650 499.6997052171944 499.6997052171944 0.1 0.8774704889491937 3.4 0.10488751945511976 1.7791345320837508 0.9698594783665374 0.6421961871969587 3.287906980703621
4700 499.6997052171944 499.6997052171944 0.1 0.8774704889491937 3.4 0.10488751945511976 1.7791345320837508 0.9698594783665374 0.6421961871969587 3.287906980703621
4750 499.6997052171944 499.6997052171944 0.1 0.8774704889491937 3.4 0.10488751945511976 1.7791345320837508 0.9698594783665374 0.6421961871969587 3.287906980703621
4800 499.6997052171944 499.6997052171944 0.1 0.8774704889491937 3.4 0.10488751945511976 1.7791345320837508 0.9698594783665374 0.6421961871969587 3.287906980703621
4850 499.6997052171944 499.6997052171944 0.1 0.8774704889491937 3.4 0.10488751945511976 1.7791345320837508 0.9698594783665374 0.6421961871969587 3.287906980703621
4900 499.2507754544732 499.2507754544732 0.1 0.6999679951449859 3.1804098588423826 0.1 1.5032470383837782 1.0138848518289831 0.7800259145690268 3.4
4950 499.2507754544732 499.2507754544732 0.1 0.6999679951449859 3.1804098588423826 0.1 1.5032470383837782 1.0138848518289831 0.7800259145690268 3.4
5000 499.2507754544732 499.2507754544732 0.1 0.6999679951449859 3.1804098588423826 0.1 1.5032470383837782 1.0138848518289831 0.7800259145690268 3.4
5050 499.2507754544732 499.2507754544732 0.1 0.6999679951449859 3.1804098588423826 0.1 1.5032470383837782 1.0138848518289831 0.7800259145690268 3.4
5100 499.2507754544732 499.2507754544732 0.1 0.6999679951449859 3.1804098588423826 0.1 1.5032470383837782 1.0138848518289831 0.7800259145690268 3.4
5150 499.2507754544732 499.2507754544732 0.1 0.6999679951449859 3.1804098588423826 0.1 1.5032470383837782 1.0138848518289831 0.7800259145690268 3.4
5200 499.2507754544732 499.2507754544732 0.1 0.6999679951449859 3.1804098588423826 0.1 1.5032470383837782 1.0138848518289831 0.7800259145690268 3.4
5250 499.2507754544732 499.2507754544732 0.1 0.6999679951449859 3.1804098588423826 0.1 1.5032470383837782 1.0138848518289831 0.7800259145690268 3.4
5300 499.2507754544732 499.2507754544732 0.1 0.6999679951449859 3.1804098588423826 0.1 1.5032470383837782 1.0138848518289831 0.7800259145690268 3.4
5350 499.2507754544732 499.2507754544732 0.1 0.6999679951449859 3.1804098588423826 0.1 1.5032470383837782 1.0138848518289831 0.7800259145690268 3.4
5400 499.2507754544732 499.2507754544732 0.1 0.6999679951449859 3.1804098588423826 0.1 1.5032470383837782 1.0138848518289831 0.7800259145690268 3.4
5450 499.2507754544732 499.2507754544732 0.1 0.6999679951449859 3.1804098588423826 0.1 1.5032470383837782 1.0138848518289831 0.7800259145690268 3.4
5500 499.2507754544732 499.2507754544732 0.1 0.6999679951449859 3.1804098588423826 0.1 1.5032470383837782 1.0138848518289831 0.7800259145690268 3.4
5550 499.2507754544732 499.2507754544732 0.1 0.6999679951449859 3.1804098588423826 0.1 1.5032470383837782 1.0138848518289831 0.7800259145690268 3.4
5600 499.2507754544732 499.2507754544732 0.1 0.6999679951449859 3.1804098588423826 0.1 1.5032470383837782 1.0138848518289831 0.7800259145690268 3.4
5650 499.2507754544732 499.2507754544732 0.1 0.6999679951449859 3.1804098588423826 0.1 1.5032470383837782 1.0138848518289831 0.7800259145690268 3.4
5700 499.2507754544732 499.2507754544732 0.1 0.6999679951449859 3.1804098588423826 0.1 1.5032470383837782 1.0138848518289831 0.7800259145690268 3.4
5750 499.2507754544732 499.2507754544732 0.1 0.6999679951449859 3.1804098588423826 0.1 1.5032470383837782 1.0138848518289831 0.7800259145690268 3.4
5800 499.2507754544732 499.2507754544732 0.1 0.6999679951449859 3.1804098588423826 0.1 1.5032470383837782 1.0138848518289831 0.7800259145690268 3.4
5850 499.2507754544732 499.2507754544732 0.1 0.6999679951449859 3.1804098588423826 0.1 1.5032470383837782 1.0138848518289831 0.7800259145690268 3.4
5900 499.2507754544732 499.2507754544732 0.1 0.6999679951449859 3.1804098588423826 0.1 1.5032470383837782 1.0138848518289831 0.7800259145690268 3.4
5950 499.2507754544732 499.2507754544732 0.1 0.6999679951449859 3.1804098588423826 0.1 1.5032470383837782 1.0138848518289831 0.7800259145690268 3.4
6000 499.2507754544732 499.2507754544732 0.1 0.6999679951449859 3.1804098588423826 0.1 1.5032470383837782 1.0138848518289831 0.7800259145690268 3.4
6050 499.2507754544732 499.2507754544732 0.1 0.7148376720943906 3.3618353474846536 0.1296559133538026 1.5255352010108743 1.0030632190990034 0.8480561243015508 3.354808930585791
6100 499.2507754544732 499.2507754544732 0.1 0.7148376720943906 3.3618353474846536 0.1296559133538026 1.5255352010108743 1.0030632190990034 0.8480561243015508 3.354808930585791
6150 499.2507754544732 499.2507754544732 0.1 0.700541830772094 3.256590763749493 0.1 1.4967119742758157 1.0159951364088982 0.7788712883875463 3.4
6200 499.2507754544732 499.2507754544732 0.1 0.700541830772094 3.256590763749493 0.1 1.4967119742758157 1.0159951364088982 0.7788712883875463 3.4
6250 499.2507754544732 499.2507754544732 0.1 0.700541830772094 3.256590763749493 0.1 1.4967119742758157 1.0159951364088982 0.7788712883875463 3.4
6300 499.2507754544732 499.2507754544732 0.1 0.700541830772094 3.256590763749493 0.1 1.4967119742758157 1.0159951364088982 0.7788712883875463 3.4
6350 499.2507754544732 499.2507754544732 0.1 0.700541830772094 3.256590763749493 0.1 1.4967119742758157 1.0159951364088982 0.7788712883875463 3.4
6400 499.2507754544732 499.2507754544732 0.1 0.700541830772094 3.256590763749493 0.1 1.4967119742758157 1.0159951364088982 0.7788712883875463 3.4
6450 499.2507754544732 499.2507754544732 0.1 0.700541830772094 3.256590763749493 0.1 1.4967119742758157 1.0159951364088982 0.7788712883875463 3.4
6500 499.2507754544732 499.2507754544732 0.1 0.700541830772094 3.256590763749493 0.1 1.4967119742758157 1.0159951364088982 0.7788712883875463 3.4
6550 499.2507754544732 499.2507754544732 0.1 0.700541830772094 3.256590763749493 0.1 1.4967119742758157 1.0159951364088982 0.7788712883875463 3.4
6600 499.2507754544732 499.2507754544732 0.1 0.700541830772094 3.256590763749493 0.1 1.4967119742758157 1.0159951364088982 0.7788712883875463 3.4
6650 499.2507754544732 499.2507754544732 0.1 0.700541830772094 3.256590763749493 0.1 1.4967119742758157 1.0159951364088982 0.7788712883875463 3.4
6700 499.2507754544732 499.2507754544732 0.1 0.700541830772094 3.256590763749493 0.1 1.4967119742758157 1.0159951364088982 0.7788712883875463 3.4
6750 499.2507754544732 499.2507754544732 0.1 0.700541830772094 3.256590763749493 0.1 1.4967119742758157 1.0159951364088982 0.7788712883875463 3.4
6800 499.2507754544732 499.2507754544732 0.1 0.700541830772094 3.256590763749493 0.1 1.4967119742758157 1.0159951364088982 0.7788712883875463 3.4
6850 499.2507754544732 499.2507754544732 0.1 0.700541830772094 3.256590763749493 0.1 1.4967119742758157 1.0159951364088982 0.7788712883875463 3.4
6900 499.2507754544732 499.2507754544732 0.1 0.700541830772094 3.256590763749493 0.1 1.4967119742758157 1.0159951364088982 0.7788712883875463 3.4
6950 499.2507754544732 499.2507754544732 0.1 0.700541830772094 3.256590763749493 0.1 1.4967119742758157 1.0159951364088982 0.7788712883875463 3.4
7000 499.2507754544732 499.2507754544732 0.1 0.700541830772094 3.256590763749493 0.1 1.4967119742758157 1.0159951364088982 0.7788712883875463 3.4
7050 499.2507754544732 499.2507754544732 0.1 0.700541830772094 3.256590763749493 0.1 1.4967119742758157 1.0159951364088982 0.7788712883875463 3.4
7100 499.2507754544732 499.2507754544732 0.1 0.700541830772094 3.256590763749493 0.1 1.4967119742758157 1.0159951364088982 0.7788712883875463 3.4
7150 499.2507754544732 499.2507754544732 0.1 0.700541830772094 3.256590763749493 0.1 1.4967119742758157 1.0159951364088982 0.7788712883875463 3.4
7200 499.2507754544732 499.2507754544732 0.1 0.700541830772094 3.256590763749493 0.1 1.4967119742758157 1.0159951364088982 0.7788712883875463 3.4
7250 499.2507754544732 499.2507754544732 0.1 0.700541830772094 3.256590763749493 0.1 1.4967119742758157 1.0159951364088982 0.7788712883875463 3.4
7300 499.2507754544732 499.2507754544732 0.1 0.700541830772094 3.256590763749493 0.1 1.4967119742758157 1.0159951364088982 0.7788712883875463 3.4
7350 499.2507754544732 499.2507754544732 0.1 0.700541830772094 3.256590763749493 0.1 1.4967119742758157 1.0159951364088982 0.7788712883875463 3.4
7400 499.2507754544732 499.2507754544732 0.1 0.700541830772094 3.256590763749493 0.1 1.4967119742758157 1.0159951364088982 0.7788712883875463 3.4
7450 499.2507754544732 499.2507754544732 0.1 0.700541830772094 3.256590763749493 0.1 1.4967119742758157 1.0159951364088982 0.7788712883875463 3.4
7500 499.2507754544732 499.2507754544732 0.1 0.6890424217356446 3.1643151547531696 0.1 1.4884904555871807 1.0183738912249698 0.7575338532342967 3.360014328777336
7550 499.2507754544732 499.2507754544732 0.1 0.6890424217356446 3.1643151547531696 0.1 1.4884904555871807 1.0183738912249698 0.7575338532342967 3.360014328777336
7600 499.2507754544732 499.2507754544732 0.1 0.706771800253592 3.2253987445674217 0.11261452706258665 1.5263135366475398 0.9844580926827915 0.8491895090811418 3.4
7650 499.2507754544732 499.2507754544732 0.1 0.706771800253592 3.2253987445674217 0.11261452706258665 1.5263135366475398 0.9844580926827915 0.8491895090811418 3.4
7700 499.2507754544732 499.2507754544732 0.1 0.706771800253592 3.2253987445674217 0.11261452706258665 1.5263135366475398 0.9844580926827915 0.8491895090811418 3.4
7750 499.2507754544732 499.2507754544732 0.1 0.706771800253592 3.2253987445674217 0.11261452706258665 1.5263135366475398 0.9844580926827915 0.8491895090811418 3.4
7800 499.2507754544732 499.2507754544732 0.1 0.706771800253592 3.2253987445674217 0.11261452706258665 1.5263135366475398 0.9844580926827915 0.8491895090811418 3.4
7850 499.2507754544732 499.2507754544732 0.1 0.706771800253592 3.2253987445674217 0.11261452706258665 1.5263135366475398 0.9844580926827915 0.8491895090811418 3.4
7900 499.2507754544732 499.2507754544732 0.1 0.706771800253592 3.2253987445674217 0.11261452706258665 1.5263135366475398 0.9844580926827915 0.8491895090811418 3.4
7950 499.2507754544732 499.2507754544732 0.1 0.706771800253592 3.2253987445674217 0.11261452706258665 1.5263135366475398 0.9844580926827915 0.8491895090811418 3.4
8000 499.2507754544732 499.2507754544732 0.1 0.706771800253592 3.2253987445674217 0.11261452706258665 1.5263135366475398 0.9844580926827915 0.8491895090811418 3.4
8050 499.2507754544732 499.2507754544732 0.1 0.706771800253592 3.2253987445674217 0.11261452706258665 1.5263135366475398 0.9844580926827915 0.8491895090811418 3.4
8100 499.2507754544732 499.2507754544732 0.1 0.706771800253592 3.2253987445674217 0.11261452706258665 1.5263135366475398 0.9844580926827915 0.8491895090811418 3.4
8150 499.2507754544732 499.2507754544732 0.1 0.706771800253592 3.2253987445674217 0.11261452706258665 1.5263135366475398 0.9844580926827915 0.8491895090811418 3.4
8200 499.2507754544732 499.2507754544732 0.1 0.706771800253592 3.2253987445674217 0.11261452706258665 1.5263135366475398 0.9844580926827915 0.8491895090811418 3.4
8250 499.2507754544732 499.2507754544732 0.1 0.706771800253592 3.2253987445674217 0.11261452706258665 1.5263135366475398 0.9844580926827915 0.8491895090811418 3.4
8300 499.2507754544732 499.2507754544732 0.1 0.706771800253592 3.2253987445674217 0.11261452706258665 1.5263135366475398 0.9844580926827915 0.8491895090811418 3.4
8350 499.2507754544732 499.2507754544732 0.1 0.706771800253592 3.2253987445674217 0.11261452706258665 1.5263135366475398 0.9844580926827915 0.8491895090811418 3.4
8400 499.2507754544732 499.2507754544732 0.1 0.706771800253592 3.2253987445674217 0.11261452706258665 1.5263135366475398 0.9844580926827915 0.8491895090811418 3.4
8450 499.2507754544732 499.2507754544732 0.1 0.706771800253592 3.2253987445674217 0.11261452706258665 1.5263135366475398 0.9844580926827915 0.8491895090811418 3.4
8500 499.2507754544732 499.2507754544732 0.1 0.706771800253592 3.2253987445674217 0.11261452706258665 1.5263135366475398 0.9844580926827915 0.8491895090811418 3.4
8550 499.2507754544732 499.2507754544732 0.1 0.706771800253592 3.2253987445674217 0.11261452706258665 1.5263135366475398 0.9844580926827915 0.8491895090811418 3.4
8600 499.2507754544732 499.2507754544732 0.1 0.706771800253592 3.2253987445674217 0.11261452706258665 1.5263135366475398 0.9844580926827915 0.8491895090811418 3.4
8650 499.2507754544732 499.2507754544732 0.1 0.706771800253592 3.2253987445674217 0.11261452706258665 1.5263135366475398 0.9844580926827915 0.8491895090811418 3.4
8700 499.2507754544732 499.2507754544732 0.1 0.706771800253592 3.2253987445674217 0.11261452706258665 1.5263135366475398 0.9844580926827915 0.8491895090811418 3.4
8750 499.2507754544732 499.2507754544732 0.1 0.706771800253592 3.2253987445674217 0.11261452706258665 1.5263135366475398 0.9844580926827915 0.8491895090811418 3.4
8800 499.2507754544732 499.2507754544732 0.1 0.706771800253592 3.2253987445674217 0.11261452706258665 1.5263135366475398 0.9844580926827915 0.8491895090811418 3.4
8850 499.2507754544732 499.2507754544732 0.1 0.706771800253592 3.2253987445674217 0.11261452706258665 1.5263135366475398 0.9844580926827915 0.8491895090811418 3.4
8900 499.2507754544732 499.2507754544732 0.1 0.706771800253592 3.2253987445674217 0.11261452706258665 1.5263135366475398 0.9844580926827915 0.8491895090811418 3.4
8950 499.2507754544732 499.2507754544732 0.1 0.706771800253592 3.2253987445674217 0.11261452706258665 1.5263135366475398 0.9844580926827915 0.8491895090811418 3.4
9000 499.2507754544732 499.2507754544732 0.1 0.706771800253592 3.2253987445674217 0.11261452706258665 1.5263135366475398 0.9844580926827915 0.8491895090811418 3.4
9050 499.2507754544732 499.2507754544732 0.1 0.706771800253592 3.2253987445674217 0.11261452706258665 1.5263135366475398 0.9844580926827915 0.8491895090811418 3.4
9100 499.2507754544732 499.2507754544732 0.1 0.706771800253592 3.2253987445674217 0.11261452706258665 1.5263135366475398 0.9844580926827915 0.8491895090811418 3.4
9150 499.2507754544732 499.2507754544732 0.1 0.706771800253592 3.2253987445674217 0.11261452706258665 1.5263135366475398 0.9844580926827915 0.8491895090811418 3.4
9200 499.2507754544732 499.2507754544732 0.1 0.706771800253592 3.2253987445674217 0.11261452706258665 1.5263135366475398 0.9844580926827915 0.8491895090811418 3.4
9250 499.2507754544732 499.2507754544732 0.1 0.706771800253592 3.2253987445674217 0.11261452706258665 1.5263135366475398 0.9844580926827915 0.8491895090811418 3.4
9300 499.2507754544732 499.2507754544732 0.1 0.706771800253592 3.2253987445674217 0.11261452706258665 1.5263135366475398 0.9844580926827915 0.8491895090811418 3.4
9350 499.2507754544732 499.2507754544732 0.1 0.706771800253592 3.2253987445674217 0.11261452706258665 1.5263135366475398 0.9844580926827915 0.8491895090811418 3.4
9400 499.2507754544732 499.2507754544732 0.1 0.706771800253592 3.2253987445674217 0.11261452706258665 1.5263135366475398 0.9844580926827915 0.8491895090811418 3.4
9450 499.2507754544732 499.2507754544732 0.1 0.706771800253592 3.2253987445674217 0.11261452706258665 1.5263135366475398 0.9844580926827915 0.8491895090811418 3.4
9500 499.2507754544732 499.2507754544732 0.1 0.706771800253592 3.2253987445674217 0.11261452706258665 1.5263135366475398 0.9844580926827915 0.8491895090811418 3.4
9550 499.2507754544732 499.2507754544732 0.1 0.706771800253592 3.2253987445674217 0.11261452706258665 1.5263135366475398 0.9844580926827915 0.8491895090811418 3.4
9600 499.2507754544732 499.2507754544732 0.1 0.706771800253592 3.2253987445674217 0.11261452706258665 1.5263135366475398 0.9844580926827915 0.8491895090811418 3.4
9650 499.2507754544732 499.2507754544732 0.1 0.706771800253592 3.2253987445674217 0.11261452706258665 1.5263135366475398 0.9844580926827915 0.8491895090811418 3.4
9700 499.2507754544732 499.2507754544732 0.1 0.706771800253592 3.2253987445674217 0.11261452706258665 1.5263135366475398 0.9844580926827915 0.8491895090811418 3.4
9750 499.2507754544732 499.2507754544732 0.1 0.706771800253592 3.2253987445674217 0.11261452706258665 1.5263135366475398 0.9844580926827915 0.8491895090811418 3.4
9800 499.2507754544732 499.2507754544732 0.1 0.706771800253592 3.2253987445674217 0.11261452706258665 1.5263135366475398 0.9844580926827915 0.8491895090811418 3.4
9850 499.2507754544732 499.2507754544732 0.1 0.706771800253592 3.2253987445674217 0.11261452706258665 1.5263135366475398 0.9844580926827915 0.8491895090811418 3.4
9900 499.2507754544732 499.2507754544732 0.1 0.706771800253592 3.2253987445674217 0.11261452706258665 1.5263135366475398 0.9844580926827915 0.8491895090811418 3.4
9950 499.2507754544732 499.2507754544732 0.1 0.706771800253592 3.2253987445674217 0.11261452706258665 1.5263135366475398 0.9844580926827915 0.8491895090811418 3.4
10000 499.2507754544732 499.2507754544732 0.1 0.706771800253592 3.2253987445674217 0.11261452706258665 1.5263135366475398 0.9844580926827915 0.8491895090811418 3.4
10050 499.2507754544732 499.2507754544732 0.1 0.706771800253592 3.2253987445674217 0.11261452706258665 1.5263135366475398 0.9844580926827915 0.8491895090811418 3.4
10100 499.2507754544732 499.2507754544732 0.1 0.706771800253592 3.2253987445674217 0.11261452706258665 1.5263135366475398 0.9844580926827915 0.8491895090811418 3.4
10150 499.2507754544732 499.2507754544732 0.1 0.706771800253592 3.2253987445674217 0.11261452706258665 1.5263135366475398 0.9844580926827915 0.8491895090811418 3.4
10200 499.2507754544732 499.2507754544732 0.1 0.706771800253592 3.2253987445674217 0.11261452706258665 1.5263135366475398 0.9844580926827915 0.8491895090811418 3.4
10250 499.2507754544732 499.2507754544732 0.1 0.706771800253592 3.2253987445674217 0.11261452706258665 1.5263135366475398 0.9844580926827915 0.8491895090811418 3.4
10300 499.2507754544732 499.2507754544732 0.1 0.706771800253592 3.2253987445674217 0.11261452706258665 1.5263135366475398 0.9844580926827915 0.8491895090811418 3.4
10350 499.2507754544732 499.2507754544732 0.1 0.706771800253592 3.2253987445674217 0.11261452706258665 1.5263135366475398 0.9844580926827915 0.8491895090811418 3.4
10400 499.2507754544732 499.2507754544732 0.1 0.706771800253592 3.2253987445674217 0.11261452706258665 1.5263135366475398 0.9844580926827915 0.8491895090811418 3.4
10450 499.2507754544732 499.2507754544732 0.1 0.706771800253592 3.2253987445674217 0.11261452706258665 1.5263135366475398 0.9844580926827915 0.8491895090811418 3.4
10500 499.2507754544732 499.2507754544732 0.1 0.706771800253592 3.2253987445674217 0.11261452706258665 1.5263135366475398 0.9844580926827915 0.8491895090811418 3.4
10550 499.2507754544732 499.2507754544732 0.1 0.706771800253592 3.2253987445674217 0.11261452706258665 1.5263135366475398 0.9844580926827915 0.8491895090811418 3.4
10600 499.2507754544732 499.2507754544732 0.1 0.706771800253592 3.2253987445674217 0.11261452706258665 1.5263135366475398 0.9844580926827915 0.8491895090811418 3.4
10650 499.2507754544732 499.2507754544732 0.1 0.706771800253592 3.2253987445674217 0.11261452706258665 1.5263135366475398 0.9844580926827915 0.8491895090811418 3.4
10700 499.2507754544732 499.2507754544732 0.1 0.706771800253592 3.2253987445674217 0.11261452706258665 1.5263135366475398 0.9844580926827915 0.8491895090811418 3.4
10750 499.2507754544732 499.2507754544732 0.1 0.706771800253592 3.2253987445674217 0.11261452706258665 1.5263135366475398 0.9844580926827915 0.8491895090811418 3.4
10800 499.2507754544732 499.2507754544732 0.1 0.706771800253592 3.2253987445674217 0.11261452706258665 1.5263135366475398 0.9844580926827915 0.8491895090811418 3.4
10850 499.2507754544732 499.2507754544732 0.1 0.706771800253592 3.2253987445674217 0.11261452706258665 1.5263135366475398 0.9844580926827915 0.8491895090811418 3.4
10900 499.2507754544732 499.2507754544732 0.1 0.706771800253592 3.2253987445674217 0.11261452706258665 1.5263135366475398 0.9844580926827915 0.8491895090811418 3.4
10950 499.2507754544732 499.2507754544732 0.1 0.706771800253592 3.2253987445674217 0.11261452706258665 1.5263135366475398 0.9844580926827915 0.8491895090811418 3.4
11000 499.2507754544732 499.2507754544732 0.1 0.706771800253592 3.2253987445674217 0.11261452706258665 1.5263135366475398 0.9844580926827915 0.8491895090811418 3.4
11050 499.2507754544732 499.2507754544732 0.1 0.706771800253592 3.2253987445674217 0.11261452706258665 1.5263135366475398 0.9844580926827915 0.8491895090811418 3.4
11100 499.2507754544732 499.2507754544732 0.1 0.706771800253592 3.2253987445674217 0.11261452706258665 1.5263135366475398 0.9844580926827915 0.8491895090811418 3.4
11150 499.2507754544732 499.2507754544732 0.1 0.706771800253592 3.2253987445674217 0.11261452706258665 1.5263135366475398 0.9844580926827915 0.8491895090811418 3.4
11200 499.2507754544732 499.2507754544732 0.1 0.706771800253592 3.2253987445674217 0.11261452706258665 1.5263135366475398 0.9844580926827915 0.8491895090811418 3.4
11250 499.2507754544732 499.2507754544732 0.1 0.706771800253592 3.2253987445674217 0.11261452706258665 1.5263135366475398 0.9844580926827915 0.8491895090811418 3.4
11300 499.2507754544732 499.2507754544732 0.1 0.706771800253592 3.2253987445674217 0.11261452706258665 1.5263135366475398 0.9844580926827915 0.8491895090811418 3.4
11350 499.2507754544732 499.2507754544732 0.1 0.706771800253592 3.2253987445674217 0.11261452706258665 1.5263135366475398 0.9844580926827915 0.8491895090811418 3.4
11400 499.2507754544732 499.2507754544732 0.1 0.706771800253592 3.2253987445674217 0.11261452706258665 1.5263135366475398 0.9844580926827915 0.8491895090811418 3.4
11450 499.2507754544732 499.2507754544732 0.1 0.706771800253592 3.2253987445674217 0.11261452706258665 1.5263135366475398 0.9844580926827915 0.8491895090811418 3.4
11500 499.2507754544732 499.2507754544732 0.1 0.706771800253592 3.2253987445674217 0.11261452706258665 1.5263135366475398 0.9844580926827915 0.8491895090811418 3.4
11550 499.2507754544732 499.2507754544732 0.1 0.706771800253592 3.2253987445674217 0.11261452706258665 1.5263135366475398 0.9844580926827915 0.8491895090811418 3.4
11600 499.2507754544732 499.2507754544732 0.1 0.706771800253592 3.2253987445674217 0.11261452706258665 1.5263135366475398 0.9844580926827915 0.8491895090811418 3.4
11650 499.2507754544732 499.2507754544732 0.1 0.706771800253592 3.2253987445674217 0.11261452706258665 1.5263135366475398 0.9844580926827915 0.8491895090811418 3.4
11700 499.2507754544732 499.2507754544732 0.1 0.706771800253592 3.2253987445674217 0.11261452706258665 1.5263135366475398 0.9844580926827915 0.8491895090811418 3.4
11750 499.2507754544732 499.2507754544732 0.1 0.706771800253592 3.2253987445674217 0.11261452706258665 1.5263135366475398 0.9844580926827915 0.8491895090811418 3.4
11800 499.2507754544732 499.2507754544732 0.1 0.706771800253592 3.2253987445674217 0.11261452706258665 1.5263135366475398 0.9844580926827915 0.8491895090811418 3.4
11850 499.2507754544732 499.2507754544732 0.1 0.706771800253592 3.2253987445674217 0.11261452706258665 1.5263135366475398 0.9844580926827915 0.8491895090811418 3.4
11900 499.2507754544732 499.2507754544732 0.1 0.706771800253592 3.2253987445674217 0.11261452706258665 1.5263135366475398 0.9844580926827915 0.8491895090811418 3.4
11950 499.2507754544732 499.2507754544732 0.1 0.706771800253592 3.2253987445674217 0.11261452706258665 1.5263135366475398 0.9844580926827915 0.8491895090811418 3.4
12000 499.2507754544732 499.2507754544732 0.1 0.706771800253592 3.2253987445674217 0.11261452706258665 1.5263135366475398 0.9844580926827915 0.8491895090811418 3.4
12050 499.2507754544732 499.2507754544732 0.1 0.706771800253592 3.2253987445674217 0.11261452706258665 1.5263135366475398 0.9844580926827915 0.8491895090811418 3.4
12100 499.2507754544732 499.2507754544732 0.1 0.706771800253592 3.2253987445674217 0.11261452706258665 1.5263135366475398 0.9844580926827915 0.8491895090811418 3.4
12150 499.2507754544732 499.2507754544732 0.1 0.706771800253592 3.2253987445674217 0.11261452706258665 1.5263135366475398 0.9844580926827915 0.8491895090811418 3.4
12200 499.2507754544732 499.2507754544732 0.1 0.706771800253592 3.2253987445674217 0.11261452706258665 1.5263135366475398 0.9844580926827915 0.8491895090811418 3.4
12250 499.2507754544732 499.2507754544732 0.1 0.706771800253592 3.2253987445674217 0.11261452706258665 1.5263135366475398 0.9844580926827915 0.8491895090811418 3.4
12300 499.2507754544732 499.2507754544732 0.1 0.706771800253592 3.2253987445674217 0.11261452706258665 1.5263135366475398 0.9844580926827915 0.8491895090811418 3.4
12350 499.2507754544732 499.2507754544732 0.1 0.706771800253592 3.2253987445674217 0.11261452706258665 1.5263135366475398 0.9844580926827915 0.8491895090811418 3.4
12400 499.2507754544732 499.2507754544732 0.1 0.706771800253592 3.2253987445674217 0.11261452706258665 1.5263135366475398 0.9844580926827915 0.8491895090811418 3.4
12450 499.2507754544732 499.2507754544732 0.1 0.706771800253592 3.2253987445674217 0.11261452706258665 1.5263135366475398 0.9844580926827915 0.8491895090811418 3.4
12500 499.2507754544732 499.2507754544732 0.1 0.706771800253592 3.2253987445674217 0.11261452706258665 1.5263135366475398 0.9844580926827915 0.8491895090811418 3.4
12550 499.2507754544732 499.2507754544732 0.1 0.706771800253592 3.2253987445674217 0.11261452706258665 1.5263135366475398 0.9844580926827915 0.8491895090811418 3.4
12600 499.2507754544732 499.2507754544732 0.1 0.706771800253592 3.2253987445674217 0.11261452706258665 1.5263135366475398 0.9844580926827915 0.8491895090811418 3.4
12650 499.2507754544732 499.2507754544732 0.1 0.706771800253592 3.2253987445674217 0.11261452706258665 1.5263135366475398 0.9844580926827915 0.8491895090811418 3.4
12700 499.2507754544732 499.2507754544732 0.1 0.706771800253592 3.2253987445674217 0.11261452706258665 1.5263135366475398 0.9844580926827915 0.8491895090811418 3.4
12750 499.2507754544732 499.2507754544732 0.1 0.706771800253592 3.2253987445674217 0.11261452706258665 1.5263135366475398 0.9844580926827915 0.8491895090811418 3.4
12800 499.2507754544732 499.2507754544732 0.1 0.706771800253592 3.2253987445674217 0.11261452706258665 1.5263135366475398 0.9844580926827915 0.8491895090811418 3.4
12850 499.2507754544732 499.2507754544732 0.1 0.706771800253592 3.2253987445674217 0.11261452706258665 1.5263135366475398 0.9844580926827915 0.8491895090811418 3.4
12900 499.2507754544732 499.2507754544732 0.1 0.706771800253592 3.2253987445674217 0.11261452706258665 1.5263135366475398 0.9844580926827915 0.8491895090811418 3.4
12950 499.2507754544732 499.2507754544732 0.1 0.706771800253592 3.2253987445674217 0.11261452706258665 1.5263135366475398 0.9844580926827915 0.8491895090811418 3.4
13000 499.2507754544732 499.2507754544732 0.1 0.706771800253592 3.2253987445674217 0.11261452706258665 1.5263135366475398 0.9844580926827915 0.8491895090811418 3.4
13050 499.2507754544732 499.2507754544732 0.1 0.706771800253592 3.2253987445674217 0.11261452706258665 1.5263135366475398 0.9844580926827915 0.8491895090811418 3.4
13100 499.2507754544732 499.2507754544732 0.1 0.706771800253592 3.2253987445674217 0.11261452706258665 1.5263135366475398 0.9844580926827915 0.8491895090811418 3.4
13150 499.2507754544732 499.2507754544732 0.1 0.706771800253592 3.2253987445674217 0.11261452706258665 1.5263135366475398 0.9844580926827915 0.8491895090811418 3.4
13200 499.2507754544732 499.2507754544732 0.1 0.706771800253592 3.2253987445674217 0.11261452706258665 1.5263135366475398 0.9844580926827915 0.8491895090811418 3.4
13250 499.2507754544732 499.2507754544732 0.1 0.706771800253592 3.2253987445674217 0.11261452706258665 1.5263135366475398 0.9844580926827915 0.8491895090811418 3.4
13300 499.2507754544732 499.2507754544732 0.1 0.706771800253592 3.2253987445674217 0.11261452706258665 1.5263135366475398 0.9844580926827915 0.8491895090811418 3.4
13350 499.2507754544732 499.2507754544732 0.1 0.706771800253592 3.2253987445674217 0.11261452706258665 1.5263135366475398 0.9844580926827915 0.8491895090811418 3.4
13400 499.2507754544732 499.2507754544732 0.1 0.706771800253592 3.2253987445674217 0.11261452706258665 1.5263135366475398 0.9844580926827915 0.8491895090811418 3.4
13450 499.2507754544732 499.2507754544732 0.1 0.706771800253592 3.2253987445674217 0.11261452706258665 1.5263135366475398 0.9844580926827915 0.8491895090811418 3.4
13500 499.2507754544732 499.2507754544732 0.1 0.706771800253592 3.2253987445674217 0.11261452706258665 1.5263135366475398 0.9844580926827915 0.8491895090811418 3.4
13550 499.2507754544732 499.2507754544732 0.1 0.706771800253592 3.2253987445674217 0.11261452706258665 1.5263135366475398 0.9844580926827915 0.8491895090811418 3.4
13600 499.2507754544732 499.2507754544732 0.1 0.706771800253592 3.2253987445674217 0.11261452706258665 1.5263135366475398 0.9844580926827915 0.8491895090811418 3.4
13650 499.2507754544732 499.2507754544732 0.1 0.706771800253592 3.2253987445674217 0.11261452706258665 1.5263135366475398 0.9844580926827915 0.8491895090811418 3.4
13700 499.2507754544732 499.2507754544732 0.1 0.706771800253592 3.2253987445674217 0.11261452706258665 1.5263135366475398 0.9844580926827915 0.8491895090811418 3.4
13750 499.2507754544732 499.2507754544732 0.1 0.706771800253592 3.2253987445674217 0.11261452706258665 1.5263135366475398 0.9844580926827915 0.8491895090811418 3.4
13800 499.2507754544732 499.2507754544732 0.1 0.706771800253592 3.2253987445674217 0.11261452706258665 1.5263135366475398 0.9844580926827915 0.8491895090811418 3.4
13850 499.2507754544732 499.2507754544732 0.1 0.706771800253592 3.2253987445674217 0.11261452706258665 1.5263135366475398 0.9844580926827915 0.8491895090811418 3.4
13900 499.2507754544732 499.2507754544732 0.1 0.706771800253592 3.2253987445674217 0.11261452706258665 1.5263135366475398 0.9844580926827915 0.8491895090811418 3.4
13950 499.2507754544732 499.2507754544732 0.1 0.706771800253592 3.2253987445674217 0.11261452706258665 1.5263135366475398 0.9844580926827915 0.8491895090811418 3.4
14000 499.2507754544732 499.2507754544732 0.1 0.706771800253592 3.2253987445674217 0.11261452706258665 1.5263135366475398 0.9844580926827915 0.8491895090811418 3.4
14050 499.2507754544732 499.2507754544732 0.1 0.706771800253592 3.2253987445674217 0.11261452706258665 1.5263135366475398 0.9844580926827915 0.8491895090811418 3.4
14100 499.2507754544732 499.2507754544732 0.1 0.706771800253592 3.2253987445674217 0.11261452706258665 1.5263135366475398 0.9844580926827915 0.8491895090811418 3.4
14150 499.2507754544732 499.2507754544732 0.1 0.706771800253592 3.2253987445674217 0.11261452706258665 1.5263135366475398 0.9844580926827915 0.8491895090811418 3.4
14200 499.2507754544732 499.2507754544732 0.1 0.706771800253592 3.2253987445674217 0.11261452706258665 1.5263135366475398 0.9844580926827915 0.8491895090811418 3.4
14250 499.2507754544732 499.2507754544732 0.1 0.706771800253592 3.2253987445674217 0.11261452706258665 1.5263135366475398 0.9844580926827915 0.8491895090811418 3.4
14300 499.2507754544732 499.2507754544732 0.1 0.706771800253592 3.2253987445674217 0.11261452706258665 1.5263135366475398 0.9844580926827915 0.8491895090811418 3.4
14350 499.2507754544732 499.2507754544732 0.1 0.706771800253592 3.2253987445674217 0.11261452706258665 1.5263135366475398 0.9844580926827915 0.8491895090811418 3.4
14400 499.2507754544732 499.2507754544732 0.1 0.706771800253592 3.2253987445674217 0.11261452706258665 1.5263135366475398 0.9844580926827915 0.8491895090811418 3.4
14450 499.2507754544732 499.2507754544732 0.1 0.706771800253592 3.2253987445674217 0.11261452706258665 1.5263135366475398 0.9844580926827915 0.8491895090811418 3.4
14500 499.2507754544732 499.2507754544732 0.1 0.706771800253592 3.2253987445674217 0.11261452706258665 1.5263135366475398 0.9844580926827915 0.8491895090811418 3.4
14550 499.2507754544732 499.2507754544732 0.1 0.706771800253592 3.2253987445674217 0.11261452706258665 1.5263135366475398 0.9844580926827915 0.8491895090811418 3.4
14600 499.2507754544732 499.2507754544732 0.1 0.706771800253592 3.2253987445674217 0.11261452706258665 1.5263135366475398 0.9844580926827915 0.8491895090811418 3.4
14650 499.2507754544732 499.2507754544732 0.1 0.706771800253592 3.2253987445674217 0.11261452706258665 1.5263135366475398 0.9844580926827915 0.8491895090811418 3.4
14700 499.2507754544732 499.2507754544732 0.1 0.706771800253592 3.2253987445674217 0.11261452706258665 1.5263135366475398 0.9844580926827915 0.8491895090811418 3.4
14750 499.2507754544732 499.2507754544732 0.1 0.706771800253592 3.2253987445674217 0.11261452706258665 1.5263135366475398 0.9844580926827915 0.8491895090811418 3.4
14800 499.2507754544732 499.2507754544732 0.1 0.706771800253592 3.2253987445674217 0.11261452706258665 1.5263135366475398 0.9844580926827915 0.8491895090811418 3.4
14850 499.2507754544732 499.2507754544732 0.1 0.706771800253592 3.2253987445674217 0.11261452706258665 1.5263135366475398 0.9844580926827915 0.8491895090811418 3.4
14900 499.2507754544732 499.2507754544732 0.1 0.706771800253592 3.2253987445674217 0.11261452706258665 1.5263135366475398 0.9844580926827915 0.8491895090811418 3.4
14950 499.2507754544732 499.2507754544732 0.1 0.706771800253592 3.2253987445674217 0.11261452706258665 1.5263135366475398 0.9844580926827915 0.8491895090811418 3.4
15000 499.2507754544732 499.2507754544732 0.1 0.706771800253592 3.2253987445674217 0.11261452706258665 1.5263135366475398 0.9844580926827915 0.8491895090811418 3.4
15050 499.2507754544732 499.2507754544732 0.1 0.706771800253592 3.2253987445674217 0.11261452706258665 1.5263135366475398 0.9844580926827915 0.8491895090811418 3.4
15100 499.2507754544732 499.2507754544732 0.1 0.706771800253592 3.2253987445674217 0.11261452706258665 1.5263135366475398 0.9844580926827915 0.8491895090811418 3.4
15150 499.2507754544732 499.2507754544732 0.1 0.706771800253592 3.2253987445674217 0.11261452706258665 1.5263135366475398 0.9844580926827915 0.8491895090811418 3.4
15200 499.2507754544732 499.2507754544732 0.1 0.706771800253592 3.2253987445674217 0.11261452706258665 1.5263135366475398 0.9844580926827915 0.8491895090811418 3.4
15250 499.2507754544732 499.2507754544732 0.1 0.706771800253592 3.2253987445674217 0.11261452706258665 1.5263135366475398 0.9844580926827915 0.8491895090811418 3.4
15300 499.2507754544732 499.2507754544732 0.1 0.706771800253592 3.2253987445674217 0.11261452706258665 1.5263135366475398 0.9844580926827915 0.8491895090811418 3.4
15350 499.2507754544732 499.2507754544732 0.1 0.706771800253592 3.2253987445674217 0.11261452706258665 1.5263135366475398 0.9844580926827915 0.8491895090811418 3.4
15400 499.2507754544732 499.2507754544732 0.1 0.706771800253592 3.2253987445674217 0.11261452706258665 1.5263135366475398 0.9844580926827915 0.8491895090811418 3.4
15450 499.2507754544732 499.2507754544732 0.1 0.706771800253592 3.2253987445674217 0.11261452706258665 1.5263135366475398 0.9844580926827915 0.8491895090811418 3.4
15500 499.2507754544732 499.2507754544732 0.1 0.706771800253592 3.2253987445674217 0.11261452706258665 1.5263135366475398 0.9844580926827915 0.8491895090811418 3.4
15550 499.2507754544732 499.2507754544732 0.1 0.706771800253592 3.2253987445674217 0.11261452706258665 1.5263135366475398 0.9844580926827915 0.8491895090811418 3.4
15600 499.2507754544732 499.2507754544732 0.1 0.706771800253592 3.2253987445674217 0.11261452706258665 1.5263135366475398 0.9844580926827915 0.8491895090811418 3.4
15650 499.2507754544732 499.2507754544732 0.1 0.706771800253592 3.2253987445674217 0.11261452706258665 1.5263135366475398 0.9844580926827915 0.8491895090811418 3.4
15700 499.2507754544732 499.2507754544732 0.1 0.706771800253592 3.2253987445674217 0.11261452706258665 1.5263135366475398 0.9844580926827915 0.8491895090811418 3.4
15750 499.2507754544732 499.2507754544732 0.1 0.706771800253592 3.2253987445674217 0.11261452706258665 1.5263135366475398 0.9844580926827915 0.8491895090811418 3.4
15800 499.2507754544732 499.2507754544732 0.1 0.706771800253592 3.2253987445674217 0.11261452706258665 1.5263135366475398 0.9844580926827915 0.8491895090811418 3.4
15850 499.2507754544732 499.2507754544732 0.1 0.706771800253592 3.2253987445674217 0.11261452706258665 1.5263135366475398 0.9844580926827915 0.8491895090811418 3.4
15900 499.2507754544732 499.2507754544732 0.1 0.706771800253592 3.2253987445674217 0.11261452706258665 1.5263135366475398 0.9844580926827915 0.8491895090811418 3.4
15950 499.2507754544732 499.2507754544732 0.1 0.706771800253592 3.2253987445674217 0.11261452706258665 1.5263135366475398 0.9844580926827915 0.8491895090811418 3.4
16000 499.2507754544732 499.2507754544732 0.1 0.706771800253592 3.2253987445674217 0.11261452706258665 1.5263135366475398 0.9844580926827915 0.8491895090811418 3.4
16050 499.2507754544732 499.2507754544732 0.1 0.706771800253592 3.2253987445674217 0.11261452706258665 1.5263135366475398 0.9844580926827915 0.8491895090811418 3.4
16100 499.2507754544732 499.2507754544732 0.1 0.706771800253592 3.2253987445674217 0.11261452706258665 1.5263135366475398 0.9844580926827915 0.8491895090811418 3.4
16150 499.2507754544732 499.2507754544732 0.1 0.706771800253592 3.2253987445674217 0.11261452706258665 1.5263135366475398 0.9844580926827915 0.8491895090811418 3.4
16200 499.2507754544732 499.2507754544732 0.1 0.706771800253592 3.2253987445674217 0.11261452706258665 1.5263135366475398 0.9844580926827915 0.8491895090811418 3.4
16250 499.2507754544732 499.2507754544732 0.1 0.706771800253592 3.2253987445674217 0.11261452706258665 1.5263135366475398 0.9844580926827915 0.8491895090811418 3.4
16300 499.2507754544732 499.2507754544732 0.1 0.706771800253592 3.2253987445674217 0.11261452706258665 1.5263135366475398 0.9844580926827915 0.8491895090811418 3.4
16350 499.2507754544732 499.2507754544732 0.1 0.706771800253592 3.2253987445674217 0.11261452706258665 1.5263135366475398 0.9844580926827915 0.8491895090811418 3.4
16400 499.2507754544732 499.2507754544732 0.1 0.706771800253592 3.2253987445674217 0.11261452706258665 1.5263135366475398 0.9844580926827915 0.8491895090811418 3.4
16450 499.2507754544732 499.2507754544732 0.1 0.706771800253592 3.2253987445674217 0.11261452706258665 1.5263135366475398 0.9844580926827915 0.8491895090811418 3.4
16500 499.2507754544732 499.2507754544732 0.1 0.706771800253592 3.2253987445674217 0.11261452706258665 1.5263135366475398 0.9844580926827915 0.8491895090811418 3.4
16550 499.2507754544732 499.2507754544732 0.1 0.706771800253592 3.2253987445674217 0.11261452706258665 1.5263135366475398 0.9844580926827915 0.8491895090811418 3.4
16600 499.2507754544732 499.2507754544732 0.1 0.706771800253592 3.2253987445674217 0.11261452706258665 1.5263135366475398 0.9844580926827915 0.8491895090811418 3.4
16650 499.2507754544732 499.2507754544732 0.1 0.706771800253592 3.2253987445674217 0.11261452706258665 1.5263135366475398 0.9844580926827915 0.8491895090811418 3.4
16700 499.2507754544732 499.2507754544732 0.1 0.706771800253592 3.2253987445674217 0.11261452706258665 1.5263135366475398 0.9844580926827915 0.8491895090811418 3.4
16750 499.2507754544732 499.2507754544732 0.1 0.706771800253592 3.2253987445674217 0.11261452706258665 1.5263135366475398 0.9844580926827915 0.8491895090811418 3.4
16800 499.2507754544732 499.2507754544732 0.1 0.706771800253592 3.2253987445674217 0.11261452706258665 1.5263135366475398 0.9844580926827915 0.8491895090811418 3.4
16850 499.2507754544732 499.2507754544732 0.1 0.706771800253592 3.2253987445674217 0.11261452706258665 1.5263135366475398 0.9844580926827915 0.8491895090811418 3.4
16900 499.2507754544732 499.2507754544732 0.1 0.706771800253592 3.2253987445674217 0.11261452706258665 1.5263135366475398 0.9844580926827915 0.8491895090811418 3.4
16950 499.2507754544732 499.2507754544732 0.1 0.706771800253592 3.2253987445674217 0.11261452706258665 1.5263135366475398 0.9844580926827915 0.8491895090811418 3.4
17000 499.2507754544732 499.2507754544732 0.1 0.706771800253592 3.2253987445674217 0.11261452706258665 1.5263135366475398 0.9844580926827915 0.8491895090811418 3.4
17050 499.2507754544732 499.2507754544732 0.1 0.706771800253592 3.2253987445674217 0.11261452706258665 1.5263135366475398 0.9844580926827915 0.8491895090811418 3.4
17100 499.2507754544732 499.2507754544732 0.1 0.706771800253592 3.2253987445674217 0.11261452706258665 1.5263135366475398 0.9844580926827915 0.8491895090811418 3.4
17150 499.2507754544732 499.2507754544732 0.1 0.706771800253592 3.2253987445674217 0.11261452706258665 1.5263135366475398 0.9844580926827915 0.8491895090811418 3.4
17200 499.2507754544732 499.2507754544732 0.1 0.706771800253592 3.2253987445674217 0.11261452706258665 1.5263135366475398 0.9844580926827915 0.8491895090811418 3.4
17250 499.2507754544732 499.2507754544732 0.1 0.706771800253592 3.2253987445674217 0.11261452706258665 1.5263135366475398 0.9844580926827915 0.8491895090811418 3.4
17300 499.2507754544732 499.2507754544732 0.1 0.706771800253592 3.2253987445674217 0.11261452706258665 1.5263135366475398 0.9844580926827915 0.8491895090811418 3.4
17350 499.2507754544732 499.2507754544732 0.1 0.706771800253592 3.2253987445674217 0.11261452706258665 1.5263135366475398 0.9844580926827915 0.8491895090811418 3.4
17400 499.2507754544732 499.2507754544732 0.1 0.706771800253592 3.2253987445674217 0.11261452706258665 1.5263135366475398 0.9844580926827915 0.8491895090811418 3.4
17450 499.2507754544732 499.2507754544732 0.1 0.706771800253592 3.2253987445674217 0.11261452706258665 1.5263135366475398 0.9844580926827915 0.8491895090811418 3.4
17500 499.2507754544732 499.2507754544732 0.1 0.706771800253592 3.2253987445674217 0.11261452706258665 1.5263135366475398 0.9844580926827915 0.8491895090811418 3.4
17550 499.2507754544732 499.2507754544732 0.1 0.706771800253592 3.2253987445674217 0.11261452706258665 1.5263135366475398 0.9844580926827915 0.8491895090811418 3.4
17600 499.2507754544732 499.2507754544732 0.1 0.706771800253592 3.2253987445674217 0.11261452706258665 1.5263135366475398 0.9844580926827915 0.8491895090811418 3.4
17650 499.2507754544732 499.2507754544732 0.1 0.706771800253592 3.2253987445674217 0.11261452706258665 1.5263135366475398 0.9844580926827915 0.8491895090811418 3.4
17700 499.2507754544732 499.2507754544732 0.1 0.706771800253592 3.2253987445674217 0.11261452706258665 1.5263135366475398 0.9844580926827915 0.8491895090811418 3.4
17750 499.2507754544732 499.2507754544732 0.1 0.706771800253592 3.2253987445674217 0.11261452706258665 1.5263135366475398 0.9844580926827915 0.8491895090811418 3.4
17800 499.2507754544732 499.2507754544732 0.1 0.706771800253592 3.2253987445674217 0.11261452706258665 1.5263135366475398 0.9844580926827915 0.8491895090811418 3.4
17850 499.2507754544732 499.2507754544732 0.1 0.706771800253592 3.2253987445674217 0.11261452706258665 1.5263135366475398 0.9844580926827915 0.8491895090811418 3.4
17900 499.2507754544732 499.2507754544732 0.1 0.706771800253592 3.2253987445674217 0.11261452706258665 1.5263135366475398 0.9844580926827915 0.8491895090811418 3.4
17950 499.2507754544732 499.2507754544732 0.1 0.706771800253592 3.2253987445674217 0.11261452706258665 1.5263135366475398 0.9844580926827915 0.8491895090811418 3.4
18000 499.2507754544732 499.2507754544732 0.1 0.706771800253592 3.2253987445674217 0.11261452706258665 1.5263135366475398 0.9844580926827915 0.8491895090811418 3.4
18050 499.2507754544732 499.2507754544732 0.1 0.706771800253592 3.2253987445674217 0.11261452706258665 1.5263135366475398 0.9844580926827915 0.8491895090811418 3.4
18100 499.2507754544732 499.2507754544732 0.1 0.706771800253592 3.2253987445674217 0.11261452706258665 1.5263135366475398 0.9844580926827915 0.8491895090811418 3.4
18150 499.2507754544732 499.2507754544732 0.1 0.706771800253592 3.2253987445674217 0.11261452706258665 1.5263135366475398 0.9844580926827915 0.8491895090811418 3.4
18200 499.2507754544732 499.2507754544732 0.1 0.706771800253592 3.2253987445674217 0.11261452706258665 1.5263135366475398 0.9844580926827915 0.8491895090811418 3.4
18250 499.2507754544732 499.2507754544732 0.1 0.706771800253592 3.2253987445674217 0.11261452706258665 1.5263135366475398 0.9844580926827915 0.8491895090811418 3.4
18300 499.2507754544732 499.2507754544732 0.1 0.706771800253592 3.2253987445674217 0.11261452706258665 1.5263135366475398 0.9844580926827915 0.8491895090811418 3.4
18350 499.2507754544732 499.2507754544732 0.1 0.706771800253592 3.2253987445674217 0.11261452706258665 1.5263135366475398 0.9844580926827915 0.8491895090811418 3.4
18400 499.2507754544732 499.2507754544732 0.1 0.706771800253592 3.2253987445674217 0.11261452706258665 1.5263135366475398 0.9844580926827915 0.8491895090811418 3.4
18450 499.2507754544732 499.2507754544732 0.1 0.706771800253592 3.2253987445674217 0.11261452706258665 1.5263135366475398 0.9844580926827915 0.8491895090811418 3.4
18500 499.2507754544732 499.2507754544732 0.1 0.706771800253592 3.2253987445674217 0.11261452706258665 1.5263135366475398 0.9844580926827915 0.8491895090811418 3.4
18550 499.2507754544732 499.2507754544732 0.1 0.706771800253592 3.2253987445674217 0.11261452706258665 1.5263135366475398 0.9844580926827915 0.8491895090811418 3.4
18600 499.2507754544732 499.2507754544732 0.1 0.706771800253592 3.2253987445674217 0.11261452706258665 1.5263135366475398 0.9844580926827915 0.8491895090811418 3.4
18650 499.2507754544732 499.2507754544732 0.1 0.706771800253592 3.2253987445674217 0.11261452706258665 1.5263135366475398 0.9844580926827915 0.8491895090811418 3.4
18700 499.2507754544732 499.2507754544732 0.1 0.706771800253592 3.2253987445674217 0.11261452706258665 1.5263135366475398 0.9844580926827915 0.8491895090811418 3.4
18750 499.2507754544732 499.2507754544732 0.1 0.706771800253592 3.2253987445674217 0.11261452706258665 1.5263135366475398 0.9844580926827915 0.8491895090811418 3.4
18800 499.2507754544732 499.2507754544732 0.1 0.706771800253592 3.2253987445674217 0.11261452706258665 1.5263135366475398 0.9844580926827915 0.8491895090811418 3.4
18850 499.2507754544732 499.2507754544732 0.1 0.706771800253592 3.2253987445674217 0.11261452706258665 1.5263135366475398 0.9844580926827915 0.8491895090811418 3.4
18900 499.2507754544732 499.2507754544732 0.1 0.706771800253592 3.2253987445674217 0.11261452706258665 1.5263135366475398 0.9844580926827915 0.8491895090811418 3.4
18950 499.2507754544732 499.2507754544732 0.1 0.706771800253592 3.2253987445674217 0.11261452706258665 1.5263135366475398 0.9844580926827915 0.8491895090811418 3.4
19000 499.2507754544732 499.2507754544732 0.1 0.706771800253592 3.2253987445674217 0.11261452706258665 1.5263135366475398 0.9844580926827915 0.8491895090811418 3.4
19050 499.2507754544732 499.2507754544732 0.1 0.706771800253592 3.2253987445674217 0.11261452706258665 1.5263135366475398 0.9844580926827915 0.8491895090811418 3.4
19100 499.2507754544732 499.2507754544732 0.1 0.706771800253592 3.2253987445674217 0.11261452706258665 1.5263135366475398 0.9844580926827915 0.8491895090811418 3.4
19150 499.2507754544732 499.2507754544732 0.1 0.706771800253592 3.2253987445674217 0.11261452706258665 1.5263135366475398 0.9844580926827915 0.8491895090811418 3.4
19200 499.2507754544732 499.2507754544732 0.1 0.706771800253592 3.2253987445674217 0.11261452706258665 1.5263135366475398 0.9844580926827915 0.8491895090811418 3.4
19250 499.2507754544732 499.2507754544732 0.1 0.706771800253592 3.2253987445674217 0.11261452706258665 1.5263135366475398 0.9844580926827915 0.8491895090811418 3.4
19300 499.2507754544732 499.2507754544732 0.1 0.706771800253592 3.2253987445674217 0.11261452706258665 1.5263135366475398 0.9844580926827915 0.8491895090811418 3.4
19350 499.2507754544732 499.2507754544732 0.1 0.706771800253592 3.2253987445674217 0.11261452706258665 1.5263135366475398 0.9844580926827915 0.8491895090811418 3.4
19400 499.2507754544732 499.2507754544732 0.1 0.706771800253592 3.2253987445674217 0.11261452706258665 1.5263135366475398 0.9844580926827915 0.8491895090811418 3.4
19450 499.2507754544732 499.2507754544732 0.1 0.706771800253592 3.2253987445674217 0.11261452706258665 1.5263135366475398 0.9844580926827915 0.8491895090811418 3.4
19500 499.2507754544732 499.2507754544732 0.1 0.706771800253592 3.2253987445674217 0.11261452706258665 1.5263135366475398 0.9844580926827915 0.8491895090811418 3.4
19550 499.2507754544732 499.2507754544732 0.1 0.706771800253592 3.2253987445674217 0.11261452706258665 1.5263135366475398 0.9844580926827915 0.8491895090811418 3.4
19600 499.2507754544732 499.2507754544732 0.1 0.706771800253592 3.2253987445674217 0.11261452706258665 1.5263135366475398 0.9844580926827915 0.8491895090811418 3.4
19650 499.2507754544732 499.2507754544732 0.1 0.706771800253592 3.2253987445674217 0.11261452706258665 1.5263135366475398 0.9844580926827915 0.8491895090811418 3.4
19700 499.2507754544732 499.2507754544732 0.1 0.706771800253592 3.2253987445674217 0.11261452706258665 1.5263135366475398 0.9844580926827915 0.8491895090811418 3.4
19750 499.2507754544732 499.2507754544732 0.1 0.706771800253592 3.2253987445674217 0.11261452706258665 1.5263135366475398 0.9844580926827915 0.8491895090811418 3.4
19800 499.2507754544732 499.2507754544732 0.1 0.706771800253592 3.2253987445674217 0.11261452706258665 1.5263135366475398 0.9844580926827915 0.8491895090811418 3.4
19850 499.2507754544732 499.2507754544732 0.1 0.706771800253592 3.2253987445674217 0.11261452706258665 1.5263135366475398 0.9844580926827915 0.8491895090811418 3.4
19900 499.2507754544732 499.2507754544732 0.1 0.706771800253592 3.2253987445674217 0.11261452706258665 1.5263135366475398 0.9844580926827915 0.8491895090811418 3.4
19950 499.2507754544732 499.2507754544732 0.1 0.706771800253592 3.2253987445674217 0.11261452706258665 1.5263135366475398 0.9844580926827915 0.8491895090811418 3.4
*---*---*---*---*---*---*---*---*---*---*---*---*---*---*---*---*---*---*---*---*
Status: Finished
Last individual
499.2507754544732 499.2507754544732 0.1 0.706771800253592 3.2253987445674217 0.11261452706258665 1.5263135366475398 0.9844580926827915 0.8491895090811418 3.4
Hall of fame
499.2507754544732 499.2507754544732 0.1 0.6999679951449859 3.1804098588423826 0.1 1.5032470383837782 1.0138848518289831 0.7800259145690268 3.4
Last factible individual
499.2507754544732 499.2507754544732 0.1 0.706771800253592 3.2253987445674217 0.11261452706258665 1.5263135366475398 0.9844580926827915 0.8491895090811418 3.4
CPU time used (seconds)
4.162867610997637
