*---*---*---*---*---*---*---*---*---*---*---*---*---*---*---*---*---*---*---*---*
Algorithm: Differential Evolution
Constrainth handling method: DEB
Function: 125
Case: discrete
Seed: 4
Parents size: 50
Offsprings size: 50
maxFe: 20000
CR: 0.9
F: 0.6
rweights: -
*---*---*---*---*---*---*---*---*---*---*---*---*---*---*---*---*---*---*---*---*
ngen ObjectiveFunction ViolationSum ProjectVariables
50 651.3825517693655 0 2.3914481624023853 2.422637177074827 2.5521421334229863 0.1 1.2113993947070472 0.7527831436878376 2.2148391983872386 2.9602444654723974
100 651.3825517693655 0 2.3914481624023853 2.422637177074827 2.5521421334229863 0.1 1.2113993947070472 0.7527831436878376 2.2148391983872386 2.9602444654723974
150 598.6296796272209 0 0.1 1.9058664222798838 3.4 1.394287788075945 1.2389827413172685 1.4510630975768504 0.5972693181053899 3.4
200 598.6296796272209 0 0.1 1.9058664222798838 3.4 1.394287788075945 1.2389827413172685 1.4510630975768504 0.5972693181053899 3.4
250 540.1007633458252 0 0.6018438427477619 1.0888534665748748 3.112187613270642 0.1 1.8536276321771092 1.4397260786156638 0.58849256674724 3.4
300 523.5932531157315 0 0.3898923708536348 1.2981415833251315 3.4 0.21312999769042595 3.4 1.1653873935651577 0.14433312424339548 3.3429202204125064
350 523.5932531157315 0 0.3898923708536348 1.2981415833251315 3.4 0.21312999769042595 3.4 1.1653873935651577 0.14433312424339548 3.3429202204125064
400 523.5932531157315 0 0.3898923708536348 1.2981415833251315 3.4 0.21312999769042595 3.4 1.1653873935651577 0.14433312424339548 3.3429202204125064
450 523.5932531157315 0 0.3898923708536348 1.2981415833251315 3.4 0.21312999769042595 3.4 1.1653873935651577 0.14433312424339548 3.3429202204125064
500 523.5932531157315 0 0.3898923708536348 1.2981415833251315 3.4 0.21312999769042595 3.4 1.1653873935651577 0.14433312424339548 3.3429202204125064
550 523.5932531157315 0 0.3898923708536348 1.2981415833251315 3.4 0.21312999769042595 3.4 1.1653873935651577 0.14433312424339548 3.3429202204125064
600 523.5932531157315 0 0.3898923708536348 1.2981415833251315 3.4 0.21312999769042595 3.4 1.1653873935651577 0.14433312424339548 3.3429202204125064
650 523.5932531157315 0 0.3898923708536348 1.2981415833251315 3.4 0.21312999769042595 3.4 1.1653873935651577 0.14433312424339548 3.3429202204125064
700 523.5932531157315 0 0.3898923708536348 1.2981415833251315 3.4 0.21312999769042595 3.4 1.1653873935651577 0.14433312424339548 3.3429202204125064
750 523.5932531157315 0 0.3898923708536348 1.2981415833251315 3.4 0.21312999769042595 3.4 1.1653873935651577 0.14433312424339548 3.3429202204125064
800 520.6582977932153 0 1.1312509941307387 0.1 3.2427776809037563 0.49242740032079524 1.7083789292565603 0.9794595830728021 1.3266026419723222 3.2610389153498334
850 520.6582977932153 0 1.1312509941307387 0.1 3.2427776809037563 0.49242740032079524 1.7083789292565603 0.9794595830728021 1.3266026419723222 3.2610389153498334
900 520.6582977932153 0 1.1312509941307387 0.1 3.2427776809037563 0.49242740032079524 1.7083789292565603 0.9794595830728021 1.3266026419723222 3.2610389153498334
950 520.6582977932153 0 1.1312509941307387 0.1 3.2427776809037563 0.49242740032079524 1.7083789292565603 0.9794595830728021 1.3266026419723222 3.2610389153498334
1000 513.2763105731126 0 0.1 0.5833758283556719 3.4 0.1 2.3481037129837494 1.0009274063685205 0.9157070466421334 3.3993756281074465
1050 513.2763105731126 0 0.1 0.5833758283556719 3.4 0.1 2.3481037129837494 1.0009274063685205 0.9157070466421334 3.3993756281074465
1100 510.19970521719426 0 0.4748628811386798 0.9472805770966908 3.4 0.29131003508343845 2.127208420711478 1.0489551836140087 0.5792571453382327 3.4
1150 510.19970521719426 0 0.4748628811386798 0.9472805770966908 3.4 0.29131003508343845 2.127208420711478 1.0489551836140087 0.5792571453382327 3.4
1200 510.19970521719426 0 0.4748628811386798 0.9472805770966908 3.4 0.29131003508343845 2.127208420711478 1.0489551836140087 0.5792571453382327 3.4
1250 510.19970521719426 0 0.4748628811386798 0.9472805770966908 3.4 0.29131003508343845 2.127208420711478 1.0489551836140087 0.5792571453382327 3.4
1300 510.19970521719426 0 0.4748628811386798 0.9472805770966908 3.4 0.29131003508343845 2.127208420711478 1.0489551836140087 0.5792571453382327 3.4
1350 510.19970521719426 0 0.4748628811386798 0.9472805770966908 3.4 0.29131003508343845 2.127208420711478 1.0489551836140087 0.5792571453382327 3.4
1400 510.19970521719426 0 0.4748628811386798 0.9472805770966908 3.4 0.29131003508343845 2.127208420711478 1.0489551836140087 0.5792571453382327 3.4
1450 510.19970521719426 0 0.4748628811386798 0.9472805770966908 3.4 0.29131003508343845 2.127208420711478 1.0489551836140087 0.5792571453382327 3.4
1500 510.19970521719426 0 0.4748628811386798 0.9472805770966908 3.4 0.29131003508343845 2.127208420711478 1.0489551836140087 0.5792571453382327 3.4
1550 510.19970521719426 0 0.4748628811386798 0.9472805770966908 3.4 0.29131003508343845 2.127208420711478 1.0489551836140087 0.5792571453382327 3.4
1600 510.19970521719426 0 0.4748628811386798 0.9472805770966908 3.4 0.29131003508343845 2.127208420711478 1.0489551836140087 0.5792571453382327 3.4
1650 510.19970521719426 0 0.4748628811386798 0.9472805770966908 3.4 0.29131003508343845 2.127208420711478 1.0489551836140087 0.5792571453382327 3.4
1700 510.19970521719426 0 0.4748628811386798 0.9472805770966908 3.4 0.29131003508343845 2.127208420711478 1.0489551836140087 0.5792571453382327 3.4
1750 510.19970521719426 0 0.4748628811386798 0.9472805770966908 3.4 0.29131003508343845 2.127208420711478 1.0489551836140087 0.5792571453382327 3.4
1800 508.69970521719426 0 0.49662740183580506 0.9172453383286446 3.325576686637471 0.1 2.171182324581137 0.9812424470331013 0.6340251783070759 3.3813067814309186
1850 508.1741700985549 0 0.1 1.0494987078142646 3.36689273693138 0.13093693387361696 2.507433948208465 0.9753632197115637 0.5453573321544384 3.344256509479963
1900 508.1741700985549 0 0.1 1.0494987078142646 3.36689273693138 0.13093693387361696 2.507433948208465 0.9753632197115637 0.5453573321544384 3.344256509479963
1950 508.1144766074654 0 0.14489048067346327 1.2115937241877215 3.4 0.2672117198122017 1.6078104586144883 0.753736538721136 0.7107778006164485 3.4
2000 508.1144766074654 0 0.14489048067346327 1.2115937241877215 3.4 0.2672117198122017 1.6078104586144883 0.753736538721136 0.7107778006164485 3.4
2050 508.1144766074654 0 0.14489048067346327 1.2115937241877215 3.4 0.2672117198122017 1.6078104586144883 0.753736538721136 0.7107778006164485 3.4
2100 507.99646382756794 0 0.1 0.6502064696524184 3.4 0.1 1.5507062330712278 1.021745487272821 0.8677786283209701 3.4
2150 501.1997052171944 0 0.25325376167697294 0.9206116512020721 3.38606697569255 0.1 1.7604539828363646 1.0089350390548846 0.6217846381735095 3.4
2200 501.1997052171944 0 0.25325376167697294 0.9206116512020721 3.38606697569255 0.1 1.7604539828363646 1.0089350390548846 0.6217846381735095 3.4
2250 501.1997052171944 0 0.25325376167697294 0.9206116512020721 3.38606697569255 0.1 1.7604539828363646 1.0089350390548846 0.6217846381735095 3.4
2300 501.1997052171944 0 0.25325376167697294 0.9206116512020721 3.38606697569255 0.1 1.7604539828363646 1.0089350390548846 0.6217846381735095 3.4
2350 501.1997052171944 0 0.25325376167697294 0.9206116512020721 3.38606697569255 0.1 1.7604539828363646 1.0089350390548846 0.6217846381735095 3.4
2400 501.1997052171944 0 0.25325376167697294 0.9206116512020721 3.38606697569255 0.1 1.7604539828363646 1.0089350390548846 0.6217846381735095 3.4
2450 501.1997052171944 0 0.25325376167697294 0.9206116512020721 3.38606697569255 0.1 1.7604539828363646 1.0089350390548846 0.6217846381735095 3.4
2500 501.1997052171944 0 0.25325376167697294 0.9206116512020721 3.38606697569255 0.1 1.7604539828363646 1.0089350390548846 0.6217846381735095 3.4
2550 501.1997052171944 0 0.25325376167697294 0.9206116512020721 3.38606697569255 0.1 1.7604539828363646 1.0089350390548846 0.6217846381735095 3.4
2600 500.22524033583386 0 0.1490923811046512 0.7750519202542006 3.4 0.10528700741335748 1.6728380029442018 1.0939077947466485 0.6200236852019372 3.371054316108319
2650 500.22524033583386 0 0.1490923811046512 0.7750519202542006 3.4 0.10528700741335748 1.6728380029442018 1.0939077947466485 0.6200236852019372 3.371054316108319
2700 500.22524033583386 0 0.1490923811046512 0.7750519202542006 3.4 0.10528700741335748 1.6728380029442018 1.0939077947466485 0.6200236852019372 3.371054316108319
2750 500.22524033583386 0 0.1490923811046512 0.7750519202542006 3.4 0.10528700741335748 1.6728380029442018 1.0939077947466485 0.6200236852019372 3.371054316108319
2800 500.22524033583386 0 0.1490923811046512 0.7750519202542006 3.4 0.10528700741335748 1.6728380029442018 1.0939077947466485 0.6200236852019372 3.371054316108319
2850 500.22524033583386 0 0.1490923811046512 0.7750519202542006 3.4 0.10528700741335748 1.6728380029442018 1.0939077947466485 0.6200236852019372 3.371054316108319
2900 500.22524033583386 0 0.1490923811046512 0.7750519202542006 3.4 0.10528700741335748 1.6728380029442018 1.0939077947466485 0.6200236852019372 3.371054316108319
2950 500.22524033583386 0 0.14326384472327014 0.7739323713263424 3.3921937007271765 0.10827585626101438 1.6620076812708524 1.112141061811415 0.6451210665909709 3.3548098335117063
3000 499.9709287089285 0 0.1 0.7984441936350042 3.4 0.1 1.2162032254831425 0.8507889793296283 0.9411721158868733 3.3615814795128918
3050 499.9709287089285 0 0.1 0.7984441936350042 3.4 0.1 1.2162032254831425 0.8507889793296283 0.9411721158868733 3.3615814795128918
3100 499.9709287089285 0 0.1 0.7984441936350042 3.4 0.1 1.2162032254831425 0.8507889793296283 0.9411721158868733 3.3615814795128918
3150 499.9709287089285 0 0.1 0.7984441936350042 3.4 0.1 1.2162032254831425 0.8507889793296283 0.9411721158868733 3.3615814795128918
3200 499.9709287089285 0 0.1497778843192156 0.7910152598696601 3.3765057459308854 0.1 1.1648692330842019 0.9062683083617792 0.9269425466189539 3.3254372121383966
3250 499.9709287089285 0 0.1497778843192156 0.7910152598696601 3.3765057459308854 0.1 1.1648692330842019 0.9062683083617792 0.9269425466189539 3.3254372121383966
3300 499.9709287089285 0 0.1497778843192156 0.7910152598696601 3.3765057459308854 0.1 1.1648692330842019 0.9062683083617792 0.9269425466189539 3.3254372121383966
3350 499.9709287089285 0 0.1497778843192156 0.7910152598696601 3.3765057459308854 0.1 1.1648692330842019 0.9062683083617792 0.9269425466189539 3.3254372121383966
3400 499.4453935902891 0 0.1313278472561741 0.8873213556002715 3.385059231149632 0.1 1.3063526543276591 1.0346771395779537 0.6991577228082128 3.3728859001070237
3450 499.4453935902891 0 0.1313278472561741 0.8873213556002715 3.385059231149632 0.1 1.3063526543276591 1.0346771395779537 0.6991577228082128 3.3728859001070237
3500 499.4453935902891 0 0.1313278472561741 0.8873213556002715 3.385059231149632 0.1 1.3063526543276591 1.0346771395779537 0.6991577228082128 3.3728859001070237
3550 499.4453935902891 0 0.1313278472561741 0.8873213556002715 3.385059231149632 0.1 1.3063526543276591 1.0346771395779537 0.6991577228082128 3.3728859001070237
3600 499.4453935902891 0 0.1313278472561741 0.8873213556002715 3.385059231149632 0.1 1.3063526543276591 1.0346771395779537 0.6991577228082128 3.3728859001070237
3650 499.4453935902891 0 0.1313278472561741 0.8873213556002715 3.385059231149632 0.1 1.3063526543276591 1.0346771395779537 0.6991577228082128 3.3728859001070237
3700 499.4453935902891 0 0.1313278472561741 0.8873213556002715 3.385059231149632 0.1 1.3063526543276591 1.0346771395779537 0.6991577228082128 3.3728859001070237
3750 499.4453935902891 0 0.1313278472561741 0.8873213556002715 3.385059231149632 0.1 1.3063526543276591 1.0346771395779537 0.6991577228082128 3.3728859001070237
3800 499.4453935902891 0 0.1313278472561741 0.8873213556002715 3.385059231149632 0.1 1.3063526543276591 1.0346771395779537 0.6991577228082128 3.3728859001070237
3850 499.4453935902891 0 0.1313278472561741 0.8873213556002715 3.385059231149632 0.1 1.3063526543276591 1.0346771395779537 0.6991577228082128 3.3728859001070237
3900 499.4453935902891 0 0.1313278472561741 0.8873213556002715 3.385059231149632 0.1 1.3063526543276591 1.0346771395779537 0.6991577228082128 3.3728859001070237
3950 499.4453935902891 0 0.1313278472561741 0.8873213556002715 3.385059231149632 0.1 1.3063526543276591 1.0346771395779537 0.6991577228082128 3.3728859001070237
4000 499.4453935902891 0 0.1313278472561741 0.8873213556002715 3.385059231149632 0.1 1.3063526543276591 1.0346771395779537 0.6991577228082128 3.3728859001070237
4050 499.4453935902891 0 0.1313278472561741 0.8873213556002715 3.385059231149632 0.1 1.3063526543276591 1.0346771395779537 0.6991577228082128 3.3728859001070237
4100 499.44539359028903 0 0.1 0.9162248801780153 3.3910403330333603 0.10261474423608827 1.330331583047527 0.875445308477217 0.8270106497204731 3.3501415113070565
4150 499.44539359028903 0 0.1 0.9162248801780153 3.3910403330333603 0.10261474423608827 1.330331583047527 0.875445308477217 0.8270106497204731 3.3501415113070565
4200 499.44539359028903 0 0.1 0.9162248801780153 3.3910403330333603 0.10261474423608827 1.330331583047527 0.875445308477217 0.8270106497204731 3.3501415113070565
4250 499.44539359028903 0 0.1 0.9162248801780153 3.3910403330333603 0.10261474423608827 1.330331583047527 0.875445308477217 0.8270106497204731 3.3501415113070565
4300 499.44539359028903 0 0.1 0.9162248801780153 3.3910403330333603 0.10261474423608827 1.330331583047527 0.875445308477217 0.8270106497204731 3.3501415113070565
4350 499.2507754544732 0 0.11494824534177782 0.716732712858466 3.390847596195772 0.13759536151483528 1.463511399505954 0.9985089933860082 0.7525212645367952 3.3446922958687395
4400 499.2507754544732 0 0.11494824534177782 0.716732712858466 3.390847596195772 0.13759536151483528 1.463511399505954 0.9985089933860082 0.7525212645367952 3.3446922958687395
4450 499.2507754544732 0 0.11494824534177782 0.716732712858466 3.390847596195772 0.13759536151483528 1.463511399505954 0.9985089933860082 0.7525212645367952 3.3446922958687395
4500 499.2507754544732 0 0.11494824534177782 0.716732712858466 3.390847596195772 0.13759536151483528 1.463511399505954 0.9985089933860082 0.7525212645367952 3.3446922958687395
4550 499.2507754544732 0 0.11494824534177782 0.716732712858466 3.390847596195772 0.13759536151483528 1.463511399505954 0.9985089933860082 0.7525212645367952 3.3446922958687395
4600 499.2507754544732 0 0.11494824534177782 0.716732712858466 3.390847596195772 0.13759536151483528 1.463511399505954 0.9985089933860082 0.7525212645367952 3.3446922958687395
4650 499.2507754544732 0 0.11494824534177782 0.716732712858466 3.390847596195772 0.13759536151483528 1.463511399505954 0.9985089933860082 0.7525212645367952 3.3446922958687395
4700 499.2507754544732 0 0.11494824534177782 0.716732712858466 3.390847596195772 0.13759536151483528 1.463511399505954 0.9985089933860082 0.7525212645367952 3.3446922958687395
4750 499.2507754544732 0 0.11494824534177782 0.716732712858466 3.390847596195772 0.13759536151483528 1.463511399505954 0.9985089933860082 0.7525212645367952 3.3446922958687395
4800 499.2507754544732 0 0.11494824534177782 0.716732712858466 3.390847596195772 0.13759536151483528 1.463511399505954 0.9985089933860082 0.7525212645367952 3.3446922958687395
4850 499.2507754544732 0 0.12950125909380988 0.7382439047428802 3.4 0.12817267572513458 1.4835801944827343 1.0004474584569023 0.7968091709084834 3.3666080989962586
4900 499.2507754544732 0 0.12950125909380988 0.7382439047428802 3.4 0.12817267572513458 1.4835801944827343 1.0004474584569023 0.7968091709084834 3.3666080989962586
4950 499.2507754544732 0 0.12950125909380988 0.7382439047428802 3.4 0.12817267572513458 1.4835801944827343 1.0004474584569023 0.7968091709084834 3.3666080989962586
5000 499.2507754544732 0 0.12950125909380988 0.7382439047428802 3.4 0.12817267572513458 1.4835801944827343 1.0004474584569023 0.7968091709084834 3.3666080989962586
5050 499.2507754544732 0 0.12950125909380988 0.7382439047428802 3.4 0.12817267572513458 1.4835801944827343 1.0004474584569023 0.7968091709084834 3.3666080989962586
5100 499.2507754544732 0 0.12950125909380988 0.7382439047428802 3.4 0.12817267572513458 1.4835801944827343 1.0004474584569023 0.7968091709084834 3.3666080989962586
5150 499.2507754544732 0 0.12950125909380988 0.7382439047428802 3.4 0.12817267572513458 1.4835801944827343 1.0004474584569023 0.7968091709084834 3.3666080989962586
5200 499.2507754544732 0 0.12950125909380988 0.7382439047428802 3.4 0.12817267572513458 1.4835801944827343 1.0004474584569023 0.7968091709084834 3.3666080989962586
5250 499.2507754544732 0 0.12950125909380988 0.7382439047428802 3.4 0.12817267572513458 1.4835801944827343 1.0004474584569023 0.7968091709084834 3.3666080989962586
5300 499.2507754544732 0 0.12950125909380988 0.7382439047428802 3.4 0.12817267572513458 1.4835801944827343 1.0004474584569023 0.7968091709084834 3.3666080989962586
5350 499.2507754544732 0 0.12950125909380988 0.7382439047428802 3.4 0.12817267572513458 1.4835801944827343 1.0004474584569023 0.7968091709084834 3.3666080989962586
5400 499.2507754544732 0 0.12950125909380988 0.7382439047428802 3.4 0.12817267572513458 1.4835801944827343 1.0004474584569023 0.7968091709084834 3.3666080989962586
5450 499.2507754544732 0 0.12950125909380988 0.7382439047428802 3.4 0.12817267572513458 1.4835801944827343 1.0004474584569023 0.7968091709084834 3.3666080989962586
5500 499.2507754544732 0 0.12950125909380988 0.7382439047428802 3.4 0.12817267572513458 1.4835801944827343 1.0004474584569023 0.7968091709084834 3.3666080989962586
5550 499.2507754544732 0 0.12950125909380988 0.7382439047428802 3.4 0.12817267572513458 1.4835801944827343 1.0004474584569023 0.7968091709084834 3.3666080989962586
5600 499.2507754544732 0 0.12950125909380988 0.7382439047428802 3.4 0.12817267572513458 1.4835801944827343 1.0004474584569023 0.7968091709084834 3.3666080989962586
5650 499.2507754544732 0 0.12950125909380988 0.7382439047428802 3.4 0.12817267572513458 1.4835801944827343 1.0004474584569023 0.7968091709084834 3.3666080989962586
5700 499.2507754544732 0 0.12950125909380988 0.7382439047428802 3.4 0.12817267572513458 1.4835801944827343 1.0004474584569023 0.7968091709084834 3.3666080989962586
5750 499.2507754544732 0 0.12950125909380988 0.7382439047428802 3.4 0.12817267572513458 1.4835801944827343 1.0004474584569023 0.7968091709084834 3.3666080989962586
5800 499.2507754544732 0 0.12950125909380988 0.7382439047428802 3.4 0.12817267572513458 1.4835801944827343 1.0004474584569023 0.7968091709084834 3.3666080989962586
5850 499.2507754544732 0 0.12950125909380988 0.7382439047428802 3.4 0.12817267572513458 1.4835801944827343 1.0004474584569023 0.7968091709084834 3.3666080989962586
5900 499.2507754544732 0 0.12950125909380988 0.7382439047428802 3.4 0.12817267572513458 1.4835801944827343 1.0004474584569023 0.7968091709084834 3.3666080989962586
5950 499.2507754544732 0 0.12950125909380988 0.7382439047428802 3.4 0.12817267572513458 1.4835801944827343 1.0004474584569023 0.7968091709084834 3.3666080989962586
6000 499.2507754544732 0 0.12950125909380988 0.7382439047428802 3.4 0.12817267572513458 1.4835801944827343 1.0004474584569023 0.7968091709084834 3.3666080989962586
6050 499.2507754544732 0 0.12950125909380988 0.7382439047428802 3.4 0.12817267572513458 1.4835801944827343 1.0004474584569023 0.7968091709084834 3.3666080989962586
6100 499.2507754544732 0 0.12950125909380988 0.7382439047428802 3.4 0.12817267572513458 1.4835801944827343 1.0004474584569023 0.7968091709084834 3.3666080989962586
6150 499.2507754544732 0 0.12950125909380988 0.7382439047428802 3.4 0.12817267572513458 1.4835801944827343 1.0004474584569023 0.7968091709084834 3.3666080989962586
6200 499.2507754544732 0 0.12950125909380988 0.7382439047428802 3.4 0.12817267572513458 1.4835801944827343 1.0004474584569023 0.7968091709084834 3.3666080989962586
6250 499.2507754544732 0 0.12950125909380988 0.7382439047428802 3.4 0.12817267572513458 1.4835801944827343 1.0004474584569023 0.7968091709084834 3.3666080989962586
6300 499.2507754544732 0 0.12950125909380988 0.7382439047428802 3.4 0.12817267572513458 1.4835801944827343 1.0004474584569023 0.7968091709084834 3.3666080989962586
6350 499.2507754544732 0 0.12950125909380988 0.7382439047428802 3.4 0.12817267572513458 1.4835801944827343 1.0004474584569023 0.7968091709084834 3.3666080989962586
6400 499.2507754544732 0 0.12950125909380988 0.7382439047428802 3.4 0.12817267572513458 1.4835801944827343 1.0004474584569023 0.7968091709084834 3.3666080989962586
6450 499.2507754544732 0 0.12950125909380988 0.7382439047428802 3.4 0.12817267572513458 1.4835801944827343 1.0004474584569023 0.7968091709084834 3.3666080989962586
6500 499.2507754544732 0 0.12950125909380988 0.7382439047428802 3.4 0.12817267572513458 1.4835801944827343 1.0004474584569023 0.7968091709084834 3.3666080989962586
6550 499.2507754544732 0 0.12950125909380988 0.7382439047428802 3.4 0.12817267572513458 1.4835801944827343 1.0004474584569023 0.7968091709084834 3.3666080989962586
6600 499.2507754544732 0 0.12950125909380988 0.7382439047428802 3.4 0.12817267572513458 1.4835801944827343 1.0004474584569023 0.7968091709084834 3.3666080989962586
6650 499.2507754544732 0 0.12950125909380988 0.7382439047428802 3.4 0.12817267572513458 1.4835801944827343 1.0004474584569023 0.7968091709084834 3.3666080989962586
6700 499.2507754544732 0 0.12950125909380988 0.7382439047428802 3.4 0.12817267572513458 1.4835801944827343 1.0004474584569023 0.7968091709084834 3.3666080989962586
6750 499.2507754544732 0 0.12950125909380988 0.7382439047428802 3.4 0.12817267572513458 1.4835801944827343 1.0004474584569023 0.7968091709084834 3.3666080989962586
6800 499.2507754544732 0 0.12950125909380988 0.7382439047428802 3.4 0.12817267572513458 1.4835801944827343 1.0004474584569023 0.7968091709084834 3.3666080989962586
6850 499.2507754544732 0 0.12950125909380988 0.7382439047428802 3.4 0.12817267572513458 1.4835801944827343 1.0004474584569023 0.7968091709084834 3.3666080989962586
6900 499.2507754544732 0 0.12950125909380988 0.7382439047428802 3.4 0.12817267572513458 1.4835801944827343 1.0004474584569023 0.7968091709084834 3.3666080989962586
6950 499.2507754544732 0 0.12950125909380988 0.7382439047428802 3.4 0.12817267572513458 1.4835801944827343 1.0004474584569023 0.7968091709084834 3.3666080989962586
7000 499.2507754544732 0 0.12950125909380988 0.7382439047428802 3.4 0.12817267572513458 1.4835801944827343 1.0004474584569023 0.7968091709084834 3.3666080989962586
7050 499.2507754544732 0 0.12950125909380988 0.7382439047428802 3.4 0.12817267572513458 1.4835801944827343 1.0004474584569023 0.7968091709084834 3.3666080989962586
7100 499.2507754544732 0 0.12950125909380988 0.7382439047428802 3.4 0.12817267572513458 1.4835801944827343 1.0004474584569023 0.7968091709084834 3.3666080989962586
7150 499.2507754544732 0 0.11317100044736958 0.7024637501842624 3.39640729495867 0.14693905895086035 1.5108473804570346 1.0349928967167885 0.8127005906376404 3.253093849695129
7200 499.2507754544732 0 0.11317100044736958 0.7024637501842624 3.39640729495867 0.14693905895086035 1.5108473804570346 1.0349928967167885 0.8127005906376404 3.253093849695129
7250 499.2507754544732 0 0.11317100044736958 0.7024637501842624 3.39640729495867 0.14693905895086035 1.5108473804570346 1.0349928967167885 0.8127005906376404 3.253093849695129
7300 499.2507754544732 0 0.12736730117566364 0.7135427704724134 3.4 0.10091244185016877 1.505933559570437 1.0416351133218542 0.8381646321487366 3.3770532927733448
7350 499.2507754544732 0 0.12736730117566364 0.7135427704724134 3.4 0.10091244185016877 1.505933559570437 1.0416351133218542 0.8381646321487366 3.3770532927733448
7400 499.2507754544732 0 0.12736730117566364 0.7135427704724134 3.4 0.10091244185016877 1.505933559570437 1.0416351133218542 0.8381646321487366 3.3770532927733448
7450 499.2507754544732 0 0.12736730117566364 0.7135427704724134 3.4 0.10091244185016877 1.505933559570437 1.0416351133218542 0.8381646321487366 3.3770532927733448
7500 499.2507754544732 0 0.12736730117566364 0.7135427704724134 3.4 0.10091244185016877 1.505933559570437 1.0416351133218542 0.8381646321487366 3.3770532927733448
7550 499.2507754544732 0 0.12736730117566364 0.7135427704724134 3.4 0.10091244185016877 1.505933559570437 1.0416351133218542 0.8381646321487366 3.3770532927733448
7600 499.2507754544732 0 0.12736730117566364 0.7135427704724134 3.4 0.10091244185016877 1.505933559570437 1.0416351133218542 0.8381646321487366 3.3770532927733448
7650 499.2507754544732 0 0.12736730117566364 0.7135427704724134 3.4 0.10091244185016877 1.505933559570437 1.0416351133218542 0.8381646321487366 3.3770532927733448
7700 499.2507754544732 0 0.12736730117566364 0.7135427704724134 3.4 0.10091244185016877 1.505933559570437 1.0416351133218542 0.8381646321487366 3.3770532927733448
7750 499.2507754544732 0 0.12736730117566364 0.7135427704724134 3.4 0.10091244185016877 1.505933559570437 1.0416351133218542 0.8381646321487366 3.3770532927733448
7800 499.2507754544732 0 0.12736730117566364 0.7135427704724134 3.4 0.10091244185016877 1.505933559570437 1.0416351133218542 0.8381646321487366 3.3770532927733448
7850 499.2507754544732 0 0.12736730117566364 0.7135427704724134 3.4 0.10091244185016877 1.505933559570437 1.0416351133218542 0.8381646321487366 3.3770532927733448
7900 499.2507754544732 0 0.12736730117566364 0.7135427704724134 3.4 0.10091244185016877 1.505933559570437 1.0416351133218542 0.8381646321487366 3.3770532927733448
7950 499.2507754544732 0 0.12736730117566364 0.7135427704724134 3.4 0.10091244185016877 1.505933559570437 1.0416351133218542 0.8381646321487366 3.3770532927733448
8000 499.2507754544732 0 0.12736730117566364 0.7135427704724134 3.4 0.10091244185016877 1.505933559570437 1.0416351133218542 0.8381646321487366 3.3770532927733448
8050 499.2507754544732 0 0.12736730117566364 0.7135427704724134 3.4 0.10091244185016877 1.505933559570437 1.0416351133218542 0.8381646321487366 3.3770532927733448
8100 499.2507754544732 0 0.12736730117566364 0.7135427704724134 3.4 0.10091244185016877 1.505933559570437 1.0416351133218542 0.8381646321487366 3.3770532927733448
8150 499.2507754544732 0 0.12736730117566364 0.7135427704724134 3.4 0.10091244185016877 1.505933559570437 1.0416351133218542 0.8381646321487366 3.3770532927733448
8200 499.2507754544732 0 0.12736730117566364 0.7135427704724134 3.4 0.10091244185016877 1.505933559570437 1.0416351133218542 0.8381646321487366 3.3770532927733448
8250 499.2507754544732 0 0.12736730117566364 0.7135427704724134 3.4 0.10091244185016877 1.505933559570437 1.0416351133218542 0.8381646321487366 3.3770532927733448
8300 499.2507754544732 0 0.12736730117566364 0.7135427704724134 3.4 0.10091244185016877 1.505933559570437 1.0416351133218542 0.8381646321487366 3.3770532927733448
8350 499.2507754544732 0 0.12736730117566364 0.7135427704724134 3.4 0.10091244185016877 1.505933559570437 1.0416351133218542 0.8381646321487366 3.3770532927733448
8400 499.2507754544732 0 0.12736730117566364 0.7135427704724134 3.4 0.10091244185016877 1.505933559570437 1.0416351133218542 0.8381646321487366 3.3770532927733448
8450 499.2507754544732 0 0.12736730117566364 0.7135427704724134 3.4 0.10091244185016877 1.505933559570437 1.0416351133218542 0.8381646321487366 3.3770532927733448
8500 499.2507754544732 0 0.12736730117566364 0.7135427704724134 3.4 0.10091244185016877 1.505933559570437 1.0416351133218542 0.8381646321487366 3.3770532927733448
8550 499.2507754544732 0 0.12736730117566364 0.7135427704724134 3.4 0.10091244185016877 1.505933559570437 1.0416351133218542 0.8381646321487366 3.3770532927733448
8600 499.2507754544732 0 0.12736730117566364 0.7135427704724134 3.4 0.10091244185016877 1.505933559570437 1.0416351133218542 0.8381646321487366 3.3770532927733448
8650 499.2507754544732 0 0.12736730117566364 0.7135427704724134 3.4 0.10091244185016877 1.505933559570437 1.0416351133218542 0.8381646321487366 3.3770532927733448
8700 499.2507754544732 0 0.12736730117566364 0.7135427704724134 3.4 0.10091244185016877 1.505933559570437 1.0416351133218542 0.8381646321487366 3.3770532927733448
8750 499.2507754544732 0 0.12736730117566364 0.7135427704724134 3.4 0.10091244185016877 1.505933559570437 1.0416351133218542 0.8381646321487366 3.3770532927733448
8800 499.2507754544732 0 0.12736730117566364 0.7135427704724134 3.4 0.10091244185016877 1.505933559570437 1.0416351133218542 0.8381646321487366 3.3770532927733448
8850 499.2507754544732 0 0.12736730117566364 0.7135427704724134 3.4 0.10091244185016877 1.505933559570437 1.0416351133218542 0.8381646321487366 3.3770532927733448
8900 499.2507754544732 0 0.12736730117566364 0.7135427704724134 3.4 0.10091244185016877 1.505933559570437 1.0416351133218542 0.8381646321487366 3.3770532927733448
8950 499.2507754544732 0 0.12736730117566364 0.7135427704724134 3.4 0.10091244185016877 1.505933559570437 1.0416351133218542 0.8381646321487366 3.3770532927733448
9000 499.2507754544732 0 0.12736730117566364 0.7135427704724134 3.4 0.10091244185016877 1.505933559570437 1.0416351133218542 0.8381646321487366 3.3770532927733448
9050 499.2507754544732 0 0.12736730117566364 0.7135427704724134 3.4 0.10091244185016877 1.505933559570437 1.0416351133218542 0.8381646321487366 3.3770532927733448
9100 499.2507754544732 0 0.12736730117566364 0.7135427704724134 3.4 0.10091244185016877 1.505933559570437 1.0416351133218542 0.8381646321487366 3.3770532927733448
9150 499.2507754544732 0 0.12736730117566364 0.7135427704724134 3.4 0.10091244185016877 1.505933559570437 1.0416351133218542 0.8381646321487366 3.3770532927733448
9200 499.2507754544732 0 0.12736730117566364 0.7135427704724134 3.4 0.10091244185016877 1.505933559570437 1.0416351133218542 0.8381646321487366 3.3770532927733448
9250 499.2507754544732 0 0.12736730117566364 0.7135427704724134 3.4 0.10091244185016877 1.505933559570437 1.0416351133218542 0.8381646321487366 3.3770532927733448
9300 499.2507754544732 0 0.12736730117566364 0.7135427704724134 3.4 0.10091244185016877 1.505933559570437 1.0416351133218542 0.8381646321487366 3.3770532927733448
9350 499.2507754544732 0 0.12736730117566364 0.7135427704724134 3.4 0.10091244185016877 1.505933559570437 1.0416351133218542 0.8381646321487366 3.3770532927733448
9400 499.2507754544732 0 0.12736730117566364 0.7135427704724134 3.4 0.10091244185016877 1.505933559570437 1.0416351133218542 0.8381646321487366 3.3770532927733448
9450 499.2507754544732 0 0.12736730117566364 0.7135427704724134 3.4 0.10091244185016877 1.505933559570437 1.0416351133218542 0.8381646321487366 3.3770532927733448
9500 499.2507754544732 0 0.12736730117566364 0.7135427704724134 3.4 0.10091244185016877 1.505933559570437 1.0416351133218542 0.8381646321487366 3.3770532927733448
9550 499.2507754544732 0 0.12736730117566364 0.7135427704724134 3.4 0.10091244185016877 1.505933559570437 1.0416351133218542 0.8381646321487366 3.3770532927733448
9600 499.2507754544732 0 0.12736730117566364 0.7135427704724134 3.4 0.10091244185016877 1.505933559570437 1.0416351133218542 0.8381646321487366 3.3770532927733448
9650 499.2507754544732 0 0.12736730117566364 0.7135427704724134 3.4 0.10091244185016877 1.505933559570437 1.0416351133218542 0.8381646321487366 3.3770532927733448
9700 499.2507754544732 0 0.12736730117566364 0.7135427704724134 3.4 0.10091244185016877 1.505933559570437 1.0416351133218542 0.8381646321487366 3.3770532927733448
9750 499.2507754544732 0 0.12736730117566364 0.7135427704724134 3.4 0.10091244185016877 1.505933559570437 1.0416351133218542 0.8381646321487366 3.3770532927733448
9800 499.2507754544732 0 0.12736730117566364 0.7135427704724134 3.4 0.10091244185016877 1.505933559570437 1.0416351133218542 0.8381646321487366 3.3770532927733448
9850 499.2507754544732 0 0.12736730117566364 0.7135427704724134 3.4 0.10091244185016877 1.505933559570437 1.0416351133218542 0.8381646321487366 3.3770532927733448
9900 499.2507754544732 0 0.12736730117566364 0.7135427704724134 3.4 0.10091244185016877 1.505933559570437 1.0416351133218542 0.8381646321487366 3.3770532927733448
9950 499.2507754544732 0 0.12736730117566364 0.7135427704724134 3.4 0.10091244185016877 1.505933559570437 1.0416351133218542 0.8381646321487366 3.3770532927733448
10000 499.2507754544732 0 0.12736730117566364 0.7135427704724134 3.4 0.10091244185016877 1.505933559570437 1.0416351133218542 0.8381646321487366 3.3770532927733448
10050 499.2507754544732 0 0.12736730117566364 0.7135427704724134 3.4 0.10091244185016877 1.505933559570437 1.0416351133218542 0.8381646321487366 3.3770532927733448
10100 499.2507754544732 0 0.12736730117566364 0.7135427704724134 3.4 0.10091244185016877 1.505933559570437 1.0416351133218542 0.8381646321487366 3.3770532927733448
10150 499.2507754544732 0 0.12736730117566364 0.7135427704724134 3.4 0.10091244185016877 1.505933559570437 1.0416351133218542 0.8381646321487366 3.3770532927733448
10200 499.2507754544732 0 0.12736730117566364 0.7135427704724134 3.4 0.10091244185016877 1.505933559570437 1.0416351133218542 0.8381646321487366 3.3770532927733448
10250 499.2507754544732 0 0.12736730117566364 0.7135427704724134 3.4 0.10091244185016877 1.505933559570437 1.0416351133218542 0.8381646321487366 3.3770532927733448
10300 499.2507754544732 0 0.12736730117566364 0.7135427704724134 3.4 0.10091244185016877 1.505933559570437 1.0416351133218542 0.8381646321487366 3.3770532927733448
10350 499.2507754544732 0 0.12736730117566364 0.7135427704724134 3.4 0.10091244185016877 1.505933559570437 1.0416351133218542 0.8381646321487366 3.3770532927733448
10400 499.2507754544732 0 0.12736730117566364 0.7135427704724134 3.4 0.10091244185016877 1.505933559570437 1.0416351133218542 0.8381646321487366 3.3770532927733448
10450 499.2507754544732 0 0.12736730117566364 0.7135427704724134 3.4 0.10091244185016877 1.505933559570437 1.0416351133218542 0.8381646321487366 3.3770532927733448
10500 499.2507754544732 0 0.12736730117566364 0.7135427704724134 3.4 0.10091244185016877 1.505933559570437 1.0416351133218542 0.8381646321487366 3.3770532927733448
10550 499.2507754544732 0 0.12736730117566364 0.7135427704724134 3.4 0.10091244185016877 1.505933559570437 1.0416351133218542 0.8381646321487366 3.3770532927733448
10600 499.2507754544732 0 0.12736730117566364 0.7135427704724134 3.4 0.10091244185016877 1.505933559570437 1.0416351133218542 0.8381646321487366 3.3770532927733448
10650 499.2507754544732 0 0.12736730117566364 0.7135427704724134 3.4 0.10091244185016877 1.505933559570437 1.0416351133218542 0.8381646321487366 3.3770532927733448
10700 499.2507754544732 0 0.12736730117566364 0.7135427704724134 3.4 0.10091244185016877 1.505933559570437 1.0416351133218542 0.8381646321487366 3.3770532927733448
10750 499.2507754544732 0 0.12736730117566364 0.7135427704724134 3.4 0.10091244185016877 1.505933559570437 1.0416351133218542 0.8381646321487366 3.3770532927733448
10800 499.2507754544732 0 0.12736730117566364 0.7135427704724134 3.4 0.10091244185016877 1.505933559570437 1.0416351133218542 0.8381646321487366 3.3770532927733448
10850 499.2507754544732 0 0.12736730117566364 0.7135427704724134 3.4 0.10091244185016877 1.505933559570437 1.0416351133218542 0.8381646321487366 3.3770532927733448
10900 499.2507754544732 0 0.12736730117566364 0.7135427704724134 3.4 0.10091244185016877 1.505933559570437 1.0416351133218542 0.8381646321487366 3.3770532927733448
10950 499.2507754544732 0 0.12736730117566364 0.7135427704724134 3.4 0.10091244185016877 1.505933559570437 1.0416351133218542 0.8381646321487366 3.3770532927733448
11000 499.2507754544732 0 0.12736730117566364 0.7135427704724134 3.4 0.10091244185016877 1.505933559570437 1.0416351133218542 0.8381646321487366 3.3770532927733448
11050 499.2507754544732 0 0.12736730117566364 0.7135427704724134 3.4 0.10091244185016877 1.505933559570437 1.0416351133218542 0.8381646321487366 3.3770532927733448
11100 499.2507754544732 0 0.12736730117566364 0.7135427704724134 3.4 0.10091244185016877 1.505933559570437 1.0416351133218542 0.8381646321487366 3.3770532927733448
11150 499.2507754544732 0 0.12736730117566364 0.7135427704724134 3.4 0.10091244185016877 1.505933559570437 1.0416351133218542 0.8381646321487366 3.3770532927733448
11200 499.2507754544732 0 0.12736730117566364 0.7135427704724134 3.4 0.10091244185016877 1.505933559570437 1.0416351133218542 0.8381646321487366 3.3770532927733448
11250 499.2507754544732 0 0.12736730117566364 0.7135427704724134 3.4 0.10091244185016877 1.505933559570437 1.0416351133218542 0.8381646321487366 3.3770532927733448
11300 499.2507754544732 0 0.12736730117566364 0.7135427704724134 3.4 0.10091244185016877 1.505933559570437 1.0416351133218542 0.8381646321487366 3.3770532927733448
11350 499.2507754544732 0 0.12736730117566364 0.7135427704724134 3.4 0.10091244185016877 1.505933559570437 1.0416351133218542 0.8381646321487366 3.3770532927733448
11400 499.2507754544732 0 0.12736730117566364 0.7135427704724134 3.4 0.10091244185016877 1.505933559570437 1.0416351133218542 0.8381646321487366 3.3770532927733448
11450 499.2507754544732 0 0.12736730117566364 0.7135427704724134 3.4 0.10091244185016877 1.505933559570437 1.0416351133218542 0.8381646321487366 3.3770532927733448
11500 499.2507754544732 0 0.12736730117566364 0.7135427704724134 3.4 0.10091244185016877 1.505933559570437 1.0416351133218542 0.8381646321487366 3.3770532927733448
11550 499.2507754544732 0 0.12736730117566364 0.7135427704724134 3.4 0.10091244185016877 1.505933559570437 1.0416351133218542 0.8381646321487366 3.3770532927733448
11600 499.2507754544732 0 0.12736730117566364 0.7135427704724134 3.4 0.10091244185016877 1.505933559570437 1.0416351133218542 0.8381646321487366 3.3770532927733448
11650 499.2507754544732 0 0.12736730117566364 0.7135427704724134 3.4 0.10091244185016877 1.505933559570437 1.0416351133218542 0.8381646321487366 3.3770532927733448
11700 499.2507754544732 0 0.12736730117566364 0.7135427704724134 3.4 0.10091244185016877 1.505933559570437 1.0416351133218542 0.8381646321487366 3.3770532927733448
11750 499.2507754544732 0 0.12736730117566364 0.7135427704724134 3.4 0.10091244185016877 1.505933559570437 1.0416351133218542 0.8381646321487366 3.3770532927733448
11800 499.2507754544732 0 0.12736730117566364 0.7135427704724134 3.4 0.10091244185016877 1.505933559570437 1.0416351133218542 0.8381646321487366 3.3770532927733448
11850 499.2507754544732 0 0.12736730117566364 0.7135427704724134 3.4 0.10091244185016877 1.505933559570437 1.0416351133218542 0.8381646321487366 3.3770532927733448
11900 499.2507754544732 0 0.12736730117566364 0.7135427704724134 3.4 0.10091244185016877 1.505933559570437 1.0416351133218542 0.8381646321487366 3.3770532927733448
11950 499.2507754544732 0 0.12736730117566364 0.7135427704724134 3.4 0.10091244185016877 1.505933559570437 1.0416351133218542 0.8381646321487366 3.3770532927733448
12000 499.2507754544732 0 0.12736730117566364 0.7135427704724134 3.4 0.10091244185016877 1.505933559570437 1.0416351133218542 0.8381646321487366 3.3770532927733448
12050 499.2507754544732 0 0.12736730117566364 0.7135427704724134 3.4 0.10091244185016877 1.505933559570437 1.0416351133218542 0.8381646321487366 3.3770532927733448
12100 499.2507754544732 0 0.12736730117566364 0.7135427704724134 3.4 0.10091244185016877 1.505933559570437 1.0416351133218542 0.8381646321487366 3.3770532927733448
12150 499.2507754544732 0 0.12736730117566364 0.7135427704724134 3.4 0.10091244185016877 1.505933559570437 1.0416351133218542 0.8381646321487366 3.3770532927733448
12200 499.2507754544732 0 0.12736730117566364 0.7135427704724134 3.4 0.10091244185016877 1.505933559570437 1.0416351133218542 0.8381646321487366 3.3770532927733448
12250 499.2507754544732 0 0.12736730117566364 0.7135427704724134 3.4 0.10091244185016877 1.505933559570437 1.0416351133218542 0.8381646321487366 3.3770532927733448
12300 499.2507754544732 0 0.12736730117566364 0.7135427704724134 3.4 0.10091244185016877 1.505933559570437 1.0416351133218542 0.8381646321487366 3.3770532927733448
12350 499.2507754544732 0 0.12736730117566364 0.7135427704724134 3.4 0.10091244185016877 1.505933559570437 1.0416351133218542 0.8381646321487366 3.3770532927733448
12400 499.2507754544732 0 0.12736730117566364 0.7135427704724134 3.4 0.10091244185016877 1.505933559570437 1.0416351133218542 0.8381646321487366 3.3770532927733448
12450 499.2507754544732 0 0.12736730117566364 0.7135427704724134 3.4 0.10091244185016877 1.505933559570437 1.0416351133218542 0.8381646321487366 3.3770532927733448
12500 499.2507754544732 0 0.12736730117566364 0.7135427704724134 3.4 0.10091244185016877 1.505933559570437 1.0416351133218542 0.8381646321487366 3.3770532927733448
12550 499.2507754544732 0 0.12736730117566364 0.7135427704724134 3.4 0.10091244185016877 1.505933559570437 1.0416351133218542 0.8381646321487366 3.3770532927733448
12600 499.2507754544732 0 0.12736730117566364 0.7135427704724134 3.4 0.10091244185016877 1.505933559570437 1.0416351133218542 0.8381646321487366 3.3770532927733448
12650 499.2507754544732 0 0.12736730117566364 0.7135427704724134 3.4 0.10091244185016877 1.505933559570437 1.0416351133218542 0.8381646321487366 3.3770532927733448
12700 499.2507754544732 0 0.12736730117566364 0.7135427704724134 3.4 0.10091244185016877 1.505933559570437 1.0416351133218542 0.8381646321487366 3.3770532927733448
12750 499.2507754544732 0 0.12736730117566364 0.7135427704724134 3.4 0.10091244185016877 1.505933559570437 1.0416351133218542 0.8381646321487366 3.3770532927733448
12800 499.2507754544732 0 0.12736730117566364 0.7135427704724134 3.4 0.10091244185016877 1.505933559570437 1.0416351133218542 0.8381646321487366 3.3770532927733448
12850 499.2507754544732 0 0.12736730117566364 0.7135427704724134 3.4 0.10091244185016877 1.505933559570437 1.0416351133218542 0.8381646321487366 3.3770532927733448
12900 499.2507754544732 0 0.12736730117566364 0.7135427704724134 3.4 0.10091244185016877 1.505933559570437 1.0416351133218542 0.8381646321487366 3.3770532927733448
12950 499.2507754544732 0 0.12736730117566364 0.7135427704724134 3.4 0.10091244185016877 1.505933559570437 1.0416351133218542 0.8381646321487366 3.3770532927733448
13000 499.2507754544732 0 0.12736730117566364 0.7135427704724134 3.4 0.10091244185016877 1.505933559570437 1.0416351133218542 0.8381646321487366 3.3770532927733448
13050 499.2507754544732 0 0.12736730117566364 0.7135427704724134 3.4 0.10091244185016877 1.505933559570437 1.0416351133218542 0.8381646321487366 3.3770532927733448
13100 499.2507754544732 0 0.12736730117566364 0.7135427704724134 3.4 0.10091244185016877 1.505933559570437 1.0416351133218542 0.8381646321487366 3.3770532927733448
13150 499.2507754544732 0 0.12736730117566364 0.7135427704724134 3.4 0.10091244185016877 1.505933559570437 1.0416351133218542 0.8381646321487366 3.3770532927733448
13200 499.2507754544732 0 0.12736730117566364 0.7135427704724134 3.4 0.10091244185016877 1.505933559570437 1.0416351133218542 0.8381646321487366 3.3770532927733448
13250 499.2507754544732 0 0.12736730117566364 0.7135427704724134 3.4 0.10091244185016877 1.505933559570437 1.0416351133218542 0.8381646321487366 3.3770532927733448
13300 499.2507754544732 0 0.12736730117566364 0.7135427704724134 3.4 0.10091244185016877 1.505933559570437 1.0416351133218542 0.8381646321487366 3.3770532927733448
13350 499.2507754544732 0 0.12736730117566364 0.7135427704724134 3.4 0.10091244185016877 1.505933559570437 1.0416351133218542 0.8381646321487366 3.3770532927733448
13400 499.2507754544732 0 0.12736730117566364 0.7135427704724134 3.4 0.10091244185016877 1.505933559570437 1.0416351133218542 0.8381646321487366 3.3770532927733448
13450 499.2507754544732 0 0.12736730117566364 0.7135427704724134 3.4 0.10091244185016877 1.505933559570437 1.0416351133218542 0.8381646321487366 3.3770532927733448
13500 499.2507754544732 0 0.12736730117566364 0.7135427704724134 3.4 0.10091244185016877 1.505933559570437 1.0416351133218542 0.8381646321487366 3.3770532927733448
13550 499.2507754544732 0 0.12736730117566364 0.7135427704724134 3.4 0.10091244185016877 1.505933559570437 1.0416351133218542 0.8381646321487366 3.3770532927733448
13600 499.2507754544732 0 0.12736730117566364 0.7135427704724134 3.4 0.10091244185016877 1.505933559570437 1.0416351133218542 0.8381646321487366 3.3770532927733448
13650 499.2507754544732 0 0.12736730117566364 0.7135427704724134 3.4 0.10091244185016877 1.505933559570437 1.0416351133218542 0.8381646321487366 3.3770532927733448
13700 499.2507754544732 0 0.12736730117566364 0.7135427704724134 3.4 0.10091244185016877 1.505933559570437 1.0416351133218542 0.8381646321487366 3.3770532927733448
13750 499.2507754544732 0 0.12736730117566364 0.7135427704724134 3.4 0.10091244185016877 1.505933559570437 1.0416351133218542 0.8381646321487366 3.3770532927733448
13800 499.2507754544732 0 0.12736730117566364 0.7135427704724134 3.4 0.10091244185016877 1.505933559570437 1.0416351133218542 0.8381646321487366 3.3770532927733448
13850 499.2507754544732 0 0.12736730117566364 0.7135427704724134 3.4 0.10091244185016877 1.505933559570437 1.0416351133218542 0.8381646321487366 3.3770532927733448
13900 499.2507754544732 0 0.12736730117566364 0.7135427704724134 3.4 0.10091244185016877 1.505933559570437 1.0416351133218542 0.8381646321487366 3.3770532927733448
13950 499.2507754544732 0 0.12736730117566364 0.7135427704724134 3.4 0.10091244185016877 1.505933559570437 1.0416351133218542 0.8381646321487366 3.3770532927733448
14000 499.2507754544732 0 0.12736730117566364 0.7135427704724134 3.4 0.10091244185016877 1.505933559570437 1.0416351133218542 0.8381646321487366 3.3770532927733448
14050 499.2507754544732 0 0.12736730117566364 0.7135427704724134 3.4 0.10091244185016877 1.505933559570437 1.0416351133218542 0.8381646321487366 3.3770532927733448
14100 499.2507754544732 0 0.12736730117566364 0.7135427704724134 3.4 0.10091244185016877 1.505933559570437 1.0416351133218542 0.8381646321487366 3.3770532927733448
14150 499.2507754544732 0 0.12736730117566364 0.7135427704724134 3.4 0.10091244185016877 1.505933559570437 1.0416351133218542 0.8381646321487366 3.3770532927733448
14200 499.2507754544732 0 0.12736730117566364 0.7135427704724134 3.4 0.10091244185016877 1.505933559570437 1.0416351133218542 0.8381646321487366 3.3770532927733448
14250 499.2507754544732 0 0.12736730117566364 0.7135427704724134 3.4 0.10091244185016877 1.505933559570437 1.0416351133218542 0.8381646321487366 3.3770532927733448
14300 499.2507754544732 0 0.12736730117566364 0.7135427704724134 3.4 0.10091244185016877 1.505933559570437 1.0416351133218542 0.8381646321487366 3.3770532927733448
14350 499.2507754544732 0 0.12736730117566364 0.7135427704724134 3.4 0.10091244185016877 1.505933559570437 1.0416351133218542 0.8381646321487366 3.3770532927733448
14400 499.2507754544732 0 0.12736730117566364 0.7135427704724134 3.4 0.10091244185016877 1.505933559570437 1.0416351133218542 0.8381646321487366 3.3770532927733448
14450 499.2507754544732 0 0.12736730117566364 0.7135427704724134 3.4 0.10091244185016877 1.505933559570437 1.0416351133218542 0.8381646321487366 3.3770532927733448
14500 499.2507754544732 0 0.12736730117566364 0.7135427704724134 3.4 0.10091244185016877 1.505933559570437 1.0416351133218542 0.8381646321487366 3.3770532927733448
14550 499.2507754544732 0 0.12736730117566364 0.7135427704724134 3.4 0.10091244185016877 1.505933559570437 1.0416351133218542 0.8381646321487366 3.3770532927733448
14600 499.2507754544732 0 0.12736730117566364 0.7135427704724134 3.4 0.10091244185016877 1.505933559570437 1.0416351133218542 0.8381646321487366 3.3770532927733448
14650 499.2507754544732 0 0.12736730117566364 0.7135427704724134 3.4 0.10091244185016877 1.505933559570437 1.0416351133218542 0.8381646321487366 3.3770532927733448
14700 499.2507754544732 0 0.12736730117566364 0.7135427704724134 3.4 0.10091244185016877 1.505933559570437 1.0416351133218542 0.8381646321487366 3.3770532927733448
14750 499.2507754544732 0 0.12736730117566364 0.7135427704724134 3.4 0.10091244185016877 1.505933559570437 1.0416351133218542 0.8381646321487366 3.3770532927733448
14800 499.2507754544732 0 0.12736730117566364 0.7135427704724134 3.4 0.10091244185016877 1.505933559570437 1.0416351133218542 0.8381646321487366 3.3770532927733448
14850 499.2507754544732 0 0.12736730117566364 0.7135427704724134 3.4 0.10091244185016877 1.505933559570437 1.0416351133218542 0.8381646321487366 3.3770532927733448
14900 499.2507754544732 0 0.12736730117566364 0.7135427704724134 3.4 0.10091244185016877 1.505933559570437 1.0416351133218542 0.8381646321487366 3.3770532927733448
14950 499.2507754544732 0 0.12736730117566364 0.7135427704724134 3.4 0.10091244185016877 1.505933559570437 1.0416351133218542 0.8381646321487366 3.3770532927733448
15000 499.2507754544732 0 0.12736730117566364 0.7135427704724134 3.4 0.10091244185016877 1.505933559570437 1.0416351133218542 0.8381646321487366 3.3770532927733448
15050 499.2507754544732 0 0.12736730117566364 0.7135427704724134 3.4 0.10091244185016877 1.505933559570437 1.0416351133218542 0.8381646321487366 3.3770532927733448
15100 499.2507754544732 0 0.12736730117566364 0.7135427704724134 3.4 0.10091244185016877 1.505933559570437 1.0416351133218542 0.8381646321487366 3.3770532927733448
15150 499.2507754544732 0 0.12736730117566364 0.7135427704724134 3.4 0.10091244185016877 1.505933559570437 1.0416351133218542 0.8381646321487366 3.3770532927733448
15200 499.2507754544732 0 0.12736730117566364 0.7135427704724134 3.4 0.10091244185016877 1.505933559570437 1.0416351133218542 0.8381646321487366 3.3770532927733448
15250 499.2507754544732 0 0.12736730117566364 0.7135427704724134 3.4 0.10091244185016877 1.505933559570437 1.0416351133218542 0.8381646321487366 3.3770532927733448
15300 499.2507754544732 0 0.12736730117566364 0.7135427704724134 3.4 0.10091244185016877 1.505933559570437 1.0416351133218542 0.8381646321487366 3.3770532927733448
15350 499.2507754544732 0 0.12736730117566364 0.7135427704724134 3.4 0.10091244185016877 1.505933559570437 1.0416351133218542 0.8381646321487366 3.3770532927733448
15400 499.2507754544732 0 0.12736730117566364 0.7135427704724134 3.4 0.10091244185016877 1.505933559570437 1.0416351133218542 0.8381646321487366 3.3770532927733448
15450 499.2507754544732 0 0.12736730117566364 0.7135427704724134 3.4 0.10091244185016877 1.505933559570437 1.0416351133218542 0.8381646321487366 3.3770532927733448
15500 499.2507754544732 0 0.12736730117566364 0.7135427704724134 3.4 0.10091244185016877 1.505933559570437 1.0416351133218542 0.8381646321487366 3.3770532927733448
15550 499.2507754544732 0 0.12736730117566364 0.7135427704724134 3.4 0.10091244185016877 1.505933559570437 1.0416351133218542 0.8381646321487366 3.3770532927733448
15600 499.2507754544732 0 0.12736730117566364 0.7135427704724134 3.4 0.10091244185016877 1.505933559570437 1.0416351133218542 0.8381646321487366 3.3770532927733448
15650 499.2507754544732 0 0.12736730117566364 0.7135427704724134 3.4 0.10091244185016877 1.505933559570437 1.0416351133218542 0.8381646321487366 3.3770532927733448
15700 499.2507754544732 0 0.12736730117566364 0.7135427704724134 3.4 0.10091244185016877 1.505933559570437 1.0416351133218542 0.8381646321487366 3.3770532927733448
15750 499.2507754544732 0 0.12736730117566364 0.7135427704724134 3.4 0.10091244185016877 1.505933559570437 1.0416351133218542 0.8381646321487366 3.3770532927733448
15800 499.2507754544732 0 0.12736730117566364 0.7135427704724134 3.4 0.10091244185016877 1.505933559570437 1.0416351133218542 0.8381646321487366 3.3770532927733448
15850 499.2507754544732 0 0.12736730117566364 0.7135427704724134 3.4 0.10091244185016877 1.505933559570437 1.0416351133218542 0.8381646321487366 3.3770532927733448
15900 499.2507754544732 0 0.12736730117566364 0.7135427704724134 3.4 0.10091244185016877 1.505933559570437 1.0416351133218542 0.8381646321487366 3.3770532927733448
15950 499.2507754544732 0 0.12736730117566364 0.7135427704724134 3.4 0.10091244185016877 1.505933559570437 1.0416351133218542 0.8381646321487366 3.3770532927733448
16000 499.2507754544732 0 0.12736730117566364 0.7135427704724134 3.4 0.10091244185016877 1.505933559570437 1.0416351133218542 0.8381646321487366 3.3770532927733448
16050 499.2507754544732 0 0.12736730117566364 0.7135427704724134 3.4 0.10091244185016877 1.505933559570437 1.0416351133218542 0.8381646321487366 3.3770532927733448
16100 499.2507754544732 0 0.12736730117566364 0.7135427704724134 3.4 0.10091244185016877 1.505933559570437 1.0416351133218542 0.8381646321487366 3.3770532927733448
16150 499.2507754544732 0 0.12736730117566364 0.7135427704724134 3.4 0.10091244185016877 1.505933559570437 1.0416351133218542 0.8381646321487366 3.3770532927733448
16200 499.2507754544732 0 0.12736730117566364 0.7135427704724134 3.4 0.10091244185016877 1.505933559570437 1.0416351133218542 0.8381646321487366 3.3770532927733448
16250 499.2507754544732 0 0.12736730117566364 0.7135427704724134 3.4 0.10091244185016877 1.505933559570437 1.0416351133218542 0.8381646321487366 3.3770532927733448
16300 499.2507754544732 0 0.12736730117566364 0.7135427704724134 3.4 0.10091244185016877 1.505933559570437 1.0416351133218542 0.8381646321487366 3.3770532927733448
16350 499.2507754544732 0 0.12736730117566364 0.7135427704724134 3.4 0.10091244185016877 1.505933559570437 1.0416351133218542 0.8381646321487366 3.3770532927733448
16400 499.2507754544732 0 0.12736730117566364 0.7135427704724134 3.4 0.10091244185016877 1.505933559570437 1.0416351133218542 0.8381646321487366 3.3770532927733448
16450 499.2507754544732 0 0.12736730117566364 0.7135427704724134 3.4 0.10091244185016877 1.505933559570437 1.0416351133218542 0.8381646321487366 3.3770532927733448
16500 499.2507754544732 0 0.12736730117566364 0.7135427704724134 3.4 0.10091244185016877 1.505933559570437 1.0416351133218542 0.8381646321487366 3.3770532927733448
16550 499.2507754544732 0 0.12736730117566364 0.7135427704724134 3.4 0.10091244185016877 1.505933559570437 1.0416351133218542 0.8381646321487366 3.3770532927733448
16600 499.2507754544732 0 0.12736730117566364 0.7135427704724134 3.4 0.10091244185016877 1.505933559570437 1.0416351133218542 0.8381646321487366 3.3770532927733448
16650 499.2507754544732 0 0.12736730117566364 0.7135427704724134 3.4 0.10091244185016877 1.505933559570437 1.0416351133218542 0.8381646321487366 3.3770532927733448
16700 499.2507754544732 0 0.12736730117566364 0.7135427704724134 3.4 0.10091244185016877 1.505933559570437 1.0416351133218542 0.8381646321487366 3.3770532927733448
16750 499.2507754544732 0 0.12736730117566364 0.7135427704724134 3.4 0.10091244185016877 1.505933559570437 1.0416351133218542 0.8381646321487366 3.3770532927733448
16800 499.2507754544732 0 0.12736730117566364 0.7135427704724134 3.4 0.10091244185016877 1.505933559570437 1.0416351133218542 0.8381646321487366 3.3770532927733448
16850 499.2507754544732 0 0.12736730117566364 0.7135427704724134 3.4 0.10091244185016877 1.505933559570437 1.0416351133218542 0.8381646321487366 3.3770532927733448
16900 499.2507754544732 0 0.12736730117566364 0.7135427704724134 3.4 0.10091244185016877 1.505933559570437 1.0416351133218542 0.8381646321487366 3.3770532927733448
16950 499.2507754544732 0 0.12736730117566364 0.7135427704724134 3.4 0.10091244185016877 1.505933559570437 1.0416351133218542 0.8381646321487366 3.3770532927733448
17000 499.2507754544732 0 0.12736730117566364 0.7135427704724134 3.4 0.10091244185016877 1.505933559570437 1.0416351133218542 0.8381646321487366 3.3770532927733448
17050 499.2507754544732 0 0.12736730117566364 0.7135427704724134 3.4 0.10091244185016877 1.505933559570437 1.0416351133218542 0.8381646321487366 3.3770532927733448
17100 499.2507754544732 0 0.12736730117566364 0.7135427704724134 3.4 0.10091244185016877 1.505933559570437 1.0416351133218542 0.8381646321487366 3.3770532927733448
17150 499.2507754544732 0 0.12736730117566364 0.7135427704724134 3.4 0.10091244185016877 1.505933559570437 1.0416351133218542 0.8381646321487366 3.3770532927733448
17200 499.2507754544732 0 0.12736730117566364 0.7135427704724134 3.4 0.10091244185016877 1.505933559570437 1.0416351133218542 0.8381646321487366 3.3770532927733448
17250 499.2507754544732 0 0.12736730117566364 0.7135427704724134 3.4 0.10091244185016877 1.505933559570437 1.0416351133218542 0.8381646321487366 3.3770532927733448
17300 499.2507754544732 0 0.12736730117566364 0.7135427704724134 3.4 0.10091244185016877 1.505933559570437 1.0416351133218542 0.8381646321487366 3.3770532927733448
17350 499.2507754544732 0 0.12736730117566364 0.7135427704724134 3.4 0.10091244185016877 1.505933559570437 1.0416351133218542 0.8381646321487366 3.3770532927733448
17400 499.2507754544732 0 0.12736730117566364 0.7135427704724134 3.4 0.10091244185016877 1.505933559570437 1.0416351133218542 0.8381646321487366 3.3770532927733448
17450 499.2507754544732 0 0.12736730117566364 0.7135427704724134 3.4 0.10091244185016877 1.505933559570437 1.0416351133218542 0.8381646321487366 3.3770532927733448
17500 499.2507754544732 0 0.12736730117566364 0.7135427704724134 3.4 0.10091244185016877 1.505933559570437 1.0416351133218542 0.8381646321487366 3.3770532927733448
17550 499.2507754544732 0 0.12736730117566364 0.7135427704724134 3.4 0.10091244185016877 1.505933559570437 1.0416351133218542 0.8381646321487366 3.3770532927733448
17600 499.2507754544732 0 0.12736730117566364 0.7135427704724134 3.4 0.10091244185016877 1.505933559570437 1.0416351133218542 0.8381646321487366 3.3770532927733448
17650 499.2507754544732 0 0.12736730117566364 0.7135427704724134 3.4 0.10091244185016877 1.505933559570437 1.0416351133218542 0.8381646321487366 3.3770532927733448
17700 499.2507754544732 0 0.12736730117566364 0.7135427704724134 3.4 0.10091244185016877 1.505933559570437 1.0416351133218542 0.8381646321487366 3.3770532927733448
17750 499.2507754544732 0 0.12736730117566364 0.7135427704724134 3.4 0.10091244185016877 1.505933559570437 1.0416351133218542 0.8381646321487366 3.3770532927733448
17800 499.2507754544732 0 0.12736730117566364 0.7135427704724134 3.4 0.10091244185016877 1.505933559570437 1.0416351133218542 0.8381646321487366 3.3770532927733448
17850 499.2507754544732 0 0.12736730117566364 0.7135427704724134 3.4 0.10091244185016877 1.505933559570437 1.0416351133218542 0.8381646321487366 3.3770532927733448
17900 499.2507754544732 0 0.12736730117566364 0.7135427704724134 3.4 0.10091244185016877 1.505933559570437 1.0416351133218542 0.8381646321487366 3.3770532927733448
17950 499.2507754544732 0 0.12736730117566364 0.7135427704724134 3.4 0.10091244185016877 1.505933559570437 1.0416351133218542 0.8381646321487366 3.3770532927733448
18000 499.2507754544732 0 0.12736730117566364 0.7135427704724134 3.4 0.10091244185016877 1.505933559570437 1.0416351133218542 0.8381646321487366 3.3770532927733448
18050 499.2507754544732 0 0.12736730117566364 0.7135427704724134 3.4 0.10091244185016877 1.505933559570437 1.0416351133218542 0.8381646321487366 3.3770532927733448
18100 499.2507754544732 0 0.12736730117566364 0.7135427704724134 3.4 0.10091244185016877 1.505933559570437 1.0416351133218542 0.8381646321487366 3.3770532927733448
18150 499.2507754544732 0 0.12736730117566364 0.7135427704724134 3.4 0.10091244185016877 1.505933559570437 1.0416351133218542 0.8381646321487366 3.3770532927733448
18200 499.2507754544732 0 0.12736730117566364 0.7135427704724134 3.4 0.10091244185016877 1.505933559570437 1.0416351133218542 0.8381646321487366 3.3770532927733448
18250 499.2507754544732 0 0.12736730117566364 0.7135427704724134 3.4 0.10091244185016877 1.505933559570437 1.0416351133218542 0.8381646321487366 3.3770532927733448
18300 499.2507754544732 0 0.12736730117566364 0.7135427704724134 3.4 0.10091244185016877 1.505933559570437 1.0416351133218542 0.8381646321487366 3.3770532927733448
18350 499.2507754544732 0 0.12736730117566364 0.7135427704724134 3.4 0.10091244185016877 1.505933559570437 1.0416351133218542 0.8381646321487366 3.3770532927733448
18400 499.2507754544732 0 0.12736730117566364 0.7135427704724134 3.4 0.10091244185016877 1.505933559570437 1.0416351133218542 0.8381646321487366 3.3770532927733448
18450 499.2507754544732 0 0.12736730117566364 0.7135427704724134 3.4 0.10091244185016877 1.505933559570437 1.0416351133218542 0.8381646321487366 3.3770532927733448
18500 499.2507754544732 0 0.12736730117566364 0.7135427704724134 3.4 0.10091244185016877 1.505933559570437 1.0416351133218542 0.8381646321487366 3.3770532927733448
18550 499.2507754544732 0 0.12736730117566364 0.7135427704724134 3.4 0.10091244185016877 1.505933559570437 1.0416351133218542 0.8381646321487366 3.3770532927733448
18600 499.2507754544732 0 0.12736730117566364 0.7135427704724134 3.4 0.10091244185016877 1.505933559570437 1.0416351133218542 0.8381646321487366 3.3770532927733448
18650 499.2507754544732 0 0.12736730117566364 0.7135427704724134 3.4 0.10091244185016877 1.505933559570437 1.0416351133218542 0.8381646321487366 3.3770532927733448
18700 499.2507754544732 0 0.12736730117566364 0.7135427704724134 3.4 0.10091244185016877 1.505933559570437 1.0416351133218542 0.8381646321487366 3.3770532927733448
18750 499.2507754544732 0 0.12736730117566364 0.7135427704724134 3.4 0.10091244185016877 1.505933559570437 1.0416351133218542 0.8381646321487366 3.3770532927733448
18800 499.2507754544732 0 0.12736730117566364 0.7135427704724134 3.4 0.10091244185016877 1.505933559570437 1.0416351133218542 0.8381646321487366 3.3770532927733448
18850 499.2507754544732 0 0.12736730117566364 0.7135427704724134 3.4 0.10091244185016877 1.505933559570437 1.0416351133218542 0.8381646321487366 3.3770532927733448
18900 499.2507754544732 0 0.12736730117566364 0.7135427704724134 3.4 0.10091244185016877 1.505933559570437 1.0416351133218542 0.8381646321487366 3.3770532927733448
18950 499.2507754544732 0 0.12736730117566364 0.7135427704724134 3.4 0.10091244185016877 1.505933559570437 1.0416351133218542 0.8381646321487366 3.3770532927733448
19000 499.2507754544732 0 0.12736730117566364 0.7135427704724134 3.4 0.10091244185016877 1.505933559570437 1.0416351133218542 0.8381646321487366 3.3770532927733448
19050 499.2507754544732 0 0.12736730117566364 0.7135427704724134 3.4 0.10091244185016877 1.505933559570437 1.0416351133218542 0.8381646321487366 3.3770532927733448
19100 499.2507754544732 0 0.12736730117566364 0.7135427704724134 3.4 0.10091244185016877 1.505933559570437 1.0416351133218542 0.8381646321487366 3.3770532927733448
19150 499.2507754544732 0 0.12736730117566364 0.7135427704724134 3.4 0.10091244185016877 1.505933559570437 1.0416351133218542 0.8381646321487366 3.3770532927733448
19200 499.2507754544732 0 0.12736730117566364 0.7135427704724134 3.4 0.10091244185016877 1.505933559570437 1.0416351133218542 0.8381646321487366 3.3770532927733448
19250 499.2507754544732 0 0.12736730117566364 0.7135427704724134 3.4 0.10091244185016877 1.505933559570437 1.0416351133218542 0.8381646321487366 3.3770532927733448
19300 499.2507754544732 0 0.12736730117566364 0.7135427704724134 3.4 0.10091244185016877 1.505933559570437 1.0416351133218542 0.8381646321487366 3.3770532927733448
19350 499.2507754544732 0 0.12736730117566364 0.7135427704724134 3.4 0.10091244185016877 1.505933559570437 1.0416351133218542 0.8381646321487366 3.3770532927733448
19400 499.2507754544732 0 0.12736730117566364 0.7135427704724134 3.4 0.10091244185016877 1.505933559570437 1.0416351133218542 0.8381646321487366 3.3770532927733448
19450 499.2507754544732 0 0.12736730117566364 0.7135427704724134 3.4 0.10091244185016877 1.505933559570437 1.0416351133218542 0.8381646321487366 3.3770532927733448
19500 499.2507754544732 0 0.12736730117566364 0.7135427704724134 3.4 0.10091244185016877 1.505933559570437 1.0416351133218542 0.8381646321487366 3.3770532927733448
19550 499.2507754544732 0 0.12736730117566364 0.7135427704724134 3.4 0.10091244185016877 1.505933559570437 1.0416351133218542 0.8381646321487366 3.3770532927733448
19600 499.2507754544732 0 0.12736730117566364 0.7135427704724134 3.4 0.10091244185016877 1.505933559570437 1.0416351133218542 0.8381646321487366 3.3770532927733448
19650 499.2507754544732 0 0.12736730117566364 0.7135427704724134 3.4 0.10091244185016877 1.505933559570437 1.0416351133218542 0.8381646321487366 3.3770532927733448
19700 499.2507754544732 0 0.12736730117566364 0.7135427704724134 3.4 0.10091244185016877 1.505933559570437 1.0416351133218542 0.8381646321487366 3.3770532927733448
19750 499.2507754544732 0 0.12736730117566364 0.7135427704724134 3.4 0.10091244185016877 1.505933559570437 1.0416351133218542 0.8381646321487366 3.3770532927733448
19800 499.2507754544732 0 0.12736730117566364 0.7135427704724134 3.4 0.10091244185016877 1.505933559570437 1.0416351133218542 0.8381646321487366 3.3770532927733448
19850 499.2507754544732 0 0.12736730117566364 0.7135427704724134 3.4 0.10091244185016877 1.505933559570437 1.0416351133218542 0.8381646321487366 3.3770532927733448
19900 499.2507754544732 0 0.12736730117566364 0.7135427704724134 3.4 0.10091244185016877 1.505933559570437 1.0416351133218542 0.8381646321487366 3.3770532927733448
19950 499.2507754544732 0 0.12736730117566364 0.7135427704724134 3.4 0.10091244185016877 1.505933559570437 1.0416351133218542 0.8381646321487366 3.3770532927733448
*---*---*---*---*---*---*---*---*---*---*---*---*---*---*---*---*---*---*---*---*
Status: Finished
Last individual
499.2507754544732 0 0.12736730117566364 0.7135427704724134 3.4 0.10091244185016877 1.505933559570437 1.0416351133218542 0.8381646321487366 3.3770532927733448
Hall of fame
499.2507754544732 0 0.11494824534177782 0.716732712858466 3.390847596195772 0.13759536151483528 1.463511399505954 0.9985089933860082 0.7525212645367952 3.3446922958687395
Last factible individual
499.2507754544732 0 0.12736730117566364 0.7135427704724134 3.4 0.10091244185016877 1.505933559570437 1.0416351133218542 0.8381646321487366 3.3770532927733448
CPU time used (seconds)
4.235096411997802
