*---*---*---*---*---*---*---*---*---*---*---*---*---*---*---*---*---*---*---*---*
Algorithm: Differential Evolution
Constrainth handling method: APM
Function: 125
Case: discrete
Seed: 2
Parents size: 50
Offsprings size: 50
maxFe: 20000
CR: 0.9
F: 0.6
rweights: -
*---*---*---*---*---*---*---*---*---*---*---*---*---*---*---*---*---*---*---*---*
ngen ObjectiveFunction Fitness ProjectVariables
50 650.2954832292069 650.2954832292069 3.283018564294542 1.7500275918617152 3.035416211022278 1.2273250538146618 1.9715756211714406 1.5109016788771632 1.5412659679884366 2.662645310490431
100 615.0941696672589 615.0941696672589 2.070416942764771 2.5352542199884267 2.084035741849843 0.1 1.1382192681770869 1.5694780045308354 1.071588787390588 3.0945801177984498
150 615.0941696672589 615.0941696672589 2.070416942764771 2.5352542199884267 2.084035741849843 0.1 1.1382192681770869 1.5694780045308354 1.071588787390588 3.0945801177984498
200 573.4279709835937 573.4279709835937 1.7830769627641534 1.4098360937965895 2.8005213892208007 0.1 1.3654245013388246 1.1964485611760025 1.173755452073104 3.4
250 560.1822826104988 560.1822826104988 0.20630045607357939 1.3623212903414466 2.8129089438712747 0.5095645893637109 1.4383087742071423 1.4247925167707656 0.862881013142792 3.256813147958659
300 560.1822826104988 560.1822826104988 0.20630045607357939 1.3623212903414466 2.8129089438712747 0.5095645893637109 1.4383087742071423 1.4247925167707656 0.862881013142792 3.256813147958659
350 560.1822826104988 560.1822826104988 0.20630045607357939 1.3623212903414466 2.8129089438712747 0.5095645893637109 1.4383087742071423 1.4247925167707656 0.862881013142792 3.256813147958659
400 560.1822826104988 560.1822826104988 0.20630045607357939 1.3623212903414466 2.8129089438712747 0.5095645893637109 1.4383087742071423 1.4247925167707656 0.862881013142792 3.256813147958659
450 539.3240767545983 539.3240767545983 0.505987435572376 1.6628941893727762 3.0084243897233858 1.3025389524208757 0.6995953847840926 1.0686982428097864 0.6325122636819422 3.083910178562999
500 539.3240767545983 539.3240767545983 0.505987435572376 1.6628941893727762 3.0084243897233858 1.3025389524208757 0.6995953847840926 1.0686982428097864 0.6325122636819422 3.083910178562999
550 539.3240767545983 539.3240767545983 0.505987435572376 1.6628941893727762 3.0084243897233858 1.3025389524208757 0.6995953847840926 1.0686982428097864 0.6325122636819422 3.083910178562999
600 539.3240767545983 539.3240767545983 0.505987435572376 1.6628941893727762 3.0084243897233858 1.3025389524208757 0.6995953847840926 1.0686982428097864 0.6325122636819422 3.083910178562999
650 539.3240767545983 539.3240767545983 0.505987435572376 1.6628941893727762 3.0084243897233858 1.3025389524208757 0.6995953847840926 1.0686982428097864 0.6325122636819422 3.083910178562999
700 539.3240767545983 539.3240767545983 0.505987435572376 1.6628941893727762 3.0084243897233858 1.3025389524208757 0.6995953847840926 1.0686982428097864 0.6325122636819422 3.083910178562999
750 539.3240767545983 539.3240767545983 0.505987435572376 1.6628941893727762 3.0084243897233858 1.3025389524208757 0.6995953847840926 1.0686982428097864 0.6325122636819422 3.083910178562999
800 539.3240767545983 539.3240767545983 0.505987435572376 1.6628941893727762 3.0084243897233858 1.3025389524208757 0.6995953847840926 1.0686982428097864 0.6325122636819422 3.083910178562999
850 539.3240767545983 539.3240767545983 0.505987435572376 1.6628941893727762 3.0084243897233858 1.3025389524208757 0.6995953847840926 1.0686982428097864 0.6325122636819422 3.083910178562999
900 539.3240767545983 539.3240767545983 0.505987435572376 1.6628941893727762 3.0084243897233858 1.3025389524208757 0.6995953847840926 1.0686982428097864 0.6325122636819422 3.083910178562999
950 539.3240767545983 539.3240767545983 0.505987435572376 1.6628941893727762 3.0084243897233858 1.3025389524208757 0.6995953847840926 1.0686982428097864 0.6325122636819422 3.083910178562999
1000 534.9596614066575 534.9596614066575 0.35470339073463664 0.1 3.2321949206900733 0.6814490647482554 1.1494867079512663 1.1065766360666944 1.69258508854382 2.9714391735068593
1050 534.9596614066575 534.9596614066575 0.35470339073463664 0.1 3.2321949206900733 0.6814490647482554 1.1494867079512663 1.1065766360666944 1.69258508854382 2.9714391735068593
1100 527.3601649805601 527.3601649805601 0.1 1.1724428457231082 3.4 0.1 2.6569477965913606 0.9060091181497225 0.7154382482609398 3.1553727766427286
1150 527.3601649805601 527.3601649805601 0.1 1.1724428457231082 3.4 0.1 2.6569477965913606 0.9060091181497225 0.7154382482609398 3.1553727766427286
1200 521.780622200018 521.780622200018 0.7783935182521746 0.5845439995707636 3.210954672045937 0.3457387536182265 2.828366408916462 1.1055679448759232 0.676261018339848 3.3541398674608383
1250 517.2040168440998 517.2040168440998 0.5674769973871083 0.8947601292131389 3.3863903716039245 0.1 3.4 1.199170922543706 0.307182508879344 3.4
1300 511.95401684409967 511.95401684409967 0.7202990318278903 0.8947601292131389 3.2857073240179684 0.1 2.7401381562491274 0.9975859798934331 0.5429765509593957 3.2905803831029528
1350 511.95401684409967 511.95401684409967 0.7202990318278903 0.8947601292131389 3.2857073240179684 0.1 2.7401381562491274 0.9975859798934331 0.5429765509593957 3.2905803831029528
1400 511.95401684409967 511.95401684409967 0.7202990318278903 0.8947601292131389 3.2857073240179684 0.1 2.7401381562491274 0.9975859798934331 0.5429765509593957 3.2905803831029528
1450 511.95401684409967 511.95401684409967 0.7202990318278903 0.8947601292131389 3.2857073240179684 0.1 2.7401381562491274 0.9975859798934331 0.5429765509593957 3.2905803831029528
1500 511.95401684409967 511.95401684409967 0.7202990318278903 0.8947601292131389 3.2857073240179684 0.1 2.7401381562491274 0.9975859798934331 0.5429765509593957 3.2905803831029528
1550 511.95401684409967 511.95401684409967 0.7202990318278903 0.8947601292131389 3.2857073240179684 0.1 2.7401381562491274 0.9975859798934331 0.5429765509593957 3.2905803831029528
1600 511.95401684409967 511.95401684409967 0.7202990318278903 0.8947601292131389 3.2857073240179684 0.1 2.7401381562491274 0.9975859798934331 0.5429765509593957 3.2905803831029528
1650 511.95401684409967 511.95401684409967 0.7202990318278903 0.8947601292131389 3.2857073240179684 0.1 2.7401381562491274 0.9975859798934331 0.5429765509593957 3.2905803831029528
1700 511.95401684409967 511.95401684409967 0.7202990318278903 0.8947601292131389 3.2857073240179684 0.1 2.7401381562491274 0.9975859798934331 0.5429765509593957 3.2905803831029528
1750 511.95401684409967 511.95401684409967 0.7202990318278903 0.8947601292131389 3.2857073240179684 0.1 2.7401381562491274 0.9975859798934331 0.5429765509593957 3.2905803831029528
1800 511.95401684409967 511.95401684409967 0.7202990318278903 0.8947601292131389 3.2857073240179684 0.1 2.7401381562491274 0.9975859798934331 0.5429765509593957 3.2905803831029528
1850 511.95401684409967 511.95401684409967 0.7202990318278903 0.8947601292131389 3.2857073240179684 0.1 2.7401381562491274 0.9975859798934331 0.5429765509593957 3.2905803831029528
1900 511.95401684409967 511.95401684409967 0.7202990318278903 0.8947601292131389 3.2857073240179684 0.1 2.7401381562491274 0.9975859798934331 0.5429765509593957 3.2905803831029528
1950 511.95401684409967 511.95401684409967 0.7202990318278903 0.8947601292131389 3.2857073240179684 0.1 2.7401381562491274 0.9975859798934331 0.5429765509593957 3.2905803831029528
2000 511.95401684409967 511.95401684409967 0.7202990318278903 0.8947601292131389 3.2857073240179684 0.1 2.7401381562491274 0.9975859798934331 0.5429765509593957 3.2905803831029528
2050 511.95401684409967 511.95401684409967 0.7202990318278903 0.8947601292131389 3.2857073240179684 0.1 2.7401381562491274 0.9975859798934331 0.5429765509593957 3.2905803831029528
2100 511.95401684409967 511.95401684409967 0.7202990318278903 0.8947601292131389 3.2857073240179684 0.1 2.7401381562491274 0.9975859798934331 0.5429765509593957 3.2905803831029528
2150 508.9540168440997 508.9540168440997 0.1 0.8740319007518966 3.4 0.2113566946798323 2.806906053058783 1.0656656027945228 0.4106761823512578 3.4
2200 508.9540168440997 508.9540168440997 0.1 0.8740319007518966 3.4 0.2113566946798323 2.806906053058783 1.0656656027945228 0.4106761823512578 3.4
2250 508.9540168440997 508.9540168440997 0.1 0.8740319007518966 3.4 0.2113566946798323 2.806906053058783 1.0656656027945228 0.4106761823512578 3.4
2300 508.9540168440997 508.9540168440997 0.1 0.8740319007518966 3.4 0.2113566946798323 2.806906053058783 1.0656656027945228 0.4106761823512578 3.4
2350 508.911235217839 508.911235217839 0.1 0.9894745383305267 3.4 0.19046851507761225 0.9629195123725535 0.9303718733465687 0.9077484997798988 3.29091770454005
2400 506.030622200018 506.030622200018 0.1 0.6180539388299455 3.307897927400669 0.4142005860307853 1.9523696743498555 1.0721065798323828 0.7447277363967892 3.4
2450 506.030622200018 506.030622200018 0.1 0.6180539388299455 3.307897927400669 0.4142005860307853 1.9523696743498555 1.0721065798323828 0.7447277363967892 3.4
2500 506.030622200018 506.030622200018 0.1 0.6180539388299455 3.307897927400669 0.4142005860307853 1.9523696743498555 1.0721065798323828 0.7447277363967892 3.4
2550 505.7166170820233 505.7166170820233 0.1 0.7744172964880917 3.4 0.33977730000379425 0.940006557840248 0.8942772714858854 0.9995211647505537 3.29091770454005
2600 501.72524033583375 501.72524033583375 0.12560761888949862 0.8305861372025238 3.354943639212363 0.1 1.7662175986619553 1.0314355878576775 0.7282562429048952 3.3206497459451474
2650 501.72524033583375 501.72524033583375 0.12560761888949862 0.8305861372025238 3.354943639212363 0.1 1.7662175986619553 1.0314355878576775 0.7282562429048952 3.3206497459451474
2700 501.72524033583375 501.72524033583375 0.12560761888949862 0.8305861372025238 3.354943639212363 0.1 1.7662175986619553 1.0314355878576775 0.7282562429048952 3.3206497459451474
2750 501.72524033583375 501.72524033583375 0.12560761888949862 0.8305861372025238 3.354943639212363 0.1 1.7662175986619553 1.0314355878576775 0.7282562429048952 3.3206497459451474
2800 501.72524033583375 501.72524033583375 0.12560761888949862 0.8305861372025238 3.354943639212363 0.1 1.7662175986619553 1.0314355878576775 0.7282562429048952 3.3206497459451474
2850 501.72524033583375 501.72524033583375 0.12560761888949862 0.8305861372025238 3.354943639212363 0.1 1.7662175986619553 1.0314355878576775 0.7282562429048952 3.3206497459451474
2900 499.4453935902891 499.4453935902891 0.1 0.905564073207677 3.211034262067907 0.10726365457723398 1.302558712595765 0.9800758902377104 0.6595946956033851 3.3129352684901887
2950 499.4453935902891 499.4453935902891 0.1 0.905564073207677 3.211034262067907 0.10726365457723398 1.302558712595765 0.9800758902377104 0.6595946956033851 3.3129352684901887
3000 499.4453935902891 499.4453935902891 0.1 0.905564073207677 3.211034262067907 0.10726365457723398 1.302558712595765 0.9800758902377104 0.6595946956033851 3.3129352684901887
3050 499.4453935902891 499.4453935902891 0.1 0.905564073207677 3.211034262067907 0.10726365457723398 1.302558712595765 0.9800758902377104 0.6595946956033851 3.3129352684901887
3100 499.4453935902891 499.4453935902891 0.1 0.905564073207677 3.211034262067907 0.10726365457723398 1.302558712595765 0.9800758902377104 0.6595946956033851 3.3129352684901887
3150 499.4453935902891 499.4453935902891 0.1 0.905564073207677 3.211034262067907 0.10726365457723398 1.302558712595765 0.9800758902377104 0.6595946956033851 3.3129352684901887
3200 499.4453935902891 499.4453935902891 0.1 0.905564073207677 3.211034262067907 0.10726365457723398 1.302558712595765 0.9800758902377104 0.6595946956033851 3.3129352684901887
3250 499.4453935902891 499.4453935902891 0.1 0.905564073207677 3.211034262067907 0.10726365457723398 1.302558712595765 0.9800758902377104 0.6595946956033851 3.3129352684901887
3300 499.4453935902891 499.4453935902891 0.1 0.905564073207677 3.211034262067907 0.10726365457723398 1.302558712595765 0.9800758902377104 0.6595946956033851 3.3129352684901887
3350 499.4453935902891 499.4453935902891 0.1 0.905564073207677 3.211034262067907 0.10726365457723398 1.302558712595765 0.9800758902377104 0.6595946956033851 3.3129352684901887
3400 499.4453935902891 499.4453935902891 0.1 0.905564073207677 3.211034262067907 0.10726365457723398 1.302558712595765 0.9800758902377104 0.6595946956033851 3.3129352684901887
3450 499.4453935902891 499.4453935902891 0.1 0.905564073207677 3.211034262067907 0.10726365457723398 1.302558712595765 0.9800758902377104 0.6595946956033851 3.3129352684901887
3500 499.4453935902891 499.4453935902891 0.1 0.905564073207677 3.211034262067907 0.10726365457723398 1.302558712595765 0.9800758902377104 0.6595946956033851 3.3129352684901887
3550 499.4453935902891 499.4453935902891 0.1 0.905564073207677 3.211034262067907 0.10726365457723398 1.302558712595765 0.9800758902377104 0.6595946956033851 3.3129352684901887
3600 499.4453935902891 499.4453935902891 0.1 0.905564073207677 3.211034262067907 0.10726365457723398 1.302558712595765 0.9800758902377104 0.6595946956033851 3.3129352684901887
3650 499.4453935902891 499.4453935902891 0.1 0.905564073207677 3.211034262067907 0.10726365457723398 1.302558712595765 0.9800758902377104 0.6595946956033851 3.3129352684901887
3700 499.4453935902891 499.4453935902891 0.1 0.905564073207677 3.211034262067907 0.10726365457723398 1.302558712595765 0.9800758902377104 0.6595946956033851 3.3129352684901887
3750 499.4453935902891 499.4453935902891 0.1 0.905564073207677 3.211034262067907 0.10726365457723398 1.302558712595765 0.9800758902377104 0.6595946956033851 3.3129352684901887
3800 499.4453935902891 499.4453935902891 0.1 0.905564073207677 3.211034262067907 0.10726365457723398 1.302558712595765 0.9800758902377104 0.6595946956033851 3.3129352684901887
3850 499.4453935902891 499.4453935902891 0.1 0.905564073207677 3.211034262067907 0.10726365457723398 1.302558712595765 0.9800758902377104 0.6595946956033851 3.3129352684901887
3900 499.4453935902891 499.4453935902891 0.1 0.905564073207677 3.211034262067907 0.10726365457723398 1.302558712595765 0.9800758902377104 0.6595946956033851 3.3129352684901887
3950 499.4453935902891 499.4453935902891 0.1 0.905564073207677 3.211034262067907 0.10726365457723398 1.302558712595765 0.9800758902377104 0.6595946956033851 3.3129352684901887
4000 499.4453935902891 499.4453935902891 0.1 0.905564073207677 3.211034262067907 0.10726365457723398 1.302558712595765 0.9800758902377104 0.6595946956033851 3.3129352684901887
4050 499.4453935902891 499.4453935902891 0.1 0.905564073207677 3.211034262067907 0.10726365457723398 1.302558712595765 0.9800758902377104 0.6595946956033851 3.3129352684901887
4100 499.2507754544732 499.2507754544732 0.1 0.6760272740561151 3.4 0.10190723404131095 1.5448002750991459 1.0052137752683248 0.7758723863754213 3.269282961733935
4150 499.2507754544732 499.2507754544732 0.1 0.6760272740561151 3.4 0.10190723404131095 1.5448002750991459 1.0052137752683248 0.7758723863754213 3.269282961733935
4200 499.2507754544732 499.2507754544732 0.1 0.6760272740561151 3.4 0.10190723404131095 1.5448002750991459 1.0052137752683248 0.7758723863754213 3.269282961733935
4250 499.2507754544732 499.2507754544732 0.1 0.6760272740561151 3.4 0.10190723404131095 1.5448002750991459 1.0052137752683248 0.7758723863754213 3.269282961733935
4300 499.2507754544732 499.2507754544732 0.1 0.6760272740561151 3.4 0.10190723404131095 1.5448002750991459 1.0052137752683248 0.7758723863754213 3.269282961733935
4350 499.2507754544732 499.2507754544732 0.1 0.6760272740561151 3.4 0.10190723404131095 1.5448002750991459 1.0052137752683248 0.7758723863754213 3.269282961733935
4400 499.2507754544732 499.2507754544732 0.1 0.6760272740561151 3.4 0.10190723404131095 1.5448002750991459 1.0052137752683248 0.7758723863754213 3.269282961733935
4450 499.2507754544732 499.2507754544732 0.1 0.6760272740561151 3.4 0.10190723404131095 1.5448002750991459 1.0052137752683248 0.7758723863754213 3.269282961733935
4500 499.2507754544732 499.2507754544732 0.1 0.6760272740561151 3.4 0.10190723404131095 1.5448002750991459 1.0052137752683248 0.7758723863754213 3.269282961733935
4550 499.2507754544732 499.2507754544732 0.1 0.6760272740561151 3.4 0.10190723404131095 1.5448002750991459 1.0052137752683248 0.7758723863754213 3.269282961733935
4600 499.2507754544732 499.2507754544732 0.1 0.6760272740561151 3.4 0.10190723404131095 1.5448002750991459 1.0052137752683248 0.7758723863754213 3.269282961733935
4650 499.2507754544732 499.2507754544732 0.1 0.6760272740561151 3.4 0.10190723404131095 1.5448002750991459 1.0052137752683248 0.7758723863754213 3.269282961733935
4700 499.2507754544732 499.2507754544732 0.1 0.6760272740561151 3.4 0.10190723404131095 1.5448002750991459 1.0052137752683248 0.7758723863754213 3.269282961733935
4750 499.2507754544732 499.2507754544732 0.1 0.6760272740561151 3.4 0.10190723404131095 1.5448002750991459 1.0052137752683248 0.7758723863754213 3.269282961733935
4800 499.2507754544732 499.2507754544732 0.1 0.6760272740561151 3.4 0.10190723404131095 1.5448002750991459 1.0052137752683248 0.7758723863754213 3.269282961733935
4850 499.2507754544732 499.2507754544732 0.1 0.6760272740561151 3.4 0.10190723404131095 1.5448002750991459 1.0052137752683248 0.7758723863754213 3.269282961733935
4900 499.2507754544732 499.2507754544732 0.1 0.6760272740561151 3.4 0.10190723404131095 1.5448002750991459 1.0052137752683248 0.7758723863754213 3.269282961733935
4950 499.2507754544732 499.2507754544732 0.1 0.6760272740561151 3.4 0.10190723404131095 1.5448002750991459 1.0052137752683248 0.7758723863754213 3.269282961733935
5000 499.2507754544732 499.2507754544732 0.1 0.6760272740561151 3.4 0.10190723404131095 1.5448002750991459 1.0052137752683248 0.7758723863754213 3.269282961733935
5050 499.2507754544732 499.2507754544732 0.1 0.6760272740561151 3.4 0.10190723404131095 1.5448002750991459 1.0052137752683248 0.7758723863754213 3.269282961733935
5100 499.2507754544732 499.2507754544732 0.1 0.6760272740561151 3.4 0.10190723404131095 1.5448002750991459 1.0052137752683248 0.7758723863754213 3.269282961733935
5150 499.2507754544732 499.2507754544732 0.1 0.6760272740561151 3.4 0.10190723404131095 1.5448002750991459 1.0052137752683248 0.7758723863754213 3.269282961733935
5200 499.2507754544732 499.2507754544732 0.1 0.6760272740561151 3.4 0.10190723404131095 1.5448002750991459 1.0052137752683248 0.7758723863754213 3.269282961733935
5250 499.2507754544732 499.2507754544732 0.1 0.6760272740561151 3.4 0.10190723404131095 1.5448002750991459 1.0052137752683248 0.7758723863754213 3.269282961733935
5300 499.2507754544732 499.2507754544732 0.1 0.6760272740561151 3.4 0.10190723404131095 1.5448002750991459 1.0052137752683248 0.7758723863754213 3.269282961733935
5350 499.2507754544732 499.2507754544732 0.1 0.6760272740561151 3.4 0.10190723404131095 1.5448002750991459 1.0052137752683248 0.7758723863754213 3.269282961733935
5400 499.2507754544732 499.2507754544732 0.1 0.6760272740561151 3.4 0.10190723404131095 1.5448002750991459 1.0052137752683248 0.7758723863754213 3.269282961733935
5450 499.2507754544732 499.2507754544732 0.1 0.6760272740561151 3.4 0.10190723404131095 1.5448002750991459 1.0052137752683248 0.7758723863754213 3.269282961733935
5500 499.2507754544732 499.2507754544732 0.1 0.6760272740561151 3.4 0.10190723404131095 1.5448002750991459 1.0052137752683248 0.7758723863754213 3.269282961733935
5550 499.2507754544732 499.2507754544732 0.1 0.6760272740561151 3.4 0.10190723404131095 1.5448002750991459 1.0052137752683248 0.7758723863754213 3.269282961733935
5600 499.2507754544732 499.2507754544732 0.1 0.6760272740561151 3.4 0.10190723404131095 1.5448002750991459 1.0052137752683248 0.7758723863754213 3.269282961733935
5650 499.2507754544732 499.2507754544732 0.1 0.6760272740561151 3.4 0.10190723404131095 1.5448002750991459 1.0052137752683248 0.7758723863754213 3.269282961733935
5700 499.2507754544732 499.2507754544732 0.1 0.6760272740561151 3.4 0.10190723404131095 1.5448002750991459 1.0052137752683248 0.7758723863754213 3.269282961733935
5750 499.2507754544732 499.2507754544732 0.1 0.6760272740561151 3.4 0.10190723404131095 1.5448002750991459 1.0052137752683248 0.7758723863754213 3.269282961733935
5800 499.2507754544732 499.2507754544732 0.1 0.6760272740561151 3.4 0.10190723404131095 1.5448002750991459 1.0052137752683248 0.7758723863754213 3.269282961733935
5850 499.2507754544732 499.2507754544732 0.1 0.6760272740561151 3.4 0.10190723404131095 1.5448002750991459 1.0052137752683248 0.7758723863754213 3.269282961733935
5900 499.2507754544732 499.2507754544732 0.1 0.6760272740561151 3.4 0.10190723404131095 1.5448002750991459 1.0052137752683248 0.7758723863754213 3.269282961733935
5950 499.2507754544732 499.2507754544732 0.1 0.6760272740561151 3.4 0.10190723404131095 1.5448002750991459 1.0052137752683248 0.7758723863754213 3.269282961733935
6000 499.2507754544732 499.2507754544732 0.1 0.6760272740561151 3.4 0.10190723404131095 1.5448002750991459 1.0052137752683248 0.7758723863754213 3.269282961733935
6050 499.2507754544732 499.2507754544732 0.1 0.6760272740561151 3.4 0.10190723404131095 1.5448002750991459 1.0052137752683248 0.7758723863754213 3.269282961733935
6100 499.2507754544732 499.2507754544732 0.1 0.6760272740561151 3.4 0.10190723404131095 1.5448002750991459 1.0052137752683248 0.7758723863754213 3.269282961733935
6150 499.2507754544732 499.2507754544732 0.1 0.6760272740561151 3.4 0.10190723404131095 1.5448002750991459 1.0052137752683248 0.7758723863754213 3.269282961733935
6200 499.2507754544732 499.2507754544732 0.1 0.6760272740561151 3.4 0.10190723404131095 1.5448002750991459 1.0052137752683248 0.7758723863754213 3.269282961733935
6250 499.2507754544732 499.2507754544732 0.1 0.6760272740561151 3.4 0.10190723404131095 1.5448002750991459 1.0052137752683248 0.7758723863754213 3.269282961733935
6300 499.2507754544732 499.2507754544732 0.1 0.6760272740561151 3.4 0.10190723404131095 1.5448002750991459 1.0052137752683248 0.7758723863754213 3.269282961733935
6350 499.2507754544732 499.2507754544732 0.1 0.6760272740561151 3.4 0.10190723404131095 1.5448002750991459 1.0052137752683248 0.7758723863754213 3.269282961733935
6400 499.2507754544732 499.2507754544732 0.1 0.6760272740561151 3.4 0.10190723404131095 1.5448002750991459 1.0052137752683248 0.7758723863754213 3.269282961733935
6450 499.2507754544732 499.2507754544732 0.1 0.6760272740561151 3.4 0.10190723404131095 1.5448002750991459 1.0052137752683248 0.7758723863754213 3.269282961733935
6500 499.2507754544732 499.2507754544732 0.1 0.6760272740561151 3.4 0.10190723404131095 1.5448002750991459 1.0052137752683248 0.7758723863754213 3.269282961733935
6550 499.2507754544732 499.2507754544732 0.1 0.6760272740561151 3.4 0.10190723404131095 1.5448002750991459 1.0052137752683248 0.7758723863754213 3.269282961733935
6600 499.2507754544732 499.2507754544732 0.1 0.6760272740561151 3.4 0.10190723404131095 1.5448002750991459 1.0052137752683248 0.7758723863754213 3.269282961733935
6650 499.2507754544732 499.2507754544732 0.1 0.6760272740561151 3.4 0.10190723404131095 1.5448002750991459 1.0052137752683248 0.7758723863754213 3.269282961733935
6700 499.2507754544732 499.2507754544732 0.1 0.6760272740561151 3.4 0.10190723404131095 1.5448002750991459 1.0052137752683248 0.7758723863754213 3.269282961733935
6750 499.2507754544732 499.2507754544732 0.1 0.6760272740561151 3.4 0.10190723404131095 1.5448002750991459 1.0052137752683248 0.7758723863754213 3.269282961733935
6800 499.2507754544732 499.2507754544732 0.1 0.6760272740561151 3.4 0.10190723404131095 1.5448002750991459 1.0052137752683248 0.7758723863754213 3.269282961733935
6850 499.2507754544732 499.2507754544732 0.1 0.6760272740561151 3.4 0.10190723404131095 1.5448002750991459 1.0052137752683248 0.7758723863754213 3.269282961733935
6900 499.2507754544732 499.2507754544732 0.1 0.6760272740561151 3.4 0.10190723404131095 1.5448002750991459 1.0052137752683248 0.7758723863754213 3.269282961733935
6950 499.2507754544732 499.2507754544732 0.1 0.6760272740561151 3.4 0.10190723404131095 1.5448002750991459 1.0052137752683248 0.7758723863754213 3.269282961733935
7000 499.2507754544732 499.2507754544732 0.1 0.6760272740561151 3.4 0.10190723404131095 1.5448002750991459 1.0052137752683248 0.7758723863754213 3.269282961733935
7050 499.2507754544732 499.2507754544732 0.1 0.6760272740561151 3.4 0.10190723404131095 1.5448002750991459 1.0052137752683248 0.7758723863754213 3.269282961733935
7100 499.2507754544732 499.2507754544732 0.1 0.6760272740561151 3.4 0.10190723404131095 1.5448002750991459 1.0052137752683248 0.7758723863754213 3.269282961733935
7150 499.2507754544732 499.2507754544732 0.1 0.6760272740561151 3.4 0.10190723404131095 1.5448002750991459 1.0052137752683248 0.7758723863754213 3.269282961733935
7200 499.2507754544732 499.2507754544732 0.1 0.6760272740561151 3.4 0.10190723404131095 1.5448002750991459 1.0052137752683248 0.7758723863754213 3.269282961733935
7250 499.2507754544732 499.2507754544732 0.1 0.6760272740561151 3.4 0.10190723404131095 1.5448002750991459 1.0052137752683248 0.7758723863754213 3.269282961733935
7300 499.2507754544732 499.2507754544732 0.1 0.6760272740561151 3.4 0.10190723404131095 1.5448002750991459 1.0052137752683248 0.7758723863754213 3.269282961733935
7350 499.2507754544732 499.2507754544732 0.1 0.6517876922230057 3.1571309198757733 0.1 1.5054768923411717 1.0259898794361941 0.8291334413261625 3.3117003985482882
7400 499.2507754544732 499.2507754544732 0.1 0.6517876922230057 3.1571309198757733 0.1 1.5054768923411717 1.0259898794361941 0.8291334413261625 3.3117003985482882
7450 499.2507754544732 499.2507754544732 0.1 0.6517876922230057 3.1571309198757733 0.1 1.5054768923411717 1.0259898794361941 0.8291334413261625 3.3117003985482882
7500 499.2507754544732 499.2507754544732 0.1 0.6517876922230057 3.1571309198757733 0.1 1.5054768923411717 1.0259898794361941 0.8291334413261625 3.3117003985482882
7550 499.2507754544732 499.2507754544732 0.1 0.6517876922230057 3.1571309198757733 0.1 1.5054768923411717 1.0259898794361941 0.8291334413261625 3.3117003985482882
7600 499.2507754544732 499.2507754544732 0.1 0.6517876922230057 3.1571309198757733 0.1 1.5054768923411717 1.0259898794361941 0.8291334413261625 3.3117003985482882
7650 499.2507754544732 499.2507754544732 0.1 0.6517876922230057 3.1571309198757733 0.1 1.5054768923411717 1.0259898794361941 0.8291334413261625 3.3117003985482882
7700 499.2507754544732 499.2507754544732 0.1 0.6517876922230057 3.1571309198757733 0.1 1.5054768923411717 1.0259898794361941 0.8291334413261625 3.3117003985482882
7750 499.2507754544732 499.2507754544732 0.1 0.6517876922230057 3.1571309198757733 0.1 1.5054768923411717 1.0259898794361941 0.8291334413261625 3.3117003985482882
7800 499.2507754544732 499.2507754544732 0.1 0.6517876922230057 3.1571309198757733 0.1 1.5054768923411717 1.0259898794361941 0.8291334413261625 3.3117003985482882
7850 499.2507754544732 499.2507754544732 0.12411257543472454 0.6999564165169033 3.348198011736555 0.13285809290558662 1.5161955960145057 0.963335754179538 0.7798935669811258 3.2727083837707616
7900 499.2507754544732 499.2507754544732 0.12411257543472454 0.6999564165169033 3.348198011736555 0.13285809290558662 1.5161955960145057 0.963335754179538 0.7798935669811258 3.2727083837707616
7950 499.2507754544732 499.2507754544732 0.12411257543472454 0.6999564165169033 3.348198011736555 0.13285809290558662 1.5161955960145057 0.963335754179538 0.7798935669811258 3.2727083837707616
8000 499.2507754544732 499.2507754544732 0.12411257543472454 0.6999564165169033 3.348198011736555 0.13285809290558662 1.5161955960145057 0.963335754179538 0.7798935669811258 3.2727083837707616
8050 499.2507754544732 499.2507754544732 0.12411257543472454 0.6999564165169033 3.348198011736555 0.13285809290558662 1.5161955960145057 0.963335754179538 0.7798935669811258 3.2727083837707616
8100 499.2507754544732 499.2507754544732 0.12411257543472454 0.6999564165169033 3.348198011736555 0.13285809290558662 1.5161955960145057 0.963335754179538 0.7798935669811258 3.2727083837707616
8150 499.2507754544732 499.2507754544732 0.12411257543472454 0.6999564165169033 3.348198011736555 0.13285809290558662 1.5161955960145057 0.963335754179538 0.7798935669811258 3.2727083837707616
8200 499.2507754544732 499.2507754544732 0.12411257543472454 0.6999564165169033 3.348198011736555 0.13285809290558662 1.5161955960145057 0.963335754179538 0.7798935669811258 3.2727083837707616
8250 499.2507754544732 499.2507754544732 0.12411257543472454 0.6999564165169033 3.348198011736555 0.13285809290558662 1.5161955960145057 0.963335754179538 0.7798935669811258 3.2727083837707616
8300 499.2507754544732 499.2507754544732 0.12411257543472454 0.6999564165169033 3.348198011736555 0.13285809290558662 1.5161955960145057 0.963335754179538 0.7798935669811258 3.2727083837707616
8350 499.2507754544732 499.2507754544732 0.12411257543472454 0.6999564165169033 3.348198011736555 0.13285809290558662 1.5161955960145057 0.963335754179538 0.7798935669811258 3.2727083837707616
8400 499.2507754544732 499.2507754544732 0.12411257543472454 0.6999564165169033 3.348198011736555 0.13285809290558662 1.5161955960145057 0.963335754179538 0.7798935669811258 3.2727083837707616
8450 499.2507754544732 499.2507754544732 0.12411257543472454 0.6999564165169033 3.348198011736555 0.13285809290558662 1.5161955960145057 0.963335754179538 0.7798935669811258 3.2727083837707616
8500 499.2507754544732 499.2507754544732 0.12411257543472454 0.6999564165169033 3.348198011736555 0.13285809290558662 1.5161955960145057 0.963335754179538 0.7798935669811258 3.2727083837707616
8550 499.2507754544732 499.2507754544732 0.12411257543472454 0.6999564165169033 3.348198011736555 0.13285809290558662 1.5161955960145057 0.963335754179538 0.7798935669811258 3.2727083837707616
8600 499.2507754544732 499.2507754544732 0.12411257543472454 0.6999564165169033 3.348198011736555 0.13285809290558662 1.5161955960145057 0.963335754179538 0.7798935669811258 3.2727083837707616
8650 499.2507754544732 499.2507754544732 0.12411257543472454 0.6999564165169033 3.348198011736555 0.13285809290558662 1.5161955960145057 0.963335754179538 0.7798935669811258 3.2727083837707616
8700 499.2507754544732 499.2507754544732 0.12411257543472454 0.6999564165169033 3.348198011736555 0.13285809290558662 1.5161955960145057 0.963335754179538 0.7798935669811258 3.2727083837707616
8750 499.2507754544732 499.2507754544732 0.12411257543472454 0.6999564165169033 3.348198011736555 0.13285809290558662 1.5161955960145057 0.963335754179538 0.7798935669811258 3.2727083837707616
8800 499.2507754544732 499.2507754544732 0.12411257543472454 0.6999564165169033 3.348198011736555 0.13285809290558662 1.5161955960145057 0.963335754179538 0.7798935669811258 3.2727083837707616
8850 499.2507754544732 499.2507754544732 0.12411257543472454 0.6999564165169033 3.348198011736555 0.13285809290558662 1.5161955960145057 0.963335754179538 0.7798935669811258 3.2727083837707616
8900 499.2507754544732 499.2507754544732 0.12411257543472454 0.6999564165169033 3.348198011736555 0.13285809290558662 1.5161955960145057 0.963335754179538 0.7798935669811258 3.2727083837707616
8950 499.2507754544732 499.2507754544732 0.12411257543472454 0.6999564165169033 3.348198011736555 0.13285809290558662 1.5161955960145057 0.963335754179538 0.7798935669811258 3.2727083837707616
9000 499.2507754544732 499.2507754544732 0.12411257543472454 0.6999564165169033 3.348198011736555 0.13285809290558662 1.5161955960145057 0.963335754179538 0.7798935669811258 3.2727083837707616
9050 499.2507754544732 499.2507754544732 0.12411257543472454 0.6999564165169033 3.348198011736555 0.13285809290558662 1.5161955960145057 0.963335754179538 0.7798935669811258 3.2727083837707616
9100 499.2507754544732 499.2507754544732 0.12411257543472454 0.6999564165169033 3.348198011736555 0.13285809290558662 1.5161955960145057 0.963335754179538 0.7798935669811258 3.2727083837707616
9150 499.2507754544732 499.2507754544732 0.12411257543472454 0.6999564165169033 3.348198011736555 0.13285809290558662 1.5161955960145057 0.963335754179538 0.7798935669811258 3.2727083837707616
9200 499.2507754544732 499.2507754544732 0.12411257543472454 0.6999564165169033 3.348198011736555 0.13285809290558662 1.5161955960145057 0.963335754179538 0.7798935669811258 3.2727083837707616
9250 499.2507754544732 499.2507754544732 0.12411257543472454 0.6999564165169033 3.348198011736555 0.13285809290558662 1.5161955960145057 0.963335754179538 0.7798935669811258 3.2727083837707616
9300 499.2507754544732 499.2507754544732 0.12411257543472454 0.6999564165169033 3.348198011736555 0.13285809290558662 1.5161955960145057 0.963335754179538 0.7798935669811258 3.2727083837707616
9350 499.2507754544732 499.2507754544732 0.12411257543472454 0.6999564165169033 3.348198011736555 0.13285809290558662 1.5161955960145057 0.963335754179538 0.7798935669811258 3.2727083837707616
9400 499.2507754544732 499.2507754544732 0.12411257543472454 0.6999564165169033 3.348198011736555 0.13285809290558662 1.5161955960145057 0.963335754179538 0.7798935669811258 3.2727083837707616
9450 499.2507754544732 499.2507754544732 0.12411257543472454 0.6999564165169033 3.348198011736555 0.13285809290558662 1.5161955960145057 0.963335754179538 0.7798935669811258 3.2727083837707616
9500 499.2507754544732 499.2507754544732 0.12411257543472454 0.6999564165169033 3.348198011736555 0.13285809290558662 1.5161955960145057 0.963335754179538 0.7798935669811258 3.2727083837707616
9550 499.2507754544732 499.2507754544732 0.12411257543472454 0.6999564165169033 3.348198011736555 0.13285809290558662 1.5161955960145057 0.963335754179538 0.7798935669811258 3.2727083837707616
9600 499.2507754544732 499.2507754544732 0.12411257543472454 0.6999564165169033 3.348198011736555 0.13285809290558662 1.5161955960145057 0.963335754179538 0.7798935669811258 3.2727083837707616
9650 499.2507754544732 499.2507754544732 0.12411257543472454 0.6999564165169033 3.348198011736555 0.13285809290558662 1.5161955960145057 0.963335754179538 0.7798935669811258 3.2727083837707616
9700 499.2507754544732 499.2507754544732 0.12411257543472454 0.6999564165169033 3.348198011736555 0.13285809290558662 1.5161955960145057 0.963335754179538 0.7798935669811258 3.2727083837707616
9750 499.2507754544732 499.2507754544732 0.12411257543472454 0.6999564165169033 3.348198011736555 0.13285809290558662 1.5161955960145057 0.963335754179538 0.7798935669811258 3.2727083837707616
9800 499.2507754544732 499.2507754544732 0.12411257543472454 0.6999564165169033 3.348198011736555 0.13285809290558662 1.5161955960145057 0.963335754179538 0.7798935669811258 3.2727083837707616
9850 499.2507754544732 499.2507754544732 0.12411257543472454 0.6999564165169033 3.348198011736555 0.13285809290558662 1.5161955960145057 0.963335754179538 0.7798935669811258 3.2727083837707616
9900 499.2507754544732 499.2507754544732 0.12411257543472454 0.6999564165169033 3.348198011736555 0.13285809290558662 1.5161955960145057 0.963335754179538 0.7798935669811258 3.2727083837707616
9950 499.2507754544732 499.2507754544732 0.12411257543472454 0.6999564165169033 3.348198011736555 0.13285809290558662 1.5161955960145057 0.963335754179538 0.7798935669811258 3.2727083837707616
10000 499.2507754544732 499.2507754544732 0.12411257543472454 0.6999564165169033 3.348198011736555 0.13285809290558662 1.5161955960145057 0.963335754179538 0.7798935669811258 3.2727083837707616
10050 499.2507754544732 499.2507754544732 0.12411257543472454 0.6999564165169033 3.348198011736555 0.13285809290558662 1.5161955960145057 0.963335754179538 0.7798935669811258 3.2727083837707616
10100 499.2507754544732 499.2507754544732 0.12411257543472454 0.6999564165169033 3.348198011736555 0.13285809290558662 1.5161955960145057 0.963335754179538 0.7798935669811258 3.2727083837707616
10150 499.2507754544732 499.2507754544732 0.12411257543472454 0.6999564165169033 3.348198011736555 0.13285809290558662 1.5161955960145057 0.963335754179538 0.7798935669811258 3.2727083837707616
10200 499.2507754544732 499.2507754544732 0.12411257543472454 0.6999564165169033 3.348198011736555 0.13285809290558662 1.5161955960145057 0.963335754179538 0.7798935669811258 3.2727083837707616
10250 499.2507754544732 499.2507754544732 0.12411257543472454 0.6999564165169033 3.348198011736555 0.13285809290558662 1.5161955960145057 0.963335754179538 0.7798935669811258 3.2727083837707616
10300 499.2507754544732 499.2507754544732 0.12411257543472454 0.6999564165169033 3.348198011736555 0.13285809290558662 1.5161955960145057 0.963335754179538 0.7798935669811258 3.2727083837707616
10350 499.2507754544732 499.2507754544732 0.12411257543472454 0.6999564165169033 3.348198011736555 0.13285809290558662 1.5161955960145057 0.963335754179538 0.7798935669811258 3.2727083837707616
10400 499.2507754544732 499.2507754544732 0.12411257543472454 0.6999564165169033 3.348198011736555 0.13285809290558662 1.5161955960145057 0.963335754179538 0.7798935669811258 3.2727083837707616
10450 499.2507754544732 499.2507754544732 0.12411257543472454 0.6999564165169033 3.348198011736555 0.13285809290558662 1.5161955960145057 0.963335754179538 0.7798935669811258 3.2727083837707616
10500 499.2507754544732 499.2507754544732 0.12411257543472454 0.6999564165169033 3.348198011736555 0.13285809290558662 1.5161955960145057 0.963335754179538 0.7798935669811258 3.2727083837707616
10550 499.2507754544732 499.2507754544732 0.12411257543472454 0.6999564165169033 3.348198011736555 0.13285809290558662 1.5161955960145057 0.963335754179538 0.7798935669811258 3.2727083837707616
10600 499.2507754544732 499.2507754544732 0.12411257543472454 0.6999564165169033 3.348198011736555 0.13285809290558662 1.5161955960145057 0.963335754179538 0.7798935669811258 3.2727083837707616
10650 499.2507754544732 499.2507754544732 0.12411257543472454 0.6999564165169033 3.348198011736555 0.13285809290558662 1.5161955960145057 0.963335754179538 0.7798935669811258 3.2727083837707616
10700 499.2507754544732 499.2507754544732 0.12411257543472454 0.6999564165169033 3.348198011736555 0.13285809290558662 1.5161955960145057 0.963335754179538 0.7798935669811258 3.2727083837707616
10750 499.2507754544732 499.2507754544732 0.12411257543472454 0.6999564165169033 3.348198011736555 0.13285809290558662 1.5161955960145057 0.963335754179538 0.7798935669811258 3.2727083837707616
10800 499.2507754544732 499.2507754544732 0.12411257543472454 0.6999564165169033 3.348198011736555 0.13285809290558662 1.5161955960145057 0.963335754179538 0.7798935669811258 3.2727083837707616
10850 499.2507754544732 499.2507754544732 0.12411257543472454 0.6999564165169033 3.348198011736555 0.13285809290558662 1.5161955960145057 0.963335754179538 0.7798935669811258 3.2727083837707616
10900 499.2507754544732 499.2507754544732 0.12411257543472454 0.6999564165169033 3.348198011736555 0.13285809290558662 1.5161955960145057 0.963335754179538 0.7798935669811258 3.2727083837707616
10950 499.2507754544732 499.2507754544732 0.12411257543472454 0.6999564165169033 3.348198011736555 0.13285809290558662 1.5161955960145057 0.963335754179538 0.7798935669811258 3.2727083837707616
11000 499.2507754544732 499.2507754544732 0.12411257543472454 0.6999564165169033 3.348198011736555 0.13285809290558662 1.5161955960145057 0.963335754179538 0.7798935669811258 3.2727083837707616
11050 499.2507754544732 499.2507754544732 0.12411257543472454 0.6999564165169033 3.348198011736555 0.13285809290558662 1.5161955960145057 0.963335754179538 0.7798935669811258 3.2727083837707616
11100 499.2507754544732 499.2507754544732 0.12411257543472454 0.6999564165169033 3.348198011736555 0.13285809290558662 1.5161955960145057 0.963335754179538 0.7798935669811258 3.2727083837707616
11150 499.2507754544732 499.2507754544732 0.12411257543472454 0.6999564165169033 3.348198011736555 0.13285809290558662 1.5161955960145057 0.963335754179538 0.7798935669811258 3.2727083837707616
11200 499.2507754544732 499.2507754544732 0.12411257543472454 0.6999564165169033 3.348198011736555 0.13285809290558662 1.5161955960145057 0.963335754179538 0.7798935669811258 3.2727083837707616
11250 499.2507754544732 499.2507754544732 0.12411257543472454 0.6999564165169033 3.348198011736555 0.13285809290558662 1.5161955960145057 0.963335754179538 0.7798935669811258 3.2727083837707616
11300 499.2507754544732 499.2507754544732 0.12411257543472454 0.6999564165169033 3.348198011736555 0.13285809290558662 1.5161955960145057 0.963335754179538 0.7798935669811258 3.2727083837707616
11350 499.2507754544732 499.2507754544732 0.12411257543472454 0.6999564165169033 3.348198011736555 0.13285809290558662 1.5161955960145057 0.963335754179538 0.7798935669811258 3.2727083837707616
11400 499.2507754544732 499.2507754544732 0.12411257543472454 0.6999564165169033 3.348198011736555 0.13285809290558662 1.5161955960145057 0.963335754179538 0.7798935669811258 3.2727083837707616
11450 499.2507754544732 499.2507754544732 0.12411257543472454 0.6999564165169033 3.348198011736555 0.13285809290558662 1.5161955960145057 0.963335754179538 0.7798935669811258 3.2727083837707616
11500 499.2507754544732 499.2507754544732 0.12411257543472454 0.6999564165169033 3.348198011736555 0.13285809290558662 1.5161955960145057 0.963335754179538 0.7798935669811258 3.2727083837707616
11550 499.2507754544732 499.2507754544732 0.12411257543472454 0.6999564165169033 3.348198011736555 0.13285809290558662 1.5161955960145057 0.963335754179538 0.7798935669811258 3.2727083837707616
11600 499.2507754544732 499.2507754544732 0.12411257543472454 0.6999564165169033 3.348198011736555 0.13285809290558662 1.5161955960145057 0.963335754179538 0.7798935669811258 3.2727083837707616
11650 499.2507754544732 499.2507754544732 0.12411257543472454 0.6999564165169033 3.348198011736555 0.13285809290558662 1.5161955960145057 0.963335754179538 0.7798935669811258 3.2727083837707616
11700 499.2507754544732 499.2507754544732 0.12411257543472454 0.6999564165169033 3.348198011736555 0.13285809290558662 1.5161955960145057 0.963335754179538 0.7798935669811258 3.2727083837707616
11750 499.2507754544732 499.2507754544732 0.12411257543472454 0.6999564165169033 3.348198011736555 0.13285809290558662 1.5161955960145057 0.963335754179538 0.7798935669811258 3.2727083837707616
11800 499.2507754544732 499.2507754544732 0.12411257543472454 0.6999564165169033 3.348198011736555 0.13285809290558662 1.5161955960145057 0.963335754179538 0.7798935669811258 3.2727083837707616
11850 499.2507754544732 499.2507754544732 0.12411257543472454 0.6999564165169033 3.348198011736555 0.13285809290558662 1.5161955960145057 0.963335754179538 0.7798935669811258 3.2727083837707616
11900 499.2507754544732 499.2507754544732 0.12411257543472454 0.6999564165169033 3.348198011736555 0.13285809290558662 1.5161955960145057 0.963335754179538 0.7798935669811258 3.2727083837707616
11950 499.2507754544732 499.2507754544732 0.12411257543472454 0.6999564165169033 3.348198011736555 0.13285809290558662 1.5161955960145057 0.963335754179538 0.7798935669811258 3.2727083837707616
12000 499.2507754544732 499.2507754544732 0.12411257543472454 0.6999564165169033 3.348198011736555 0.13285809290558662 1.5161955960145057 0.963335754179538 0.7798935669811258 3.2727083837707616
12050 499.2507754544732 499.2507754544732 0.12411257543472454 0.6999564165169033 3.348198011736555 0.13285809290558662 1.5161955960145057 0.963335754179538 0.7798935669811258 3.2727083837707616
12100 499.2507754544732 499.2507754544732 0.12411257543472454 0.6999564165169033 3.348198011736555 0.13285809290558662 1.5161955960145057 0.963335754179538 0.7798935669811258 3.2727083837707616
12150 499.2507754544732 499.2507754544732 0.12411257543472454 0.6999564165169033 3.348198011736555 0.13285809290558662 1.5161955960145057 0.963335754179538 0.7798935669811258 3.2727083837707616
12200 499.2507754544732 499.2507754544732 0.12411257543472454 0.6999564165169033 3.348198011736555 0.13285809290558662 1.5161955960145057 0.963335754179538 0.7798935669811258 3.2727083837707616
12250 499.2507754544732 499.2507754544732 0.12411257543472454 0.6999564165169033 3.348198011736555 0.13285809290558662 1.5161955960145057 0.963335754179538 0.7798935669811258 3.2727083837707616
12300 499.2507754544732 499.2507754544732 0.12411257543472454 0.6999564165169033 3.348198011736555 0.13285809290558662 1.5161955960145057 0.963335754179538 0.7798935669811258 3.2727083837707616
12350 499.2507754544732 499.2507754544732 0.12411257543472454 0.6999564165169033 3.348198011736555 0.13285809290558662 1.5161955960145057 0.963335754179538 0.7798935669811258 3.2727083837707616
12400 499.2507754544732 499.2507754544732 0.12411257543472454 0.6999564165169033 3.348198011736555 0.13285809290558662 1.5161955960145057 0.963335754179538 0.7798935669811258 3.2727083837707616
12450 499.2507754544732 499.2507754544732 0.12411257543472454 0.6999564165169033 3.348198011736555 0.13285809290558662 1.5161955960145057 0.963335754179538 0.7798935669811258 3.2727083837707616
12500 499.2507754544732 499.2507754544732 0.12411257543472454 0.6999564165169033 3.348198011736555 0.13285809290558662 1.5161955960145057 0.963335754179538 0.7798935669811258 3.2727083837707616
12550 499.2507754544732 499.2507754544732 0.12411257543472454 0.6999564165169033 3.348198011736555 0.13285809290558662 1.5161955960145057 0.963335754179538 0.7798935669811258 3.2727083837707616
12600 499.2507754544732 499.2507754544732 0.12411257543472454 0.6999564165169033 3.348198011736555 0.13285809290558662 1.5161955960145057 0.963335754179538 0.7798935669811258 3.2727083837707616
12650 499.2507754544732 499.2507754544732 0.12411257543472454 0.6999564165169033 3.348198011736555 0.13285809290558662 1.5161955960145057 0.963335754179538 0.7798935669811258 3.2727083837707616
12700 499.2507754544732 499.2507754544732 0.12411257543472454 0.6999564165169033 3.348198011736555 0.13285809290558662 1.5161955960145057 0.963335754179538 0.7798935669811258 3.2727083837707616
12750 499.2507754544732 499.2507754544732 0.12411257543472454 0.6999564165169033 3.348198011736555 0.13285809290558662 1.5161955960145057 0.963335754179538 0.7798935669811258 3.2727083837707616
12800 499.2507754544732 499.2507754544732 0.12411257543472454 0.6999564165169033 3.348198011736555 0.13285809290558662 1.5161955960145057 0.963335754179538 0.7798935669811258 3.2727083837707616
12850 499.2507754544732 499.2507754544732 0.12411257543472454 0.6999564165169033 3.348198011736555 0.13285809290558662 1.5161955960145057 0.963335754179538 0.7798935669811258 3.2727083837707616
12900 499.2507754544732 499.2507754544732 0.12411257543472454 0.6999564165169033 3.348198011736555 0.13285809290558662 1.5161955960145057 0.963335754179538 0.7798935669811258 3.2727083837707616
12950 499.2507754544732 499.2507754544732 0.12411257543472454 0.6999564165169033 3.348198011736555 0.13285809290558662 1.5161955960145057 0.963335754179538 0.7798935669811258 3.2727083837707616
13000 499.2507754544732 499.2507754544732 0.12411257543472454 0.6999564165169033 3.348198011736555 0.13285809290558662 1.5161955960145057 0.963335754179538 0.7798935669811258 3.2727083837707616
13050 499.2507754544732 499.2507754544732 0.12411257543472454 0.6999564165169033 3.348198011736555 0.13285809290558662 1.5161955960145057 0.963335754179538 0.7798935669811258 3.2727083837707616
13100 499.2507754544732 499.2507754544732 0.12411257543472454 0.6999564165169033 3.348198011736555 0.13285809290558662 1.5161955960145057 0.963335754179538 0.7798935669811258 3.2727083837707616
13150 499.2507754544732 499.2507754544732 0.12411257543472454 0.6999564165169033 3.348198011736555 0.13285809290558662 1.5161955960145057 0.963335754179538 0.7798935669811258 3.2727083837707616
13200 499.2507754544732 499.2507754544732 0.12411257543472454 0.6999564165169033 3.348198011736555 0.13285809290558662 1.5161955960145057 0.963335754179538 0.7798935669811258 3.2727083837707616
13250 499.2507754544732 499.2507754544732 0.12411257543472454 0.6999564165169033 3.348198011736555 0.13285809290558662 1.5161955960145057 0.963335754179538 0.7798935669811258 3.2727083837707616
13300 499.2507754544732 499.2507754544732 0.12411257543472454 0.6999564165169033 3.348198011736555 0.13285809290558662 1.5161955960145057 0.963335754179538 0.7798935669811258 3.2727083837707616
13350 499.2507754544732 499.2507754544732 0.12411257543472454 0.6999564165169033 3.348198011736555 0.13285809290558662 1.5161955960145057 0.963335754179538 0.7798935669811258 3.2727083837707616
13400 499.2507754544732 499.2507754544732 0.12411257543472454 0.6999564165169033 3.348198011736555 0.13285809290558662 1.5161955960145057 0.963335754179538 0.7798935669811258 3.2727083837707616
13450 499.2507754544732 499.2507754544732 0.12411257543472454 0.6999564165169033 3.348198011736555 0.13285809290558662 1.5161955960145057 0.963335754179538 0.7798935669811258 3.2727083837707616
13500 499.2507754544732 499.2507754544732 0.12411257543472454 0.6999564165169033 3.348198011736555 0.13285809290558662 1.5161955960145057 0.963335754179538 0.7798935669811258 3.2727083837707616
13550 499.2507754544732 499.2507754544732 0.12411257543472454 0.6999564165169033 3.348198011736555 0.13285809290558662 1.5161955960145057 0.963335754179538 0.7798935669811258 3.2727083837707616
13600 499.2507754544732 499.2507754544732 0.12411257543472454 0.6999564165169033 3.348198011736555 0.13285809290558662 1.5161955960145057 0.963335754179538 0.7798935669811258 3.2727083837707616
13650 499.2507754544732 499.2507754544732 0.12411257543472454 0.6999564165169033 3.348198011736555 0.13285809290558662 1.5161955960145057 0.963335754179538 0.7798935669811258 3.2727083837707616
13700 499.2507754544732 499.2507754544732 0.12411257543472454 0.6999564165169033 3.348198011736555 0.13285809290558662 1.5161955960145057 0.963335754179538 0.7798935669811258 3.2727083837707616
13750 499.2507754544732 499.2507754544732 0.12411257543472454 0.6999564165169033 3.348198011736555 0.13285809290558662 1.5161955960145057 0.963335754179538 0.7798935669811258 3.2727083837707616
13800 499.2507754544732 499.2507754544732 0.12411257543472454 0.6999564165169033 3.348198011736555 0.13285809290558662 1.5161955960145057 0.963335754179538 0.7798935669811258 3.2727083837707616
13850 499.2507754544732 499.2507754544732 0.12411257543472454 0.6999564165169033 3.348198011736555 0.13285809290558662 1.5161955960145057 0.963335754179538 0.7798935669811258 3.2727083837707616
13900 499.2507754544732 499.2507754544732 0.12411257543472454 0.6999564165169033 3.348198011736555 0.13285809290558662 1.5161955960145057 0.963335754179538 0.7798935669811258 3.2727083837707616
13950 499.2507754544732 499.2507754544732 0.12411257543472454 0.6999564165169033 3.348198011736555 0.13285809290558662 1.5161955960145057 0.963335754179538 0.7798935669811258 3.2727083837707616
14000 499.2507754544732 499.2507754544732 0.12411257543472454 0.6999564165169033 3.348198011736555 0.13285809290558662 1.5161955960145057 0.963335754179538 0.7798935669811258 3.2727083837707616
14050 499.2507754544732 499.2507754544732 0.12411257543472454 0.6999564165169033 3.348198011736555 0.13285809290558662 1.5161955960145057 0.963335754179538 0.7798935669811258 3.2727083837707616
14100 499.2507754544732 499.2507754544732 0.12411257543472454 0.6999564165169033 3.348198011736555 0.13285809290558662 1.5161955960145057 0.963335754179538 0.7798935669811258 3.2727083837707616
14150 499.2507754544732 499.2507754544732 0.12411257543472454 0.6999564165169033 3.348198011736555 0.13285809290558662 1.5161955960145057 0.963335754179538 0.7798935669811258 3.2727083837707616
14200 499.2507754544732 499.2507754544732 0.12411257543472454 0.6999564165169033 3.348198011736555 0.13285809290558662 1.5161955960145057 0.963335754179538 0.7798935669811258 3.2727083837707616
14250 499.2507754544732 499.2507754544732 0.12411257543472454 0.6999564165169033 3.348198011736555 0.13285809290558662 1.5161955960145057 0.963335754179538 0.7798935669811258 3.2727083837707616
14300 499.2507754544732 499.2507754544732 0.12411257543472454 0.6999564165169033 3.348198011736555 0.13285809290558662 1.5161955960145057 0.963335754179538 0.7798935669811258 3.2727083837707616
14350 499.2507754544732 499.2507754544732 0.12411257543472454 0.6999564165169033 3.348198011736555 0.13285809290558662 1.5161955960145057 0.963335754179538 0.7798935669811258 3.2727083837707616
14400 499.2507754544732 499.2507754544732 0.12411257543472454 0.6999564165169033 3.348198011736555 0.13285809290558662 1.5161955960145057 0.963335754179538 0.7798935669811258 3.2727083837707616
14450 499.2507754544732 499.2507754544732 0.12411257543472454 0.6999564165169033 3.348198011736555 0.13285809290558662 1.5161955960145057 0.963335754179538 0.7798935669811258 3.2727083837707616
14500 499.2507754544732 499.2507754544732 0.12411257543472454 0.6999564165169033 3.348198011736555 0.13285809290558662 1.5161955960145057 0.963335754179538 0.7798935669811258 3.2727083837707616
14550 499.2507754544732 499.2507754544732 0.12411257543472454 0.6999564165169033 3.348198011736555 0.13285809290558662 1.5161955960145057 0.963335754179538 0.7798935669811258 3.2727083837707616
14600 499.2507754544732 499.2507754544732 0.12411257543472454 0.6999564165169033 3.348198011736555 0.13285809290558662 1.5161955960145057 0.963335754179538 0.7798935669811258 3.2727083837707616
14650 499.2507754544732 499.2507754544732 0.12411257543472454 0.6999564165169033 3.348198011736555 0.13285809290558662 1.5161955960145057 0.963335754179538 0.7798935669811258 3.2727083837707616
14700 499.2507754544732 499.2507754544732 0.12411257543472454 0.6999564165169033 3.348198011736555 0.13285809290558662 1.5161955960145057 0.963335754179538 0.7798935669811258 3.2727083837707616
14750 499.2507754544732 499.2507754544732 0.12411257543472454 0.6999564165169033 3.348198011736555 0.13285809290558662 1.5161955960145057 0.963335754179538 0.7798935669811258 3.2727083837707616
14800 499.2507754544732 499.2507754544732 0.12411257543472454 0.6999564165169033 3.348198011736555 0.13285809290558662 1.5161955960145057 0.963335754179538 0.7798935669811258 3.2727083837707616
14850 499.2507754544732 499.2507754544732 0.12411257543472454 0.6999564165169033 3.348198011736555 0.13285809290558662 1.5161955960145057 0.963335754179538 0.7798935669811258 3.2727083837707616
14900 499.2507754544732 499.2507754544732 0.12411257543472454 0.6999564165169033 3.348198011736555 0.13285809290558662 1.5161955960145057 0.963335754179538 0.7798935669811258 3.2727083837707616
14950 499.2507754544732 499.2507754544732 0.12411257543472454 0.6999564165169033 3.348198011736555 0.13285809290558662 1.5161955960145057 0.963335754179538 0.7798935669811258 3.2727083837707616
15000 499.2507754544732 499.2507754544732 0.12411257543472454 0.6999564165169033 3.348198011736555 0.13285809290558662 1.5161955960145057 0.963335754179538 0.7798935669811258 3.2727083837707616
15050 499.2507754544732 499.2507754544732 0.12411257543472454 0.6999564165169033 3.348198011736555 0.13285809290558662 1.5161955960145057 0.963335754179538 0.7798935669811258 3.2727083837707616
15100 499.2507754544732 499.2507754544732 0.12411257543472454 0.6999564165169033 3.348198011736555 0.13285809290558662 1.5161955960145057 0.963335754179538 0.7798935669811258 3.2727083837707616
15150 499.2507754544732 499.2507754544732 0.12411257543472454 0.6999564165169033 3.348198011736555 0.13285809290558662 1.5161955960145057 0.963335754179538 0.7798935669811258 3.2727083837707616
15200 499.2507754544732 499.2507754544732 0.12411257543472454 0.6999564165169033 3.348198011736555 0.13285809290558662 1.5161955960145057 0.963335754179538 0.7798935669811258 3.2727083837707616
15250 499.2507754544732 499.2507754544732 0.12411257543472454 0.6999564165169033 3.348198011736555 0.13285809290558662 1.5161955960145057 0.963335754179538 0.7798935669811258 3.2727083837707616
15300 499.2507754544732 499.2507754544732 0.12411257543472454 0.6999564165169033 3.348198011736555 0.13285809290558662 1.5161955960145057 0.963335754179538 0.7798935669811258 3.2727083837707616
15350 499.2507754544732 499.2507754544732 0.12411257543472454 0.6999564165169033 3.348198011736555 0.13285809290558662 1.5161955960145057 0.963335754179538 0.7798935669811258 3.2727083837707616
15400 499.2507754544732 499.2507754544732 0.12411257543472454 0.6999564165169033 3.348198011736555 0.13285809290558662 1.5161955960145057 0.963335754179538 0.7798935669811258 3.2727083837707616
15450 499.2507754544732 499.2507754544732 0.12411257543472454 0.6999564165169033 3.348198011736555 0.13285809290558662 1.5161955960145057 0.963335754179538 0.7798935669811258 3.2727083837707616
15500 499.2507754544732 499.2507754544732 0.12411257543472454 0.6999564165169033 3.348198011736555 0.13285809290558662 1.5161955960145057 0.963335754179538 0.7798935669811258 3.2727083837707616
15550 499.2507754544732 499.2507754544732 0.12411257543472454 0.6999564165169033 3.348198011736555 0.13285809290558662 1.5161955960145057 0.963335754179538 0.7798935669811258 3.2727083837707616
15600 499.2507754544732 499.2507754544732 0.12411257543472454 0.6999564165169033 3.348198011736555 0.13285809290558662 1.5161955960145057 0.963335754179538 0.7798935669811258 3.2727083837707616
15650 499.2507754544732 499.2507754544732 0.12411257543472454 0.6999564165169033 3.348198011736555 0.13285809290558662 1.5161955960145057 0.963335754179538 0.7798935669811258 3.2727083837707616
15700 499.2507754544732 499.2507754544732 0.12411257543472454 0.6999564165169033 3.348198011736555 0.13285809290558662 1.5161955960145057 0.963335754179538 0.7798935669811258 3.2727083837707616
15750 499.2507754544732 499.2507754544732 0.12411257543472454 0.6999564165169033 3.348198011736555 0.13285809290558662 1.5161955960145057 0.963335754179538 0.7798935669811258 3.2727083837707616
15800 499.2507754544732 499.2507754544732 0.12411257543472454 0.6999564165169033 3.348198011736555 0.13285809290558662 1.5161955960145057 0.963335754179538 0.7798935669811258 3.2727083837707616
15850 499.2507754544732 499.2507754544732 0.12411257543472454 0.6999564165169033 3.348198011736555 0.13285809290558662 1.5161955960145057 0.963335754179538 0.7798935669811258 3.2727083837707616
15900 499.2507754544732 499.2507754544732 0.12411257543472454 0.6999564165169033 3.348198011736555 0.13285809290558662 1.5161955960145057 0.963335754179538 0.7798935669811258 3.2727083837707616
15950 499.2507754544732 499.2507754544732 0.12411257543472454 0.6999564165169033 3.348198011736555 0.13285809290558662 1.5161955960145057 0.963335754179538 0.7798935669811258 3.2727083837707616
16000 499.2507754544732 499.2507754544732 0.12411257543472454 0.6999564165169033 3.348198011736555 0.13285809290558662 1.5161955960145057 0.963335754179538 0.7798935669811258 3.2727083837707616
16050 499.2507754544732 499.2507754544732 0.12411257543472454 0.6999564165169033 3.348198011736555 0.13285809290558662 1.5161955960145057 0.963335754179538 0.7798935669811258 3.2727083837707616
16100 499.2507754544732 499.2507754544732 0.12411257543472454 0.6999564165169033 3.348198011736555 0.13285809290558662 1.5161955960145057 0.963335754179538 0.7798935669811258 3.2727083837707616
16150 499.2507754544732 499.2507754544732 0.12411257543472454 0.6999564165169033 3.348198011736555 0.13285809290558662 1.5161955960145057 0.963335754179538 0.7798935669811258 3.2727083837707616
16200 499.2507754544732 499.2507754544732 0.12411257543472454 0.6999564165169033 3.348198011736555 0.13285809290558662 1.5161955960145057 0.963335754179538 0.7798935669811258 3.2727083837707616
16250 499.2507754544732 499.2507754544732 0.12411257543472454 0.6999564165169033 3.348198011736555 0.13285809290558662 1.5161955960145057 0.963335754179538 0.7798935669811258 3.2727083837707616
16300 499.2507754544732 499.2507754544732 0.12411257543472454 0.6999564165169033 3.348198011736555 0.13285809290558662 1.5161955960145057 0.963335754179538 0.7798935669811258 3.2727083837707616
16350 499.2507754544732 499.2507754544732 0.12411257543472454 0.6999564165169033 3.348198011736555 0.13285809290558662 1.5161955960145057 0.963335754179538 0.7798935669811258 3.2727083837707616
16400 499.2507754544732 499.2507754544732 0.12411257543472454 0.6999564165169033 3.348198011736555 0.13285809290558662 1.5161955960145057 0.963335754179538 0.7798935669811258 3.2727083837707616
16450 499.2507754544732 499.2507754544732 0.12411257543472454 0.6999564165169033 3.348198011736555 0.13285809290558662 1.5161955960145057 0.963335754179538 0.7798935669811258 3.2727083837707616
16500 499.2507754544732 499.2507754544732 0.12411257543472454 0.6999564165169033 3.348198011736555 0.13285809290558662 1.5161955960145057 0.963335754179538 0.7798935669811258 3.2727083837707616
16550 499.2507754544732 499.2507754544732 0.12411257543472454 0.6999564165169033 3.348198011736555 0.13285809290558662 1.5161955960145057 0.963335754179538 0.7798935669811258 3.2727083837707616
16600 499.2507754544732 499.2507754544732 0.12411257543472454 0.6999564165169033 3.348198011736555 0.13285809290558662 1.5161955960145057 0.963335754179538 0.7798935669811258 3.2727083837707616
16650 499.2507754544732 499.2507754544732 0.12411257543472454 0.6999564165169033 3.348198011736555 0.13285809290558662 1.5161955960145057 0.963335754179538 0.7798935669811258 3.2727083837707616
16700 499.2507754544732 499.2507754544732 0.12411257543472454 0.6999564165169033 3.348198011736555 0.13285809290558662 1.5161955960145057 0.963335754179538 0.7798935669811258 3.2727083837707616
16750 499.2507754544732 499.2507754544732 0.12411257543472454 0.6999564165169033 3.348198011736555 0.13285809290558662 1.5161955960145057 0.963335754179538 0.7798935669811258 3.2727083837707616
16800 499.2507754544732 499.2507754544732 0.12411257543472454 0.6999564165169033 3.348198011736555 0.13285809290558662 1.5161955960145057 0.963335754179538 0.7798935669811258 3.2727083837707616
16850 499.2507754544732 499.2507754544732 0.12411257543472454 0.6999564165169033 3.348198011736555 0.13285809290558662 1.5161955960145057 0.963335754179538 0.7798935669811258 3.2727083837707616
16900 499.2507754544732 499.2507754544732 0.12411257543472454 0.6999564165169033 3.348198011736555 0.13285809290558662 1.5161955960145057 0.963335754179538 0.7798935669811258 3.2727083837707616
16950 499.2507754544732 499.2507754544732 0.12411257543472454 0.6999564165169033 3.348198011736555 0.13285809290558662 1.5161955960145057 0.963335754179538 0.7798935669811258 3.2727083837707616
17000 499.2507754544732 499.2507754544732 0.12411257543472454 0.6999564165169033 3.348198011736555 0.13285809290558662 1.5161955960145057 0.963335754179538 0.7798935669811258 3.2727083837707616
17050 499.2507754544732 499.2507754544732 0.12411257543472454 0.6999564165169033 3.348198011736555 0.13285809290558662 1.5161955960145057 0.963335754179538 0.7798935669811258 3.2727083837707616
17100 499.2507754544732 499.2507754544732 0.12411257543472454 0.6999564165169033 3.348198011736555 0.13285809290558662 1.5161955960145057 0.963335754179538 0.7798935669811258 3.2727083837707616
17150 499.2507754544732 499.2507754544732 0.12411257543472454 0.6999564165169033 3.348198011736555 0.13285809290558662 1.5161955960145057 0.963335754179538 0.7798935669811258 3.2727083837707616
17200 499.2507754544732 499.2507754544732 0.12411257543472454 0.6999564165169033 3.348198011736555 0.13285809290558662 1.5161955960145057 0.963335754179538 0.7798935669811258 3.2727083837707616
17250 499.2507754544732 499.2507754544732 0.12411257543472454 0.6999564165169033 3.348198011736555 0.13285809290558662 1.5161955960145057 0.963335754179538 0.7798935669811258 3.2727083837707616
17300 499.2507754544732 499.2507754544732 0.12411257543472454 0.6999564165169033 3.348198011736555 0.13285809290558662 1.5161955960145057 0.963335754179538 0.7798935669811258 3.2727083837707616
17350 499.2507754544732 499.2507754544732 0.12411257543472454 0.6999564165169033 3.348198011736555 0.13285809290558662 1.5161955960145057 0.963335754179538 0.7798935669811258 3.2727083837707616
17400 499.2507754544732 499.2507754544732 0.12411257543472454 0.6999564165169033 3.348198011736555 0.13285809290558662 1.5161955960145057 0.963335754179538 0.7798935669811258 3.2727083837707616
17450 499.2507754544732 499.2507754544732 0.12411257543472454 0.6999564165169033 3.348198011736555 0.13285809290558662 1.5161955960145057 0.963335754179538 0.7798935669811258 3.2727083837707616
17500 499.2507754544732 499.2507754544732 0.12411257543472454 0.6999564165169033 3.348198011736555 0.13285809290558662 1.5161955960145057 0.963335754179538 0.7798935669811258 3.2727083837707616
17550 499.2507754544732 499.2507754544732 0.12411257543472454 0.6999564165169033 3.348198011736555 0.13285809290558662 1.5161955960145057 0.963335754179538 0.7798935669811258 3.2727083837707616
17600 499.2507754544732 499.2507754544732 0.12411257543472454 0.6999564165169033 3.348198011736555 0.13285809290558662 1.5161955960145057 0.963335754179538 0.7798935669811258 3.2727083837707616
17650 499.2507754544732 499.2507754544732 0.12411257543472454 0.6999564165169033 3.348198011736555 0.13285809290558662 1.5161955960145057 0.963335754179538 0.7798935669811258 3.2727083837707616
17700 499.2507754544732 499.2507754544732 0.12411257543472454 0.6999564165169033 3.348198011736555 0.13285809290558662 1.5161955960145057 0.963335754179538 0.7798935669811258 3.2727083837707616
17750 499.2507754544732 499.2507754544732 0.12411257543472454 0.6999564165169033 3.348198011736555 0.13285809290558662 1.5161955960145057 0.963335754179538 0.7798935669811258 3.2727083837707616
17800 499.2507754544732 499.2507754544732 0.12411257543472454 0.6999564165169033 3.348198011736555 0.13285809290558662 1.5161955960145057 0.963335754179538 0.7798935669811258 3.2727083837707616
17850 499.2507754544732 499.2507754544732 0.12411257543472454 0.6999564165169033 3.348198011736555 0.13285809290558662 1.5161955960145057 0.963335754179538 0.7798935669811258 3.2727083837707616
17900 499.2507754544732 499.2507754544732 0.12411257543472454 0.6999564165169033 3.348198011736555 0.13285809290558662 1.5161955960145057 0.963335754179538 0.7798935669811258 3.2727083837707616
17950 499.2507754544732 499.2507754544732 0.12411257543472454 0.6999564165169033 3.348198011736555 0.13285809290558662 1.5161955960145057 0.963335754179538 0.7798935669811258 3.2727083837707616
18000 499.2507754544732 499.2507754544732 0.12411257543472454 0.6999564165169033 3.348198011736555 0.13285809290558662 1.5161955960145057 0.963335754179538 0.7798935669811258 3.2727083837707616
18050 499.2507754544732 499.2507754544732 0.12411257543472454 0.6999564165169033 3.348198011736555 0.13285809290558662 1.5161955960145057 0.963335754179538 0.7798935669811258 3.2727083837707616
18100 499.2507754544732 499.2507754544732 0.12411257543472454 0.6999564165169033 3.348198011736555 0.13285809290558662 1.5161955960145057 0.963335754179538 0.7798935669811258 3.2727083837707616
18150 499.2507754544732 499.2507754544732 0.12411257543472454 0.6999564165169033 3.348198011736555 0.13285809290558662 1.5161955960145057 0.963335754179538 0.7798935669811258 3.2727083837707616
18200 499.2507754544732 499.2507754544732 0.12411257543472454 0.6999564165169033 3.348198011736555 0.13285809290558662 1.5161955960145057 0.963335754179538 0.7798935669811258 3.2727083837707616
18250 499.2507754544732 499.2507754544732 0.12411257543472454 0.6999564165169033 3.348198011736555 0.13285809290558662 1.5161955960145057 0.963335754179538 0.7798935669811258 3.2727083837707616
18300 499.2507754544732 499.2507754544732 0.12411257543472454 0.6999564165169033 3.348198011736555 0.13285809290558662 1.5161955960145057 0.963335754179538 0.7798935669811258 3.2727083837707616
18350 499.2507754544732 499.2507754544732 0.12411257543472454 0.6999564165169033 3.348198011736555 0.13285809290558662 1.5161955960145057 0.963335754179538 0.7798935669811258 3.2727083837707616
18400 499.2507754544732 499.2507754544732 0.12411257543472454 0.6999564165169033 3.348198011736555 0.13285809290558662 1.5161955960145057 0.963335754179538 0.7798935669811258 3.2727083837707616
18450 499.2507754544732 499.2507754544732 0.12411257543472454 0.6999564165169033 3.348198011736555 0.13285809290558662 1.5161955960145057 0.963335754179538 0.7798935669811258 3.2727083837707616
18500 499.2507754544732 499.2507754544732 0.12411257543472454 0.6999564165169033 3.348198011736555 0.13285809290558662 1.5161955960145057 0.963335754179538 0.7798935669811258 3.2727083837707616
18550 499.2507754544732 499.2507754544732 0.12411257543472454 0.6999564165169033 3.348198011736555 0.13285809290558662 1.5161955960145057 0.963335754179538 0.7798935669811258 3.2727083837707616
18600 499.2507754544732 499.2507754544732 0.12411257543472454 0.6999564165169033 3.348198011736555 0.13285809290558662 1.5161955960145057 0.963335754179538 0.7798935669811258 3.2727083837707616
18650 499.2507754544732 499.2507754544732 0.12411257543472454 0.6999564165169033 3.348198011736555 0.13285809290558662 1.5161955960145057 0.963335754179538 0.7798935669811258 3.2727083837707616
18700 499.2507754544732 499.2507754544732 0.12411257543472454 0.6999564165169033 3.348198011736555 0.13285809290558662 1.5161955960145057 0.963335754179538 0.7798935669811258 3.2727083837707616
18750 499.2507754544732 499.2507754544732 0.12411257543472454 0.6999564165169033 3.348198011736555 0.13285809290558662 1.5161955960145057 0.963335754179538 0.7798935669811258 3.2727083837707616
18800 499.2507754544732 499.2507754544732 0.12411257543472454 0.6999564165169033 3.348198011736555 0.13285809290558662 1.5161955960145057 0.963335754179538 0.7798935669811258 3.2727083837707616
18850 499.2507754544732 499.2507754544732 0.12411257543472454 0.6999564165169033 3.348198011736555 0.13285809290558662 1.5161955960145057 0.963335754179538 0.7798935669811258 3.2727083837707616
18900 499.2507754544732 499.2507754544732 0.12411257543472454 0.6999564165169033 3.348198011736555 0.13285809290558662 1.5161955960145057 0.963335754179538 0.7798935669811258 3.2727083837707616
18950 499.2507754544732 499.2507754544732 0.12411257543472454 0.6999564165169033 3.348198011736555 0.13285809290558662 1.5161955960145057 0.963335754179538 0.7798935669811258 3.2727083837707616
19000 499.2507754544732 499.2507754544732 0.12411257543472454 0.6999564165169033 3.348198011736555 0.13285809290558662 1.5161955960145057 0.963335754179538 0.7798935669811258 3.2727083837707616
19050 499.2507754544732 499.2507754544732 0.12411257543472454 0.6999564165169033 3.348198011736555 0.13285809290558662 1.5161955960145057 0.963335754179538 0.7798935669811258 3.2727083837707616
19100 499.2507754544732 499.2507754544732 0.12411257543472454 0.6999564165169033 3.348198011736555 0.13285809290558662 1.5161955960145057 0.963335754179538 0.7798935669811258 3.2727083837707616
19150 499.2507754544732 499.2507754544732 0.12411257543472454 0.6999564165169033 3.348198011736555 0.13285809290558662 1.5161955960145057 0.963335754179538 0.7798935669811258 3.2727083837707616
19200 499.2507754544732 499.2507754544732 0.12411257543472454 0.6999564165169033 3.348198011736555 0.13285809290558662 1.5161955960145057 0.963335754179538 0.7798935669811258 3.2727083837707616
19250 499.2507754544732 499.2507754544732 0.12411257543472454 0.6999564165169033 3.348198011736555 0.13285809290558662 1.5161955960145057 0.963335754179538 0.7798935669811258 3.2727083837707616
19300 499.2507754544732 499.2507754544732 0.12411257543472454 0.6999564165169033 3.348198011736555 0.13285809290558662 1.5161955960145057 0.963335754179538 0.7798935669811258 3.2727083837707616
19350 499.2507754544732 499.2507754544732 0.12411257543472454 0.6999564165169033 3.348198011736555 0.13285809290558662 1.5161955960145057 0.963335754179538 0.7798935669811258 3.2727083837707616
19400 499.2507754544732 499.2507754544732 0.12411257543472454 0.6999564165169033 3.348198011736555 0.13285809290558662 1.5161955960145057 0.963335754179538 0.7798935669811258 3.2727083837707616
19450 499.2507754544732 499.2507754544732 0.12411257543472454 0.6999564165169033 3.348198011736555 0.13285809290558662 1.5161955960145057 0.963335754179538 0.7798935669811258 3.2727083837707616
19500 499.2507754544732 499.2507754544732 0.12411257543472454 0.6999564165169033 3.348198011736555 0.13285809290558662 1.5161955960145057 0.963335754179538 0.7798935669811258 3.2727083837707616
19550 499.2507754544732 499.2507754544732 0.12411257543472454 0.6999564165169033 3.348198011736555 0.13285809290558662 1.5161955960145057 0.963335754179538 0.7798935669811258 3.2727083837707616
19600 499.2507754544732 499.2507754544732 0.12411257543472454 0.6999564165169033 3.348198011736555 0.13285809290558662 1.5161955960145057 0.963335754179538 0.7798935669811258 3.2727083837707616
19650 499.2507754544732 499.2507754544732 0.12411257543472454 0.6999564165169033 3.348198011736555 0.13285809290558662 1.5161955960145057 0.963335754179538 0.7798935669811258 3.2727083837707616
19700 499.2507754544732 499.2507754544732 0.12411257543472454 0.6999564165169033 3.348198011736555 0.13285809290558662 1.5161955960145057 0.963335754179538 0.7798935669811258 3.2727083837707616
19750 499.2507754544732 499.2507754544732 0.12411257543472454 0.6999564165169033 3.348198011736555 0.13285809290558662 1.5161955960145057 0.963335754179538 0.7798935669811258 3.2727083837707616
19800 499.2507754544732 499.2507754544732 0.12411257543472454 0.6999564165169033 3.348198011736555 0.13285809290558662 1.5161955960145057 0.963335754179538 0.7798935669811258 3.2727083837707616
19850 499.2507754544732 499.2507754544732 0.12411257543472454 0.6999564165169033 3.348198011736555 0.13285809290558662 1.5161955960145057 0.963335754179538 0.7798935669811258 3.2727083837707616
19900 499.2507754544732 499.2507754544732 0.12411257543472454 0.6999564165169033 3.348198011736555 0.13285809290558662 1.5161955960145057 0.963335754179538 0.7798935669811258 3.2727083837707616
19950 499.2507754544732 499.2507754544732 0.12411257543472454 0.6999564165169033 3.348198011736555 0.13285809290558662 1.5161955960145057 0.963335754179538 0.7798935669811258 3.2727083837707616
*---*---*---*---*---*---*---*---*---*---*---*---*---*---*---*---*---*---*---*---*
Status: Finished
Last individual
499.2507754544732 499.2507754544732 0.12411257543472454 0.6999564165169033 3.348198011736555 0.13285809290558662 1.5161955960145057 0.963335754179538 0.7798935669811258 3.2727083837707616
Hall of fame
499.2507754544732 499.2507754544732 0.1 0.6760272740561151 3.4 0.10190723404131095 1.5448002750991459 1.0052137752683248 0.7758723863754213 3.269282961733935
Last factible individual
499.2507754544732 499.2507754544732 0.12411257543472454 0.6999564165169033 3.348198011736555 0.13285809290558662 1.5161955960145057 0.963335754179538 0.7798935669811258 3.2727083837707616
CPU time used (seconds)
4.1004817680077394
