*---*---*---*---*---*---*---*---*---*---*---*---*---*---*---*---*---*---*---*---*
Algorithm: Differential Evolution
Constrainth handling method: APM
Function: 125
Case: discrete
Seed: 6
Parents size: 50
Offsprings size: 50
maxFe: 20000
CR: 0.9
F: 0.6
rweights: -
*---*---*---*---*---*---*---*---*---*---*---*---*---*---*---*---*---*---*---*---*
ngen ObjectiveFunction Fitness ProjectVariables
50 588.4725550207446 588.4725550207446 0.9303266724625774 0.2365391542929757 3.2637845810427133 0.3185275866843242 1.7927026140826068 1.2262787510257391 2.2780324015298126 2.8866102124920046
100 588.4725550207446 588.4725550207446 0.9303266724625774 0.2365391542929757 3.2637845810427133 0.3185275866843242 1.7927026140826068 1.2262787510257391 2.2780324015298126 2.8866102124920046
150 519.9082977932154 519.9082977932154 1.209698764277764 0.1 3.4 0.1 1.951821932048378 1.1132093611177394 1.1825710771994642 3.4
200 519.9082977932154 519.9082977932154 1.209698764277764 0.1 3.4 0.1 1.951821932048378 1.1132093611177394 1.1825710771994642 3.4
250 519.9082977932154 519.9082977932154 1.209698764277764 0.1 3.4 0.1 1.951821932048378 1.1132093611177394 1.1825710771994642 3.4
300 519.9082977932154 519.9082977932154 1.209698764277764 0.1 3.4 0.1 1.951821932048378 1.1132093611177394 1.1825710771994642 3.4
350 519.9082977932154 519.9082977932154 1.209698764277764 0.1 3.4 0.1 1.951821932048378 1.1132093611177394 1.1825710771994642 3.4
400 519.9082977932154 519.9082977932154 1.209698764277764 0.1 3.4 0.1 1.951821932048378 1.1132093611177394 1.1825710771994642 3.4
450 519.9082977932154 519.9082977932154 1.209698764277764 0.1 3.4 0.1 1.951821932048378 1.1132093611177394 1.1825710771994642 3.4
500 519.9082977932154 519.9082977932154 1.209698764277764 0.1 3.4 0.1 1.951821932048378 1.1132093611177394 1.1825710771994642 3.4
550 519.9082977932154 519.9082977932154 1.209698764277764 0.1 3.4 0.1 1.951821932048378 1.1132093611177394 1.1825710771994642 3.4
600 519.9082977932154 519.9082977932154 1.209698764277764 0.1 3.4 0.1 1.951821932048378 1.1132093611177394 1.1825710771994642 3.4
650 519.9082977932154 519.9082977932154 1.209698764277764 0.1 3.4 0.1 1.951821932048378 1.1132093611177394 1.1825710771994642 3.4
700 519.9082977932154 519.9082977932154 1.209698764277764 0.1 3.4 0.1 1.951821932048378 1.1132093611177394 1.1825710771994642 3.4
750 519.9082977932154 519.9082977932154 1.209698764277764 0.1 3.4 0.1 1.951821932048378 1.1132093611177394 1.1825710771994642 3.4
800 519.9082977932154 519.9082977932154 1.209698764277764 0.1 3.4 0.1 1.951821932048378 1.1132093611177394 1.1825710771994642 3.4
850 519.9082977932154 519.9082977932154 1.209698764277764 0.1 3.4 0.1 1.951821932048378 1.1132093611177394 1.1825710771994642 3.4
900 518.838941488826 518.838941488826 1.411625358817851 1.3355534615928852 3.338413566668996 0.10600458438226354 2.0383095772397826 0.8129532951812206 0.6289364491085451 3.4
950 516.2932224379417 516.2932224379417 0.33475172916172813 0.45236638539059104 3.4 0.3602689844063486 1.0261568396597973 1.1021378749405601 1.0860484868287579 3.4
1000 512.8857000991997 512.8857000991997 0.1 1.0730402320615782 3.2808381771643216 0.2616879931718287 1.2824639347108566 0.7225072548906112 1.018662036900352 3.4
1050 512.8857000991997 512.8857000991997 0.1 1.0730402320615782 3.2808381771643216 0.2616879931718287 1.2824639347108566 0.7225072548906112 1.018662036900352 3.4
1100 512.8857000991997 512.8857000991997 0.1 1.0730402320615782 3.2808381771643216 0.2616879931718287 1.2824639347108566 0.7225072548906112 1.018662036900352 3.4
1150 512.8857000991997 512.8857000991997 0.1 1.0730402320615782 3.2808381771643216 0.2616879931718287 1.2824639347108566 0.7225072548906112 1.018662036900352 3.4
1200 512.8857000991997 512.8857000991997 0.1 1.0730402320615782 3.2808381771643216 0.2616879931718287 1.2824639347108566 0.7225072548906112 1.018662036900352 3.4
1250 512.8857000991997 512.8857000991997 0.1 1.0730402320615782 3.2808381771643216 0.2616879931718287 1.2824639347108566 0.7225072548906112 1.018662036900352 3.4
1300 512.8857000991997 512.8857000991997 0.1 1.0730402320615782 3.2808381771643216 0.2616879931718287 1.2824639347108566 0.7225072548906112 1.018662036900352 3.4
1350 507.2932224379415 507.2932224379415 0.1 0.4696543820758672 3.4 0.1 0.8021911088973928 1.2406284413419237 0.9571199948971816 3.4
1400 507.2932224379415 507.2932224379415 0.1 0.4696543820758672 3.4 0.1 0.8021911088973928 1.2406284413419237 0.9571199948971816 3.4
1450 507.2932224379415 507.2932224379415 0.1 0.4696543820758672 3.4 0.1 0.8021911088973928 1.2406284413419237 0.9571199948971816 3.4
1500 507.08169243729685 507.08169243729685 0.5443153512731377 0.38700822962477527 3.4 0.10360275062935813 1.9124414552543259 1.0024311465689064 0.9890107514794189 3.4
1550 507.08169243729685 507.08169243729685 0.5443153512731377 0.38700822962477527 3.4 0.10360275062935813 1.9124414552543259 1.0024311465689064 0.9890107514794189 3.4
1600 507.08169243729685 507.08169243729685 0.5443153512731377 0.38700822962477527 3.4 0.10360275062935813 1.9124414552543259 1.0024311465689064 0.9890107514794189 3.4
1650 507.08169243729685 507.08169243729685 0.5443153512731377 0.38700822962477527 3.4 0.10360275062935813 1.9124414552543259 1.0024311465689064 0.9890107514794189 3.4
1700 507.08169243729685 507.08169243729685 0.5443153512731377 0.38700822962477527 3.4 0.10360275062935813 1.9124414552543259 1.0024311465689064 0.9890107514794189 3.4
1750 507.08169243729685 507.08169243729685 0.5443153512731377 0.38700822962477527 3.4 0.10360275062935813 1.9124414552543259 1.0024311465689064 0.9890107514794189 3.4
1800 507.08169243729685 507.08169243729685 0.5443153512731377 0.38700822962477527 3.4 0.10360275062935813 1.9124414552543259 1.0024311465689064 0.9890107514794189 3.4
1850 506.5561573186574 506.5561573186574 0.5420328036780792 0.4696543820758672 3.3601638816269146 0.23496944579956353 1.8962498728781128 1.1163017772720634 0.7538722206265586 3.4
1900 506.5561573186574 506.5561573186574 0.5420328036780792 0.4696543820758672 3.3601638816269146 0.23496944579956353 1.8962498728781128 1.1163017772720634 0.7538722206265586 3.4
1950 506.5561573186574 506.5561573186574 0.5420328036780792 0.4696543820758672 3.3601638816269146 0.23496944579956353 1.8962498728781128 1.1163017772720634 0.7538722206265586 3.4
2000 505.58169243729685 505.58169243729685 0.1 0.44966184973579754 3.4 0.1513729342845912 1.8932771181805057 0.9826421622654522 0.9573052287922922 3.309358276326733
2050 505.58169243729685 505.58169243729685 0.1 0.44966184973579754 3.4 0.1513729342845912 1.8932771181805057 0.9826421622654522 0.9573052287922922 3.309358276326733
2100 503.07738081039173 503.07738081039173 0.21183691378791436 0.4318786254313883 3.4 0.1 1.307501802962203 0.9761939811231818 1.1157795622573579 3.232630167888999
2150 503.07738081039173 503.07738081039173 0.21183691378791436 0.4318786254313883 3.4 0.1 1.307501802962203 0.9761939811231818 1.1157795622573579 3.232630167888999
2200 502.1741700985549 502.1741700985549 0.1433289922171886 0.9756141218186403 3.4 0.1 2.073657236428218 0.9986226565251263 0.5155173188348745 3.4
2250 502.1741700985549 502.1741700985549 0.1433289922171886 0.9756141218186403 3.4 0.1 2.073657236428218 0.9986226565251263 0.5155173188348745 3.4
2300 502.1741700985549 502.1741700985549 0.1433289922171886 0.9756141218186403 3.4 0.1 2.073657236428218 0.9986226565251263 0.5155173188348745 3.4
2350 501.9497052171944 501.9497052171944 0.16526152632062496 0.9386389784971518 3.3389933876808624 0.18489840028943097 1.7620447186089774 1.0013221951922202 0.6017717266353633 3.35764677405342
2400 500.7507754544732 500.7507754544732 0.1 0.7258605566242213 3.2861360505524204 0.1 1.5771216021975956 0.9323114743718524 0.9170923320371787 3.4
2450 500.7507754544732 500.7507754544732 0.1 0.7258605566242213 3.2861360505524204 0.1 1.5771216021975956 0.9323114743718524 0.9170923320371787 3.4
2500 500.7507754544732 500.7507754544732 0.1 0.7258605566242213 3.2861360505524204 0.1 1.5771216021975956 0.9323114743718524 0.9170923320371787 3.4
2550 500.7507754544732 500.7507754544732 0.1 0.7258605566242213 3.2861360505524204 0.1 1.5771216021975956 0.9323114743718524 0.9170923320371787 3.4
2600 500.7507754544732 500.7507754544732 0.1 0.7258605566242213 3.2861360505524204 0.1 1.5771216021975956 0.9323114743718524 0.9170923320371787 3.4
2650 500.7507754544732 500.7507754544732 0.1 0.7258605566242213 3.2861360505524204 0.1 1.5771216021975956 0.9323114743718524 0.9170923320371787 3.4
2700 500.7507754544732 500.7507754544732 0.1 0.7258605566242213 3.2861360505524204 0.1 1.5771216021975956 0.9323114743718524 0.9170923320371787 3.4
2750 500.52631057311265 500.52631057311265 0.2160465175200044 0.623372773381937 3.338092538224827 0.1 1.4114502516253784 1.0295178907954314 0.9056746507858235 3.244151009275071
2800 500.0007754544732 500.0007754544732 0.22975013555303012 0.6801963213001203 3.167691980712928 0.1 1.4569719934352796 0.9971787588086002 0.7825586842017475 3.3959818895008174
2850 500.0007754544732 500.0007754544732 0.22975013555303012 0.6801963213001203 3.167691980712928 0.1 1.4569719934352796 0.9971787588086002 0.7825586842017475 3.3959818895008174
2900 500.0007754544732 500.0007754544732 0.22975013555303012 0.6801963213001203 3.167691980712928 0.1 1.4569719934352796 0.9971787588086002 0.7825586842017475 3.3959818895008174
2950 500.0007754544732 500.0007754544732 0.22975013555303012 0.6801963213001203 3.167691980712928 0.1 1.4569719934352796 0.9971787588086002 0.7825586842017475 3.3959818895008174
3000 500.0007754544732 500.0007754544732 0.22975013555303012 0.6801963213001203 3.167691980712928 0.1 1.4569719934352796 0.9971787588086002 0.7825586842017475 3.3959818895008174
3050 500.0007754544732 500.0007754544732 0.22975013555303012 0.6801963213001203 3.167691980712928 0.1 1.4569719934352796 0.9971787588086002 0.7825586842017475 3.3959818895008174
3100 500.0007754544732 500.0007754544732 0.22975013555303012 0.6801963213001203 3.167691980712928 0.1 1.4569719934352796 0.9971787588086002 0.7825586842017475 3.3959818895008174
3150 500.0007754544732 500.0007754544732 0.22975013555303012 0.6801963213001203 3.167691980712928 0.1 1.4569719934352796 0.9971787588086002 0.7825586842017475 3.3959818895008174
3200 500.0007754544732 500.0007754544732 0.22975013555303012 0.6801963213001203 3.167691980712928 0.1 1.4569719934352796 0.9971787588086002 0.7825586842017475 3.3959818895008174
3250 500.0007754544732 500.0007754544732 0.22975013555303012 0.6801963213001203 3.167691980712928 0.1 1.4569719934352796 0.9971787588086002 0.7825586842017475 3.3959818895008174
3300 500.0007754544732 500.0007754544732 0.22975013555303012 0.6801963213001203 3.167691980712928 0.1 1.4569719934352796 0.9971787588086002 0.7825586842017475 3.3959818895008174
3350 500.0007754544732 500.0007754544732 0.22975013555303012 0.6801963213001203 3.167691980712928 0.1 1.4569719934352796 0.9971787588086002 0.7825586842017475 3.3959818895008174
3400 499.2507754544732 499.2507754544732 0.13544974956053668 0.728426698562189 3.167691980712928 0.12256091063663813 1.4646555733275595 0.9910318136584874 0.7822903380085272 3.4
3450 499.2507754544732 499.2507754544732 0.13544974956053668 0.728426698562189 3.167691980712928 0.12256091063663813 1.4646555733275595 0.9910318136584874 0.7822903380085272 3.4
3500 499.2507754544732 499.2507754544732 0.13544974956053668 0.728426698562189 3.167691980712928 0.12256091063663813 1.4646555733275595 0.9910318136584874 0.7822903380085272 3.4
3550 499.2507754544732 499.2507754544732 0.13544974956053668 0.728426698562189 3.167691980712928 0.12256091063663813 1.4646555733275595 0.9910318136584874 0.7822903380085272 3.4
3600 499.2507754544732 499.2507754544732 0.13544974956053668 0.728426698562189 3.167691980712928 0.12256091063663813 1.4646555733275595 0.9910318136584874 0.7822903380085272 3.4
3650 499.2507754544732 499.2507754544732 0.13544974956053668 0.728426698562189 3.167691980712928 0.12256091063663813 1.4646555733275595 0.9910318136584874 0.7822903380085272 3.4
3700 499.2507754544732 499.2507754544732 0.13544974956053668 0.728426698562189 3.167691980712928 0.12256091063663813 1.4646555733275595 0.9910318136584874 0.7822903380085272 3.4
3750 499.2507754544732 499.2507754544732 0.13544974956053668 0.728426698562189 3.167691980712928 0.12256091063663813 1.4646555733275595 0.9910318136584874 0.7822903380085272 3.4
3800 499.2507754544732 499.2507754544732 0.13544974956053668 0.728426698562189 3.167691980712928 0.12256091063663813 1.4646555733275595 0.9910318136584874 0.7822903380085272 3.4
3850 499.2507754544732 499.2507754544732 0.13544974956053668 0.728426698562189 3.167691980712928 0.12256091063663813 1.4646555733275595 0.9910318136584874 0.7822903380085272 3.4
3900 499.2507754544732 499.2507754544732 0.13544974956053668 0.728426698562189 3.167691980712928 0.12256091063663813 1.4646555733275595 0.9910318136584874 0.7822903380085272 3.4
3950 499.2507754544732 499.2507754544732 0.13544974956053668 0.728426698562189 3.167691980712928 0.12256091063663813 1.4646555733275595 0.9910318136584874 0.7822903380085272 3.4
4000 499.2507754544732 499.2507754544732 0.13544974956053668 0.728426698562189 3.167691980712928 0.12256091063663813 1.4646555733275595 0.9910318136584874 0.7822903380085272 3.4
4050 499.2507754544732 499.2507754544732 0.13544974956053668 0.728426698562189 3.167691980712928 0.12256091063663813 1.4646555733275595 0.9910318136584874 0.7822903380085272 3.4
4100 499.2507754544732 499.2507754544732 0.13544974956053668 0.728426698562189 3.167691980712928 0.12256091063663813 1.4646555733275595 0.9910318136584874 0.7822903380085272 3.4
4150 499.2507754544732 499.2507754544732 0.13544974956053668 0.728426698562189 3.167691980712928 0.12256091063663813 1.4646555733275595 0.9910318136584874 0.7822903380085272 3.4
4200 499.2507754544732 499.2507754544732 0.13544974956053668 0.728426698562189 3.167691980712928 0.12256091063663813 1.4646555733275595 0.9910318136584874 0.7822903380085272 3.4
4250 499.2507754544732 499.2507754544732 0.13544974956053668 0.728426698562189 3.167691980712928 0.12256091063663813 1.4646555733275595 0.9910318136584874 0.7822903380085272 3.4
4300 499.2507754544732 499.2507754544732 0.13544974956053668 0.728426698562189 3.167691980712928 0.12256091063663813 1.4646555733275595 0.9910318136584874 0.7822903380085272 3.4
4350 499.2507754544732 499.2507754544732 0.13544974956053668 0.728426698562189 3.167691980712928 0.12256091063663813 1.4646555733275595 0.9910318136584874 0.7822903380085272 3.4
4400 499.2507754544732 499.2507754544732 0.13544974956053668 0.728426698562189 3.167691980712928 0.12256091063663813 1.4646555733275595 0.9910318136584874 0.7822903380085272 3.4
4450 499.2507754544732 499.2507754544732 0.13544974956053668 0.728426698562189 3.167691980712928 0.12256091063663813 1.4646555733275595 0.9910318136584874 0.7822903380085272 3.4
4500 499.2507754544732 499.2507754544732 0.13544974956053668 0.728426698562189 3.167691980712928 0.12256091063663813 1.4646555733275595 0.9910318136584874 0.7822903380085272 3.4
4550 499.2507754544732 499.2507754544732 0.13544974956053668 0.728426698562189 3.167691980712928 0.12256091063663813 1.4646555733275595 0.9910318136584874 0.7822903380085272 3.4
4600 499.2507754544732 499.2507754544732 0.10822217081981543 0.68278093475722 3.195151828380717 0.1 1.5475515033710214 0.9670422520454255 0.8379242757129975 3.156301891041828
4650 499.2507754544732 499.2507754544732 0.10822217081981543 0.68278093475722 3.195151828380717 0.1 1.5475515033710214 0.9670422520454255 0.8379242757129975 3.156301891041828
4700 499.2507754544732 499.2507754544732 0.10822217081981543 0.68278093475722 3.195151828380717 0.1 1.5475515033710214 0.9670422520454255 0.8379242757129975 3.156301891041828
4750 499.2507754544732 499.2507754544732 0.10822217081981543 0.68278093475722 3.195151828380717 0.1 1.5475515033710214 0.9670422520454255 0.8379242757129975 3.156301891041828
4800 499.2507754544732 499.2507754544732 0.10822217081981543 0.68278093475722 3.195151828380717 0.1 1.5475515033710214 0.9670422520454255 0.8379242757129975 3.156301891041828
4850 499.2507754544732 499.2507754544732 0.10822217081981543 0.68278093475722 3.195151828380717 0.1 1.5475515033710214 0.9670422520454255 0.8379242757129975 3.156301891041828
4900 499.2507754544732 499.2507754544732 0.10822217081981543 0.68278093475722 3.195151828380717 0.1 1.5475515033710214 0.9670422520454255 0.8379242757129975 3.156301891041828
4950 499.2507754544732 499.2507754544732 0.10822217081981543 0.68278093475722 3.195151828380717 0.1 1.5475515033710214 0.9670422520454255 0.8379242757129975 3.156301891041828
5000 499.2507754544732 499.2507754544732 0.10822217081981543 0.68278093475722 3.195151828380717 0.1 1.5475515033710214 0.9670422520454255 0.8379242757129975 3.156301891041828
5050 499.2507754544732 499.2507754544732 0.10822217081981543 0.68278093475722 3.195151828380717 0.1 1.5475515033710214 0.9670422520454255 0.8379242757129975 3.156301891041828
5100 499.2507754544732 499.2507754544732 0.10822217081981543 0.68278093475722 3.195151828380717 0.1 1.5475515033710214 0.9670422520454255 0.8379242757129975 3.156301891041828
5150 499.2507754544732 499.2507754544732 0.10822217081981543 0.68278093475722 3.195151828380717 0.1 1.5475515033710214 0.9670422520454255 0.8379242757129975 3.156301891041828
5200 499.2507754544732 499.2507754544732 0.10822217081981543 0.68278093475722 3.195151828380717 0.1 1.5475515033710214 0.9670422520454255 0.8379242757129975 3.156301891041828
5250 499.2507754544732 499.2507754544732 0.10822217081981543 0.68278093475722 3.195151828380717 0.1 1.5475515033710214 0.9670422520454255 0.8379242757129975 3.156301891041828
5300 499.2507754544732 499.2507754544732 0.10822217081981543 0.68278093475722 3.195151828380717 0.1 1.5475515033710214 0.9670422520454255 0.8379242757129975 3.156301891041828
5350 499.2507754544732 499.2507754544732 0.10822217081981543 0.68278093475722 3.195151828380717 0.1 1.5475515033710214 0.9670422520454255 0.8379242757129975 3.156301891041828
5400 499.2507754544732 499.2507754544732 0.10822217081981543 0.68278093475722 3.195151828380717 0.1 1.5475515033710214 0.9670422520454255 0.8379242757129975 3.156301891041828
5450 499.2507754544732 499.2507754544732 0.10822217081981543 0.68278093475722 3.195151828380717 0.1 1.5475515033710214 0.9670422520454255 0.8379242757129975 3.156301891041828
5500 499.2507754544732 499.2507754544732 0.10822217081981543 0.68278093475722 3.195151828380717 0.1 1.5475515033710214 0.9670422520454255 0.8379242757129975 3.156301891041828
5550 499.2507754544732 499.2507754544732 0.10822217081981543 0.68278093475722 3.195151828380717 0.1 1.5475515033710214 0.9670422520454255 0.8379242757129975 3.156301891041828
5600 499.2507754544732 499.2507754544732 0.10640484940480958 0.681680665418109 3.1981368386313735 0.11411089166846805 1.4881828628027596 0.9810658267002033 0.8427109999842642 3.4
5650 499.2507754544732 499.2507754544732 0.10640484940480958 0.681680665418109 3.1981368386313735 0.11411089166846805 1.4881828628027596 0.9810658267002033 0.8427109999842642 3.4
5700 499.2507754544732 499.2507754544732 0.10640484940480958 0.681680665418109 3.1981368386313735 0.11411089166846805 1.4881828628027596 0.9810658267002033 0.8427109999842642 3.4
5750 499.2507754544732 499.2507754544732 0.10640484940480958 0.681680665418109 3.1981368386313735 0.11411089166846805 1.4881828628027596 0.9810658267002033 0.8427109999842642 3.4
5800 499.2507754544732 499.2507754544732 0.10640484940480958 0.681680665418109 3.1981368386313735 0.11411089166846805 1.4881828628027596 0.9810658267002033 0.8427109999842642 3.4
5850 499.2507754544732 499.2507754544732 0.10640484940480958 0.681680665418109 3.1981368386313735 0.11411089166846805 1.4881828628027596 0.9810658267002033 0.8427109999842642 3.4
5900 499.2507754544732 499.2507754544732 0.10640484940480958 0.681680665418109 3.1981368386313735 0.11411089166846805 1.4881828628027596 0.9810658267002033 0.8427109999842642 3.4
5950 499.2507754544732 499.2507754544732 0.10640484940480958 0.681680665418109 3.1981368386313735 0.11411089166846805 1.4881828628027596 0.9810658267002033 0.8427109999842642 3.4
6000 499.2507754544732 499.2507754544732 0.10640484940480958 0.681680665418109 3.1981368386313735 0.11411089166846805 1.4881828628027596 0.9810658267002033 0.8427109999842642 3.4
6050 499.2507754544732 499.2507754544732 0.10640484940480958 0.681680665418109 3.1981368386313735 0.11411089166846805 1.4881828628027596 0.9810658267002033 0.8427109999842642 3.4
6100 499.2507754544732 499.2507754544732 0.10640484940480958 0.681680665418109 3.1981368386313735 0.11411089166846805 1.4881828628027596 0.9810658267002033 0.8427109999842642 3.4
6150 499.2507754544732 499.2507754544732 0.10640484940480958 0.681680665418109 3.1981368386313735 0.11411089166846805 1.4881828628027596 0.9810658267002033 0.8427109999842642 3.4
6200 499.2507754544732 499.2507754544732 0.10640484940480958 0.681680665418109 3.1981368386313735 0.11411089166846805 1.4881828628027596 0.9810658267002033 0.8427109999842642 3.4
6250 499.2507754544732 499.2507754544732 0.10640484940480958 0.681680665418109 3.1981368386313735 0.11411089166846805 1.4881828628027596 0.9810658267002033 0.8427109999842642 3.4
6300 499.2507754544732 499.2507754544732 0.10640484940480958 0.681680665418109 3.1981368386313735 0.11411089166846805 1.4881828628027596 0.9810658267002033 0.8427109999842642 3.4
6350 499.2507754544732 499.2507754544732 0.11826673378617047 0.7016541583644453 3.307420748143097 0.119315767892655 1.5166416426248626 0.9509676279334106 0.8491725020980491 3.3246200544089355
6400 499.2507754544732 499.2507754544732 0.11826673378617047 0.7016541583644453 3.307420748143097 0.119315767892655 1.5166416426248626 0.9509676279334106 0.8491725020980491 3.3246200544089355
6450 499.2507754544732 499.2507754544732 0.11826673378617047 0.7016541583644453 3.307420748143097 0.119315767892655 1.5166416426248626 0.9509676279334106 0.8491725020980491 3.3246200544089355
6500 499.2507754544732 499.2507754544732 0.11826673378617047 0.7016541583644453 3.307420748143097 0.119315767892655 1.5166416426248626 0.9509676279334106 0.8491725020980491 3.3246200544089355
6550 499.2507754544732 499.2507754544732 0.11826673378617047 0.7016541583644453 3.307420748143097 0.119315767892655 1.5166416426248626 0.9509676279334106 0.8491725020980491 3.3246200544089355
6600 499.2507754544732 499.2507754544732 0.10762108481370074 0.6853248697105958 3.2720237764312325 0.13099066723975336 1.475705715296625 0.9889537786327762 0.817539687292939 3.3332289459522206
6650 499.2507754544732 499.2507754544732 0.10762108481370074 0.6853248697105958 3.2720237764312325 0.13099066723975336 1.475705715296625 0.9889537786327762 0.817539687292939 3.3332289459522206
6700 499.2507754544732 499.2507754544732 0.10762108481370074 0.6853248697105958 3.2720237764312325 0.13099066723975336 1.475705715296625 0.9889537786327762 0.817539687292939 3.3332289459522206
6750 499.2507754544732 499.2507754544732 0.10762108481370074 0.6853248697105958 3.2720237764312325 0.13099066723975336 1.475705715296625 0.9889537786327762 0.817539687292939 3.3332289459522206
6800 499.2507754544732 499.2507754544732 0.10762108481370074 0.6853248697105958 3.2720237764312325 0.13099066723975336 1.475705715296625 0.9889537786327762 0.817539687292939 3.3332289459522206
6850 499.2507754544732 499.2507754544732 0.10762108481370074 0.6853248697105958 3.2720237764312325 0.13099066723975336 1.475705715296625 0.9889537786327762 0.817539687292939 3.3332289459522206
6900 499.2507754544732 499.2507754544732 0.10762108481370074 0.6853248697105958 3.2720237764312325 0.13099066723975336 1.475705715296625 0.9889537786327762 0.817539687292939 3.3332289459522206
6950 499.2507754544732 499.2507754544732 0.10762108481370074 0.6853248697105958 3.2720237764312325 0.13099066723975336 1.475705715296625 0.9889537786327762 0.817539687292939 3.3332289459522206
7000 499.2507754544732 499.2507754544732 0.10762108481370074 0.6853248697105958 3.2720237764312325 0.13099066723975336 1.475705715296625 0.9889537786327762 0.817539687292939 3.3332289459522206
7050 499.2507754544732 499.2507754544732 0.10762108481370074 0.6853248697105958 3.2720237764312325 0.13099066723975336 1.475705715296625 0.9889537786327762 0.817539687292939 3.3332289459522206
7100 499.2507754544732 499.2507754544732 0.10762108481370074 0.6853248697105958 3.2720237764312325 0.13099066723975336 1.475705715296625 0.9889537786327762 0.817539687292939 3.3332289459522206
7150 499.2507754544732 499.2507754544732 0.10762108481370074 0.6853248697105958 3.2720237764312325 0.13099066723975336 1.475705715296625 0.9889537786327762 0.817539687292939 3.3332289459522206
7200 499.2507754544732 499.2507754544732 0.10762108481370074 0.6853248697105958 3.2720237764312325 0.13099066723975336 1.475705715296625 0.9889537786327762 0.817539687292939 3.3332289459522206
7250 499.2507754544732 499.2507754544732 0.10762108481370074 0.6853248697105958 3.2720237764312325 0.13099066723975336 1.475705715296625 0.9889537786327762 0.817539687292939 3.3332289459522206
7300 499.2507754544732 499.2507754544732 0.10762108481370074 0.6853248697105958 3.2720237764312325 0.13099066723975336 1.475705715296625 0.9889537786327762 0.817539687292939 3.3332289459522206
7350 499.2507754544732 499.2507754544732 0.10762108481370074 0.6853248697105958 3.2720237764312325 0.13099066723975336 1.475705715296625 0.9889537786327762 0.817539687292939 3.3332289459522206
7400 499.2507754544732 499.2507754544732 0.10762108481370074 0.6853248697105958 3.2720237764312325 0.13099066723975336 1.475705715296625 0.9889537786327762 0.817539687292939 3.3332289459522206
7450 499.2507754544732 499.2507754544732 0.10762108481370074 0.6853248697105958 3.2720237764312325 0.13099066723975336 1.475705715296625 0.9889537786327762 0.817539687292939 3.3332289459522206
7500 499.2507754544732 499.2507754544732 0.10762108481370074 0.6853248697105958 3.2720237764312325 0.13099066723975336 1.475705715296625 0.9889537786327762 0.817539687292939 3.3332289459522206
7550 499.2507754544732 499.2507754544732 0.10762108481370074 0.6853248697105958 3.2720237764312325 0.13099066723975336 1.475705715296625 0.9889537786327762 0.817539687292939 3.3332289459522206
7600 499.2507754544732 499.2507754544732 0.10762108481370074 0.6853248697105958 3.2720237764312325 0.13099066723975336 1.475705715296625 0.9889537786327762 0.817539687292939 3.3332289459522206
7650 499.2507754544732 499.2507754544732 0.10762108481370074 0.6853248697105958 3.2720237764312325 0.13099066723975336 1.475705715296625 0.9889537786327762 0.817539687292939 3.3332289459522206
7700 499.2507754544732 499.2507754544732 0.10762108481370074 0.6853248697105958 3.2720237764312325 0.13099066723975336 1.475705715296625 0.9889537786327762 0.817539687292939 3.3332289459522206
7750 499.2507754544732 499.2507754544732 0.10762108481370074 0.6853248697105958 3.2720237764312325 0.13099066723975336 1.475705715296625 0.9889537786327762 0.817539687292939 3.3332289459522206
7800 499.2507754544732 499.2507754544732 0.10762108481370074 0.6853248697105958 3.2720237764312325 0.13099066723975336 1.475705715296625 0.9889537786327762 0.817539687292939 3.3332289459522206
7850 499.2507754544732 499.2507754544732 0.10762108481370074 0.6853248697105958 3.2720237764312325 0.13099066723975336 1.475705715296625 0.9889537786327762 0.817539687292939 3.3332289459522206
7900 499.2507754544732 499.2507754544732 0.10762108481370074 0.6853248697105958 3.2720237764312325 0.13099066723975336 1.475705715296625 0.9889537786327762 0.817539687292939 3.3332289459522206
7950 499.2507754544732 499.2507754544732 0.10762108481370074 0.6853248697105958 3.2720237764312325 0.13099066723975336 1.475705715296625 0.9889537786327762 0.817539687292939 3.3332289459522206
8000 499.2507754544732 499.2507754544732 0.10762108481370074 0.6853248697105958 3.2720237764312325 0.13099066723975336 1.475705715296625 0.9889537786327762 0.817539687292939 3.3332289459522206
8050 499.2507754544732 499.2507754544732 0.10762108481370074 0.6853248697105958 3.2720237764312325 0.13099066723975336 1.475705715296625 0.9889537786327762 0.817539687292939 3.3332289459522206
8100 499.2507754544732 499.2507754544732 0.10762108481370074 0.6853248697105958 3.2720237764312325 0.13099066723975336 1.475705715296625 0.9889537786327762 0.817539687292939 3.3332289459522206
8150 499.2507754544732 499.2507754544732 0.10762108481370074 0.6853248697105958 3.2720237764312325 0.13099066723975336 1.475705715296625 0.9889537786327762 0.817539687292939 3.3332289459522206
8200 499.2507754544732 499.2507754544732 0.10762108481370074 0.6853248697105958 3.2720237764312325 0.13099066723975336 1.475705715296625 0.9889537786327762 0.817539687292939 3.3332289459522206
8250 499.2507754544732 499.2507754544732 0.10762108481370074 0.6853248697105958 3.2720237764312325 0.13099066723975336 1.475705715296625 0.9889537786327762 0.817539687292939 3.3332289459522206
8300 499.2507754544732 499.2507754544732 0.10762108481370074 0.6853248697105958 3.2720237764312325 0.13099066723975336 1.475705715296625 0.9889537786327762 0.817539687292939 3.3332289459522206
8350 499.2507754544732 499.2507754544732 0.10762108481370074 0.6853248697105958 3.2720237764312325 0.13099066723975336 1.475705715296625 0.9889537786327762 0.817539687292939 3.3332289459522206
8400 499.2507754544732 499.2507754544732 0.10762108481370074 0.6853248697105958 3.2720237764312325 0.13099066723975336 1.475705715296625 0.9889537786327762 0.817539687292939 3.3332289459522206
8450 499.2507754544732 499.2507754544732 0.10762108481370074 0.6853248697105958 3.2720237764312325 0.13099066723975336 1.475705715296625 0.9889537786327762 0.817539687292939 3.3332289459522206
8500 499.2507754544732 499.2507754544732 0.10762108481370074 0.6853248697105958 3.2720237764312325 0.13099066723975336 1.475705715296625 0.9889537786327762 0.817539687292939 3.3332289459522206
8550 499.2507754544732 499.2507754544732 0.10762108481370074 0.6853248697105958 3.2720237764312325 0.13099066723975336 1.475705715296625 0.9889537786327762 0.817539687292939 3.3332289459522206
8600 499.2507754544732 499.2507754544732 0.10762108481370074 0.6853248697105958 3.2720237764312325 0.13099066723975336 1.475705715296625 0.9889537786327762 0.817539687292939 3.3332289459522206
8650 499.2507754544732 499.2507754544732 0.10762108481370074 0.6853248697105958 3.2720237764312325 0.13099066723975336 1.475705715296625 0.9889537786327762 0.817539687292939 3.3332289459522206
8700 499.2507754544732 499.2507754544732 0.10762108481370074 0.6853248697105958 3.2720237764312325 0.13099066723975336 1.475705715296625 0.9889537786327762 0.817539687292939 3.3332289459522206
8750 499.2507754544732 499.2507754544732 0.10762108481370074 0.6853248697105958 3.2720237764312325 0.13099066723975336 1.475705715296625 0.9889537786327762 0.817539687292939 3.3332289459522206
8800 499.2507754544732 499.2507754544732 0.10762108481370074 0.6853248697105958 3.2720237764312325 0.13099066723975336 1.475705715296625 0.9889537786327762 0.817539687292939 3.3332289459522206
8850 499.2507754544732 499.2507754544732 0.10762108481370074 0.6853248697105958 3.2720237764312325 0.13099066723975336 1.475705715296625 0.9889537786327762 0.817539687292939 3.3332289459522206
8900 499.2507754544732 499.2507754544732 0.10762108481370074 0.6853248697105958 3.2720237764312325 0.13099066723975336 1.475705715296625 0.9889537786327762 0.817539687292939 3.3332289459522206
8950 499.2507754544732 499.2507754544732 0.10762108481370074 0.6853248697105958 3.2720237764312325 0.13099066723975336 1.475705715296625 0.9889537786327762 0.817539687292939 3.3332289459522206
9000 499.2507754544732 499.2507754544732 0.10762108481370074 0.6853248697105958 3.2720237764312325 0.13099066723975336 1.475705715296625 0.9889537786327762 0.817539687292939 3.3332289459522206
9050 499.2507754544732 499.2507754544732 0.10762108481370074 0.6853248697105958 3.2720237764312325 0.13099066723975336 1.475705715296625 0.9889537786327762 0.817539687292939 3.3332289459522206
9100 499.2507754544732 499.2507754544732 0.10762108481370074 0.6853248697105958 3.2720237764312325 0.13099066723975336 1.475705715296625 0.9889537786327762 0.817539687292939 3.3332289459522206
9150 499.2507754544732 499.2507754544732 0.10762108481370074 0.6853248697105958 3.2720237764312325 0.13099066723975336 1.475705715296625 0.9889537786327762 0.817539687292939 3.3332289459522206
9200 499.2507754544732 499.2507754544732 0.10762108481370074 0.6853248697105958 3.2720237764312325 0.13099066723975336 1.475705715296625 0.9889537786327762 0.817539687292939 3.3332289459522206
9250 499.2507754544732 499.2507754544732 0.10762108481370074 0.6853248697105958 3.2720237764312325 0.13099066723975336 1.475705715296625 0.9889537786327762 0.817539687292939 3.3332289459522206
9300 499.2507754544732 499.2507754544732 0.10762108481370074 0.6853248697105958 3.2720237764312325 0.13099066723975336 1.475705715296625 0.9889537786327762 0.817539687292939 3.3332289459522206
9350 499.2507754544732 499.2507754544732 0.10762108481370074 0.6853248697105958 3.2720237764312325 0.13099066723975336 1.475705715296625 0.9889537786327762 0.817539687292939 3.3332289459522206
9400 499.2507754544732 499.2507754544732 0.10762108481370074 0.6853248697105958 3.2720237764312325 0.13099066723975336 1.475705715296625 0.9889537786327762 0.817539687292939 3.3332289459522206
9450 499.2507754544732 499.2507754544732 0.10762108481370074 0.6853248697105958 3.2720237764312325 0.13099066723975336 1.475705715296625 0.9889537786327762 0.817539687292939 3.3332289459522206
9500 499.2507754544732 499.2507754544732 0.10762108481370074 0.6853248697105958 3.2720237764312325 0.13099066723975336 1.475705715296625 0.9889537786327762 0.817539687292939 3.3332289459522206
9550 499.2507754544732 499.2507754544732 0.10762108481370074 0.6853248697105958 3.2720237764312325 0.13099066723975336 1.475705715296625 0.9889537786327762 0.817539687292939 3.3332289459522206
9600 499.2507754544732 499.2507754544732 0.10762108481370074 0.6853248697105958 3.2720237764312325 0.13099066723975336 1.475705715296625 0.9889537786327762 0.817539687292939 3.3332289459522206
9650 499.2507754544732 499.2507754544732 0.10762108481370074 0.6853248697105958 3.2720237764312325 0.13099066723975336 1.475705715296625 0.9889537786327762 0.817539687292939 3.3332289459522206
9700 499.2507754544732 499.2507754544732 0.10762108481370074 0.6853248697105958 3.2720237764312325 0.13099066723975336 1.475705715296625 0.9889537786327762 0.817539687292939 3.3332289459522206
9750 499.2507754544732 499.2507754544732 0.10762108481370074 0.6853248697105958 3.2720237764312325 0.13099066723975336 1.475705715296625 0.9889537786327762 0.817539687292939 3.3332289459522206
9800 499.2507754544732 499.2507754544732 0.10762108481370074 0.6853248697105958 3.2720237764312325 0.13099066723975336 1.475705715296625 0.9889537786327762 0.817539687292939 3.3332289459522206
9850 499.2507754544732 499.2507754544732 0.10762108481370074 0.6853248697105958 3.2720237764312325 0.13099066723975336 1.475705715296625 0.9889537786327762 0.817539687292939 3.3332289459522206
9900 499.2507754544732 499.2507754544732 0.10762108481370074 0.6853248697105958 3.2720237764312325 0.13099066723975336 1.475705715296625 0.9889537786327762 0.817539687292939 3.3332289459522206
9950 499.2507754544732 499.2507754544732 0.10762108481370074 0.6853248697105958 3.2720237764312325 0.13099066723975336 1.475705715296625 0.9889537786327762 0.817539687292939 3.3332289459522206
10000 499.2507754544732 499.2507754544732 0.10762108481370074 0.6853248697105958 3.2720237764312325 0.13099066723975336 1.475705715296625 0.9889537786327762 0.817539687292939 3.3332289459522206
10050 499.2507754544732 499.2507754544732 0.10762108481370074 0.6853248697105958 3.2720237764312325 0.13099066723975336 1.475705715296625 0.9889537786327762 0.817539687292939 3.3332289459522206
10100 499.2507754544732 499.2507754544732 0.10762108481370074 0.6853248697105958 3.2720237764312325 0.13099066723975336 1.475705715296625 0.9889537786327762 0.817539687292939 3.3332289459522206
10150 499.2507754544732 499.2507754544732 0.10762108481370074 0.6853248697105958 3.2720237764312325 0.13099066723975336 1.475705715296625 0.9889537786327762 0.817539687292939 3.3332289459522206
10200 499.2507754544732 499.2507754544732 0.10762108481370074 0.6853248697105958 3.2720237764312325 0.13099066723975336 1.475705715296625 0.9889537786327762 0.817539687292939 3.3332289459522206
10250 499.2507754544732 499.2507754544732 0.10762108481370074 0.6853248697105958 3.2720237764312325 0.13099066723975336 1.475705715296625 0.9889537786327762 0.817539687292939 3.3332289459522206
10300 499.2507754544732 499.2507754544732 0.10762108481370074 0.6853248697105958 3.2720237764312325 0.13099066723975336 1.475705715296625 0.9889537786327762 0.817539687292939 3.3332289459522206
10350 499.2507754544732 499.2507754544732 0.10762108481370074 0.6853248697105958 3.2720237764312325 0.13099066723975336 1.475705715296625 0.9889537786327762 0.817539687292939 3.3332289459522206
10400 499.2507754544732 499.2507754544732 0.10762108481370074 0.6853248697105958 3.2720237764312325 0.13099066723975336 1.475705715296625 0.9889537786327762 0.817539687292939 3.3332289459522206
10450 499.2507754544732 499.2507754544732 0.10762108481370074 0.6853248697105958 3.2720237764312325 0.13099066723975336 1.475705715296625 0.9889537786327762 0.817539687292939 3.3332289459522206
10500 499.2507754544732 499.2507754544732 0.10762108481370074 0.6853248697105958 3.2720237764312325 0.13099066723975336 1.475705715296625 0.9889537786327762 0.817539687292939 3.3332289459522206
10550 499.2507754544732 499.2507754544732 0.10762108481370074 0.6853248697105958 3.2720237764312325 0.13099066723975336 1.475705715296625 0.9889537786327762 0.817539687292939 3.3332289459522206
10600 499.2507754544732 499.2507754544732 0.10762108481370074 0.6853248697105958 3.2720237764312325 0.13099066723975336 1.475705715296625 0.9889537786327762 0.817539687292939 3.3332289459522206
10650 499.2507754544732 499.2507754544732 0.10762108481370074 0.6853248697105958 3.2720237764312325 0.13099066723975336 1.475705715296625 0.9889537786327762 0.817539687292939 3.3332289459522206
10700 499.2507754544732 499.2507754544732 0.10762108481370074 0.6853248697105958 3.2720237764312325 0.13099066723975336 1.475705715296625 0.9889537786327762 0.817539687292939 3.3332289459522206
10750 499.2507754544732 499.2507754544732 0.10762108481370074 0.6853248697105958 3.2720237764312325 0.13099066723975336 1.475705715296625 0.9889537786327762 0.817539687292939 3.3332289459522206
10800 499.2507754544732 499.2507754544732 0.10762108481370074 0.6853248697105958 3.2720237764312325 0.13099066723975336 1.475705715296625 0.9889537786327762 0.817539687292939 3.3332289459522206
10850 499.2507754544732 499.2507754544732 0.10762108481370074 0.6853248697105958 3.2720237764312325 0.13099066723975336 1.475705715296625 0.9889537786327762 0.817539687292939 3.3332289459522206
10900 499.2507754544732 499.2507754544732 0.10762108481370074 0.6853248697105958 3.2720237764312325 0.13099066723975336 1.475705715296625 0.9889537786327762 0.817539687292939 3.3332289459522206
10950 499.2507754544732 499.2507754544732 0.10762108481370074 0.6853248697105958 3.2720237764312325 0.13099066723975336 1.475705715296625 0.9889537786327762 0.817539687292939 3.3332289459522206
11000 499.2507754544732 499.2507754544732 0.10762108481370074 0.6853248697105958 3.2720237764312325 0.13099066723975336 1.475705715296625 0.9889537786327762 0.817539687292939 3.3332289459522206
11050 499.2507754544732 499.2507754544732 0.10762108481370074 0.6853248697105958 3.2720237764312325 0.13099066723975336 1.475705715296625 0.9889537786327762 0.817539687292939 3.3332289459522206
11100 499.2507754544732 499.2507754544732 0.10762108481370074 0.6853248697105958 3.2720237764312325 0.13099066723975336 1.475705715296625 0.9889537786327762 0.817539687292939 3.3332289459522206
11150 499.2507754544732 499.2507754544732 0.10762108481370074 0.6853248697105958 3.2720237764312325 0.13099066723975336 1.475705715296625 0.9889537786327762 0.817539687292939 3.3332289459522206
11200 499.2507754544732 499.2507754544732 0.10762108481370074 0.6853248697105958 3.2720237764312325 0.13099066723975336 1.475705715296625 0.9889537786327762 0.817539687292939 3.3332289459522206
11250 499.2507754544732 499.2507754544732 0.10762108481370074 0.6853248697105958 3.2720237764312325 0.13099066723975336 1.475705715296625 0.9889537786327762 0.817539687292939 3.3332289459522206
11300 499.2507754544732 499.2507754544732 0.10762108481370074 0.6853248697105958 3.2720237764312325 0.13099066723975336 1.475705715296625 0.9889537786327762 0.817539687292939 3.3332289459522206
11350 499.2507754544732 499.2507754544732 0.10762108481370074 0.6853248697105958 3.2720237764312325 0.13099066723975336 1.475705715296625 0.9889537786327762 0.817539687292939 3.3332289459522206
11400 499.2507754544732 499.2507754544732 0.10762108481370074 0.6853248697105958 3.2720237764312325 0.13099066723975336 1.475705715296625 0.9889537786327762 0.817539687292939 3.3332289459522206
11450 499.2507754544732 499.2507754544732 0.10762108481370074 0.6853248697105958 3.2720237764312325 0.13099066723975336 1.475705715296625 0.9889537786327762 0.817539687292939 3.3332289459522206
11500 499.2507754544732 499.2507754544732 0.10762108481370074 0.6853248697105958 3.2720237764312325 0.13099066723975336 1.475705715296625 0.9889537786327762 0.817539687292939 3.3332289459522206
11550 499.2507754544732 499.2507754544732 0.10762108481370074 0.6853248697105958 3.2720237764312325 0.13099066723975336 1.475705715296625 0.9889537786327762 0.817539687292939 3.3332289459522206
11600 499.2507754544732 499.2507754544732 0.10762108481370074 0.6853248697105958 3.2720237764312325 0.13099066723975336 1.475705715296625 0.9889537786327762 0.817539687292939 3.3332289459522206
11650 499.2507754544732 499.2507754544732 0.10762108481370074 0.6853248697105958 3.2720237764312325 0.13099066723975336 1.475705715296625 0.9889537786327762 0.817539687292939 3.3332289459522206
11700 499.2507754544732 499.2507754544732 0.10762108481370074 0.6853248697105958 3.2720237764312325 0.13099066723975336 1.475705715296625 0.9889537786327762 0.817539687292939 3.3332289459522206
11750 499.2507754544732 499.2507754544732 0.10762108481370074 0.6853248697105958 3.2720237764312325 0.13099066723975336 1.475705715296625 0.9889537786327762 0.817539687292939 3.3332289459522206
11800 499.2507754544732 499.2507754544732 0.10762108481370074 0.6853248697105958 3.2720237764312325 0.13099066723975336 1.475705715296625 0.9889537786327762 0.817539687292939 3.3332289459522206
11850 499.2507754544732 499.2507754544732 0.10762108481370074 0.6853248697105958 3.2720237764312325 0.13099066723975336 1.475705715296625 0.9889537786327762 0.817539687292939 3.3332289459522206
11900 499.2507754544732 499.2507754544732 0.10762108481370074 0.6853248697105958 3.2720237764312325 0.13099066723975336 1.475705715296625 0.9889537786327762 0.817539687292939 3.3332289459522206
11950 499.2507754544732 499.2507754544732 0.10762108481370074 0.6853248697105958 3.2720237764312325 0.13099066723975336 1.475705715296625 0.9889537786327762 0.817539687292939 3.3332289459522206
12000 499.2507754544732 499.2507754544732 0.10762108481370074 0.6853248697105958 3.2720237764312325 0.13099066723975336 1.475705715296625 0.9889537786327762 0.817539687292939 3.3332289459522206
12050 499.2507754544732 499.2507754544732 0.10762108481370074 0.6853248697105958 3.2720237764312325 0.13099066723975336 1.475705715296625 0.9889537786327762 0.817539687292939 3.3332289459522206
12100 499.2507754544732 499.2507754544732 0.10762108481370074 0.6853248697105958 3.2720237764312325 0.13099066723975336 1.475705715296625 0.9889537786327762 0.817539687292939 3.3332289459522206
12150 499.2507754544732 499.2507754544732 0.10762108481370074 0.6853248697105958 3.2720237764312325 0.13099066723975336 1.475705715296625 0.9889537786327762 0.817539687292939 3.3332289459522206
12200 499.2507754544732 499.2507754544732 0.10762108481370074 0.6853248697105958 3.2720237764312325 0.13099066723975336 1.475705715296625 0.9889537786327762 0.817539687292939 3.3332289459522206
12250 499.2507754544732 499.2507754544732 0.10762108481370074 0.6853248697105958 3.2720237764312325 0.13099066723975336 1.475705715296625 0.9889537786327762 0.817539687292939 3.3332289459522206
12300 499.2507754544732 499.2507754544732 0.10762108481370074 0.6853248697105958 3.2720237764312325 0.13099066723975336 1.475705715296625 0.9889537786327762 0.817539687292939 3.3332289459522206
12350 499.2507754544732 499.2507754544732 0.10762108481370074 0.6853248697105958 3.2720237764312325 0.13099066723975336 1.475705715296625 0.9889537786327762 0.817539687292939 3.3332289459522206
12400 499.2507754544732 499.2507754544732 0.10762108481370074 0.6853248697105958 3.2720237764312325 0.13099066723975336 1.475705715296625 0.9889537786327762 0.817539687292939 3.3332289459522206
12450 499.2507754544732 499.2507754544732 0.10762108481370074 0.6853248697105958 3.2720237764312325 0.13099066723975336 1.475705715296625 0.9889537786327762 0.817539687292939 3.3332289459522206
12500 499.2507754544732 499.2507754544732 0.10762108481370074 0.6853248697105958 3.2720237764312325 0.13099066723975336 1.475705715296625 0.9889537786327762 0.817539687292939 3.3332289459522206
12550 499.2507754544732 499.2507754544732 0.10762108481370074 0.6853248697105958 3.2720237764312325 0.13099066723975336 1.475705715296625 0.9889537786327762 0.817539687292939 3.3332289459522206
12600 499.2507754544732 499.2507754544732 0.10762108481370074 0.6853248697105958 3.2720237764312325 0.13099066723975336 1.475705715296625 0.9889537786327762 0.817539687292939 3.3332289459522206
12650 499.2507754544732 499.2507754544732 0.10762108481370074 0.6853248697105958 3.2720237764312325 0.13099066723975336 1.475705715296625 0.9889537786327762 0.817539687292939 3.3332289459522206
12700 499.2507754544732 499.2507754544732 0.10762108481370074 0.6853248697105958 3.2720237764312325 0.13099066723975336 1.475705715296625 0.9889537786327762 0.817539687292939 3.3332289459522206
12750 499.2507754544732 499.2507754544732 0.10762108481370074 0.6853248697105958 3.2720237764312325 0.13099066723975336 1.475705715296625 0.9889537786327762 0.817539687292939 3.3332289459522206
12800 499.2507754544732 499.2507754544732 0.10762108481370074 0.6853248697105958 3.2720237764312325 0.13099066723975336 1.475705715296625 0.9889537786327762 0.817539687292939 3.3332289459522206
12850 499.2507754544732 499.2507754544732 0.10762108481370074 0.6853248697105958 3.2720237764312325 0.13099066723975336 1.475705715296625 0.9889537786327762 0.817539687292939 3.3332289459522206
12900 499.2507754544732 499.2507754544732 0.10762108481370074 0.6853248697105958 3.2720237764312325 0.13099066723975336 1.475705715296625 0.9889537786327762 0.817539687292939 3.3332289459522206
12950 499.2507754544732 499.2507754544732 0.10762108481370074 0.6853248697105958 3.2720237764312325 0.13099066723975336 1.475705715296625 0.9889537786327762 0.817539687292939 3.3332289459522206
13000 499.2507754544732 499.2507754544732 0.10762108481370074 0.6853248697105958 3.2720237764312325 0.13099066723975336 1.475705715296625 0.9889537786327762 0.817539687292939 3.3332289459522206
13050 499.2507754544732 499.2507754544732 0.10762108481370074 0.6853248697105958 3.2720237764312325 0.13099066723975336 1.475705715296625 0.9889537786327762 0.817539687292939 3.3332289459522206
13100 499.2507754544732 499.2507754544732 0.10762108481370074 0.6853248697105958 3.2720237764312325 0.13099066723975336 1.475705715296625 0.9889537786327762 0.817539687292939 3.3332289459522206
13150 499.2507754544732 499.2507754544732 0.10762108481370074 0.6853248697105958 3.2720237764312325 0.13099066723975336 1.475705715296625 0.9889537786327762 0.817539687292939 3.3332289459522206
13200 499.2507754544732 499.2507754544732 0.10762108481370074 0.6853248697105958 3.2720237764312325 0.13099066723975336 1.475705715296625 0.9889537786327762 0.817539687292939 3.3332289459522206
13250 499.2507754544732 499.2507754544732 0.10762108481370074 0.6853248697105958 3.2720237764312325 0.13099066723975336 1.475705715296625 0.9889537786327762 0.817539687292939 3.3332289459522206
13300 499.2507754544732 499.2507754544732 0.10762108481370074 0.6853248697105958 3.2720237764312325 0.13099066723975336 1.475705715296625 0.9889537786327762 0.817539687292939 3.3332289459522206
13350 499.2507754544732 499.2507754544732 0.10762108481370074 0.6853248697105958 3.2720237764312325 0.13099066723975336 1.475705715296625 0.9889537786327762 0.817539687292939 3.3332289459522206
13400 499.2507754544732 499.2507754544732 0.10762108481370074 0.6853248697105958 3.2720237764312325 0.13099066723975336 1.475705715296625 0.9889537786327762 0.817539687292939 3.3332289459522206
13450 499.2507754544732 499.2507754544732 0.10762108481370074 0.6853248697105958 3.2720237764312325 0.13099066723975336 1.475705715296625 0.9889537786327762 0.817539687292939 3.3332289459522206
13500 499.2507754544732 499.2507754544732 0.10762108481370074 0.6853248697105958 3.2720237764312325 0.13099066723975336 1.475705715296625 0.9889537786327762 0.817539687292939 3.3332289459522206
13550 499.2507754544732 499.2507754544732 0.10762108481370074 0.6853248697105958 3.2720237764312325 0.13099066723975336 1.475705715296625 0.9889537786327762 0.817539687292939 3.3332289459522206
13600 499.2507754544732 499.2507754544732 0.10762108481370074 0.6853248697105958 3.2720237764312325 0.13099066723975336 1.475705715296625 0.9889537786327762 0.817539687292939 3.3332289459522206
13650 499.2507754544732 499.2507754544732 0.10762108481370074 0.6853248697105958 3.2720237764312325 0.13099066723975336 1.475705715296625 0.9889537786327762 0.817539687292939 3.3332289459522206
13700 499.2507754544732 499.2507754544732 0.10762108481370074 0.6853248697105958 3.2720237764312325 0.13099066723975336 1.475705715296625 0.9889537786327762 0.817539687292939 3.3332289459522206
13750 499.2507754544732 499.2507754544732 0.10762108481370074 0.6853248697105958 3.2720237764312325 0.13099066723975336 1.475705715296625 0.9889537786327762 0.817539687292939 3.3332289459522206
13800 499.2507754544732 499.2507754544732 0.10762108481370074 0.6853248697105958 3.2720237764312325 0.13099066723975336 1.475705715296625 0.9889537786327762 0.817539687292939 3.3332289459522206
13850 499.2507754544732 499.2507754544732 0.10762108481370074 0.6853248697105958 3.2720237764312325 0.13099066723975336 1.475705715296625 0.9889537786327762 0.817539687292939 3.3332289459522206
13900 499.2507754544732 499.2507754544732 0.10762108481370074 0.6853248697105958 3.2720237764312325 0.13099066723975336 1.475705715296625 0.9889537786327762 0.817539687292939 3.3332289459522206
13950 499.2507754544732 499.2507754544732 0.10762108481370074 0.6853248697105958 3.2720237764312325 0.13099066723975336 1.475705715296625 0.9889537786327762 0.817539687292939 3.3332289459522206
14000 499.2507754544732 499.2507754544732 0.10762108481370074 0.6853248697105958 3.2720237764312325 0.13099066723975336 1.475705715296625 0.9889537786327762 0.817539687292939 3.3332289459522206
14050 499.2507754544732 499.2507754544732 0.10762108481370074 0.6853248697105958 3.2720237764312325 0.13099066723975336 1.475705715296625 0.9889537786327762 0.817539687292939 3.3332289459522206
14100 499.2507754544732 499.2507754544732 0.10762108481370074 0.6853248697105958 3.2720237764312325 0.13099066723975336 1.475705715296625 0.9889537786327762 0.817539687292939 3.3332289459522206
14150 499.2507754544732 499.2507754544732 0.10762108481370074 0.6853248697105958 3.2720237764312325 0.13099066723975336 1.475705715296625 0.9889537786327762 0.817539687292939 3.3332289459522206
14200 499.2507754544732 499.2507754544732 0.10762108481370074 0.6853248697105958 3.2720237764312325 0.13099066723975336 1.475705715296625 0.9889537786327762 0.817539687292939 3.3332289459522206
14250 499.2507754544732 499.2507754544732 0.10762108481370074 0.6853248697105958 3.2720237764312325 0.13099066723975336 1.475705715296625 0.9889537786327762 0.817539687292939 3.3332289459522206
14300 499.2507754544732 499.2507754544732 0.10762108481370074 0.6853248697105958 3.2720237764312325 0.13099066723975336 1.475705715296625 0.9889537786327762 0.817539687292939 3.3332289459522206
14350 499.2507754544732 499.2507754544732 0.10762108481370074 0.6853248697105958 3.2720237764312325 0.13099066723975336 1.475705715296625 0.9889537786327762 0.817539687292939 3.3332289459522206
14400 499.2507754544732 499.2507754544732 0.10762108481370074 0.6853248697105958 3.2720237764312325 0.13099066723975336 1.475705715296625 0.9889537786327762 0.817539687292939 3.3332289459522206
14450 499.2507754544732 499.2507754544732 0.10762108481370074 0.6853248697105958 3.2720237764312325 0.13099066723975336 1.475705715296625 0.9889537786327762 0.817539687292939 3.3332289459522206
14500 499.2507754544732 499.2507754544732 0.10762108481370074 0.6853248697105958 3.2720237764312325 0.13099066723975336 1.475705715296625 0.9889537786327762 0.817539687292939 3.3332289459522206
14550 499.2507754544732 499.2507754544732 0.10762108481370074 0.6853248697105958 3.2720237764312325 0.13099066723975336 1.475705715296625 0.9889537786327762 0.817539687292939 3.3332289459522206
14600 499.2507754544732 499.2507754544732 0.10762108481370074 0.6853248697105958 3.2720237764312325 0.13099066723975336 1.475705715296625 0.9889537786327762 0.817539687292939 3.3332289459522206
14650 499.2507754544732 499.2507754544732 0.10762108481370074 0.6853248697105958 3.2720237764312325 0.13099066723975336 1.475705715296625 0.9889537786327762 0.817539687292939 3.3332289459522206
14700 499.2507754544732 499.2507754544732 0.10762108481370074 0.6853248697105958 3.2720237764312325 0.13099066723975336 1.475705715296625 0.9889537786327762 0.817539687292939 3.3332289459522206
14750 499.2507754544732 499.2507754544732 0.10762108481370074 0.6853248697105958 3.2720237764312325 0.13099066723975336 1.475705715296625 0.9889537786327762 0.817539687292939 3.3332289459522206
14800 499.2507754544732 499.2507754544732 0.10762108481370074 0.6853248697105958 3.2720237764312325 0.13099066723975336 1.475705715296625 0.9889537786327762 0.817539687292939 3.3332289459522206
14850 499.2507754544732 499.2507754544732 0.10762108481370074 0.6853248697105958 3.2720237764312325 0.13099066723975336 1.475705715296625 0.9889537786327762 0.817539687292939 3.3332289459522206
14900 499.2507754544732 499.2507754544732 0.10762108481370074 0.6853248697105958 3.2720237764312325 0.13099066723975336 1.475705715296625 0.9889537786327762 0.817539687292939 3.3332289459522206
14950 499.2507754544732 499.2507754544732 0.10762108481370074 0.6853248697105958 3.2720237764312325 0.13099066723975336 1.475705715296625 0.9889537786327762 0.817539687292939 3.3332289459522206
15000 499.2507754544732 499.2507754544732 0.10762108481370074 0.6853248697105958 3.2720237764312325 0.13099066723975336 1.475705715296625 0.9889537786327762 0.817539687292939 3.3332289459522206
15050 499.2507754544732 499.2507754544732 0.10762108481370074 0.6853248697105958 3.2720237764312325 0.13099066723975336 1.475705715296625 0.9889537786327762 0.817539687292939 3.3332289459522206
15100 499.2507754544732 499.2507754544732 0.10762108481370074 0.6853248697105958 3.2720237764312325 0.13099066723975336 1.475705715296625 0.9889537786327762 0.817539687292939 3.3332289459522206
15150 499.2507754544732 499.2507754544732 0.10762108481370074 0.6853248697105958 3.2720237764312325 0.13099066723975336 1.475705715296625 0.9889537786327762 0.817539687292939 3.3332289459522206
15200 499.2507754544732 499.2507754544732 0.10762108481370074 0.6853248697105958 3.2720237764312325 0.13099066723975336 1.475705715296625 0.9889537786327762 0.817539687292939 3.3332289459522206
15250 499.2507754544732 499.2507754544732 0.10762108481370074 0.6853248697105958 3.2720237764312325 0.13099066723975336 1.475705715296625 0.9889537786327762 0.817539687292939 3.3332289459522206
15300 499.2507754544732 499.2507754544732 0.10762108481370074 0.6853248697105958 3.2720237764312325 0.13099066723975336 1.475705715296625 0.9889537786327762 0.817539687292939 3.3332289459522206
15350 499.2507754544732 499.2507754544732 0.10762108481370074 0.6853248697105958 3.2720237764312325 0.13099066723975336 1.475705715296625 0.9889537786327762 0.817539687292939 3.3332289459522206
15400 499.2507754544732 499.2507754544732 0.10762108481370074 0.6853248697105958 3.2720237764312325 0.13099066723975336 1.475705715296625 0.9889537786327762 0.817539687292939 3.3332289459522206
15450 499.2507754544732 499.2507754544732 0.10762108481370074 0.6853248697105958 3.2720237764312325 0.13099066723975336 1.475705715296625 0.9889537786327762 0.817539687292939 3.3332289459522206
15500 499.2507754544732 499.2507754544732 0.10762108481370074 0.6853248697105958 3.2720237764312325 0.13099066723975336 1.475705715296625 0.9889537786327762 0.817539687292939 3.3332289459522206
15550 499.2507754544732 499.2507754544732 0.10762108481370074 0.6853248697105958 3.2720237764312325 0.13099066723975336 1.475705715296625 0.9889537786327762 0.817539687292939 3.3332289459522206
15600 499.2507754544732 499.2507754544732 0.10762108481370074 0.6853248697105958 3.2720237764312325 0.13099066723975336 1.475705715296625 0.9889537786327762 0.817539687292939 3.3332289459522206
15650 499.2507754544732 499.2507754544732 0.10762108481370074 0.6853248697105958 3.2720237764312325 0.13099066723975336 1.475705715296625 0.9889537786327762 0.817539687292939 3.3332289459522206
15700 499.2507754544732 499.2507754544732 0.10762108481370074 0.6853248697105958 3.2720237764312325 0.13099066723975336 1.475705715296625 0.9889537786327762 0.817539687292939 3.3332289459522206
15750 499.2507754544732 499.2507754544732 0.10762108481370074 0.6853248697105958 3.2720237764312325 0.13099066723975336 1.475705715296625 0.9889537786327762 0.817539687292939 3.3332289459522206
15800 499.2507754544732 499.2507754544732 0.10762108481370074 0.6853248697105958 3.2720237764312325 0.13099066723975336 1.475705715296625 0.9889537786327762 0.817539687292939 3.3332289459522206
15850 499.2507754544732 499.2507754544732 0.10762108481370074 0.6853248697105958 3.2720237764312325 0.13099066723975336 1.475705715296625 0.9889537786327762 0.817539687292939 3.3332289459522206
15900 499.2507754544732 499.2507754544732 0.10762108481370074 0.6853248697105958 3.2720237764312325 0.13099066723975336 1.475705715296625 0.9889537786327762 0.817539687292939 3.3332289459522206
15950 499.2507754544732 499.2507754544732 0.10762108481370074 0.6853248697105958 3.2720237764312325 0.13099066723975336 1.475705715296625 0.9889537786327762 0.817539687292939 3.3332289459522206
16000 499.2507754544732 499.2507754544732 0.10762108481370074 0.6853248697105958 3.2720237764312325 0.13099066723975336 1.475705715296625 0.9889537786327762 0.817539687292939 3.3332289459522206
16050 499.2507754544732 499.2507754544732 0.10762108481370074 0.6853248697105958 3.2720237764312325 0.13099066723975336 1.475705715296625 0.9889537786327762 0.817539687292939 3.3332289459522206
16100 499.2507754544732 499.2507754544732 0.10762108481370074 0.6853248697105958 3.2720237764312325 0.13099066723975336 1.475705715296625 0.9889537786327762 0.817539687292939 3.3332289459522206
16150 499.2507754544732 499.2507754544732 0.10762108481370074 0.6853248697105958 3.2720237764312325 0.13099066723975336 1.475705715296625 0.9889537786327762 0.817539687292939 3.3332289459522206
16200 499.2507754544732 499.2507754544732 0.10762108481370074 0.6853248697105958 3.2720237764312325 0.13099066723975336 1.475705715296625 0.9889537786327762 0.817539687292939 3.3332289459522206
16250 499.2507754544732 499.2507754544732 0.10762108481370074 0.6853248697105958 3.2720237764312325 0.13099066723975336 1.475705715296625 0.9889537786327762 0.817539687292939 3.3332289459522206
16300 499.2507754544732 499.2507754544732 0.10762108481370074 0.6853248697105958 3.2720237764312325 0.13099066723975336 1.475705715296625 0.9889537786327762 0.817539687292939 3.3332289459522206
16350 499.2507754544732 499.2507754544732 0.10762108481370074 0.6853248697105958 3.2720237764312325 0.13099066723975336 1.475705715296625 0.9889537786327762 0.817539687292939 3.3332289459522206
16400 499.2507754544732 499.2507754544732 0.10762108481370074 0.6853248697105958 3.2720237764312325 0.13099066723975336 1.475705715296625 0.9889537786327762 0.817539687292939 3.3332289459522206
16450 499.2507754544732 499.2507754544732 0.10762108481370074 0.6853248697105958 3.2720237764312325 0.13099066723975336 1.475705715296625 0.9889537786327762 0.817539687292939 3.3332289459522206
16500 499.2507754544732 499.2507754544732 0.10762108481370074 0.6853248697105958 3.2720237764312325 0.13099066723975336 1.475705715296625 0.9889537786327762 0.817539687292939 3.3332289459522206
16550 499.2507754544732 499.2507754544732 0.10762108481370074 0.6853248697105958 3.2720237764312325 0.13099066723975336 1.475705715296625 0.9889537786327762 0.817539687292939 3.3332289459522206
16600 499.2507754544732 499.2507754544732 0.10762108481370074 0.6853248697105958 3.2720237764312325 0.13099066723975336 1.475705715296625 0.9889537786327762 0.817539687292939 3.3332289459522206
16650 499.2507754544732 499.2507754544732 0.10762108481370074 0.6853248697105958 3.2720237764312325 0.13099066723975336 1.475705715296625 0.9889537786327762 0.817539687292939 3.3332289459522206
16700 499.2507754544732 499.2507754544732 0.10762108481370074 0.6853248697105958 3.2720237764312325 0.13099066723975336 1.475705715296625 0.9889537786327762 0.817539687292939 3.3332289459522206
16750 499.2507754544732 499.2507754544732 0.10762108481370074 0.6853248697105958 3.2720237764312325 0.13099066723975336 1.475705715296625 0.9889537786327762 0.817539687292939 3.3332289459522206
16800 499.2507754544732 499.2507754544732 0.10762108481370074 0.6853248697105958 3.2720237764312325 0.13099066723975336 1.475705715296625 0.9889537786327762 0.817539687292939 3.3332289459522206
16850 499.2507754544732 499.2507754544732 0.10762108481370074 0.6853248697105958 3.2720237764312325 0.13099066723975336 1.475705715296625 0.9889537786327762 0.817539687292939 3.3332289459522206
16900 499.2507754544732 499.2507754544732 0.10762108481370074 0.6853248697105958 3.2720237764312325 0.13099066723975336 1.475705715296625 0.9889537786327762 0.817539687292939 3.3332289459522206
16950 499.2507754544732 499.2507754544732 0.10762108481370074 0.6853248697105958 3.2720237764312325 0.13099066723975336 1.475705715296625 0.9889537786327762 0.817539687292939 3.3332289459522206
17000 499.2507754544732 499.2507754544732 0.10762108481370074 0.6853248697105958 3.2720237764312325 0.13099066723975336 1.475705715296625 0.9889537786327762 0.817539687292939 3.3332289459522206
17050 499.2507754544732 499.2507754544732 0.10762108481370074 0.6853248697105958 3.2720237764312325 0.13099066723975336 1.475705715296625 0.9889537786327762 0.817539687292939 3.3332289459522206
17100 499.2507754544732 499.2507754544732 0.10762108481370074 0.6853248697105958 3.2720237764312325 0.13099066723975336 1.475705715296625 0.9889537786327762 0.817539687292939 3.3332289459522206
17150 499.2507754544732 499.2507754544732 0.10762108481370074 0.6853248697105958 3.2720237764312325 0.13099066723975336 1.475705715296625 0.9889537786327762 0.817539687292939 3.3332289459522206
17200 499.2507754544732 499.2507754544732 0.10762108481370074 0.6853248697105958 3.2720237764312325 0.13099066723975336 1.475705715296625 0.9889537786327762 0.817539687292939 3.3332289459522206
17250 499.2507754544732 499.2507754544732 0.10762108481370074 0.6853248697105958 3.2720237764312325 0.13099066723975336 1.475705715296625 0.9889537786327762 0.817539687292939 3.3332289459522206
17300 499.2507754544732 499.2507754544732 0.10762108481370074 0.6853248697105958 3.2720237764312325 0.13099066723975336 1.475705715296625 0.9889537786327762 0.817539687292939 3.3332289459522206
17350 499.2507754544732 499.2507754544732 0.10762108481370074 0.6853248697105958 3.2720237764312325 0.13099066723975336 1.475705715296625 0.9889537786327762 0.817539687292939 3.3332289459522206
17400 499.2507754544732 499.2507754544732 0.10762108481370074 0.6853248697105958 3.2720237764312325 0.13099066723975336 1.475705715296625 0.9889537786327762 0.817539687292939 3.3332289459522206
17450 499.2507754544732 499.2507754544732 0.10762108481370074 0.6853248697105958 3.2720237764312325 0.13099066723975336 1.475705715296625 0.9889537786327762 0.817539687292939 3.3332289459522206
17500 499.2507754544732 499.2507754544732 0.10762108481370074 0.6853248697105958 3.2720237764312325 0.13099066723975336 1.475705715296625 0.9889537786327762 0.817539687292939 3.3332289459522206
17550 499.2507754544732 499.2507754544732 0.10762108481370074 0.6853248697105958 3.2720237764312325 0.13099066723975336 1.475705715296625 0.9889537786327762 0.817539687292939 3.3332289459522206
17600 499.2507754544732 499.2507754544732 0.10762108481370074 0.6853248697105958 3.2720237764312325 0.13099066723975336 1.475705715296625 0.9889537786327762 0.817539687292939 3.3332289459522206
17650 499.2507754544732 499.2507754544732 0.10762108481370074 0.6853248697105958 3.2720237764312325 0.13099066723975336 1.475705715296625 0.9889537786327762 0.817539687292939 3.3332289459522206
17700 499.2507754544732 499.2507754544732 0.10762108481370074 0.6853248697105958 3.2720237764312325 0.13099066723975336 1.475705715296625 0.9889537786327762 0.817539687292939 3.3332289459522206
17750 499.2507754544732 499.2507754544732 0.10762108481370074 0.6853248697105958 3.2720237764312325 0.13099066723975336 1.475705715296625 0.9889537786327762 0.817539687292939 3.3332289459522206
17800 499.2507754544732 499.2507754544732 0.10762108481370074 0.6853248697105958 3.2720237764312325 0.13099066723975336 1.475705715296625 0.9889537786327762 0.817539687292939 3.3332289459522206
17850 499.2507754544732 499.2507754544732 0.10762108481370074 0.6853248697105958 3.2720237764312325 0.13099066723975336 1.475705715296625 0.9889537786327762 0.817539687292939 3.3332289459522206
17900 499.2507754544732 499.2507754544732 0.10762108481370074 0.6853248697105958 3.2720237764312325 0.13099066723975336 1.475705715296625 0.9889537786327762 0.817539687292939 3.3332289459522206
17950 499.2507754544732 499.2507754544732 0.10762108481370074 0.6853248697105958 3.2720237764312325 0.13099066723975336 1.475705715296625 0.9889537786327762 0.817539687292939 3.3332289459522206
18000 499.2507754544732 499.2507754544732 0.10762108481370074 0.6853248697105958 3.2720237764312325 0.13099066723975336 1.475705715296625 0.9889537786327762 0.817539687292939 3.3332289459522206
18050 499.2507754544732 499.2507754544732 0.10762108481370074 0.6853248697105958 3.2720237764312325 0.13099066723975336 1.475705715296625 0.9889537786327762 0.817539687292939 3.3332289459522206
18100 499.2507754544732 499.2507754544732 0.10762108481370074 0.6853248697105958 3.2720237764312325 0.13099066723975336 1.475705715296625 0.9889537786327762 0.817539687292939 3.3332289459522206
18150 499.2507754544732 499.2507754544732 0.10762108481370074 0.6853248697105958 3.2720237764312325 0.13099066723975336 1.475705715296625 0.9889537786327762 0.817539687292939 3.3332289459522206
18200 499.2507754544732 499.2507754544732 0.10762108481370074 0.6853248697105958 3.2720237764312325 0.13099066723975336 1.475705715296625 0.9889537786327762 0.817539687292939 3.3332289459522206
18250 499.2507754544732 499.2507754544732 0.10762108481370074 0.6853248697105958 3.2720237764312325 0.13099066723975336 1.475705715296625 0.9889537786327762 0.817539687292939 3.3332289459522206
18300 499.2507754544732 499.2507754544732 0.10762108481370074 0.6853248697105958 3.2720237764312325 0.13099066723975336 1.475705715296625 0.9889537786327762 0.817539687292939 3.3332289459522206
18350 499.2507754544732 499.2507754544732 0.10762108481370074 0.6853248697105958 3.2720237764312325 0.13099066723975336 1.475705715296625 0.9889537786327762 0.817539687292939 3.3332289459522206
18400 499.2507754544732 499.2507754544732 0.10762108481370074 0.6853248697105958 3.2720237764312325 0.13099066723975336 1.475705715296625 0.9889537786327762 0.817539687292939 3.3332289459522206
18450 499.2507754544732 499.2507754544732 0.10762108481370074 0.6853248697105958 3.2720237764312325 0.13099066723975336 1.475705715296625 0.9889537786327762 0.817539687292939 3.3332289459522206
18500 499.2507754544732 499.2507754544732 0.10762108481370074 0.6853248697105958 3.2720237764312325 0.13099066723975336 1.475705715296625 0.9889537786327762 0.817539687292939 3.3332289459522206
18550 499.2507754544732 499.2507754544732 0.10762108481370074 0.6853248697105958 3.2720237764312325 0.13099066723975336 1.475705715296625 0.9889537786327762 0.817539687292939 3.3332289459522206
18600 499.2507754544732 499.2507754544732 0.10762108481370074 0.6853248697105958 3.2720237764312325 0.13099066723975336 1.475705715296625 0.9889537786327762 0.817539687292939 3.3332289459522206
18650 499.2507754544732 499.2507754544732 0.10762108481370074 0.6853248697105958 3.2720237764312325 0.13099066723975336 1.475705715296625 0.9889537786327762 0.817539687292939 3.3332289459522206
18700 499.2507754544732 499.2507754544732 0.10762108481370074 0.6853248697105958 3.2720237764312325 0.13099066723975336 1.475705715296625 0.9889537786327762 0.817539687292939 3.3332289459522206
18750 499.2507754544732 499.2507754544732 0.10762108481370074 0.6853248697105958 3.2720237764312325 0.13099066723975336 1.475705715296625 0.9889537786327762 0.817539687292939 3.3332289459522206
18800 499.2507754544732 499.2507754544732 0.10762108481370074 0.6853248697105958 3.2720237764312325 0.13099066723975336 1.475705715296625 0.9889537786327762 0.817539687292939 3.3332289459522206
18850 499.2507754544732 499.2507754544732 0.10762108481370074 0.6853248697105958 3.2720237764312325 0.13099066723975336 1.475705715296625 0.9889537786327762 0.817539687292939 3.3332289459522206
18900 499.2507754544732 499.2507754544732 0.10762108481370074 0.6853248697105958 3.2720237764312325 0.13099066723975336 1.475705715296625 0.9889537786327762 0.817539687292939 3.3332289459522206
18950 499.2507754544732 499.2507754544732 0.10762108481370074 0.6853248697105958 3.2720237764312325 0.13099066723975336 1.475705715296625 0.9889537786327762 0.817539687292939 3.3332289459522206
19000 499.2507754544732 499.2507754544732 0.10762108481370074 0.6853248697105958 3.2720237764312325 0.13099066723975336 1.475705715296625 0.9889537786327762 0.817539687292939 3.3332289459522206
19050 499.2507754544732 499.2507754544732 0.10762108481370074 0.6853248697105958 3.2720237764312325 0.13099066723975336 1.475705715296625 0.9889537786327762 0.817539687292939 3.3332289459522206
19100 499.2507754544732 499.2507754544732 0.10762108481370074 0.6853248697105958 3.2720237764312325 0.13099066723975336 1.475705715296625 0.9889537786327762 0.817539687292939 3.3332289459522206
19150 499.2507754544732 499.2507754544732 0.10762108481370074 0.6853248697105958 3.2720237764312325 0.13099066723975336 1.475705715296625 0.9889537786327762 0.817539687292939 3.3332289459522206
19200 499.2507754544732 499.2507754544732 0.10762108481370074 0.6853248697105958 3.2720237764312325 0.13099066723975336 1.475705715296625 0.9889537786327762 0.817539687292939 3.3332289459522206
19250 499.2507754544732 499.2507754544732 0.10762108481370074 0.6853248697105958 3.2720237764312325 0.13099066723975336 1.475705715296625 0.9889537786327762 0.817539687292939 3.3332289459522206
19300 499.2507754544732 499.2507754544732 0.10762108481370074 0.6853248697105958 3.2720237764312325 0.13099066723975336 1.475705715296625 0.9889537786327762 0.817539687292939 3.3332289459522206
19350 499.2507754544732 499.2507754544732 0.10762108481370074 0.6853248697105958 3.2720237764312325 0.13099066723975336 1.475705715296625 0.9889537786327762 0.817539687292939 3.3332289459522206
19400 499.2507754544732 499.2507754544732 0.10762108481370074 0.6853248697105958 3.2720237764312325 0.13099066723975336 1.475705715296625 0.9889537786327762 0.817539687292939 3.3332289459522206
19450 499.2507754544732 499.2507754544732 0.10762108481370074 0.6853248697105958 3.2720237764312325 0.13099066723975336 1.475705715296625 0.9889537786327762 0.817539687292939 3.3332289459522206
19500 499.2507754544732 499.2507754544732 0.10762108481370074 0.6853248697105958 3.2720237764312325 0.13099066723975336 1.475705715296625 0.9889537786327762 0.817539687292939 3.3332289459522206
19550 499.2507754544732 499.2507754544732 0.10762108481370074 0.6853248697105958 3.2720237764312325 0.13099066723975336 1.475705715296625 0.9889537786327762 0.817539687292939 3.3332289459522206
19600 499.2507754544732 499.2507754544732 0.10762108481370074 0.6853248697105958 3.2720237764312325 0.13099066723975336 1.475705715296625 0.9889537786327762 0.817539687292939 3.3332289459522206
19650 499.2507754544732 499.2507754544732 0.10762108481370074 0.6853248697105958 3.2720237764312325 0.13099066723975336 1.475705715296625 0.9889537786327762 0.817539687292939 3.3332289459522206
19700 499.2507754544732 499.2507754544732 0.10762108481370074 0.6853248697105958 3.2720237764312325 0.13099066723975336 1.475705715296625 0.9889537786327762 0.817539687292939 3.3332289459522206
19750 499.2507754544732 499.2507754544732 0.10762108481370074 0.6853248697105958 3.2720237764312325 0.13099066723975336 1.475705715296625 0.9889537786327762 0.817539687292939 3.3332289459522206
19800 499.2507754544732 499.2507754544732 0.10762108481370074 0.6853248697105958 3.2720237764312325 0.13099066723975336 1.475705715296625 0.9889537786327762 0.817539687292939 3.3332289459522206
19850 499.2507754544732 499.2507754544732 0.10762108481370074 0.6853248697105958 3.2720237764312325 0.13099066723975336 1.475705715296625 0.9889537786327762 0.817539687292939 3.3332289459522206
19900 499.2507754544732 499.2507754544732 0.10762108481370074 0.6853248697105958 3.2720237764312325 0.13099066723975336 1.475705715296625 0.9889537786327762 0.817539687292939 3.3332289459522206
19950 499.2507754544732 499.2507754544732 0.10762108481370074 0.6853248697105958 3.2720237764312325 0.13099066723975336 1.475705715296625 0.9889537786327762 0.817539687292939 3.3332289459522206
*---*---*---*---*---*---*---*---*---*---*---*---*---*---*---*---*---*---*---*---*
Status: Finished
Last individual
499.2507754544732 499.2507754544732 0.10762108481370074 0.6853248697105958 3.2720237764312325 0.13099066723975336 1.475705715296625 0.9889537786327762 0.817539687292939 3.3332289459522206
Hall of fame
499.2507754544732 499.2507754544732 0.13544974956053668 0.728426698562189 3.167691980712928 0.12256091063663813 1.4646555733275595 0.9910318136584874 0.7822903380085272 3.4
Last factible individual
499.2507754544732 499.2507754544732 0.10762108481370074 0.6853248697105958 3.2720237764312325 0.13099066723975336 1.475705715296625 0.9889537786327762 0.817539687292939 3.3332289459522206
CPU time used (seconds)
4.143958536995342
