*---*---*---*---*---*---*---*---*---*---*---*---*---*---*---*---*---*---*---*---*
Algorithm: Differential Evolution
Constrainth handling method: APM
Function: 125
Case: discrete
Seed: 19
Parents size: 50
Offsprings size: 50
maxFe: 20000
CR: 0.9
F: 0.6
rweights: -
*---*---*---*---*---*---*---*---*---*---*---*---*---*---*---*---*---*---*---*---*
ngen ObjectiveFunction Fitness ProjectVariables
50 597.6587561735894 597.6587561735894 2.3420022659074506 2.476550894284262 2.6574950033293336 2.4901353270510924 1.2408449608346714 0.8637192466634019 0.7632781639113353 2.9242436987708413
100 597.6587561735894 597.6587561735894 2.3420022659074506 2.476550894284262 2.6574950033293336 2.4901353270510924 1.2408449608346714 0.8637192466634019 0.7632781639113353 2.9242436987708413
150 582.7875366087551 582.7875366087551 3.4 1.3792398818283504 3.4 1.6872667520298046 0.9856173601755922 1.148825238971434 0.8158512962195538 3.227678230429993
200 582.7875366087551 582.7875366087551 3.4 1.3792398818283504 3.4 1.6872667520298046 0.9856173601755922 1.148825238971434 0.8158512962195538 3.227678230429993
250 582.7875366087551 582.7875366087551 3.4 1.3792398818283504 3.4 1.6872667520298046 0.9856173601755922 1.148825238971434 0.8158512962195538 3.227678230429993
300 582.7875366087551 582.7875366087551 3.4 1.3792398818283504 3.4 1.6872667520298046 0.9856173601755922 1.148825238971434 0.8158512962195538 3.227678230429993
350 582.7875366087551 582.7875366087551 3.4 1.3792398818283504 3.4 1.6872667520298046 0.9856173601755922 1.148825238971434 0.8158512962195538 3.227678230429993
400 560.5675418980176 560.5675418980176 0.1 1.9402201430350505 2.782589189912904 1.7586177708697532 2.3045118760218775 1.3959936122773058 0.1 3.4
450 559.3558533536551 559.3558533536551 3.4 1.2128943094765325 3.4 1.9037698045044054 0.8596434474409755 1.1788481989983002 0.4681043051320503 3.4
500 559.3558533536551 559.3558533536551 3.4 1.2128943094765325 3.4 1.9037698045044054 0.8596434474409755 1.1788481989983002 0.4681043051320503 3.4
550 559.3558533536551 559.3558533536551 3.4 1.2128943094765325 3.4 1.9037698045044054 0.8596434474409755 1.1788481989983002 0.4681043051320503 3.4
600 555.9198584716498 555.9198584716498 0.7269697099851271 0.9745385563421686 3.4 3.2355675675363624 1.82176424716154 1.122090524816682 0.5176335428363451 3.4
650 555.9198584716498 555.9198584716498 0.7269697099851271 0.9745385563421686 3.4 3.2355675675363624 1.82176424716154 1.122090524816682 0.5176335428363451 3.4
700 555.9198584716498 555.9198584716498 0.7269697099851271 0.9745385563421686 3.4 3.2355675675363624 1.82176424716154 1.122090524816682 0.5176335428363451 3.4
750 528.9010552021794 528.9010552021794 0.1 0.7853073936331836 2.9289304886595353 0.1 0.8097127509740075 1.6223686425249007 0.7632781639113353 3.17938895115058
800 528.9010552021794 528.9010552021794 0.1 0.7853073936331836 2.9289304886595353 0.1 0.8097127509740075 1.6223686425249007 0.7632781639113353 3.17938895115058
850 528.9010552021794 528.9010552021794 0.1 0.7853073936331836 2.9289304886595353 0.1 0.8097127509740075 1.6223686425249007 0.7632781639113353 3.17938895115058
900 523.3090947432814 523.3090947432814 0.6878387930959177 1.4071096492149118 3.1834690201117026 0.1 2.258943217431708 1.3421394225013212 0.1 3.4
950 522.5604689455628 522.5604689455628 1.007199272172293 0.4941267025677325 3.4 0.7719373682356528 2.643784877996243 1.1248681883353027 0.6930523849506454 3.4
1000 511.054783116376 511.054783116376 0.6709946752736053 1.3709126516445567 3.4 0.1 0.9915003171656502 0.9343025800025048 0.6468438086066391 3.4
1050 511.054783116376 511.054783116376 0.6709946752736053 1.3709126516445567 3.4 0.1 0.9915003171656502 0.9343025800025048 0.6468438086066391 3.4
1100 511.054783116376 511.054783116376 0.6709946752736053 1.3709126516445567 3.4 0.1 0.9915003171656502 0.9343025800025048 0.6468438086066391 3.4
1150 511.054783116376 511.054783116376 0.6709946752736053 1.3709126516445567 3.4 0.1 0.9915003171656502 0.9343025800025048 0.6468438086066391 3.4
1200 511.054783116376 511.054783116376 0.6709946752736053 1.3709126516445567 3.4 0.1 0.9915003171656502 0.9343025800025048 0.6468438086066391 3.4
1250 511.054783116376 511.054783116376 0.6709946752736053 1.3709126516445567 3.4 0.1 0.9915003171656502 0.9343025800025048 0.6468438086066391 3.4
1300 511.054783116376 511.054783116376 0.6709946752736053 1.3709126516445567 3.4 0.1 0.9915003171656502 0.9343025800025048 0.6468438086066391 3.4
1350 511.054783116376 511.054783116376 0.6709946752736053 1.3709126516445567 3.4 0.1 0.9915003171656502 0.9343025800025048 0.6468438086066391 3.4
1400 511.054783116376 511.054783116376 0.6709946752736053 1.3709126516445567 3.4 0.1 0.9915003171656502 0.9343025800025048 0.6468438086066391 3.4
1450 511.054783116376 511.054783116376 0.6709946752736053 1.3709126516445567 3.4 0.1 0.9915003171656502 0.9343025800025048 0.6468438086066391 3.4
1500 511.054783116376 511.054783116376 0.6709946752736053 1.3709126516445567 3.4 0.1 0.9915003171656502 0.9343025800025048 0.6468438086066391 3.4
1550 511.054783116376 511.054783116376 0.6709946752736053 1.3709126516445567 3.4 0.1 0.9915003171656502 0.9343025800025048 0.6468438086066391 3.4
1600 505.1144766074654 505.1144766074654 0.1 1.173707806306879 3.4 0.1 1.5648330366991374 0.9169563610605671 0.5946389354110738 3.4
1650 505.1144766074654 505.1144766074654 0.1 1.173707806306879 3.4 0.1 1.5648330366991374 0.9169563610605671 0.5946389354110738 3.4
1700 505.1144766074654 505.1144766074654 0.1 1.173707806306879 3.4 0.1 1.5648330366991374 0.9169563610605671 0.5946389354110738 3.4
1750 505.1144766074654 505.1144766074654 0.1 1.173707806306879 3.4 0.1 1.5648330366991374 0.9169563610605671 0.5946389354110738 3.4
1800 505.1144766074654 505.1144766074654 0.1 1.173707806306879 3.4 0.1 1.5648330366991374 0.9169563610605671 0.5946389354110738 3.4
1850 505.1144766074654 505.1144766074654 0.1 1.173707806306879 3.4 0.1 1.5648330366991374 0.9169563610605671 0.5946389354110738 3.4
1900 505.1144766074654 505.1144766074654 0.1 1.173707806306879 3.4 0.1 1.5648330366991374 0.9169563610605671 0.5946389354110738 3.4
1950 505.1144766074654 505.1144766074654 0.1 1.173707806306879 3.4 0.1 1.5648330366991374 0.9169563610605671 0.5946389354110738 3.4
2000 505.1144766074654 505.1144766074654 0.1 1.173707806306879 3.4 0.1 1.5648330366991374 0.9169563610605671 0.5946389354110738 3.4
2050 505.1144766074654 505.1144766074654 0.1 1.173707806306879 3.4 0.1 1.5648330366991374 0.9169563610605671 0.5946389354110738 3.4
2100 503.7507754544732 503.7507754544732 0.7083497777942634 0.7318664021290838 3.4 0.1 1.5494322975278072 1.0468199463652572 0.7624417539486228 3.2659848232237616
2150 503.7507754544732 503.7507754544732 0.7083497777942634 0.7318664021290838 3.4 0.1 1.5494322975278072 1.0468199463652572 0.7624417539486228 3.2659848232237616
2200 503.7507754544732 503.7507754544732 0.7083497777942634 0.7318664021290838 3.4 0.1 1.5494322975278072 1.0468199463652572 0.7624417539486228 3.2659848232237616
2250 503.7507754544732 503.7507754544732 0.7083497777942634 0.7318664021290838 3.4 0.1 1.5494322975278072 1.0468199463652572 0.7624417539486228 3.2659848232237616
2300 503.7507754544732 503.7507754544732 0.7083497777942634 0.7318664021290838 3.4 0.1 1.5494322975278072 1.0468199463652572 0.7624417539486228 3.2659848232237616
2350 503.6144766074655 503.6144766074655 0.14326181489756426 1.1809956033685705 3.4 0.1 1.5058764102080298 1.1256880479803237 0.35469183696289086 3.4
2400 503.6144766074655 503.6144766074655 0.14326181489756426 1.1809956033685705 3.4 0.1 1.5058764102080298 1.1256880479803237 0.35469183696289086 3.4
2450 501.1997052171944 501.1997052171944 0.1 0.944688284590994 3.4 0.12822509537365234 1.9371018554175476 0.9762385933433685 0.5953954026921167 3.2688165898706005
2500 501.1997052171944 501.1997052171944 0.1 0.944688284590994 3.4 0.12822509537365234 1.9371018554175476 0.9762385933433685 0.5953954026921167 3.2688165898706005
2550 501.1997052171944 501.1997052171944 0.1 0.944688284590994 3.4 0.12822509537365234 1.9371018554175476 0.9762385933433685 0.5953954026921167 3.2688165898706005
2600 501.1997052171944 501.1997052171944 0.1 0.944688284590994 3.4 0.12822509537365234 1.9371018554175476 0.9762385933433685 0.5953954026921167 3.2688165898706005
2650 501.1997052171944 501.1997052171944 0.1 0.944688284590994 3.4 0.12822509537365234 1.9371018554175476 0.9762385933433685 0.5953954026921167 3.2688165898706005
2700 501.1997052171944 501.1997052171944 0.1 0.944688284590994 3.4 0.12822509537365234 1.9371018554175476 0.9762385933433685 0.5953954026921167 3.2688165898706005
2750 501.1997052171944 501.1997052171944 0.1 0.944688284590994 3.4 0.12822509537365234 1.9371018554175476 0.9762385933433685 0.5953954026921167 3.2688165898706005
2800 501.1997052171944 501.1997052171944 0.1 0.944688284590994 3.4 0.12822509537365234 1.9371018554175476 0.9762385933433685 0.5953954026921167 3.2688165898706005
2850 501.1997052171944 501.1997052171944 0.1 0.944688284590994 3.4 0.12822509537365234 1.9371018554175476 0.9762385933433685 0.5953954026921167 3.2688165898706005
2900 501.1997052171944 501.1997052171944 0.1 0.944688284590994 3.4 0.12822509537365234 1.9371018554175476 0.9762385933433685 0.5953954026921167 3.2688165898706005
2950 501.1997052171944 501.1997052171944 0.1 0.944688284590994 3.4 0.12822509537365234 1.9371018554175476 0.9762385933433685 0.5953954026921167 3.2688165898706005
3000 501.1997052171943 501.1997052171943 0.1282217176697772 0.8563808889319403 3.3734193859741497 0.12175617348768844 1.8718128055039567 0.9078937730254596 0.7008255869868019 3.298073028917875
3050 501.1997052171943 501.1997052171943 0.1282217176697772 0.8563808889319403 3.3734193859741497 0.12175617348768844 1.8718128055039567 0.9078937730254596 0.7008255869868019 3.298073028917875
3100 501.1698584716496 501.1698584716496 0.2481234971425038 1.0049797780825447 3.3789349572184655 0.10405982015921944 1.4546120156300086 0.9016642145452808 0.704771848765065 3.364968711142113
3150 501.1698584716496 501.1698584716496 0.2481234971425038 1.0049797780825447 3.3789349572184655 0.10405982015921944 1.4546120156300086 0.9016642145452808 0.704771848765065 3.364968711142113
3200 500.9453935902891 500.9453935902891 0.1 0.9467670763203662 3.4 0.12822509537365234 1.3942040947116783 1.0017714532085358 0.7294920750187694 3.2232241461058697
3250 500.9453935902891 500.9453935902891 0.1 0.9467670763203662 3.4 0.12822509537365234 1.3942040947116783 1.0017714532085358 0.7294920750187694 3.2232241461058697
3300 500.9453935902891 500.9453935902891 0.1 0.9467670763203662 3.4 0.12822509537365234 1.3942040947116783 1.0017714532085358 0.7294920750187694 3.2232241461058697
3350 500.22524033583386 500.22524033583386 0.1 0.833088917306054 3.341273672070116 0.10044908014875961 1.7005429831426377 1.1444493036159906 0.6306341674376655 3.4
3400 500.22524033583386 500.22524033583386 0.1 0.833088917306054 3.341273672070116 0.10044908014875961 1.7005429831426377 1.1444493036159906 0.6306341674376655 3.4
3450 500.22524033583386 500.22524033583386 0.1 0.833088917306054 3.341273672070116 0.10044908014875961 1.7005429831426377 1.1444493036159906 0.6306341674376655 3.4
3500 500.22524033583386 500.22524033583386 0.1 0.833088917306054 3.341273672070116 0.10044908014875961 1.7005429831426377 1.1444493036159906 0.6306341674376655 3.4
3550 500.22524033583386 500.22524033583386 0.1 0.833088917306054 3.341273672070116 0.10044908014875961 1.7005429831426377 1.1444493036159906 0.6306341674376655 3.4
3600 500.22524033583386 500.22524033583386 0.1 0.833088917306054 3.341273672070116 0.10044908014875961 1.7005429831426377 1.1444493036159906 0.6306341674376655 3.4
3650 500.22524033583386 500.22524033583386 0.1 0.833088917306054 3.341273672070116 0.10044908014875961 1.7005429831426377 1.1444493036159906 0.6306341674376655 3.4
3700 500.22524033583386 500.22524033583386 0.1 0.833088917306054 3.341273672070116 0.10044908014875961 1.7005429831426377 1.1444493036159906 0.6306341674376655 3.4
3750 500.22524033583386 500.22524033583386 0.1 0.833088917306054 3.341273672070116 0.10044908014875961 1.7005429831426377 1.1444493036159906 0.6306341674376655 3.4
3800 500.22524033583386 500.22524033583386 0.1 0.833088917306054 3.341273672070116 0.10044908014875961 1.7005429831426377 1.1444493036159906 0.6306341674376655 3.4
3850 500.22524033583386 500.22524033583386 0.1 0.833088917306054 3.341273672070116 0.10044908014875961 1.7005429831426377 1.1444493036159906 0.6306341674376655 3.4
3900 499.6997052171944 499.6997052171944 0.1 0.9263761412924766 3.2771305617234137 0.10835217563503899 1.761992488256071 1.0356761965836845 0.6372730925020041 3.198989481768999
3950 499.6997052171944 499.6997052171944 0.1 0.9263761412924766 3.2771305617234137 0.10835217563503899 1.761992488256071 1.0356761965836845 0.6372730925020041 3.198989481768999
4000 499.6997052171944 499.6997052171944 0.1 0.9263761412924766 3.2771305617234137 0.10835217563503899 1.761992488256071 1.0356761965836845 0.6372730925020041 3.198989481768999
4050 499.6997052171944 499.6997052171944 0.1 0.9263761412924766 3.2771305617234137 0.10835217563503899 1.761992488256071 1.0356761965836845 0.6372730925020041 3.198989481768999
4100 499.6997052171944 499.6997052171944 0.1 0.9263761412924766 3.2771305617234137 0.10835217563503899 1.761992488256071 1.0356761965836845 0.6372730925020041 3.198989481768999
4150 499.6997052171944 499.6997052171944 0.1 0.9263761412924766 3.2771305617234137 0.10835217563503899 1.761992488256071 1.0356761965836845 0.6372730925020041 3.198989481768999
4200 499.6997052171944 499.6997052171944 0.1 0.9263761412924766 3.2771305617234137 0.10835217563503899 1.761992488256071 1.0356761965836845 0.6372730925020041 3.198989481768999
4250 499.6997052171944 499.6997052171944 0.1 0.9263761412924766 3.2771305617234137 0.10835217563503899 1.761992488256071 1.0356761965836845 0.6372730925020041 3.198989481768999
4300 499.44539359028903 499.44539359028903 0.10743491386379028 0.8750811192132983 3.3437378318939 0.10044908014875961 1.2674650099066045 0.9493913017201802 0.7746195321129682 3.351451501131272
4350 499.44539359028903 499.44539359028903 0.10743491386379028 0.8750811192132983 3.3437378318939 0.10044908014875961 1.2674650099066045 0.9493913017201802 0.7746195321129682 3.351451501131272
4400 499.44539359028903 499.44539359028903 0.10743491386379028 0.8750811192132983 3.3437378318939 0.10044908014875961 1.2674650099066045 0.9493913017201802 0.7746195321129682 3.351451501131272
4450 499.44539359028903 499.44539359028903 0.10743491386379028 0.8750811192132983 3.3437378318939 0.10044908014875961 1.2674650099066045 0.9493913017201802 0.7746195321129682 3.351451501131272
4500 499.44539359028903 499.44539359028903 0.10743491386379028 0.8750811192132983 3.3437378318939 0.10044908014875961 1.2674650099066045 0.9493913017201802 0.7746195321129682 3.351451501131272
4550 499.44539359028903 499.44539359028903 0.10743491386379028 0.8750811192132983 3.3437378318939 0.10044908014875961 1.2674650099066045 0.9493913017201802 0.7746195321129682 3.351451501131272
4600 499.44539359028903 499.44539359028903 0.10743491386379028 0.8750811192132983 3.3437378318939 0.10044908014875961 1.2674650099066045 0.9493913017201802 0.7746195321129682 3.351451501131272
4650 499.44539359028903 499.44539359028903 0.10743491386379028 0.8750811192132983 3.3437378318939 0.10044908014875961 1.2674650099066045 0.9493913017201802 0.7746195321129682 3.351451501131272
4700 499.44539359028903 499.44539359028903 0.13132331402824876 0.8701774461070552 3.303955273236545 0.10115334616489773 1.3074414307748012 0.930388628671236 0.8064327993281912 3.366539335816313
4750 499.44539359028903 499.44539359028903 0.13132331402824876 0.8701774461070552 3.303955273236545 0.10115334616489773 1.3074414307748012 0.930388628671236 0.8064327993281912 3.366539335816313
4800 499.44539359028903 499.44539359028903 0.13132331402824876 0.8701774461070552 3.303955273236545 0.10115334616489773 1.3074414307748012 0.930388628671236 0.8064327993281912 3.366539335816313
4850 499.44539359028903 499.44539359028903 0.13132331402824876 0.8701774461070552 3.303955273236545 0.10115334616489773 1.3074414307748012 0.930388628671236 0.8064327993281912 3.366539335816313
4900 499.2507754544732 499.2507754544732 0.1362952532673678 0.7475685724477827 3.3664220510378358 0.11042107843076165 1.4692404192220987 1.000454544181017 0.7582492944442953 3.4
4950 499.2507754544732 499.2507754544732 0.1362952532673678 0.7475685724477827 3.3664220510378358 0.11042107843076165 1.4692404192220987 1.000454544181017 0.7582492944442953 3.4
5000 499.2507754544732 499.2507754544732 0.1362952532673678 0.7475685724477827 3.3664220510378358 0.11042107843076165 1.4692404192220987 1.000454544181017 0.7582492944442953 3.4
5050 499.2507754544732 499.2507754544732 0.1362952532673678 0.7475685724477827 3.3664220510378358 0.11042107843076165 1.4692404192220987 1.000454544181017 0.7582492944442953 3.4
5100 499.2507754544732 499.2507754544732 0.11853963297393282 0.7387433485629896 3.22729439287608 0.1 1.5132743901575183 1.0389447670481629 0.7741783879991494 3.284964756045201
5150 499.2507754544732 499.2507754544732 0.11853963297393282 0.7387433485629896 3.22729439287608 0.1 1.5132743901575183 1.0389447670481629 0.7741783879991494 3.284964756045201
5200 499.2507754544732 499.2507754544732 0.11853963297393282 0.7387433485629896 3.22729439287608 0.1 1.5132743901575183 1.0389447670481629 0.7741783879991494 3.284964756045201
5250 499.2507754544732 499.2507754544732 0.11853963297393282 0.7387433485629896 3.22729439287608 0.1 1.5132743901575183 1.0389447670481629 0.7741783879991494 3.284964756045201
5300 499.2507754544732 499.2507754544732 0.11853963297393282 0.7387433485629896 3.22729439287608 0.1 1.5132743901575183 1.0389447670481629 0.7741783879991494 3.284964756045201
5350 499.2507754544732 499.2507754544732 0.11853963297393282 0.7387433485629896 3.22729439287608 0.1 1.5132743901575183 1.0389447670481629 0.7741783879991494 3.284964756045201
5400 499.2507754544732 499.2507754544732 0.1346893118727891 0.6837447126755237 3.3229272144212003 0.11590802474500246 1.4830432407733487 0.9898463097698864 0.8240086017375223 3.3708666815215818
5450 499.2507754544732 499.2507754544732 0.1346893118727891 0.6837447126755237 3.3229272144212003 0.11590802474500246 1.4830432407733487 0.9898463097698864 0.8240086017375223 3.3708666815215818
5500 499.2507754544732 499.2507754544732 0.1346893118727891 0.6837447126755237 3.3229272144212003 0.11590802474500246 1.4830432407733487 0.9898463097698864 0.8240086017375223 3.3708666815215818
5550 499.2507754544732 499.2507754544732 0.1346893118727891 0.6837447126755237 3.3229272144212003 0.11590802474500246 1.4830432407733487 0.9898463097698864 0.8240086017375223 3.3708666815215818
5600 499.2507754544732 499.2507754544732 0.1470913614209709 0.6548008221528543 3.1572670373146856 0.1101516303415059 1.5277193439504806 0.9953649130554962 0.8162380705570111 3.3272576408342323
5650 499.2507754544732 499.2507754544732 0.1470913614209709 0.6548008221528543 3.1572670373146856 0.1101516303415059 1.5277193439504806 0.9953649130554962 0.8162380705570111 3.3272576408342323
5700 499.2507754544732 499.2507754544732 0.1470913614209709 0.6548008221528543 3.1572670373146856 0.1101516303415059 1.5277193439504806 0.9953649130554962 0.8162380705570111 3.3272576408342323
5750 499.2507754544732 499.2507754544732 0.1470913614209709 0.6548008221528543 3.1572670373146856 0.1101516303415059 1.5277193439504806 0.9953649130554962 0.8162380705570111 3.3272576408342323
5800 499.2507754544732 499.2507754544732 0.1470913614209709 0.6548008221528543 3.1572670373146856 0.1101516303415059 1.5277193439504806 0.9953649130554962 0.8162380705570111 3.3272576408342323
5850 499.2507754544732 499.2507754544732 0.1470913614209709 0.6548008221528543 3.1572670373146856 0.1101516303415059 1.5277193439504806 0.9953649130554962 0.8162380705570111 3.3272576408342323
5900 499.2507754544732 499.2507754544732 0.1470913614209709 0.6548008221528543 3.1572670373146856 0.1101516303415059 1.5277193439504806 0.9953649130554962 0.8162380705570111 3.3272576408342323
5950 499.2507754544732 499.2507754544732 0.1470913614209709 0.6548008221528543 3.1572670373146856 0.1101516303415059 1.5277193439504806 0.9953649130554962 0.8162380705570111 3.3272576408342323
6000 499.2507754544732 499.2507754544732 0.1470913614209709 0.6548008221528543 3.1572670373146856 0.1101516303415059 1.5277193439504806 0.9953649130554962 0.8162380705570111 3.3272576408342323
6050 499.2507754544732 499.2507754544732 0.1470913614209709 0.6548008221528543 3.1572670373146856 0.1101516303415059 1.5277193439504806 0.9953649130554962 0.8162380705570111 3.3272576408342323
6100 499.2507754544732 499.2507754544732 0.1470913614209709 0.6548008221528543 3.1572670373146856 0.1101516303415059 1.5277193439504806 0.9953649130554962 0.8162380705570111 3.3272576408342323
6150 499.2507754544732 499.2507754544732 0.1470913614209709 0.6548008221528543 3.1572670373146856 0.1101516303415059 1.5277193439504806 0.9953649130554962 0.8162380705570111 3.3272576408342323
6200 499.2507754544732 499.2507754544732 0.1470913614209709 0.6548008221528543 3.1572670373146856 0.1101516303415059 1.5277193439504806 0.9953649130554962 0.8162380705570111 3.3272576408342323
6250 499.2507754544732 499.2507754544732 0.1470913614209709 0.6548008221528543 3.1572670373146856 0.1101516303415059 1.5277193439504806 0.9953649130554962 0.8162380705570111 3.3272576408342323
6300 499.2507754544732 499.2507754544732 0.14962034195766186 0.6628862623184502 3.3390003628312717 0.12306449795195454 1.5408962688850363 1.029135251116155 0.7690904006995573 3.306069100297136
6350 499.2507754544732 499.2507754544732 0.14962034195766186 0.6628862623184502 3.3390003628312717 0.12306449795195454 1.5408962688850363 1.029135251116155 0.7690904006995573 3.306069100297136
6400 499.2507754544732 499.2507754544732 0.14962034195766186 0.6628862623184502 3.3390003628312717 0.12306449795195454 1.5408962688850363 1.029135251116155 0.7690904006995573 3.306069100297136
6450 499.2507754544732 499.2507754544732 0.14962034195766186 0.6628862623184502 3.3390003628312717 0.12306449795195454 1.5408962688850363 1.029135251116155 0.7690904006995573 3.306069100297136
6500 499.2507754544732 499.2507754544732 0.14962034195766186 0.6628862623184502 3.3390003628312717 0.12306449795195454 1.5408962688850363 1.029135251116155 0.7690904006995573 3.306069100297136
6550 499.2507754544732 499.2507754544732 0.14962034195766186 0.6628862623184502 3.3390003628312717 0.12306449795195454 1.5408962688850363 1.029135251116155 0.7690904006995573 3.306069100297136
6600 499.2507754544732 499.2507754544732 0.14962034195766186 0.6628862623184502 3.3390003628312717 0.12306449795195454 1.5408962688850363 1.029135251116155 0.7690904006995573 3.306069100297136
6650 499.2507754544732 499.2507754544732 0.14962034195766186 0.6628862623184502 3.3390003628312717 0.12306449795195454 1.5408962688850363 1.029135251116155 0.7690904006995573 3.306069100297136
6700 499.2507754544732 499.2507754544732 0.14962034195766186 0.6628862623184502 3.3390003628312717 0.12306449795195454 1.5408962688850363 1.029135251116155 0.7690904006995573 3.306069100297136
6750 499.2507754544732 499.2507754544732 0.14962034195766186 0.6628862623184502 3.3390003628312717 0.12306449795195454 1.5408962688850363 1.029135251116155 0.7690904006995573 3.306069100297136
6800 499.2507754544732 499.2507754544732 0.14962034195766186 0.6628862623184502 3.3390003628312717 0.12306449795195454 1.5408962688850363 1.029135251116155 0.7690904006995573 3.306069100297136
6850 499.2507754544732 499.2507754544732 0.1 0.7288411166757534 3.3421514906270193 0.11636604630091182 1.5286962222592582 0.9866156628882534 0.7595287921794768 3.4
6900 499.2507754544732 499.2507754544732 0.1 0.7288411166757534 3.3421514906270193 0.11636604630091182 1.5286962222592582 0.9866156628882534 0.7595287921794768 3.4
6950 499.2507754544732 499.2507754544732 0.1 0.7288411166757534 3.3421514906270193 0.11636604630091182 1.5286962222592582 0.9866156628882534 0.7595287921794768 3.4
7000 499.2507754544732 499.2507754544732 0.1 0.7288411166757534 3.3421514906270193 0.11636604630091182 1.5286962222592582 0.9866156628882534 0.7595287921794768 3.4
7050 499.2507754544732 499.2507754544732 0.1 0.7288411166757534 3.3421514906270193 0.11636604630091182 1.5286962222592582 0.9866156628882534 0.7595287921794768 3.4
7100 499.2507754544732 499.2507754544732 0.1 0.7288411166757534 3.3421514906270193 0.11636604630091182 1.5286962222592582 0.9866156628882534 0.7595287921794768 3.4
7150 499.2507754544732 499.2507754544732 0.1 0.7288411166757534 3.3421514906270193 0.11636604630091182 1.5286962222592582 0.9866156628882534 0.7595287921794768 3.4
7200 499.2507754544732 499.2507754544732 0.1 0.7288411166757534 3.3421514906270193 0.11636604630091182 1.5286962222592582 0.9866156628882534 0.7595287921794768 3.4
7250 499.2507754544732 499.2507754544732 0.1 0.7288411166757534 3.3421514906270193 0.11636604630091182 1.5286962222592582 0.9866156628882534 0.7595287921794768 3.4
7300 499.2507754544732 499.2507754544732 0.1 0.7288411166757534 3.3421514906270193 0.11636604630091182 1.5286962222592582 0.9866156628882534 0.7595287921794768 3.4
7350 499.2507754544732 499.2507754544732 0.1 0.7288411166757534 3.3421514906270193 0.11636604630091182 1.5286962222592582 0.9866156628882534 0.7595287921794768 3.4
7400 499.2507754544732 499.2507754544732 0.1 0.7288411166757534 3.3421514906270193 0.11636604630091182 1.5286962222592582 0.9866156628882534 0.7595287921794768 3.4
7450 499.2507754544732 499.2507754544732 0.1 0.7288411166757534 3.3421514906270193 0.11636604630091182 1.5286962222592582 0.9866156628882534 0.7595287921794768 3.4
7500 499.2507754544732 499.2507754544732 0.1 0.7288411166757534 3.3421514906270193 0.11636604630091182 1.5286962222592582 0.9866156628882534 0.7595287921794768 3.4
7550 499.2507754544732 499.2507754544732 0.1 0.7288411166757534 3.3421514906270193 0.11636604630091182 1.5286962222592582 0.9866156628882534 0.7595287921794768 3.4
7600 499.2507754544732 499.2507754544732 0.1 0.7288411166757534 3.3421514906270193 0.11636604630091182 1.5286962222592582 0.9866156628882534 0.7595287921794768 3.4
7650 499.2507754544732 499.2507754544732 0.1 0.7185276450725329 3.304239836649713 0.12707392087048772 1.4667899022304616 0.9646582843367347 0.7602267898128173 3.321181350391267
7700 499.2507754544732 499.2507754544732 0.1 0.7185276450725329 3.304239836649713 0.12707392087048772 1.4667899022304616 0.9646582843367347 0.7602267898128173 3.321181350391267
7750 499.2507754544732 499.2507754544732 0.1 0.7185276450725329 3.304239836649713 0.12707392087048772 1.4667899022304616 0.9646582843367347 0.7602267898128173 3.321181350391267
7800 499.2507754544732 499.2507754544732 0.1 0.7185276450725329 3.304239836649713 0.12707392087048772 1.4667899022304616 0.9646582843367347 0.7602267898128173 3.321181350391267
7850 499.2507754544732 499.2507754544732 0.1 0.7185276450725329 3.304239836649713 0.12707392087048772 1.4667899022304616 0.9646582843367347 0.7602267898128173 3.321181350391267
7900 499.2507754544732 499.2507754544732 0.1 0.7185276450725329 3.304239836649713 0.12707392087048772 1.4667899022304616 0.9646582843367347 0.7602267898128173 3.321181350391267
7950 499.2507754544732 499.2507754544732 0.1 0.7185276450725329 3.304239836649713 0.12707392087048772 1.4667899022304616 0.9646582843367347 0.7602267898128173 3.321181350391267
8000 499.2507754544732 499.2507754544732 0.1 0.7185276450725329 3.304239836649713 0.12707392087048772 1.4667899022304616 0.9646582843367347 0.7602267898128173 3.321181350391267
8050 499.2507754544732 499.2507754544732 0.1 0.7185276450725329 3.304239836649713 0.12707392087048772 1.4667899022304616 0.9646582843367347 0.7602267898128173 3.321181350391267
8100 499.2507754544732 499.2507754544732 0.1 0.7185276450725329 3.304239836649713 0.12707392087048772 1.4667899022304616 0.9646582843367347 0.7602267898128173 3.321181350391267
8150 499.2507754544732 499.2507754544732 0.1 0.7185276450725329 3.304239836649713 0.12707392087048772 1.4667899022304616 0.9646582843367347 0.7602267898128173 3.321181350391267
8200 499.2507754544732 499.2507754544732 0.1 0.7185276450725329 3.304239836649713 0.12707392087048772 1.4667899022304616 0.9646582843367347 0.7602267898128173 3.321181350391267
8250 499.2507754544732 499.2507754544732 0.1 0.7185276450725329 3.304239836649713 0.12707392087048772 1.4667899022304616 0.9646582843367347 0.7602267898128173 3.321181350391267
8300 499.2507754544732 499.2507754544732 0.1 0.7185276450725329 3.304239836649713 0.12707392087048772 1.4667899022304616 0.9646582843367347 0.7602267898128173 3.321181350391267
8350 499.2507754544732 499.2507754544732 0.1 0.7185276450725329 3.304239836649713 0.12707392087048772 1.4667899022304616 0.9646582843367347 0.7602267898128173 3.321181350391267
8400 499.2507754544732 499.2507754544732 0.1 0.7185276450725329 3.304239836649713 0.12707392087048772 1.4667899022304616 0.9646582843367347 0.7602267898128173 3.321181350391267
8450 499.2507754544732 499.2507754544732 0.1 0.7185276450725329 3.304239836649713 0.12707392087048772 1.4667899022304616 0.9646582843367347 0.7602267898128173 3.321181350391267
8500 499.2507754544732 499.2507754544732 0.1 0.7185276450725329 3.304239836649713 0.12707392087048772 1.4667899022304616 0.9646582843367347 0.7602267898128173 3.321181350391267
8550 499.2507754544732 499.2507754544732 0.1 0.7185276450725329 3.304239836649713 0.12707392087048772 1.4667899022304616 0.9646582843367347 0.7602267898128173 3.321181350391267
8600 499.2507754544732 499.2507754544732 0.1 0.7185276450725329 3.304239836649713 0.12707392087048772 1.4667899022304616 0.9646582843367347 0.7602267898128173 3.321181350391267
8650 499.2507754544732 499.2507754544732 0.1 0.7185276450725329 3.304239836649713 0.12707392087048772 1.4667899022304616 0.9646582843367347 0.7602267898128173 3.321181350391267
8700 499.2507754544732 499.2507754544732 0.1 0.7185276450725329 3.304239836649713 0.12707392087048772 1.4667899022304616 0.9646582843367347 0.7602267898128173 3.321181350391267
8750 499.2507754544732 499.2507754544732 0.1 0.7185276450725329 3.304239836649713 0.12707392087048772 1.4667899022304616 0.9646582843367347 0.7602267898128173 3.321181350391267
8800 499.2507754544732 499.2507754544732 0.1 0.7185276450725329 3.304239836649713 0.12707392087048772 1.4667899022304616 0.9646582843367347 0.7602267898128173 3.321181350391267
8850 499.2507754544732 499.2507754544732 0.1 0.7185276450725329 3.304239836649713 0.12707392087048772 1.4667899022304616 0.9646582843367347 0.7602267898128173 3.321181350391267
8900 499.2507754544732 499.2507754544732 0.1 0.7185276450725329 3.304239836649713 0.12707392087048772 1.4667899022304616 0.9646582843367347 0.7602267898128173 3.321181350391267
8950 499.2507754544732 499.2507754544732 0.1 0.7185276450725329 3.304239836649713 0.12707392087048772 1.4667899022304616 0.9646582843367347 0.7602267898128173 3.321181350391267
9000 499.2507754544732 499.2507754544732 0.1 0.7185276450725329 3.304239836649713 0.12707392087048772 1.4667899022304616 0.9646582843367347 0.7602267898128173 3.321181350391267
9050 499.2507754544732 499.2507754544732 0.1 0.7185276450725329 3.304239836649713 0.12707392087048772 1.4667899022304616 0.9646582843367347 0.7602267898128173 3.321181350391267
9100 499.2507754544732 499.2507754544732 0.1 0.7185276450725329 3.304239836649713 0.12707392087048772 1.4667899022304616 0.9646582843367347 0.7602267898128173 3.321181350391267
9150 499.2507754544732 499.2507754544732 0.1 0.7185276450725329 3.304239836649713 0.12707392087048772 1.4667899022304616 0.9646582843367347 0.7602267898128173 3.321181350391267
9200 499.2507754544732 499.2507754544732 0.1 0.7185276450725329 3.304239836649713 0.12707392087048772 1.4667899022304616 0.9646582843367347 0.7602267898128173 3.321181350391267
9250 499.2507754544732 499.2507754544732 0.1 0.7185276450725329 3.304239836649713 0.12707392087048772 1.4667899022304616 0.9646582843367347 0.7602267898128173 3.321181350391267
9300 499.2507754544732 499.2507754544732 0.1 0.7185276450725329 3.304239836649713 0.12707392087048772 1.4667899022304616 0.9646582843367347 0.7602267898128173 3.321181350391267
9350 499.2507754544732 499.2507754544732 0.1 0.7185276450725329 3.304239836649713 0.12707392087048772 1.4667899022304616 0.9646582843367347 0.7602267898128173 3.321181350391267
9400 499.2507754544732 499.2507754544732 0.1 0.7185276450725329 3.304239836649713 0.12707392087048772 1.4667899022304616 0.9646582843367347 0.7602267898128173 3.321181350391267
9450 499.2507754544732 499.2507754544732 0.1 0.7185276450725329 3.304239836649713 0.12707392087048772 1.4667899022304616 0.9646582843367347 0.7602267898128173 3.321181350391267
9500 499.2507754544732 499.2507754544732 0.1 0.7185276450725329 3.304239836649713 0.12707392087048772 1.4667899022304616 0.9646582843367347 0.7602267898128173 3.321181350391267
9550 499.2507754544732 499.2507754544732 0.1 0.7185276450725329 3.304239836649713 0.12707392087048772 1.4667899022304616 0.9646582843367347 0.7602267898128173 3.321181350391267
9600 499.2507754544732 499.2507754544732 0.1 0.7185276450725329 3.304239836649713 0.12707392087048772 1.4667899022304616 0.9646582843367347 0.7602267898128173 3.321181350391267
9650 499.2507754544732 499.2507754544732 0.1 0.7185276450725329 3.304239836649713 0.12707392087048772 1.4667899022304616 0.9646582843367347 0.7602267898128173 3.321181350391267
9700 499.2507754544732 499.2507754544732 0.1 0.7185276450725329 3.304239836649713 0.12707392087048772 1.4667899022304616 0.9646582843367347 0.7602267898128173 3.321181350391267
9750 499.2507754544732 499.2507754544732 0.1 0.7185276450725329 3.304239836649713 0.12707392087048772 1.4667899022304616 0.9646582843367347 0.7602267898128173 3.321181350391267
9800 499.2507754544732 499.2507754544732 0.1 0.7185276450725329 3.304239836649713 0.12707392087048772 1.4667899022304616 0.9646582843367347 0.7602267898128173 3.321181350391267
9850 499.2507754544732 499.2507754544732 0.1 0.7185276450725329 3.304239836649713 0.12707392087048772 1.4667899022304616 0.9646582843367347 0.7602267898128173 3.321181350391267
9900 499.2507754544732 499.2507754544732 0.1 0.7185276450725329 3.304239836649713 0.12707392087048772 1.4667899022304616 0.9646582843367347 0.7602267898128173 3.321181350391267
9950 499.2507754544732 499.2507754544732 0.1 0.7185276450725329 3.304239836649713 0.12707392087048772 1.4667899022304616 0.9646582843367347 0.7602267898128173 3.321181350391267
10000 499.2507754544732 499.2507754544732 0.1 0.7185276450725329 3.304239836649713 0.12707392087048772 1.4667899022304616 0.9646582843367347 0.7602267898128173 3.321181350391267
10050 499.2507754544732 499.2507754544732 0.1 0.7185276450725329 3.304239836649713 0.12707392087048772 1.4667899022304616 0.9646582843367347 0.7602267898128173 3.321181350391267
10100 499.2507754544732 499.2507754544732 0.1 0.7185276450725329 3.304239836649713 0.12707392087048772 1.4667899022304616 0.9646582843367347 0.7602267898128173 3.321181350391267
10150 499.2507754544732 499.2507754544732 0.1 0.7185276450725329 3.304239836649713 0.12707392087048772 1.4667899022304616 0.9646582843367347 0.7602267898128173 3.321181350391267
10200 499.2507754544732 499.2507754544732 0.1 0.7185276450725329 3.304239836649713 0.12707392087048772 1.4667899022304616 0.9646582843367347 0.7602267898128173 3.321181350391267
10250 499.2507754544732 499.2507754544732 0.1 0.7185276450725329 3.304239836649713 0.12707392087048772 1.4667899022304616 0.9646582843367347 0.7602267898128173 3.321181350391267
10300 499.2507754544732 499.2507754544732 0.1 0.7185276450725329 3.304239836649713 0.12707392087048772 1.4667899022304616 0.9646582843367347 0.7602267898128173 3.321181350391267
10350 499.2507754544732 499.2507754544732 0.1 0.7185276450725329 3.304239836649713 0.12707392087048772 1.4667899022304616 0.9646582843367347 0.7602267898128173 3.321181350391267
10400 499.2507754544732 499.2507754544732 0.1 0.7185276450725329 3.304239836649713 0.12707392087048772 1.4667899022304616 0.9646582843367347 0.7602267898128173 3.321181350391267
10450 499.2507754544732 499.2507754544732 0.1 0.7185276450725329 3.304239836649713 0.12707392087048772 1.4667899022304616 0.9646582843367347 0.7602267898128173 3.321181350391267
10500 499.2507754544732 499.2507754544732 0.1 0.7185276450725329 3.304239836649713 0.12707392087048772 1.4667899022304616 0.9646582843367347 0.7602267898128173 3.321181350391267
10550 499.2507754544732 499.2507754544732 0.1 0.7185276450725329 3.304239836649713 0.12707392087048772 1.4667899022304616 0.9646582843367347 0.7602267898128173 3.321181350391267
10600 499.2507754544732 499.2507754544732 0.1 0.7185276450725329 3.304239836649713 0.12707392087048772 1.4667899022304616 0.9646582843367347 0.7602267898128173 3.321181350391267
10650 499.2507754544732 499.2507754544732 0.1 0.7185276450725329 3.304239836649713 0.12707392087048772 1.4667899022304616 0.9646582843367347 0.7602267898128173 3.321181350391267
10700 499.2507754544732 499.2507754544732 0.1 0.7185276450725329 3.304239836649713 0.12707392087048772 1.4667899022304616 0.9646582843367347 0.7602267898128173 3.321181350391267
10750 499.2507754544732 499.2507754544732 0.1 0.7185276450725329 3.304239836649713 0.12707392087048772 1.4667899022304616 0.9646582843367347 0.7602267898128173 3.321181350391267
10800 499.2507754544732 499.2507754544732 0.1 0.7185276450725329 3.304239836649713 0.12707392087048772 1.4667899022304616 0.9646582843367347 0.7602267898128173 3.321181350391267
10850 499.2507754544732 499.2507754544732 0.1 0.7185276450725329 3.304239836649713 0.12707392087048772 1.4667899022304616 0.9646582843367347 0.7602267898128173 3.321181350391267
10900 499.2507754544732 499.2507754544732 0.1 0.7185276450725329 3.304239836649713 0.12707392087048772 1.4667899022304616 0.9646582843367347 0.7602267898128173 3.321181350391267
10950 499.2507754544732 499.2507754544732 0.1 0.7185276450725329 3.304239836649713 0.12707392087048772 1.4667899022304616 0.9646582843367347 0.7602267898128173 3.321181350391267
11000 499.2507754544732 499.2507754544732 0.1 0.7185276450725329 3.304239836649713 0.12707392087048772 1.4667899022304616 0.9646582843367347 0.7602267898128173 3.321181350391267
11050 499.2507754544732 499.2507754544732 0.1 0.7185276450725329 3.304239836649713 0.12707392087048772 1.4667899022304616 0.9646582843367347 0.7602267898128173 3.321181350391267
11100 499.2507754544732 499.2507754544732 0.1 0.7185276450725329 3.304239836649713 0.12707392087048772 1.4667899022304616 0.9646582843367347 0.7602267898128173 3.321181350391267
11150 499.2507754544732 499.2507754544732 0.1 0.7185276450725329 3.304239836649713 0.12707392087048772 1.4667899022304616 0.9646582843367347 0.7602267898128173 3.321181350391267
11200 499.2507754544732 499.2507754544732 0.1 0.7185276450725329 3.304239836649713 0.12707392087048772 1.4667899022304616 0.9646582843367347 0.7602267898128173 3.321181350391267
11250 499.2507754544732 499.2507754544732 0.1 0.7185276450725329 3.304239836649713 0.12707392087048772 1.4667899022304616 0.9646582843367347 0.7602267898128173 3.321181350391267
11300 499.2507754544732 499.2507754544732 0.1 0.7185276450725329 3.304239836649713 0.12707392087048772 1.4667899022304616 0.9646582843367347 0.7602267898128173 3.321181350391267
11350 499.2507754544732 499.2507754544732 0.1 0.7185276450725329 3.304239836649713 0.12707392087048772 1.4667899022304616 0.9646582843367347 0.7602267898128173 3.321181350391267
11400 499.2507754544732 499.2507754544732 0.1 0.7185276450725329 3.304239836649713 0.12707392087048772 1.4667899022304616 0.9646582843367347 0.7602267898128173 3.321181350391267
11450 499.2507754544732 499.2507754544732 0.1 0.7185276450725329 3.304239836649713 0.12707392087048772 1.4667899022304616 0.9646582843367347 0.7602267898128173 3.321181350391267
11500 499.2507754544732 499.2507754544732 0.1 0.7185276450725329 3.304239836649713 0.12707392087048772 1.4667899022304616 0.9646582843367347 0.7602267898128173 3.321181350391267
11550 499.2507754544732 499.2507754544732 0.1 0.7185276450725329 3.304239836649713 0.12707392087048772 1.4667899022304616 0.9646582843367347 0.7602267898128173 3.321181350391267
11600 499.2507754544732 499.2507754544732 0.1 0.7185276450725329 3.304239836649713 0.12707392087048772 1.4667899022304616 0.9646582843367347 0.7602267898128173 3.321181350391267
11650 499.2507754544732 499.2507754544732 0.1 0.7185276450725329 3.304239836649713 0.12707392087048772 1.4667899022304616 0.9646582843367347 0.7602267898128173 3.321181350391267
11700 499.2507754544732 499.2507754544732 0.1 0.7185276450725329 3.304239836649713 0.12707392087048772 1.4667899022304616 0.9646582843367347 0.7602267898128173 3.321181350391267
11750 499.2507754544732 499.2507754544732 0.1 0.7185276450725329 3.304239836649713 0.12707392087048772 1.4667899022304616 0.9646582843367347 0.7602267898128173 3.321181350391267
11800 499.2507754544732 499.2507754544732 0.1 0.7185276450725329 3.304239836649713 0.12707392087048772 1.4667899022304616 0.9646582843367347 0.7602267898128173 3.321181350391267
11850 499.2507754544732 499.2507754544732 0.1 0.7185276450725329 3.304239836649713 0.12707392087048772 1.4667899022304616 0.9646582843367347 0.7602267898128173 3.321181350391267
11900 499.2507754544732 499.2507754544732 0.1 0.7185276450725329 3.304239836649713 0.12707392087048772 1.4667899022304616 0.9646582843367347 0.7602267898128173 3.321181350391267
11950 499.2507754544732 499.2507754544732 0.1 0.7185276450725329 3.304239836649713 0.12707392087048772 1.4667899022304616 0.9646582843367347 0.7602267898128173 3.321181350391267
12000 499.2507754544732 499.2507754544732 0.1 0.7185276450725329 3.304239836649713 0.12707392087048772 1.4667899022304616 0.9646582843367347 0.7602267898128173 3.321181350391267
12050 499.2507754544732 499.2507754544732 0.1 0.7185276450725329 3.304239836649713 0.12707392087048772 1.4667899022304616 0.9646582843367347 0.7602267898128173 3.321181350391267
12100 499.2507754544732 499.2507754544732 0.1 0.7185276450725329 3.304239836649713 0.12707392087048772 1.4667899022304616 0.9646582843367347 0.7602267898128173 3.321181350391267
12150 499.2507754544732 499.2507754544732 0.1 0.7185276450725329 3.304239836649713 0.12707392087048772 1.4667899022304616 0.9646582843367347 0.7602267898128173 3.321181350391267
12200 499.2507754544732 499.2507754544732 0.1 0.7185276450725329 3.304239836649713 0.12707392087048772 1.4667899022304616 0.9646582843367347 0.7602267898128173 3.321181350391267
12250 499.2507754544732 499.2507754544732 0.1 0.7185276450725329 3.304239836649713 0.12707392087048772 1.4667899022304616 0.9646582843367347 0.7602267898128173 3.321181350391267
12300 499.2507754544732 499.2507754544732 0.1 0.7185276450725329 3.304239836649713 0.12707392087048772 1.4667899022304616 0.9646582843367347 0.7602267898128173 3.321181350391267
12350 499.2507754544732 499.2507754544732 0.1 0.7185276450725329 3.304239836649713 0.12707392087048772 1.4667899022304616 0.9646582843367347 0.7602267898128173 3.321181350391267
12400 499.2507754544732 499.2507754544732 0.1 0.7185276450725329 3.304239836649713 0.12707392087048772 1.4667899022304616 0.9646582843367347 0.7602267898128173 3.321181350391267
12450 499.2507754544732 499.2507754544732 0.1 0.7185276450725329 3.304239836649713 0.12707392087048772 1.4667899022304616 0.9646582843367347 0.7602267898128173 3.321181350391267
12500 499.2507754544732 499.2507754544732 0.1 0.7185276450725329 3.304239836649713 0.12707392087048772 1.4667899022304616 0.9646582843367347 0.7602267898128173 3.321181350391267
12550 499.2507754544732 499.2507754544732 0.1 0.7185276450725329 3.304239836649713 0.12707392087048772 1.4667899022304616 0.9646582843367347 0.7602267898128173 3.321181350391267
12600 499.2507754544732 499.2507754544732 0.1 0.7185276450725329 3.304239836649713 0.12707392087048772 1.4667899022304616 0.9646582843367347 0.7602267898128173 3.321181350391267
12650 499.2507754544732 499.2507754544732 0.1 0.7185276450725329 3.304239836649713 0.12707392087048772 1.4667899022304616 0.9646582843367347 0.7602267898128173 3.321181350391267
12700 499.2507754544732 499.2507754544732 0.1 0.7185276450725329 3.304239836649713 0.12707392087048772 1.4667899022304616 0.9646582843367347 0.7602267898128173 3.321181350391267
12750 499.2507754544732 499.2507754544732 0.1 0.7185276450725329 3.304239836649713 0.12707392087048772 1.4667899022304616 0.9646582843367347 0.7602267898128173 3.321181350391267
12800 499.2507754544732 499.2507754544732 0.1 0.7185276450725329 3.304239836649713 0.12707392087048772 1.4667899022304616 0.9646582843367347 0.7602267898128173 3.321181350391267
12850 499.2507754544732 499.2507754544732 0.1 0.7185276450725329 3.304239836649713 0.12707392087048772 1.4667899022304616 0.9646582843367347 0.7602267898128173 3.321181350391267
12900 499.2507754544732 499.2507754544732 0.1 0.7185276450725329 3.304239836649713 0.12707392087048772 1.4667899022304616 0.9646582843367347 0.7602267898128173 3.321181350391267
12950 499.2507754544732 499.2507754544732 0.1 0.7185276450725329 3.304239836649713 0.12707392087048772 1.4667899022304616 0.9646582843367347 0.7602267898128173 3.321181350391267
13000 499.2507754544732 499.2507754544732 0.1 0.7185276450725329 3.304239836649713 0.12707392087048772 1.4667899022304616 0.9646582843367347 0.7602267898128173 3.321181350391267
13050 499.2507754544732 499.2507754544732 0.1 0.7185276450725329 3.304239836649713 0.12707392087048772 1.4667899022304616 0.9646582843367347 0.7602267898128173 3.321181350391267
13100 499.2507754544732 499.2507754544732 0.1 0.7185276450725329 3.304239836649713 0.12707392087048772 1.4667899022304616 0.9646582843367347 0.7602267898128173 3.321181350391267
13150 499.2507754544732 499.2507754544732 0.1 0.7185276450725329 3.304239836649713 0.12707392087048772 1.4667899022304616 0.9646582843367347 0.7602267898128173 3.321181350391267
13200 499.2507754544732 499.2507754544732 0.1 0.7185276450725329 3.304239836649713 0.12707392087048772 1.4667899022304616 0.9646582843367347 0.7602267898128173 3.321181350391267
13250 499.2507754544732 499.2507754544732 0.1 0.7185276450725329 3.304239836649713 0.12707392087048772 1.4667899022304616 0.9646582843367347 0.7602267898128173 3.321181350391267
13300 499.2507754544732 499.2507754544732 0.1 0.7185276450725329 3.304239836649713 0.12707392087048772 1.4667899022304616 0.9646582843367347 0.7602267898128173 3.321181350391267
13350 499.2507754544732 499.2507754544732 0.1 0.7185276450725329 3.304239836649713 0.12707392087048772 1.4667899022304616 0.9646582843367347 0.7602267898128173 3.321181350391267
13400 499.2507754544732 499.2507754544732 0.1 0.7185276450725329 3.304239836649713 0.12707392087048772 1.4667899022304616 0.9646582843367347 0.7602267898128173 3.321181350391267
13450 499.2507754544732 499.2507754544732 0.1 0.7185276450725329 3.304239836649713 0.12707392087048772 1.4667899022304616 0.9646582843367347 0.7602267898128173 3.321181350391267
13500 499.2507754544732 499.2507754544732 0.1 0.7185276450725329 3.304239836649713 0.12707392087048772 1.4667899022304616 0.9646582843367347 0.7602267898128173 3.321181350391267
13550 499.2507754544732 499.2507754544732 0.1 0.7185276450725329 3.304239836649713 0.12707392087048772 1.4667899022304616 0.9646582843367347 0.7602267898128173 3.321181350391267
13600 499.2507754544732 499.2507754544732 0.1 0.7185276450725329 3.304239836649713 0.12707392087048772 1.4667899022304616 0.9646582843367347 0.7602267898128173 3.321181350391267
13650 499.2507754544732 499.2507754544732 0.1 0.7185276450725329 3.304239836649713 0.12707392087048772 1.4667899022304616 0.9646582843367347 0.7602267898128173 3.321181350391267
13700 499.2507754544732 499.2507754544732 0.1 0.7185276450725329 3.304239836649713 0.12707392087048772 1.4667899022304616 0.9646582843367347 0.7602267898128173 3.321181350391267
13750 499.2507754544732 499.2507754544732 0.1 0.7185276450725329 3.304239836649713 0.12707392087048772 1.4667899022304616 0.9646582843367347 0.7602267898128173 3.321181350391267
13800 499.2507754544732 499.2507754544732 0.1 0.7185276450725329 3.304239836649713 0.12707392087048772 1.4667899022304616 0.9646582843367347 0.7602267898128173 3.321181350391267
13850 499.2507754544732 499.2507754544732 0.1 0.7185276450725329 3.304239836649713 0.12707392087048772 1.4667899022304616 0.9646582843367347 0.7602267898128173 3.321181350391267
13900 499.2507754544732 499.2507754544732 0.1 0.7185276450725329 3.304239836649713 0.12707392087048772 1.4667899022304616 0.9646582843367347 0.7602267898128173 3.321181350391267
13950 499.2507754544732 499.2507754544732 0.1 0.7185276450725329 3.304239836649713 0.12707392087048772 1.4667899022304616 0.9646582843367347 0.7602267898128173 3.321181350391267
14000 499.2507754544732 499.2507754544732 0.1 0.7185276450725329 3.304239836649713 0.12707392087048772 1.4667899022304616 0.9646582843367347 0.7602267898128173 3.321181350391267
14050 499.2507754544732 499.2507754544732 0.1 0.7185276450725329 3.304239836649713 0.12707392087048772 1.4667899022304616 0.9646582843367347 0.7602267898128173 3.321181350391267
14100 499.2507754544732 499.2507754544732 0.1 0.7185276450725329 3.304239836649713 0.12707392087048772 1.4667899022304616 0.9646582843367347 0.7602267898128173 3.321181350391267
14150 499.2507754544732 499.2507754544732 0.1 0.7185276450725329 3.304239836649713 0.12707392087048772 1.4667899022304616 0.9646582843367347 0.7602267898128173 3.321181350391267
14200 499.2507754544732 499.2507754544732 0.1 0.7185276450725329 3.304239836649713 0.12707392087048772 1.4667899022304616 0.9646582843367347 0.7602267898128173 3.321181350391267
14250 499.2507754544732 499.2507754544732 0.1 0.7185276450725329 3.304239836649713 0.12707392087048772 1.4667899022304616 0.9646582843367347 0.7602267898128173 3.321181350391267
14300 499.2507754544732 499.2507754544732 0.1 0.7185276450725329 3.304239836649713 0.12707392087048772 1.4667899022304616 0.9646582843367347 0.7602267898128173 3.321181350391267
14350 499.2507754544732 499.2507754544732 0.1 0.7185276450725329 3.304239836649713 0.12707392087048772 1.4667899022304616 0.9646582843367347 0.7602267898128173 3.321181350391267
14400 499.2507754544732 499.2507754544732 0.1 0.7185276450725329 3.304239836649713 0.12707392087048772 1.4667899022304616 0.9646582843367347 0.7602267898128173 3.321181350391267
14450 499.2507754544732 499.2507754544732 0.1 0.7185276450725329 3.304239836649713 0.12707392087048772 1.4667899022304616 0.9646582843367347 0.7602267898128173 3.321181350391267
14500 499.2507754544732 499.2507754544732 0.1 0.7185276450725329 3.304239836649713 0.12707392087048772 1.4667899022304616 0.9646582843367347 0.7602267898128173 3.321181350391267
14550 499.2507754544732 499.2507754544732 0.1 0.7185276450725329 3.304239836649713 0.12707392087048772 1.4667899022304616 0.9646582843367347 0.7602267898128173 3.321181350391267
14600 499.2507754544732 499.2507754544732 0.1 0.7185276450725329 3.304239836649713 0.12707392087048772 1.4667899022304616 0.9646582843367347 0.7602267898128173 3.321181350391267
14650 499.2507754544732 499.2507754544732 0.1 0.7185276450725329 3.304239836649713 0.12707392087048772 1.4667899022304616 0.9646582843367347 0.7602267898128173 3.321181350391267
14700 499.2507754544732 499.2507754544732 0.1 0.7185276450725329 3.304239836649713 0.12707392087048772 1.4667899022304616 0.9646582843367347 0.7602267898128173 3.321181350391267
14750 499.2507754544732 499.2507754544732 0.1 0.7185276450725329 3.304239836649713 0.12707392087048772 1.4667899022304616 0.9646582843367347 0.7602267898128173 3.321181350391267
14800 499.2507754544732 499.2507754544732 0.1 0.7185276450725329 3.304239836649713 0.12707392087048772 1.4667899022304616 0.9646582843367347 0.7602267898128173 3.321181350391267
14850 499.2507754544732 499.2507754544732 0.1 0.7185276450725329 3.304239836649713 0.12707392087048772 1.4667899022304616 0.9646582843367347 0.7602267898128173 3.321181350391267
14900 499.2507754544732 499.2507754544732 0.1 0.7185276450725329 3.304239836649713 0.12707392087048772 1.4667899022304616 0.9646582843367347 0.7602267898128173 3.321181350391267
14950 499.2507754544732 499.2507754544732 0.1 0.7185276450725329 3.304239836649713 0.12707392087048772 1.4667899022304616 0.9646582843367347 0.7602267898128173 3.321181350391267
15000 499.2507754544732 499.2507754544732 0.1 0.7185276450725329 3.304239836649713 0.12707392087048772 1.4667899022304616 0.9646582843367347 0.7602267898128173 3.321181350391267
15050 499.2507754544732 499.2507754544732 0.1 0.7185276450725329 3.304239836649713 0.12707392087048772 1.4667899022304616 0.9646582843367347 0.7602267898128173 3.321181350391267
15100 499.2507754544732 499.2507754544732 0.1 0.7185276450725329 3.304239836649713 0.12707392087048772 1.4667899022304616 0.9646582843367347 0.7602267898128173 3.321181350391267
15150 499.2507754544732 499.2507754544732 0.1 0.7185276450725329 3.304239836649713 0.12707392087048772 1.4667899022304616 0.9646582843367347 0.7602267898128173 3.321181350391267
15200 499.2507754544732 499.2507754544732 0.1 0.7185276450725329 3.304239836649713 0.12707392087048772 1.4667899022304616 0.9646582843367347 0.7602267898128173 3.321181350391267
15250 499.2507754544732 499.2507754544732 0.1 0.7185276450725329 3.304239836649713 0.12707392087048772 1.4667899022304616 0.9646582843367347 0.7602267898128173 3.321181350391267
15300 499.2507754544732 499.2507754544732 0.1 0.7185276450725329 3.304239836649713 0.12707392087048772 1.4667899022304616 0.9646582843367347 0.7602267898128173 3.321181350391267
15350 499.2507754544732 499.2507754544732 0.1 0.7185276450725329 3.304239836649713 0.12707392087048772 1.4667899022304616 0.9646582843367347 0.7602267898128173 3.321181350391267
15400 499.2507754544732 499.2507754544732 0.1 0.7185276450725329 3.304239836649713 0.12707392087048772 1.4667899022304616 0.9646582843367347 0.7602267898128173 3.321181350391267
15450 499.2507754544732 499.2507754544732 0.1 0.7185276450725329 3.304239836649713 0.12707392087048772 1.4667899022304616 0.9646582843367347 0.7602267898128173 3.321181350391267
15500 499.2507754544732 499.2507754544732 0.1 0.7185276450725329 3.304239836649713 0.12707392087048772 1.4667899022304616 0.9646582843367347 0.7602267898128173 3.321181350391267
15550 499.2507754544732 499.2507754544732 0.1 0.7185276450725329 3.304239836649713 0.12707392087048772 1.4667899022304616 0.9646582843367347 0.7602267898128173 3.321181350391267
15600 499.2507754544732 499.2507754544732 0.1 0.7185276450725329 3.304239836649713 0.12707392087048772 1.4667899022304616 0.9646582843367347 0.7602267898128173 3.321181350391267
15650 499.2507754544732 499.2507754544732 0.1 0.7185276450725329 3.304239836649713 0.12707392087048772 1.4667899022304616 0.9646582843367347 0.7602267898128173 3.321181350391267
15700 499.2507754544732 499.2507754544732 0.1 0.7185276450725329 3.304239836649713 0.12707392087048772 1.4667899022304616 0.9646582843367347 0.7602267898128173 3.321181350391267
15750 499.2507754544732 499.2507754544732 0.1 0.7185276450725329 3.304239836649713 0.12707392087048772 1.4667899022304616 0.9646582843367347 0.7602267898128173 3.321181350391267
15800 499.2507754544732 499.2507754544732 0.1 0.7185276450725329 3.304239836649713 0.12707392087048772 1.4667899022304616 0.9646582843367347 0.7602267898128173 3.321181350391267
15850 499.2507754544732 499.2507754544732 0.1 0.7185276450725329 3.304239836649713 0.12707392087048772 1.4667899022304616 0.9646582843367347 0.7602267898128173 3.321181350391267
15900 499.2507754544732 499.2507754544732 0.1 0.7185276450725329 3.304239836649713 0.12707392087048772 1.4667899022304616 0.9646582843367347 0.7602267898128173 3.321181350391267
15950 499.2507754544732 499.2507754544732 0.1 0.7185276450725329 3.304239836649713 0.12707392087048772 1.4667899022304616 0.9646582843367347 0.7602267898128173 3.321181350391267
16000 499.2507754544732 499.2507754544732 0.1 0.7185276450725329 3.304239836649713 0.12707392087048772 1.4667899022304616 0.9646582843367347 0.7602267898128173 3.321181350391267
16050 499.2507754544732 499.2507754544732 0.1 0.7185276450725329 3.304239836649713 0.12707392087048772 1.4667899022304616 0.9646582843367347 0.7602267898128173 3.321181350391267
16100 499.2507754544732 499.2507754544732 0.1 0.7185276450725329 3.304239836649713 0.12707392087048772 1.4667899022304616 0.9646582843367347 0.7602267898128173 3.321181350391267
16150 499.2507754544732 499.2507754544732 0.1 0.7185276450725329 3.304239836649713 0.12707392087048772 1.4667899022304616 0.9646582843367347 0.7602267898128173 3.321181350391267
16200 499.2507754544732 499.2507754544732 0.1 0.7185276450725329 3.304239836649713 0.12707392087048772 1.4667899022304616 0.9646582843367347 0.7602267898128173 3.321181350391267
16250 499.2507754544732 499.2507754544732 0.1 0.7185276450725329 3.304239836649713 0.12707392087048772 1.4667899022304616 0.9646582843367347 0.7602267898128173 3.321181350391267
16300 499.2507754544732 499.2507754544732 0.1 0.7185276450725329 3.304239836649713 0.12707392087048772 1.4667899022304616 0.9646582843367347 0.7602267898128173 3.321181350391267
16350 499.2507754544732 499.2507754544732 0.1 0.7185276450725329 3.304239836649713 0.12707392087048772 1.4667899022304616 0.9646582843367347 0.7602267898128173 3.321181350391267
16400 499.2507754544732 499.2507754544732 0.1 0.7185276450725329 3.304239836649713 0.12707392087048772 1.4667899022304616 0.9646582843367347 0.7602267898128173 3.321181350391267
16450 499.2507754544732 499.2507754544732 0.1 0.7185276450725329 3.304239836649713 0.12707392087048772 1.4667899022304616 0.9646582843367347 0.7602267898128173 3.321181350391267
16500 499.2507754544732 499.2507754544732 0.1 0.7185276450725329 3.304239836649713 0.12707392087048772 1.4667899022304616 0.9646582843367347 0.7602267898128173 3.321181350391267
16550 499.2507754544732 499.2507754544732 0.1 0.7185276450725329 3.304239836649713 0.12707392087048772 1.4667899022304616 0.9646582843367347 0.7602267898128173 3.321181350391267
16600 499.2507754544732 499.2507754544732 0.1 0.7185276450725329 3.304239836649713 0.12707392087048772 1.4667899022304616 0.9646582843367347 0.7602267898128173 3.321181350391267
16650 499.2507754544732 499.2507754544732 0.1 0.7185276450725329 3.304239836649713 0.12707392087048772 1.4667899022304616 0.9646582843367347 0.7602267898128173 3.321181350391267
16700 499.2507754544732 499.2507754544732 0.1 0.7185276450725329 3.304239836649713 0.12707392087048772 1.4667899022304616 0.9646582843367347 0.7602267898128173 3.321181350391267
16750 499.2507754544732 499.2507754544732 0.1 0.7185276450725329 3.304239836649713 0.12707392087048772 1.4667899022304616 0.9646582843367347 0.7602267898128173 3.321181350391267
16800 499.2507754544732 499.2507754544732 0.1 0.7185276450725329 3.304239836649713 0.12707392087048772 1.4667899022304616 0.9646582843367347 0.7602267898128173 3.321181350391267
16850 499.2507754544732 499.2507754544732 0.1 0.7185276450725329 3.304239836649713 0.12707392087048772 1.4667899022304616 0.9646582843367347 0.7602267898128173 3.321181350391267
16900 499.2507754544732 499.2507754544732 0.1 0.7185276450725329 3.304239836649713 0.12707392087048772 1.4667899022304616 0.9646582843367347 0.7602267898128173 3.321181350391267
16950 499.2507754544732 499.2507754544732 0.1 0.7185276450725329 3.304239836649713 0.12707392087048772 1.4667899022304616 0.9646582843367347 0.7602267898128173 3.321181350391267
17000 499.2507754544732 499.2507754544732 0.1 0.7185276450725329 3.304239836649713 0.12707392087048772 1.4667899022304616 0.9646582843367347 0.7602267898128173 3.321181350391267
17050 499.2507754544732 499.2507754544732 0.1 0.7185276450725329 3.304239836649713 0.12707392087048772 1.4667899022304616 0.9646582843367347 0.7602267898128173 3.321181350391267
17100 499.2507754544732 499.2507754544732 0.1 0.7185276450725329 3.304239836649713 0.12707392087048772 1.4667899022304616 0.9646582843367347 0.7602267898128173 3.321181350391267
17150 499.2507754544732 499.2507754544732 0.1 0.7185276450725329 3.304239836649713 0.12707392087048772 1.4667899022304616 0.9646582843367347 0.7602267898128173 3.321181350391267
17200 499.2507754544732 499.2507754544732 0.1 0.7185276450725329 3.304239836649713 0.12707392087048772 1.4667899022304616 0.9646582843367347 0.7602267898128173 3.321181350391267
17250 499.2507754544732 499.2507754544732 0.1 0.7185276450725329 3.304239836649713 0.12707392087048772 1.4667899022304616 0.9646582843367347 0.7602267898128173 3.321181350391267
17300 499.2507754544732 499.2507754544732 0.1 0.7185276450725329 3.304239836649713 0.12707392087048772 1.4667899022304616 0.9646582843367347 0.7602267898128173 3.321181350391267
17350 499.2507754544732 499.2507754544732 0.1 0.7185276450725329 3.304239836649713 0.12707392087048772 1.4667899022304616 0.9646582843367347 0.7602267898128173 3.321181350391267
17400 499.2507754544732 499.2507754544732 0.1 0.7185276450725329 3.304239836649713 0.12707392087048772 1.4667899022304616 0.9646582843367347 0.7602267898128173 3.321181350391267
17450 499.2507754544732 499.2507754544732 0.1 0.7185276450725329 3.304239836649713 0.12707392087048772 1.4667899022304616 0.9646582843367347 0.7602267898128173 3.321181350391267
17500 499.2507754544732 499.2507754544732 0.1 0.7185276450725329 3.304239836649713 0.12707392087048772 1.4667899022304616 0.9646582843367347 0.7602267898128173 3.321181350391267
17550 499.2507754544732 499.2507754544732 0.1 0.7185276450725329 3.304239836649713 0.12707392087048772 1.4667899022304616 0.9646582843367347 0.7602267898128173 3.321181350391267
17600 499.2507754544732 499.2507754544732 0.1 0.7185276450725329 3.304239836649713 0.12707392087048772 1.4667899022304616 0.9646582843367347 0.7602267898128173 3.321181350391267
17650 499.2507754544732 499.2507754544732 0.1 0.7185276450725329 3.304239836649713 0.12707392087048772 1.4667899022304616 0.9646582843367347 0.7602267898128173 3.321181350391267
17700 499.2507754544732 499.2507754544732 0.1 0.7185276450725329 3.304239836649713 0.12707392087048772 1.4667899022304616 0.9646582843367347 0.7602267898128173 3.321181350391267
17750 499.2507754544732 499.2507754544732 0.1 0.7185276450725329 3.304239836649713 0.12707392087048772 1.4667899022304616 0.9646582843367347 0.7602267898128173 3.321181350391267
17800 499.2507754544732 499.2507754544732 0.1 0.7185276450725329 3.304239836649713 0.12707392087048772 1.4667899022304616 0.9646582843367347 0.7602267898128173 3.321181350391267
17850 499.2507754544732 499.2507754544732 0.1 0.7185276450725329 3.304239836649713 0.12707392087048772 1.4667899022304616 0.9646582843367347 0.7602267898128173 3.321181350391267
17900 499.2507754544732 499.2507754544732 0.1 0.7185276450725329 3.304239836649713 0.12707392087048772 1.4667899022304616 0.9646582843367347 0.7602267898128173 3.321181350391267
17950 499.2507754544732 499.2507754544732 0.1 0.7185276450725329 3.304239836649713 0.12707392087048772 1.4667899022304616 0.9646582843367347 0.7602267898128173 3.321181350391267
18000 499.2507754544732 499.2507754544732 0.1 0.7185276450725329 3.304239836649713 0.12707392087048772 1.4667899022304616 0.9646582843367347 0.7602267898128173 3.321181350391267
18050 499.2507754544732 499.2507754544732 0.1 0.7185276450725329 3.304239836649713 0.12707392087048772 1.4667899022304616 0.9646582843367347 0.7602267898128173 3.321181350391267
18100 499.2507754544732 499.2507754544732 0.1 0.7185276450725329 3.304239836649713 0.12707392087048772 1.4667899022304616 0.9646582843367347 0.7602267898128173 3.321181350391267
18150 499.2507754544732 499.2507754544732 0.1 0.7185276450725329 3.304239836649713 0.12707392087048772 1.4667899022304616 0.9646582843367347 0.7602267898128173 3.321181350391267
18200 499.2507754544732 499.2507754544732 0.1 0.7185276450725329 3.304239836649713 0.12707392087048772 1.4667899022304616 0.9646582843367347 0.7602267898128173 3.321181350391267
18250 499.2507754544732 499.2507754544732 0.1 0.7185276450725329 3.304239836649713 0.12707392087048772 1.4667899022304616 0.9646582843367347 0.7602267898128173 3.321181350391267
18300 499.2507754544732 499.2507754544732 0.1 0.7185276450725329 3.304239836649713 0.12707392087048772 1.4667899022304616 0.9646582843367347 0.7602267898128173 3.321181350391267
18350 499.2507754544732 499.2507754544732 0.1 0.7185276450725329 3.304239836649713 0.12707392087048772 1.4667899022304616 0.9646582843367347 0.7602267898128173 3.321181350391267
18400 499.2507754544732 499.2507754544732 0.1 0.7185276450725329 3.304239836649713 0.12707392087048772 1.4667899022304616 0.9646582843367347 0.7602267898128173 3.321181350391267
18450 499.2507754544732 499.2507754544732 0.1 0.7185276450725329 3.304239836649713 0.12707392087048772 1.4667899022304616 0.9646582843367347 0.7602267898128173 3.321181350391267
18500 499.2507754544732 499.2507754544732 0.1 0.7185276450725329 3.304239836649713 0.12707392087048772 1.4667899022304616 0.9646582843367347 0.7602267898128173 3.321181350391267
18550 499.2507754544732 499.2507754544732 0.1 0.7185276450725329 3.304239836649713 0.12707392087048772 1.4667899022304616 0.9646582843367347 0.7602267898128173 3.321181350391267
18600 499.2507754544732 499.2507754544732 0.1 0.7185276450725329 3.304239836649713 0.12707392087048772 1.4667899022304616 0.9646582843367347 0.7602267898128173 3.321181350391267
18650 499.2507754544732 499.2507754544732 0.1 0.7185276450725329 3.304239836649713 0.12707392087048772 1.4667899022304616 0.9646582843367347 0.7602267898128173 3.321181350391267
18700 499.2507754544732 499.2507754544732 0.1 0.7185276450725329 3.304239836649713 0.12707392087048772 1.4667899022304616 0.9646582843367347 0.7602267898128173 3.321181350391267
18750 499.2507754544732 499.2507754544732 0.1 0.7185276450725329 3.304239836649713 0.12707392087048772 1.4667899022304616 0.9646582843367347 0.7602267898128173 3.321181350391267
18800 499.2507754544732 499.2507754544732 0.1 0.7185276450725329 3.304239836649713 0.12707392087048772 1.4667899022304616 0.9646582843367347 0.7602267898128173 3.321181350391267
18850 499.2507754544732 499.2507754544732 0.1 0.7185276450725329 3.304239836649713 0.12707392087048772 1.4667899022304616 0.9646582843367347 0.7602267898128173 3.321181350391267
18900 499.2507754544732 499.2507754544732 0.1 0.7185276450725329 3.304239836649713 0.12707392087048772 1.4667899022304616 0.9646582843367347 0.7602267898128173 3.321181350391267
18950 499.2507754544732 499.2507754544732 0.1 0.7185276450725329 3.304239836649713 0.12707392087048772 1.4667899022304616 0.9646582843367347 0.7602267898128173 3.321181350391267
19000 499.2507754544732 499.2507754544732 0.1 0.7185276450725329 3.304239836649713 0.12707392087048772 1.4667899022304616 0.9646582843367347 0.7602267898128173 3.321181350391267
19050 499.2507754544732 499.2507754544732 0.1 0.7185276450725329 3.304239836649713 0.12707392087048772 1.4667899022304616 0.9646582843367347 0.7602267898128173 3.321181350391267
19100 499.2507754544732 499.2507754544732 0.1 0.7185276450725329 3.304239836649713 0.12707392087048772 1.4667899022304616 0.9646582843367347 0.7602267898128173 3.321181350391267
19150 499.2507754544732 499.2507754544732 0.1 0.7185276450725329 3.304239836649713 0.12707392087048772 1.4667899022304616 0.9646582843367347 0.7602267898128173 3.321181350391267
19200 499.2507754544732 499.2507754544732 0.1 0.7185276450725329 3.304239836649713 0.12707392087048772 1.4667899022304616 0.9646582843367347 0.7602267898128173 3.321181350391267
19250 499.2507754544732 499.2507754544732 0.1 0.7185276450725329 3.304239836649713 0.12707392087048772 1.4667899022304616 0.9646582843367347 0.7602267898128173 3.321181350391267
19300 499.2507754544732 499.2507754544732 0.1 0.7185276450725329 3.304239836649713 0.12707392087048772 1.4667899022304616 0.9646582843367347 0.7602267898128173 3.321181350391267
19350 499.2507754544732 499.2507754544732 0.1 0.7185276450725329 3.304239836649713 0.12707392087048772 1.4667899022304616 0.9646582843367347 0.7602267898128173 3.321181350391267
19400 499.2507754544732 499.2507754544732 0.1 0.7185276450725329 3.304239836649713 0.12707392087048772 1.4667899022304616 0.9646582843367347 0.7602267898128173 3.321181350391267
19450 499.2507754544732 499.2507754544732 0.1 0.7185276450725329 3.304239836649713 0.12707392087048772 1.4667899022304616 0.9646582843367347 0.7602267898128173 3.321181350391267
19500 499.2507754544732 499.2507754544732 0.1 0.7185276450725329 3.304239836649713 0.12707392087048772 1.4667899022304616 0.9646582843367347 0.7602267898128173 3.321181350391267
19550 499.2507754544732 499.2507754544732 0.1 0.7185276450725329 3.304239836649713 0.12707392087048772 1.4667899022304616 0.9646582843367347 0.7602267898128173 3.321181350391267
19600 499.2507754544732 499.2507754544732 0.1 0.7185276450725329 3.304239836649713 0.12707392087048772 1.4667899022304616 0.9646582843367347 0.7602267898128173 3.321181350391267
19650 499.2507754544732 499.2507754544732 0.1 0.7185276450725329 3.304239836649713 0.12707392087048772 1.4667899022304616 0.9646582843367347 0.7602267898128173 3.321181350391267
19700 499.2507754544732 499.2507754544732 0.1 0.7185276450725329 3.304239836649713 0.12707392087048772 1.4667899022304616 0.9646582843367347 0.7602267898128173 3.321181350391267
19750 499.2507754544732 499.2507754544732 0.1 0.7185276450725329 3.304239836649713 0.12707392087048772 1.4667899022304616 0.9646582843367347 0.7602267898128173 3.321181350391267
19800 499.2507754544732 499.2507754544732 0.1 0.7185276450725329 3.304239836649713 0.12707392087048772 1.4667899022304616 0.9646582843367347 0.7602267898128173 3.321181350391267
19850 499.2507754544732 499.2507754544732 0.1 0.7185276450725329 3.304239836649713 0.12707392087048772 1.4667899022304616 0.9646582843367347 0.7602267898128173 3.321181350391267
19900 499.2507754544732 499.2507754544732 0.1 0.7185276450725329 3.304239836649713 0.12707392087048772 1.4667899022304616 0.9646582843367347 0.7602267898128173 3.321181350391267
19950 499.2507754544732 499.2507754544732 0.1 0.7185276450725329 3.304239836649713 0.12707392087048772 1.4667899022304616 0.9646582843367347 0.7602267898128173 3.321181350391267
*---*---*---*---*---*---*---*---*---*---*---*---*---*---*---*---*---*---*---*---*
Status: Finished
Last individual
499.2507754544732 499.2507754544732 0.1 0.7185276450725329 3.304239836649713 0.12707392087048772 1.4667899022304616 0.9646582843367347 0.7602267898128173 3.321181350391267
Hall of fame
499.2507754544732 499.2507754544732 0.1362952532673678 0.7475685724477827 3.3664220510378358 0.11042107843076165 1.4692404192220987 1.000454544181017 0.7582492944442953 3.4
Last factible individual
499.2507754544732 499.2507754544732 0.1 0.7185276450725329 3.304239836649713 0.12707392087048772 1.4667899022304616 0.9646582843367347 0.7602267898128173 3.321181350391267
CPU time used (seconds)
4.149279645003844
