*---*---*---*---*---*---*---*---*---*---*---*---*---*---*---*---*---*---*---*---*
Algorithm: Differential Evolution
Constrainth handling method: DEB
Function: 125
Case: discrete
Seed: 25
Parents size: 50
Offsprings size: 50
maxFe: 20000
CR: 0.9
F: 0.6
rweights: -
*---*---*---*---*---*---*---*---*---*---*---*---*---*---*---*---*---*---*---*---*
ngen ObjectiveFunction ViolationSum ProjectVariables
50 605.6365635596145 0 2.278708783548046 0.6295721959232455 2.7645110155576758 1.668998794615859 1.1011357979170286 1.105185892963961 1.954062899119802 3.2435962941851675
100 605.6365635596145 0 2.278708783548046 0.6295721959232455 2.7645110155576758 1.668998794615859 1.1011357979170286 1.105185892963961 1.954062899119802 3.2435962941851675
150 605.6365635596145 0 2.278708783548046 0.6295721959232455 2.7645110155576758 1.668998794615859 1.1011357979170286 1.105185892963961 1.954062899119802 3.2435962941851675
200 605.6365635596145 0 2.278708783548046 0.6295721959232455 2.7645110155576758 1.668998794615859 1.1011357979170286 1.105185892963961 1.954062899119802 3.2435962941851675
250 605.6365635596145 0 2.278708783548046 0.6295721959232455 2.7645110155576758 1.668998794615859 1.1011357979170286 1.105185892963961 1.954062899119802 3.2435962941851675
300 605.6365635596145 0 2.278708783548046 0.6295721959232455 2.7645110155576758 1.668998794615859 1.1011357979170286 1.105185892963961 1.954062899119802 3.2435962941851675
350 583.9117897725671 0 2.3271475369814905 0.1 3.0682539835991514 0.1 1.3562510477961973 1.3157328738735115 2.1168836525834798 3.0367294259679514
400 576.845855897563 0 1.9589171550295106 2.08520023775207 3.4 1.1253783038831437 1.2926164203345443 0.7380023315037922 0.7766056820344641 3.354334730097608
450 576.845855897563 0 1.9589171550295106 2.08520023775207 3.4 1.1253783038831437 1.2926164203345443 0.7380023315037922 0.7766056820344641 3.354334730097608
500 576.845855897563 0 1.9589171550295106 2.08520023775207 3.4 1.1253783038831437 1.2926164203345443 0.7380023315037922 0.7766056820344641 3.354334730097608
550 575.5622933464699 0 2.1187169699831867 1.1941860085810523 3.1082156778320233 1.1386007232304844 1.244378716838368 0.7608769619979746 1.358225555287139 3.3061577765111005
600 575.5622933464699 0 2.1187169699831867 1.1941860085810523 3.1082156778320233 1.1386007232304844 1.244378716838368 0.7608769619979746 1.358225555287139 3.3061577765111005
650 561.3568929131443 0 2.668470310567561 0.1884604142544528 3.2385196550509745 0.1 1.2841712981686642 1.6852423739078457 1.1326143448281192 3.395556185293356
700 524.3316924372969 0 2.4014313119535506 0.424420497431523 3.4 0.16384057871909413 1.9876021828439476 1.0281466847862226 0.9950922977393326 3.1749009947434756
750 524.3316924372969 0 2.4014313119535506 0.424420497431523 3.4 0.16384057871909413 1.9876021828439476 1.0281466847862226 0.9950922977393326 3.1749009947434756
800 524.3316924372969 0 2.4014313119535506 0.424420497431523 3.4 0.16384057871909413 1.9876021828439476 1.0281466847862226 0.9950922977393326 3.1749009947434756
850 524.3316924372969 0 2.4014313119535506 0.424420497431523 3.4 0.16384057871909413 1.9876021828439476 1.0281466847862226 0.9950922977393326 3.1749009947434756
900 524.3316924372969 0 2.4014313119535506 0.424420497431523 3.4 0.16384057871909413 1.9876021828439476 1.0281466847862226 0.9950922977393326 3.1749009947434756
950 524.3316924372969 0 2.4014313119535506 0.424420497431523 3.4 0.16384057871909413 1.9876021828439476 1.0281466847862226 0.9950922977393326 3.1749009947434756
1000 524.3316924372969 0 2.4014313119535506 0.424420497431523 3.4 0.16384057871909413 1.9876021828439476 1.0281466847862226 0.9950922977393326 3.1749009947434756
1050 524.3316924372969 0 2.4014313119535506 0.424420497431523 3.4 0.16384057871909413 1.9876021828439476 1.0281466847862226 0.9950922977393326 3.1749009947434756
1100 524.3316924372969 0 2.4014313119535506 0.424420497431523 3.4 0.16384057871909413 1.9876021828439476 1.0281466847862226 0.9950922977393326 3.1749009947434756
1150 524.3316924372969 0 2.4014313119535506 0.424420497431523 3.4 0.16384057871909413 1.9876021828439476 1.0281466847862226 0.9950922977393326 3.1749009947434756
1200 524.3316924372969 0 2.4014313119535506 0.424420497431523 3.4 0.16384057871909413 1.9876021828439476 1.0281466847862226 0.9950922977393326 3.1749009947434756
1250 523.520624743926 0 1.1099169912424462 1.5331907506996423 3.1975224538470988 0.1 0.8016156449590869 0.7072887448065794 0.9387704707448198 3.2144990533992295
1300 523.002156117248 0 0.1 1.3939019858666644 2.9389798144482864 0.49540652723722556 1.2718428627978995 1.2313238018031607 0.5277388196914882 3.2881788659466604
1350 523.002156117248 0 0.1 1.3939019858666644 2.9389798144482864 0.49540652723722556 1.2718428627978995 1.2313238018031607 0.5277388196914882 3.2881788659466604
1400 523.002156117248 0 0.1 1.3939019858666644 2.9389798144482864 0.49540652723722556 1.2718428627978995 1.2313238018031607 0.5277388196914882 3.2881788659466604
1450 523.002156117248 0 0.1 1.3939019858666644 2.9389798144482864 0.49540652723722556 1.2718428627978995 1.2313238018031607 0.5277388196914882 3.2881788659466604
1500 522.8705886194278 0 0.1 1.3939019858666644 2.506659419257572 0.1 0.6519857698991283 1.0722861678232039 1.0648557746261522 3.4
1550 522.8705886194278 0 0.1 1.3939019858666644 2.506659419257572 0.1 0.6519857698991283 1.0722861678232039 1.0648557746261522 3.4
1600 522.8705886194278 0 0.1 1.3939019858666644 2.506659419257572 0.1 0.6519857698991283 1.0722861678232039 1.0648557746261522 3.4
1650 520.7521561172479 0 0.17004934673917138 1.3931182646454576 2.9699136261908197 0.1 1.46834622942756 0.827842274771162 0.9394760511732585 3.3973872201696875
1700 520.7521561172479 0 0.17004934673917138 1.3931182646454576 2.9699136261908197 0.1 1.46834622942756 0.827842274771162 0.9394760511732585 3.3973872201696875
1750 520.7521561172479 0 0.17004934673917138 1.3931182646454576 2.9699136261908197 0.1 1.46834622942756 0.827842274771162 0.9394760511732585 3.3973872201696875
1800 520.0787614731663 0 0.1 1.1037565767835613 2.935489937238757 0.22730457510097146 0.9935255605479918 1.1171589069195793 0.9396950040588891 3.381471767394448
1850 519.8018456917522 0 1.1350851052223527 0.5010007674364575 3.381083704217211 0.1 2.1494038662929045 1.2132718616125553 0.7642277436069865 3.2070350087414763
1900 516.5532263545267 0 0.1 1.1510007627582175 2.9948169788063197 0.4020683228344605 0.6546179219441245 0.891762616192802 0.9603317918578039 3.4
1950 513.6783056263856 0 0.7107013840116648 1.5359565025316635 2.8322639315474945 0.1 0.9979449824154851 0.9507909192220623 0.6805313251036313 3.216437985532092
2000 508.58738472697684 0 0.1 1.121623114293915 3.011659722080789 0.24447154433349844 1.1569190977399453 1.1187677546005814 0.6603673725885942 3.4
2050 508.58738472697684 0 0.1 1.121623114293915 3.011659722080789 0.24447154433349844 1.1569190977399453 1.1187677546005814 0.6603673725885942 3.4
2100 508.58738472697684 0 0.1 1.121623114293915 3.011659722080789 0.24447154433349844 1.1569190977399453 1.1187677546005814 0.6603673725885942 3.4
2150 508.58738472697684 0 0.1 1.121623114293915 3.011659722080789 0.24447154433349844 1.1569190977399453 1.1187677546005814 0.6603673725885942 3.4
2200 507.4878405737576 0 0.1 0.7021371304606503 3.4 0.1 0.6020130884797548 0.7860400119978131 1.300921075687519 3.3851356501293166
2250 507.4878405737576 0 0.1 0.7021371304606503 3.4 0.1 0.6020130884797548 0.7860400119978131 1.300921075687519 3.3851356501293166
2300 505.4453935902891 0 0.1 0.9177303507750956 3.4 0.13622990694510767 1.704187691967159 1.217488464045805 0.5128032723161942 3.4
2350 505.4453935902891 0 0.1 0.9177303507750956 3.4 0.13622990694510767 1.704187691967159 1.217488464045805 0.5128032723161942 3.4
2400 505.4453935902891 0 0.1 0.9177303507750956 3.4 0.13622990694510767 1.704187691967159 1.217488464045805 0.5128032723161942 3.4
2450 503.49646382756794 0 0.11030663638604096 0.7362829428244777 3.4 0.1 1.2941599043843253 1.1178509707550996 0.7901344738355439 3.3489693245399756
2500 502.4453935902891 0 0.11030663638604096 0.9126665461095833 3.4 0.12768353152351275 1.5108785289958977 1.1047163288664457 0.6307036065299645 3.3489693245399756
2550 502.4453935902891 0 0.11030663638604096 0.9126665461095833 3.4 0.12768353152351275 1.5108785289958977 1.1047163288664457 0.6307036065299645 3.3489693245399756
2600 502.4453935902891 0 0.11030663638604096 0.9126665461095833 3.4 0.12768353152351275 1.5108785289958977 1.1047163288664457 0.6307036065299645 3.3489693245399756
2650 502.4453935902891 0 0.11030663638604096 0.9126665461095833 3.4 0.12768353152351275 1.5108785289958977 1.1047163288664457 0.6307036065299645 3.3489693245399756
2700 502.4453935902891 0 0.11030663638604096 0.9126665461095833 3.4 0.12768353152351275 1.5108785289958977 1.1047163288664457 0.6307036065299645 3.3489693245399756
2750 502.4453935902891 0 0.11030663638604096 0.9126665461095833 3.4 0.12768353152351275 1.5108785289958977 1.1047163288664457 0.6307036065299645 3.3489693245399756
2800 502.4453935902891 0 0.11030663638604096 0.9126665461095833 3.4 0.12768353152351275 1.5108785289958977 1.1047163288664457 0.6307036065299645 3.3489693245399756
2850 502.4453935902891 0 0.11030663638604096 0.9126665461095833 3.4 0.12768353152351275 1.5108785289958977 1.1047163288664457 0.6307036065299645 3.3489693245399756
2900 501.0219989462074 0 0.1 0.6208337499651166 3.4 0.1 0.993859572920446 1.006614911058953 1.049419304411735 3.4
2950 501.0219989462074 0 0.1 0.6208337499651166 3.4 0.1 0.993859572920446 1.006614911058953 1.049419304411735 3.4
3000 501.0219989462074 0 0.1 0.6208337499651166 3.4 0.1 0.993859572920446 1.006614911058953 1.049419304411735 3.4
3050 501.0219989462074 0 0.1 0.6208337499651166 3.4 0.1 0.993859572920446 1.006614911058953 1.049419304411735 3.4
3100 501.0219989462074 0 0.1 0.6208337499651166 3.4 0.1 0.993859572920446 1.006614911058953 1.049419304411735 3.4
3150 501.0219989462074 0 0.1 0.6208337499651166 3.4 0.1 0.993859572920446 1.006614911058953 1.049419304411735 3.4
3200 501.0219989462074 0 0.1 0.6208337499651166 3.4 0.1 0.993859572920446 1.006614911058953 1.049419304411735 3.4
3250 500.49646382756794 0 0.1 0.7051505221561636 3.1550716791060682 0.1 1.1222547854602942 0.9537173971430606 0.917553447162783 3.373614369131902
3300 500.49646382756794 0 0.1 0.7051505221561636 3.1550716791060682 0.1 1.1222547854602942 0.9537173971430606 0.917553447162783 3.373614369131902
3350 500.49646382756794 0 0.1 0.7051505221561636 3.1550716791060682 0.1 1.1222547854602942 0.9537173971430606 0.917553447162783 3.373614369131902
3400 499.77631057311265 0 0.12530082242165969 0.5533141180272555 3.243801820293122 0.1 1.3631792046213718 1.0107927350054164 0.9228360762304194 3.383495164319381
3450 499.77631057311265 0 0.12530082242165969 0.5533141180272555 3.243801820293122 0.1 1.3631792046213718 1.0107927350054164 0.9228360762304194 3.383495164319381
3500 499.77631057311265 0 0.12530082242165969 0.5533141180272555 3.243801820293122 0.1 1.3631792046213718 1.0107927350054164 0.9228360762304194 3.383495164319381
3550 499.77631057311265 0 0.12530082242165969 0.5533141180272555 3.243801820293122 0.1 1.3631792046213718 1.0107927350054164 0.9228360762304194 3.383495164319381
3600 499.77631057311265 0 0.12530082242165969 0.5533141180272555 3.243801820293122 0.1 1.3631792046213718 1.0107927350054164 0.9228360762304194 3.383495164319381
3650 499.77631057311265 0 0.1 0.6446663369157241 3.3349835023742207 0.1 1.4077751775906753 1.0492112189523133 0.8585888526023802 3.4
3700 499.77631057311265 0 0.1 0.6446663369157241 3.3349835023742207 0.1 1.4077751775906753 1.0492112189523133 0.8585888526023802 3.4
3750 499.77631057311265 0 0.1 0.6446663369157241 3.3349835023742207 0.1 1.4077751775906753 1.0492112189523133 0.8585888526023802 3.4
3800 499.77631057311265 0 0.1 0.6446663369157241 3.3349835023742207 0.1 1.4077751775906753 1.0492112189523133 0.8585888526023802 3.4
3850 499.77631057311265 0 0.1 0.6446663369157241 3.3349835023742207 0.1 1.4077751775906753 1.0492112189523133 0.8585888526023802 3.4
3900 499.77631057311265 0 0.1 0.6446663369157241 3.3349835023742207 0.1 1.4077751775906753 1.0492112189523133 0.8585888526023802 3.4
3950 499.77631057311265 0 0.1 0.6446663369157241 3.3349835023742207 0.1 1.4077751775906753 1.0492112189523133 0.8585888526023802 3.4
4000 499.77631057311265 0 0.1 0.6446663369157241 3.3349835023742207 0.1 1.4077751775906753 1.0492112189523133 0.8585888526023802 3.4
4050 499.77631057311265 0 0.1 0.6446663369157241 3.3349835023742207 0.1 1.4077751775906753 1.0492112189523133 0.8585888526023802 3.4
4100 499.77631057311265 0 0.1 0.6446663369157241 3.3349835023742207 0.1 1.4077751775906753 1.0492112189523133 0.8585888526023802 3.4
4150 499.77631057311265 0 0.1 0.6446663369157241 3.3349835023742207 0.1 1.4077751775906753 1.0492112189523133 0.8585888526023802 3.4
4200 499.4453935902891 0 0.10969726525912245 0.9109838996118766 3.326386162211889 0.1 1.349967474806997 0.9685101440442971 0.6902550615945783 3.2607131212640263
4250 499.4453935902891 0 0.10969726525912245 0.9109838996118766 3.326386162211889 0.1 1.349967474806997 0.9685101440442971 0.6902550615945783 3.2607131212640263
4300 499.2507754544732 0 0.12213260151836593 0.6840080795215214 3.4 0.1 1.5122811088830284 0.9797894007651243 0.8090653874886019 3.305674486989986
4350 499.2507754544732 0 0.12213260151836593 0.6840080795215214 3.4 0.1 1.5122811088830284 0.9797894007651243 0.8090653874886019 3.305674486989986
4400 499.2507754544732 0 0.12213260151836593 0.6840080795215214 3.4 0.1 1.5122811088830284 0.9797894007651243 0.8090653874886019 3.305674486989986
4450 499.2507754544732 0 0.12213260151836593 0.6840080795215214 3.4 0.1 1.5122811088830284 0.9797894007651243 0.8090653874886019 3.305674486989986
4500 499.2507754544732 0 0.12213260151836593 0.6840080795215214 3.4 0.1 1.5122811088830284 0.9797894007651243 0.8090653874886019 3.305674486989986
4550 499.2507754544732 0 0.12213260151836593 0.6840080795215214 3.4 0.1 1.5122811088830284 0.9797894007651243 0.8090653874886019 3.305674486989986
4600 499.2507754544732 0 0.12213260151836593 0.6840080795215214 3.4 0.1 1.5122811088830284 0.9797894007651243 0.8090653874886019 3.305674486989986
4650 499.2507754544732 0 0.12213260151836593 0.6840080795215214 3.4 0.1 1.5122811088830284 0.9797894007651243 0.8090653874886019 3.305674486989986
4700 499.2507754544732 0 0.12213260151836593 0.6840080795215214 3.4 0.1 1.5122811088830284 0.9797894007651243 0.8090653874886019 3.305674486989986
4750 499.2507754544732 0 0.12213260151836593 0.6840080795215214 3.4 0.1 1.5122811088830284 0.9797894007651243 0.8090653874886019 3.305674486989986
4800 499.2507754544732 0 0.12213260151836593 0.6840080795215214 3.4 0.1 1.5122811088830284 0.9797894007651243 0.8090653874886019 3.305674486989986
4850 499.2507754544732 0 0.11785632282964283 0.6630236354384651 3.4 0.1 1.524776334218768 1.0432775942435808 0.7803715167680259 3.3214418523466156
4900 499.2507754544732 0 0.11785632282964283 0.6630236354384651 3.4 0.1 1.524776334218768 1.0432775942435808 0.7803715167680259 3.3214418523466156
4950 499.2507754544732 0 0.11785632282964283 0.6630236354384651 3.4 0.1 1.524776334218768 1.0432775942435808 0.7803715167680259 3.3214418523466156
5000 499.2507754544732 0 0.11785632282964283 0.6630236354384651 3.4 0.1 1.524776334218768 1.0432775942435808 0.7803715167680259 3.3214418523466156
5050 499.2507754544732 0 0.11785632282964283 0.6630236354384651 3.4 0.1 1.524776334218768 1.0432775942435808 0.7803715167680259 3.3214418523466156
5100 499.2507754544732 0 0.11785632282964283 0.6630236354384651 3.4 0.1 1.524776334218768 1.0432775942435808 0.7803715167680259 3.3214418523466156
5150 499.2507754544732 0 0.11785632282964283 0.6630236354384651 3.4 0.1 1.524776334218768 1.0432775942435808 0.7803715167680259 3.3214418523466156
5200 499.2507754544732 0 0.11785632282964283 0.6630236354384651 3.4 0.1 1.524776334218768 1.0432775942435808 0.7803715167680259 3.3214418523466156
5250 499.2507754544732 0 0.11785632282964283 0.6630236354384651 3.4 0.1 1.524776334218768 1.0432775942435808 0.7803715167680259 3.3214418523466156
5300 499.2507754544732 0 0.11785632282964283 0.6630236354384651 3.4 0.1 1.524776334218768 1.0432775942435808 0.7803715167680259 3.3214418523466156
5350 499.2507754544732 0 0.11785632282964283 0.6630236354384651 3.4 0.1 1.524776334218768 1.0432775942435808 0.7803715167680259 3.3214418523466156
5400 499.2507754544732 0 0.11785632282964283 0.6630236354384651 3.4 0.1 1.524776334218768 1.0432775942435808 0.7803715167680259 3.3214418523466156
5450 499.2507754544732 0 0.11785632282964283 0.6630236354384651 3.4 0.1 1.524776334218768 1.0432775942435808 0.7803715167680259 3.3214418523466156
5500 499.2507754544732 0 0.11785632282964283 0.6630236354384651 3.4 0.1 1.524776334218768 1.0432775942435808 0.7803715167680259 3.3214418523466156
5550 499.2507754544732 0 0.11785632282964283 0.6630236354384651 3.4 0.1 1.524776334218768 1.0432775942435808 0.7803715167680259 3.3214418523466156
5600 499.2507754544732 0 0.11785632282964283 0.6630236354384651 3.4 0.1 1.524776334218768 1.0432775942435808 0.7803715167680259 3.3214418523466156
5650 499.2507754544732 0 0.11785632282964283 0.6630236354384651 3.4 0.1 1.524776334218768 1.0432775942435808 0.7803715167680259 3.3214418523466156
5700 499.2507754544732 0 0.11785632282964283 0.6630236354384651 3.4 0.1 1.524776334218768 1.0432775942435808 0.7803715167680259 3.3214418523466156
5750 499.2507754544732 0 0.11785632282964283 0.6630236354384651 3.4 0.1 1.524776334218768 1.0432775942435808 0.7803715167680259 3.3214418523466156
5800 499.2507754544732 0 0.11785632282964283 0.6630236354384651 3.4 0.1 1.524776334218768 1.0432775942435808 0.7803715167680259 3.3214418523466156
5850 499.2507754544732 0 0.11785632282964283 0.6630236354384651 3.4 0.1 1.524776334218768 1.0432775942435808 0.7803715167680259 3.3214418523466156
5900 499.2507754544732 0 0.11785632282964283 0.6630236354384651 3.4 0.1 1.524776334218768 1.0432775942435808 0.7803715167680259 3.3214418523466156
5950 499.2507754544732 0 0.11785632282964283 0.6630236354384651 3.4 0.1 1.524776334218768 1.0432775942435808 0.7803715167680259 3.3214418523466156
6000 499.2507754544732 0 0.11785632282964283 0.6630236354384651 3.4 0.1 1.524776334218768 1.0432775942435808 0.7803715167680259 3.3214418523466156
6050 499.2507754544732 0 0.11785632282964283 0.6630236354384651 3.4 0.1 1.524776334218768 1.0432775942435808 0.7803715167680259 3.3214418523466156
6100 499.2507754544732 0 0.11785632282964283 0.6630236354384651 3.4 0.1 1.524776334218768 1.0432775942435808 0.7803715167680259 3.3214418523466156
6150 499.2507754544732 0 0.11785632282964283 0.6630236354384651 3.4 0.1 1.524776334218768 1.0432775942435808 0.7803715167680259 3.3214418523466156
6200 499.2507754544732 0 0.11785632282964283 0.6630236354384651 3.4 0.1 1.524776334218768 1.0432775942435808 0.7803715167680259 3.3214418523466156
6250 499.2507754544732 0 0.11785632282964283 0.6630236354384651 3.4 0.1 1.524776334218768 1.0432775942435808 0.7803715167680259 3.3214418523466156
6300 499.2507754544732 0 0.11785632282964283 0.6630236354384651 3.4 0.1 1.524776334218768 1.0432775942435808 0.7803715167680259 3.3214418523466156
6350 499.2507754544732 0 0.11785632282964283 0.6630236354384651 3.4 0.1 1.524776334218768 1.0432775942435808 0.7803715167680259 3.3214418523466156
6400 499.2507754544732 0 0.11785632282964283 0.6630236354384651 3.4 0.1 1.524776334218768 1.0432775942435808 0.7803715167680259 3.3214418523466156
6450 499.2507754544732 0 0.11785632282964283 0.6630236354384651 3.4 0.1 1.524776334218768 1.0432775942435808 0.7803715167680259 3.3214418523466156
6500 499.2507754544732 0 0.11785632282964283 0.6630236354384651 3.4 0.1 1.524776334218768 1.0432775942435808 0.7803715167680259 3.3214418523466156
6550 499.2507754544732 0 0.11785632282964283 0.6630236354384651 3.4 0.1 1.524776334218768 1.0432775942435808 0.7803715167680259 3.3214418523466156
6600 499.2507754544732 0 0.11785632282964283 0.6630236354384651 3.4 0.1 1.524776334218768 1.0432775942435808 0.7803715167680259 3.3214418523466156
6650 499.2507754544732 0 0.11785632282964283 0.6630236354384651 3.4 0.1 1.524776334218768 1.0432775942435808 0.7803715167680259 3.3214418523466156
6700 499.2507754544732 0 0.11785632282964283 0.6630236354384651 3.4 0.1 1.524776334218768 1.0432775942435808 0.7803715167680259 3.3214418523466156
6750 499.2507754544732 0 0.11785632282964283 0.6630236354384651 3.4 0.1 1.524776334218768 1.0432775942435808 0.7803715167680259 3.3214418523466156
6800 499.2507754544732 0 0.11785632282964283 0.6630236354384651 3.4 0.1 1.524776334218768 1.0432775942435808 0.7803715167680259 3.3214418523466156
6850 499.2507754544732 0 0.11785632282964283 0.6630236354384651 3.4 0.1 1.524776334218768 1.0432775942435808 0.7803715167680259 3.3214418523466156
6900 499.2507754544732 0 0.11785632282964283 0.6630236354384651 3.4 0.1 1.524776334218768 1.0432775942435808 0.7803715167680259 3.3214418523466156
6950 499.2507754544732 0 0.11785632282964283 0.6630236354384651 3.4 0.1 1.524776334218768 1.0432775942435808 0.7803715167680259 3.3214418523466156
7000 499.2507754544732 0 0.11785632282964283 0.6630236354384651 3.4 0.1 1.524776334218768 1.0432775942435808 0.7803715167680259 3.3214418523466156
7050 499.2507754544732 0 0.11785632282964283 0.6630236354384651 3.4 0.1 1.524776334218768 1.0432775942435808 0.7803715167680259 3.3214418523466156
7100 499.2507754544732 0 0.11785632282964283 0.6630236354384651 3.4 0.1 1.524776334218768 1.0432775942435808 0.7803715167680259 3.3214418523466156
7150 499.2507754544732 0 0.11785632282964283 0.6630236354384651 3.4 0.1 1.524776334218768 1.0432775942435808 0.7803715167680259 3.3214418523466156
7200 499.2507754544732 0 0.11785632282964283 0.6630236354384651 3.4 0.1 1.524776334218768 1.0432775942435808 0.7803715167680259 3.3214418523466156
7250 499.2507754544732 0 0.11785632282964283 0.6630236354384651 3.4 0.1 1.524776334218768 1.0432775942435808 0.7803715167680259 3.3214418523466156
7300 499.2507754544732 0 0.11785632282964283 0.6630236354384651 3.4 0.1 1.524776334218768 1.0432775942435808 0.7803715167680259 3.3214418523466156
7350 499.2507754544732 0 0.11785632282964283 0.6630236354384651 3.4 0.1 1.524776334218768 1.0432775942435808 0.7803715167680259 3.3214418523466156
7400 499.2507754544732 0 0.11785632282964283 0.6630236354384651 3.4 0.1 1.524776334218768 1.0432775942435808 0.7803715167680259 3.3214418523466156
7450 499.2507754544732 0 0.11785632282964283 0.6630236354384651 3.4 0.1 1.524776334218768 1.0432775942435808 0.7803715167680259 3.3214418523466156
7500 499.2507754544732 0 0.11785632282964283 0.6630236354384651 3.4 0.1 1.524776334218768 1.0432775942435808 0.7803715167680259 3.3214418523466156
7550 499.2507754544732 0 0.11785632282964283 0.6630236354384651 3.4 0.1 1.524776334218768 1.0432775942435808 0.7803715167680259 3.3214418523466156
7600 499.2507754544732 0 0.11785632282964283 0.6630236354384651 3.4 0.1 1.524776334218768 1.0432775942435808 0.7803715167680259 3.3214418523466156
7650 499.2507754544732 0 0.11785632282964283 0.6630236354384651 3.4 0.1 1.524776334218768 1.0432775942435808 0.7803715167680259 3.3214418523466156
7700 499.2507754544732 0 0.11785632282964283 0.6630236354384651 3.4 0.1 1.524776334218768 1.0432775942435808 0.7803715167680259 3.3214418523466156
7750 499.2507754544732 0 0.1269434071191529 0.6937580839823868 3.4 0.10412723263726087 1.536643273358462 1.0070684744011758 0.7704276316921624 3.4
7800 499.2507754544732 0 0.1269434071191529 0.6937580839823868 3.4 0.10412723263726087 1.536643273358462 1.0070684744011758 0.7704276316921624 3.4
7850 499.2507754544732 0 0.1269434071191529 0.6937580839823868 3.4 0.10412723263726087 1.536643273358462 1.0070684744011758 0.7704276316921624 3.4
7900 499.2507754544732 0 0.1269434071191529 0.6937580839823868 3.4 0.10412723263726087 1.536643273358462 1.0070684744011758 0.7704276316921624 3.4
7950 499.2507754544732 0 0.1269434071191529 0.6937580839823868 3.4 0.10412723263726087 1.536643273358462 1.0070684744011758 0.7704276316921624 3.4
8000 499.2507754544732 0 0.1269434071191529 0.6937580839823868 3.4 0.10412723263726087 1.536643273358462 1.0070684744011758 0.7704276316921624 3.4
8050 499.2507754544732 0 0.1269434071191529 0.6937580839823868 3.4 0.10412723263726087 1.536643273358462 1.0070684744011758 0.7704276316921624 3.4
8100 499.2507754544732 0 0.1269434071191529 0.6937580839823868 3.4 0.10412723263726087 1.536643273358462 1.0070684744011758 0.7704276316921624 3.4
8150 499.2507754544732 0 0.1269434071191529 0.6937580839823868 3.4 0.10412723263726087 1.536643273358462 1.0070684744011758 0.7704276316921624 3.4
8200 499.2507754544732 0 0.1269434071191529 0.6937580839823868 3.4 0.10412723263726087 1.536643273358462 1.0070684744011758 0.7704276316921624 3.4
8250 499.2507754544732 0 0.1269434071191529 0.6937580839823868 3.4 0.10412723263726087 1.536643273358462 1.0070684744011758 0.7704276316921624 3.4
8300 499.2507754544732 0 0.1269434071191529 0.6937580839823868 3.4 0.10412723263726087 1.536643273358462 1.0070684744011758 0.7704276316921624 3.4
8350 499.2507754544732 0 0.1269434071191529 0.6937580839823868 3.4 0.10412723263726087 1.536643273358462 1.0070684744011758 0.7704276316921624 3.4
8400 499.2507754544732 0 0.1269434071191529 0.6937580839823868 3.4 0.10412723263726087 1.536643273358462 1.0070684744011758 0.7704276316921624 3.4
8450 499.2507754544732 0 0.1269434071191529 0.6937580839823868 3.4 0.10412723263726087 1.536643273358462 1.0070684744011758 0.7704276316921624 3.4
8500 499.2507754544732 0 0.1269434071191529 0.6937580839823868 3.4 0.10412723263726087 1.536643273358462 1.0070684744011758 0.7704276316921624 3.4
8550 499.2507754544732 0 0.1269434071191529 0.6937580839823868 3.4 0.10412723263726087 1.536643273358462 1.0070684744011758 0.7704276316921624 3.4
8600 499.2507754544732 0 0.1269434071191529 0.6937580839823868 3.4 0.10412723263726087 1.536643273358462 1.0070684744011758 0.7704276316921624 3.4
8650 499.2507754544732 0 0.1269434071191529 0.6937580839823868 3.4 0.10412723263726087 1.536643273358462 1.0070684744011758 0.7704276316921624 3.4
8700 499.2507754544732 0 0.1269434071191529 0.6937580839823868 3.4 0.10412723263726087 1.536643273358462 1.0070684744011758 0.7704276316921624 3.4
8750 499.2507754544732 0 0.1269434071191529 0.6937580839823868 3.4 0.10412723263726087 1.536643273358462 1.0070684744011758 0.7704276316921624 3.4
8800 499.2507754544732 0 0.1269434071191529 0.6937580839823868 3.4 0.10412723263726087 1.536643273358462 1.0070684744011758 0.7704276316921624 3.4
8850 499.2507754544732 0 0.1269434071191529 0.6937580839823868 3.4 0.10412723263726087 1.536643273358462 1.0070684744011758 0.7704276316921624 3.4
8900 499.2507754544732 0 0.1269434071191529 0.6937580839823868 3.4 0.10412723263726087 1.536643273358462 1.0070684744011758 0.7704276316921624 3.4
8950 499.2507754544732 0 0.1269434071191529 0.6937580839823868 3.4 0.10412723263726087 1.536643273358462 1.0070684744011758 0.7704276316921624 3.4
9000 499.2507754544732 0 0.1269434071191529 0.6937580839823868 3.4 0.10412723263726087 1.536643273358462 1.0070684744011758 0.7704276316921624 3.4
9050 499.2507754544732 0 0.1269434071191529 0.6937580839823868 3.4 0.10412723263726087 1.536643273358462 1.0070684744011758 0.7704276316921624 3.4
9100 499.2507754544732 0 0.1269434071191529 0.6937580839823868 3.4 0.10412723263726087 1.536643273358462 1.0070684744011758 0.7704276316921624 3.4
9150 499.2507754544732 0 0.1269434071191529 0.6937580839823868 3.4 0.10412723263726087 1.536643273358462 1.0070684744011758 0.7704276316921624 3.4
9200 499.2507754544732 0 0.1269434071191529 0.6937580839823868 3.4 0.10412723263726087 1.536643273358462 1.0070684744011758 0.7704276316921624 3.4
9250 499.2507754544732 0 0.1269434071191529 0.6937580839823868 3.4 0.10412723263726087 1.536643273358462 1.0070684744011758 0.7704276316921624 3.4
9300 499.2507754544732 0 0.1269434071191529 0.6937580839823868 3.4 0.10412723263726087 1.536643273358462 1.0070684744011758 0.7704276316921624 3.4
9350 499.2507754544732 0 0.1269434071191529 0.6937580839823868 3.4 0.10412723263726087 1.536643273358462 1.0070684744011758 0.7704276316921624 3.4
9400 499.2507754544732 0 0.1269434071191529 0.6937580839823868 3.4 0.10412723263726087 1.536643273358462 1.0070684744011758 0.7704276316921624 3.4
9450 499.2507754544732 0 0.1269434071191529 0.6937580839823868 3.4 0.10412723263726087 1.536643273358462 1.0070684744011758 0.7704276316921624 3.4
9500 499.2507754544732 0 0.1269434071191529 0.6937580839823868 3.4 0.10412723263726087 1.536643273358462 1.0070684744011758 0.7704276316921624 3.4
9550 499.2507754544732 0 0.1269434071191529 0.6937580839823868 3.4 0.10412723263726087 1.536643273358462 1.0070684744011758 0.7704276316921624 3.4
9600 499.2507754544732 0 0.1269434071191529 0.6937580839823868 3.4 0.10412723263726087 1.536643273358462 1.0070684744011758 0.7704276316921624 3.4
9650 499.2507754544732 0 0.1269434071191529 0.6937580839823868 3.4 0.10412723263726087 1.536643273358462 1.0070684744011758 0.7704276316921624 3.4
9700 499.2507754544732 0 0.1269434071191529 0.6937580839823868 3.4 0.10412723263726087 1.536643273358462 1.0070684744011758 0.7704276316921624 3.4
9750 499.2507754544732 0 0.1269434071191529 0.6937580839823868 3.4 0.10412723263726087 1.536643273358462 1.0070684744011758 0.7704276316921624 3.4
9800 499.2507754544732 0 0.1269434071191529 0.6937580839823868 3.4 0.10412723263726087 1.536643273358462 1.0070684744011758 0.7704276316921624 3.4
9850 499.2507754544732 0 0.1269434071191529 0.6937580839823868 3.4 0.10412723263726087 1.536643273358462 1.0070684744011758 0.7704276316921624 3.4
9900 499.2507754544732 0 0.1269434071191529 0.6937580839823868 3.4 0.10412723263726087 1.536643273358462 1.0070684744011758 0.7704276316921624 3.4
9950 499.2507754544732 0 0.1269434071191529 0.6937580839823868 3.4 0.10412723263726087 1.536643273358462 1.0070684744011758 0.7704276316921624 3.4
10000 499.2507754544732 0 0.1269434071191529 0.6937580839823868 3.4 0.10412723263726087 1.536643273358462 1.0070684744011758 0.7704276316921624 3.4
10050 499.2507754544732 0 0.1269434071191529 0.6937580839823868 3.4 0.10412723263726087 1.536643273358462 1.0070684744011758 0.7704276316921624 3.4
10100 499.2507754544732 0 0.1269434071191529 0.6937580839823868 3.4 0.10412723263726087 1.536643273358462 1.0070684744011758 0.7704276316921624 3.4
10150 499.2507754544732 0 0.1269434071191529 0.6937580839823868 3.4 0.10412723263726087 1.536643273358462 1.0070684744011758 0.7704276316921624 3.4
10200 499.2507754544732 0 0.1269434071191529 0.6937580839823868 3.4 0.10412723263726087 1.536643273358462 1.0070684744011758 0.7704276316921624 3.4
10250 499.2507754544732 0 0.1269434071191529 0.6937580839823868 3.4 0.10412723263726087 1.536643273358462 1.0070684744011758 0.7704276316921624 3.4
10300 499.2507754544732 0 0.1269434071191529 0.6937580839823868 3.4 0.10412723263726087 1.536643273358462 1.0070684744011758 0.7704276316921624 3.4
10350 499.2507754544732 0 0.1269434071191529 0.6937580839823868 3.4 0.10412723263726087 1.536643273358462 1.0070684744011758 0.7704276316921624 3.4
10400 499.2507754544732 0 0.1269434071191529 0.6937580839823868 3.4 0.10412723263726087 1.536643273358462 1.0070684744011758 0.7704276316921624 3.4
10450 499.2507754544732 0 0.1269434071191529 0.6937580839823868 3.4 0.10412723263726087 1.536643273358462 1.0070684744011758 0.7704276316921624 3.4
10500 499.2507754544732 0 0.1269434071191529 0.6937580839823868 3.4 0.10412723263726087 1.536643273358462 1.0070684744011758 0.7704276316921624 3.4
10550 499.2507754544732 0 0.1269434071191529 0.6937580839823868 3.4 0.10412723263726087 1.536643273358462 1.0070684744011758 0.7704276316921624 3.4
10600 499.2507754544732 0 0.1269434071191529 0.6937580839823868 3.4 0.10412723263726087 1.536643273358462 1.0070684744011758 0.7704276316921624 3.4
10650 499.2507754544732 0 0.1269434071191529 0.6937580839823868 3.4 0.10412723263726087 1.536643273358462 1.0070684744011758 0.7704276316921624 3.4
10700 499.2507754544732 0 0.1269434071191529 0.6937580839823868 3.4 0.10412723263726087 1.536643273358462 1.0070684744011758 0.7704276316921624 3.4
10750 499.2507754544732 0 0.1269434071191529 0.6937580839823868 3.4 0.10412723263726087 1.536643273358462 1.0070684744011758 0.7704276316921624 3.4
10800 499.2507754544732 0 0.1269434071191529 0.6937580839823868 3.4 0.10412723263726087 1.536643273358462 1.0070684744011758 0.7704276316921624 3.4
10850 499.2507754544732 0 0.1269434071191529 0.6937580839823868 3.4 0.10412723263726087 1.536643273358462 1.0070684744011758 0.7704276316921624 3.4
10900 499.2507754544732 0 0.1269434071191529 0.6937580839823868 3.4 0.10412723263726087 1.536643273358462 1.0070684744011758 0.7704276316921624 3.4
10950 499.2507754544732 0 0.1269434071191529 0.6937580839823868 3.4 0.10412723263726087 1.536643273358462 1.0070684744011758 0.7704276316921624 3.4
11000 499.2507754544732 0 0.1269434071191529 0.6937580839823868 3.4 0.10412723263726087 1.536643273358462 1.0070684744011758 0.7704276316921624 3.4
11050 499.2507754544732 0 0.1269434071191529 0.6937580839823868 3.4 0.10412723263726087 1.536643273358462 1.0070684744011758 0.7704276316921624 3.4
11100 499.2507754544732 0 0.1269434071191529 0.6937580839823868 3.4 0.10412723263726087 1.536643273358462 1.0070684744011758 0.7704276316921624 3.4
11150 499.2507754544732 0 0.1269434071191529 0.6937580839823868 3.4 0.10412723263726087 1.536643273358462 1.0070684744011758 0.7704276316921624 3.4
11200 499.2507754544732 0 0.1269434071191529 0.6937580839823868 3.4 0.10412723263726087 1.536643273358462 1.0070684744011758 0.7704276316921624 3.4
11250 499.2507754544732 0 0.1269434071191529 0.6937580839823868 3.4 0.10412723263726087 1.536643273358462 1.0070684744011758 0.7704276316921624 3.4
11300 499.2507754544732 0 0.1269434071191529 0.6937580839823868 3.4 0.10412723263726087 1.536643273358462 1.0070684744011758 0.7704276316921624 3.4
11350 499.2507754544732 0 0.1269434071191529 0.6937580839823868 3.4 0.10412723263726087 1.536643273358462 1.0070684744011758 0.7704276316921624 3.4
11400 499.2507754544732 0 0.1269434071191529 0.6937580839823868 3.4 0.10412723263726087 1.536643273358462 1.0070684744011758 0.7704276316921624 3.4
11450 499.2507754544732 0 0.1269434071191529 0.6937580839823868 3.4 0.10412723263726087 1.536643273358462 1.0070684744011758 0.7704276316921624 3.4
11500 499.2507754544732 0 0.1269434071191529 0.6937580839823868 3.4 0.10412723263726087 1.536643273358462 1.0070684744011758 0.7704276316921624 3.4
11550 499.2507754544732 0 0.1269434071191529 0.6937580839823868 3.4 0.10412723263726087 1.536643273358462 1.0070684744011758 0.7704276316921624 3.4
11600 499.2507754544732 0 0.1269434071191529 0.6937580839823868 3.4 0.10412723263726087 1.536643273358462 1.0070684744011758 0.7704276316921624 3.4
11650 499.2507754544732 0 0.1269434071191529 0.6937580839823868 3.4 0.10412723263726087 1.536643273358462 1.0070684744011758 0.7704276316921624 3.4
11700 499.2507754544732 0 0.1269434071191529 0.6937580839823868 3.4 0.10412723263726087 1.536643273358462 1.0070684744011758 0.7704276316921624 3.4
11750 499.2507754544732 0 0.1269434071191529 0.6937580839823868 3.4 0.10412723263726087 1.536643273358462 1.0070684744011758 0.7704276316921624 3.4
11800 499.2507754544732 0 0.1269434071191529 0.6937580839823868 3.4 0.10412723263726087 1.536643273358462 1.0070684744011758 0.7704276316921624 3.4
11850 499.2507754544732 0 0.1269434071191529 0.6937580839823868 3.4 0.10412723263726087 1.536643273358462 1.0070684744011758 0.7704276316921624 3.4
11900 499.2507754544732 0 0.1269434071191529 0.6937580839823868 3.4 0.10412723263726087 1.536643273358462 1.0070684744011758 0.7704276316921624 3.4
11950 499.2507754544732 0 0.1269434071191529 0.6937580839823868 3.4 0.10412723263726087 1.536643273358462 1.0070684744011758 0.7704276316921624 3.4
12000 499.2507754544732 0 0.1269434071191529 0.6937580839823868 3.4 0.10412723263726087 1.536643273358462 1.0070684744011758 0.7704276316921624 3.4
12050 499.2507754544732 0 0.1269434071191529 0.6937580839823868 3.4 0.10412723263726087 1.536643273358462 1.0070684744011758 0.7704276316921624 3.4
12100 499.2507754544732 0 0.1269434071191529 0.6937580839823868 3.4 0.10412723263726087 1.536643273358462 1.0070684744011758 0.7704276316921624 3.4
12150 499.2507754544732 0 0.1269434071191529 0.6937580839823868 3.4 0.10412723263726087 1.536643273358462 1.0070684744011758 0.7704276316921624 3.4
12200 499.2507754544732 0 0.1269434071191529 0.6937580839823868 3.4 0.10412723263726087 1.536643273358462 1.0070684744011758 0.7704276316921624 3.4
12250 499.2507754544732 0 0.1269434071191529 0.6937580839823868 3.4 0.10412723263726087 1.536643273358462 1.0070684744011758 0.7704276316921624 3.4
12300 499.2507754544732 0 0.1269434071191529 0.6937580839823868 3.4 0.10412723263726087 1.536643273358462 1.0070684744011758 0.7704276316921624 3.4
12350 499.2507754544732 0 0.1269434071191529 0.6937580839823868 3.4 0.10412723263726087 1.536643273358462 1.0070684744011758 0.7704276316921624 3.4
12400 499.2507754544732 0 0.1269434071191529 0.6937580839823868 3.4 0.10412723263726087 1.536643273358462 1.0070684744011758 0.7704276316921624 3.4
12450 499.2507754544732 0 0.1269434071191529 0.6937580839823868 3.4 0.10412723263726087 1.536643273358462 1.0070684744011758 0.7704276316921624 3.4
12500 499.2507754544732 0 0.1269434071191529 0.6937580839823868 3.4 0.10412723263726087 1.536643273358462 1.0070684744011758 0.7704276316921624 3.4
12550 499.2507754544732 0 0.1269434071191529 0.6937580839823868 3.4 0.10412723263726087 1.536643273358462 1.0070684744011758 0.7704276316921624 3.4
12600 499.2507754544732 0 0.1269434071191529 0.6937580839823868 3.4 0.10412723263726087 1.536643273358462 1.0070684744011758 0.7704276316921624 3.4
12650 499.2507754544732 0 0.1269434071191529 0.6937580839823868 3.4 0.10412723263726087 1.536643273358462 1.0070684744011758 0.7704276316921624 3.4
12700 499.2507754544732 0 0.1269434071191529 0.6937580839823868 3.4 0.10412723263726087 1.536643273358462 1.0070684744011758 0.7704276316921624 3.4
12750 499.2507754544732 0 0.1269434071191529 0.6937580839823868 3.4 0.10412723263726087 1.536643273358462 1.0070684744011758 0.7704276316921624 3.4
12800 499.2507754544732 0 0.1269434071191529 0.6937580839823868 3.4 0.10412723263726087 1.536643273358462 1.0070684744011758 0.7704276316921624 3.4
12850 499.2507754544732 0 0.1269434071191529 0.6937580839823868 3.4 0.10412723263726087 1.536643273358462 1.0070684744011758 0.7704276316921624 3.4
12900 499.2507754544732 0 0.1269434071191529 0.6937580839823868 3.4 0.10412723263726087 1.536643273358462 1.0070684744011758 0.7704276316921624 3.4
12950 499.2507754544732 0 0.1269434071191529 0.6937580839823868 3.4 0.10412723263726087 1.536643273358462 1.0070684744011758 0.7704276316921624 3.4
13000 499.2507754544732 0 0.1269434071191529 0.6937580839823868 3.4 0.10412723263726087 1.536643273358462 1.0070684744011758 0.7704276316921624 3.4
13050 499.2507754544732 0 0.1269434071191529 0.6937580839823868 3.4 0.10412723263726087 1.536643273358462 1.0070684744011758 0.7704276316921624 3.4
13100 499.2507754544732 0 0.1269434071191529 0.6937580839823868 3.4 0.10412723263726087 1.536643273358462 1.0070684744011758 0.7704276316921624 3.4
13150 499.2507754544732 0 0.1269434071191529 0.6937580839823868 3.4 0.10412723263726087 1.536643273358462 1.0070684744011758 0.7704276316921624 3.4
13200 499.2507754544732 0 0.1269434071191529 0.6937580839823868 3.4 0.10412723263726087 1.536643273358462 1.0070684744011758 0.7704276316921624 3.4
13250 499.2507754544732 0 0.1269434071191529 0.6937580839823868 3.4 0.10412723263726087 1.536643273358462 1.0070684744011758 0.7704276316921624 3.4
13300 499.2507754544732 0 0.1269434071191529 0.6937580839823868 3.4 0.10412723263726087 1.536643273358462 1.0070684744011758 0.7704276316921624 3.4
13350 499.2507754544732 0 0.1269434071191529 0.6937580839823868 3.4 0.10412723263726087 1.536643273358462 1.0070684744011758 0.7704276316921624 3.4
13400 499.2507754544732 0 0.1269434071191529 0.6937580839823868 3.4 0.10412723263726087 1.536643273358462 1.0070684744011758 0.7704276316921624 3.4
13450 499.2507754544732 0 0.1269434071191529 0.6937580839823868 3.4 0.10412723263726087 1.536643273358462 1.0070684744011758 0.7704276316921624 3.4
13500 499.2507754544732 0 0.1269434071191529 0.6937580839823868 3.4 0.10412723263726087 1.536643273358462 1.0070684744011758 0.7704276316921624 3.4
13550 499.2507754544732 0 0.1269434071191529 0.6937580839823868 3.4 0.10412723263726087 1.536643273358462 1.0070684744011758 0.7704276316921624 3.4
13600 499.2507754544732 0 0.1269434071191529 0.6937580839823868 3.4 0.10412723263726087 1.536643273358462 1.0070684744011758 0.7704276316921624 3.4
13650 499.2507754544732 0 0.1269434071191529 0.6937580839823868 3.4 0.10412723263726087 1.536643273358462 1.0070684744011758 0.7704276316921624 3.4
13700 499.2507754544732 0 0.1269434071191529 0.6937580839823868 3.4 0.10412723263726087 1.536643273358462 1.0070684744011758 0.7704276316921624 3.4
13750 499.2507754544732 0 0.1269434071191529 0.6937580839823868 3.4 0.10412723263726087 1.536643273358462 1.0070684744011758 0.7704276316921624 3.4
13800 499.2507754544732 0 0.1269434071191529 0.6937580839823868 3.4 0.10412723263726087 1.536643273358462 1.0070684744011758 0.7704276316921624 3.4
13850 499.2507754544732 0 0.1269434071191529 0.6937580839823868 3.4 0.10412723263726087 1.536643273358462 1.0070684744011758 0.7704276316921624 3.4
13900 499.2507754544732 0 0.1269434071191529 0.6937580839823868 3.4 0.10412723263726087 1.536643273358462 1.0070684744011758 0.7704276316921624 3.4
13950 499.2507754544732 0 0.1269434071191529 0.6937580839823868 3.4 0.10412723263726087 1.536643273358462 1.0070684744011758 0.7704276316921624 3.4
14000 499.2507754544732 0 0.1269434071191529 0.6937580839823868 3.4 0.10412723263726087 1.536643273358462 1.0070684744011758 0.7704276316921624 3.4
14050 499.2507754544732 0 0.1269434071191529 0.6937580839823868 3.4 0.10412723263726087 1.536643273358462 1.0070684744011758 0.7704276316921624 3.4
14100 499.2507754544732 0 0.1269434071191529 0.6937580839823868 3.4 0.10412723263726087 1.536643273358462 1.0070684744011758 0.7704276316921624 3.4
14150 499.2507754544732 0 0.1269434071191529 0.6937580839823868 3.4 0.10412723263726087 1.536643273358462 1.0070684744011758 0.7704276316921624 3.4
14200 499.2507754544732 0 0.1269434071191529 0.6937580839823868 3.4 0.10412723263726087 1.536643273358462 1.0070684744011758 0.7704276316921624 3.4
14250 499.2507754544732 0 0.1269434071191529 0.6937580839823868 3.4 0.10412723263726087 1.536643273358462 1.0070684744011758 0.7704276316921624 3.4
14300 499.2507754544732 0 0.1269434071191529 0.6937580839823868 3.4 0.10412723263726087 1.536643273358462 1.0070684744011758 0.7704276316921624 3.4
14350 499.2507754544732 0 0.1269434071191529 0.6937580839823868 3.4 0.10412723263726087 1.536643273358462 1.0070684744011758 0.7704276316921624 3.4
14400 499.2507754544732 0 0.1269434071191529 0.6937580839823868 3.4 0.10412723263726087 1.536643273358462 1.0070684744011758 0.7704276316921624 3.4
14450 499.2507754544732 0 0.1269434071191529 0.6937580839823868 3.4 0.10412723263726087 1.536643273358462 1.0070684744011758 0.7704276316921624 3.4
14500 499.2507754544732 0 0.1269434071191529 0.6937580839823868 3.4 0.10412723263726087 1.536643273358462 1.0070684744011758 0.7704276316921624 3.4
14550 499.2507754544732 0 0.1269434071191529 0.6937580839823868 3.4 0.10412723263726087 1.536643273358462 1.0070684744011758 0.7704276316921624 3.4
14600 499.2507754544732 0 0.1269434071191529 0.6937580839823868 3.4 0.10412723263726087 1.536643273358462 1.0070684744011758 0.7704276316921624 3.4
14650 499.2507754544732 0 0.1269434071191529 0.6937580839823868 3.4 0.10412723263726087 1.536643273358462 1.0070684744011758 0.7704276316921624 3.4
14700 499.2507754544732 0 0.1269434071191529 0.6937580839823868 3.4 0.10412723263726087 1.536643273358462 1.0070684744011758 0.7704276316921624 3.4
14750 499.2507754544732 0 0.1269434071191529 0.6937580839823868 3.4 0.10412723263726087 1.536643273358462 1.0070684744011758 0.7704276316921624 3.4
14800 499.2507754544732 0 0.1269434071191529 0.6937580839823868 3.4 0.10412723263726087 1.536643273358462 1.0070684744011758 0.7704276316921624 3.4
14850 499.2507754544732 0 0.1269434071191529 0.6937580839823868 3.4 0.10412723263726087 1.536643273358462 1.0070684744011758 0.7704276316921624 3.4
14900 499.2507754544732 0 0.1269434071191529 0.6937580839823868 3.4 0.10412723263726087 1.536643273358462 1.0070684744011758 0.7704276316921624 3.4
14950 499.2507754544732 0 0.1269434071191529 0.6937580839823868 3.4 0.10412723263726087 1.536643273358462 1.0070684744011758 0.7704276316921624 3.4
15000 499.2507754544732 0 0.1269434071191529 0.6937580839823868 3.4 0.10412723263726087 1.536643273358462 1.0070684744011758 0.7704276316921624 3.4
15050 499.2507754544732 0 0.1269434071191529 0.6937580839823868 3.4 0.10412723263726087 1.536643273358462 1.0070684744011758 0.7704276316921624 3.4
15100 499.2507754544732 0 0.1269434071191529 0.6937580839823868 3.4 0.10412723263726087 1.536643273358462 1.0070684744011758 0.7704276316921624 3.4
15150 499.2507754544732 0 0.1269434071191529 0.6937580839823868 3.4 0.10412723263726087 1.536643273358462 1.0070684744011758 0.7704276316921624 3.4
15200 499.2507754544732 0 0.1269434071191529 0.6937580839823868 3.4 0.10412723263726087 1.536643273358462 1.0070684744011758 0.7704276316921624 3.4
15250 499.2507754544732 0 0.1269434071191529 0.6937580839823868 3.4 0.10412723263726087 1.536643273358462 1.0070684744011758 0.7704276316921624 3.4
15300 499.2507754544732 0 0.1269434071191529 0.6937580839823868 3.4 0.10412723263726087 1.536643273358462 1.0070684744011758 0.7704276316921624 3.4
15350 499.2507754544732 0 0.1269434071191529 0.6937580839823868 3.4 0.10412723263726087 1.536643273358462 1.0070684744011758 0.7704276316921624 3.4
15400 499.2507754544732 0 0.1269434071191529 0.6937580839823868 3.4 0.10412723263726087 1.536643273358462 1.0070684744011758 0.7704276316921624 3.4
15450 499.2507754544732 0 0.1269434071191529 0.6937580839823868 3.4 0.10412723263726087 1.536643273358462 1.0070684744011758 0.7704276316921624 3.4
15500 499.2507754544732 0 0.1269434071191529 0.6937580839823868 3.4 0.10412723263726087 1.536643273358462 1.0070684744011758 0.7704276316921624 3.4
15550 499.2507754544732 0 0.1269434071191529 0.6937580839823868 3.4 0.10412723263726087 1.536643273358462 1.0070684744011758 0.7704276316921624 3.4
15600 499.2507754544732 0 0.1269434071191529 0.6937580839823868 3.4 0.10412723263726087 1.536643273358462 1.0070684744011758 0.7704276316921624 3.4
15650 499.2507754544732 0 0.1269434071191529 0.6937580839823868 3.4 0.10412723263726087 1.536643273358462 1.0070684744011758 0.7704276316921624 3.4
15700 499.2507754544732 0 0.1269434071191529 0.6937580839823868 3.4 0.10412723263726087 1.536643273358462 1.0070684744011758 0.7704276316921624 3.4
15750 499.2507754544732 0 0.1269434071191529 0.6937580839823868 3.4 0.10412723263726087 1.536643273358462 1.0070684744011758 0.7704276316921624 3.4
15800 499.2507754544732 0 0.1269434071191529 0.6937580839823868 3.4 0.10412723263726087 1.536643273358462 1.0070684744011758 0.7704276316921624 3.4
15850 499.2507754544732 0 0.1269434071191529 0.6937580839823868 3.4 0.10412723263726087 1.536643273358462 1.0070684744011758 0.7704276316921624 3.4
15900 499.2507754544732 0 0.1269434071191529 0.6937580839823868 3.4 0.10412723263726087 1.536643273358462 1.0070684744011758 0.7704276316921624 3.4
15950 499.2507754544732 0 0.1269434071191529 0.6937580839823868 3.4 0.10412723263726087 1.536643273358462 1.0070684744011758 0.7704276316921624 3.4
16000 499.2507754544732 0 0.1269434071191529 0.6937580839823868 3.4 0.10412723263726087 1.536643273358462 1.0070684744011758 0.7704276316921624 3.4
16050 499.2507754544732 0 0.1269434071191529 0.6937580839823868 3.4 0.10412723263726087 1.536643273358462 1.0070684744011758 0.7704276316921624 3.4
16100 499.2507754544732 0 0.1269434071191529 0.6937580839823868 3.4 0.10412723263726087 1.536643273358462 1.0070684744011758 0.7704276316921624 3.4
16150 499.2507754544732 0 0.1269434071191529 0.6937580839823868 3.4 0.10412723263726087 1.536643273358462 1.0070684744011758 0.7704276316921624 3.4
16200 499.2507754544732 0 0.1269434071191529 0.6937580839823868 3.4 0.10412723263726087 1.536643273358462 1.0070684744011758 0.7704276316921624 3.4
16250 499.2507754544732 0 0.1269434071191529 0.6937580839823868 3.4 0.10412723263726087 1.536643273358462 1.0070684744011758 0.7704276316921624 3.4
16300 499.2507754544732 0 0.1269434071191529 0.6937580839823868 3.4 0.10412723263726087 1.536643273358462 1.0070684744011758 0.7704276316921624 3.4
16350 499.2507754544732 0 0.1269434071191529 0.6937580839823868 3.4 0.10412723263726087 1.536643273358462 1.0070684744011758 0.7704276316921624 3.4
16400 499.2507754544732 0 0.1269434071191529 0.6937580839823868 3.4 0.10412723263726087 1.536643273358462 1.0070684744011758 0.7704276316921624 3.4
16450 499.2507754544732 0 0.1269434071191529 0.6937580839823868 3.4 0.10412723263726087 1.536643273358462 1.0070684744011758 0.7704276316921624 3.4
16500 499.2507754544732 0 0.1269434071191529 0.6937580839823868 3.4 0.10412723263726087 1.536643273358462 1.0070684744011758 0.7704276316921624 3.4
16550 499.2507754544732 0 0.1269434071191529 0.6937580839823868 3.4 0.10412723263726087 1.536643273358462 1.0070684744011758 0.7704276316921624 3.4
16600 499.2507754544732 0 0.1269434071191529 0.6937580839823868 3.4 0.10412723263726087 1.536643273358462 1.0070684744011758 0.7704276316921624 3.4
16650 499.2507754544732 0 0.1269434071191529 0.6937580839823868 3.4 0.10412723263726087 1.536643273358462 1.0070684744011758 0.7704276316921624 3.4
16700 499.2507754544732 0 0.1269434071191529 0.6937580839823868 3.4 0.10412723263726087 1.536643273358462 1.0070684744011758 0.7704276316921624 3.4
16750 499.2507754544732 0 0.1269434071191529 0.6937580839823868 3.4 0.10412723263726087 1.536643273358462 1.0070684744011758 0.7704276316921624 3.4
16800 499.2507754544732 0 0.1269434071191529 0.6937580839823868 3.4 0.10412723263726087 1.536643273358462 1.0070684744011758 0.7704276316921624 3.4
16850 499.2507754544732 0 0.1269434071191529 0.6937580839823868 3.4 0.10412723263726087 1.536643273358462 1.0070684744011758 0.7704276316921624 3.4
16900 499.2507754544732 0 0.1269434071191529 0.6937580839823868 3.4 0.10412723263726087 1.536643273358462 1.0070684744011758 0.7704276316921624 3.4
16950 499.2507754544732 0 0.1269434071191529 0.6937580839823868 3.4 0.10412723263726087 1.536643273358462 1.0070684744011758 0.7704276316921624 3.4
17000 499.2507754544732 0 0.1269434071191529 0.6937580839823868 3.4 0.10412723263726087 1.536643273358462 1.0070684744011758 0.7704276316921624 3.4
17050 499.2507754544732 0 0.1269434071191529 0.6937580839823868 3.4 0.10412723263726087 1.536643273358462 1.0070684744011758 0.7704276316921624 3.4
17100 499.2507754544732 0 0.1269434071191529 0.6937580839823868 3.4 0.10412723263726087 1.536643273358462 1.0070684744011758 0.7704276316921624 3.4
17150 499.2507754544732 0 0.1269434071191529 0.6937580839823868 3.4 0.10412723263726087 1.536643273358462 1.0070684744011758 0.7704276316921624 3.4
17200 499.2507754544732 0 0.1269434071191529 0.6937580839823868 3.4 0.10412723263726087 1.536643273358462 1.0070684744011758 0.7704276316921624 3.4
17250 499.2507754544732 0 0.1269434071191529 0.6937580839823868 3.4 0.10412723263726087 1.536643273358462 1.0070684744011758 0.7704276316921624 3.4
17300 499.2507754544732 0 0.1269434071191529 0.6937580839823868 3.4 0.10412723263726087 1.536643273358462 1.0070684744011758 0.7704276316921624 3.4
17350 499.2507754544732 0 0.1269434071191529 0.6937580839823868 3.4 0.10412723263726087 1.536643273358462 1.0070684744011758 0.7704276316921624 3.4
17400 499.2507754544732 0 0.1269434071191529 0.6937580839823868 3.4 0.10412723263726087 1.536643273358462 1.0070684744011758 0.7704276316921624 3.4
17450 499.2507754544732 0 0.1269434071191529 0.6937580839823868 3.4 0.10412723263726087 1.536643273358462 1.0070684744011758 0.7704276316921624 3.4
17500 499.2507754544732 0 0.1269434071191529 0.6937580839823868 3.4 0.10412723263726087 1.536643273358462 1.0070684744011758 0.7704276316921624 3.4
17550 499.2507754544732 0 0.1269434071191529 0.6937580839823868 3.4 0.10412723263726087 1.536643273358462 1.0070684744011758 0.7704276316921624 3.4
17600 499.2507754544732 0 0.1269434071191529 0.6937580839823868 3.4 0.10412723263726087 1.536643273358462 1.0070684744011758 0.7704276316921624 3.4
17650 499.2507754544732 0 0.1269434071191529 0.6937580839823868 3.4 0.10412723263726087 1.536643273358462 1.0070684744011758 0.7704276316921624 3.4
17700 499.2507754544732 0 0.1269434071191529 0.6937580839823868 3.4 0.10412723263726087 1.536643273358462 1.0070684744011758 0.7704276316921624 3.4
17750 499.2507754544732 0 0.1269434071191529 0.6937580839823868 3.4 0.10412723263726087 1.536643273358462 1.0070684744011758 0.7704276316921624 3.4
17800 499.2507754544732 0 0.1269434071191529 0.6937580839823868 3.4 0.10412723263726087 1.536643273358462 1.0070684744011758 0.7704276316921624 3.4
17850 499.2507754544732 0 0.1269434071191529 0.6937580839823868 3.4 0.10412723263726087 1.536643273358462 1.0070684744011758 0.7704276316921624 3.4
17900 499.2507754544732 0 0.1269434071191529 0.6937580839823868 3.4 0.10412723263726087 1.536643273358462 1.0070684744011758 0.7704276316921624 3.4
17950 499.2507754544732 0 0.1269434071191529 0.6937580839823868 3.4 0.10412723263726087 1.536643273358462 1.0070684744011758 0.7704276316921624 3.4
18000 499.2507754544732 0 0.1269434071191529 0.6937580839823868 3.4 0.10412723263726087 1.536643273358462 1.0070684744011758 0.7704276316921624 3.4
18050 499.2507754544732 0 0.1269434071191529 0.6937580839823868 3.4 0.10412723263726087 1.536643273358462 1.0070684744011758 0.7704276316921624 3.4
18100 499.2507754544732 0 0.1269434071191529 0.6937580839823868 3.4 0.10412723263726087 1.536643273358462 1.0070684744011758 0.7704276316921624 3.4
18150 499.2507754544732 0 0.1269434071191529 0.6937580839823868 3.4 0.10412723263726087 1.536643273358462 1.0070684744011758 0.7704276316921624 3.4
18200 499.2507754544732 0 0.1269434071191529 0.6937580839823868 3.4 0.10412723263726087 1.536643273358462 1.0070684744011758 0.7704276316921624 3.4
18250 499.2507754544732 0 0.1269434071191529 0.6937580839823868 3.4 0.10412723263726087 1.536643273358462 1.0070684744011758 0.7704276316921624 3.4
18300 499.2507754544732 0 0.1269434071191529 0.6937580839823868 3.4 0.10412723263726087 1.536643273358462 1.0070684744011758 0.7704276316921624 3.4
18350 499.2507754544732 0 0.1269434071191529 0.6937580839823868 3.4 0.10412723263726087 1.536643273358462 1.0070684744011758 0.7704276316921624 3.4
18400 499.2507754544732 0 0.1269434071191529 0.6937580839823868 3.4 0.10412723263726087 1.536643273358462 1.0070684744011758 0.7704276316921624 3.4
18450 499.2507754544732 0 0.1269434071191529 0.6937580839823868 3.4 0.10412723263726087 1.536643273358462 1.0070684744011758 0.7704276316921624 3.4
18500 499.2507754544732 0 0.1269434071191529 0.6937580839823868 3.4 0.10412723263726087 1.536643273358462 1.0070684744011758 0.7704276316921624 3.4
18550 499.2507754544732 0 0.1269434071191529 0.6937580839823868 3.4 0.10412723263726087 1.536643273358462 1.0070684744011758 0.7704276316921624 3.4
18600 499.2507754544732 0 0.1269434071191529 0.6937580839823868 3.4 0.10412723263726087 1.536643273358462 1.0070684744011758 0.7704276316921624 3.4
18650 499.2507754544732 0 0.1269434071191529 0.6937580839823868 3.4 0.10412723263726087 1.536643273358462 1.0070684744011758 0.7704276316921624 3.4
18700 499.2507754544732 0 0.1269434071191529 0.6937580839823868 3.4 0.10412723263726087 1.536643273358462 1.0070684744011758 0.7704276316921624 3.4
18750 499.2507754544732 0 0.1269434071191529 0.6937580839823868 3.4 0.10412723263726087 1.536643273358462 1.0070684744011758 0.7704276316921624 3.4
18800 499.2507754544732 0 0.1269434071191529 0.6937580839823868 3.4 0.10412723263726087 1.536643273358462 1.0070684744011758 0.7704276316921624 3.4
18850 499.2507754544732 0 0.1269434071191529 0.6937580839823868 3.4 0.10412723263726087 1.536643273358462 1.0070684744011758 0.7704276316921624 3.4
18900 499.2507754544732 0 0.1269434071191529 0.6937580839823868 3.4 0.10412723263726087 1.536643273358462 1.0070684744011758 0.7704276316921624 3.4
18950 499.2507754544732 0 0.1269434071191529 0.6937580839823868 3.4 0.10412723263726087 1.536643273358462 1.0070684744011758 0.7704276316921624 3.4
19000 499.2507754544732 0 0.1269434071191529 0.6937580839823868 3.4 0.10412723263726087 1.536643273358462 1.0070684744011758 0.7704276316921624 3.4
19050 499.2507754544732 0 0.1269434071191529 0.6937580839823868 3.4 0.10412723263726087 1.536643273358462 1.0070684744011758 0.7704276316921624 3.4
19100 499.2507754544732 0 0.1269434071191529 0.6937580839823868 3.4 0.10412723263726087 1.536643273358462 1.0070684744011758 0.7704276316921624 3.4
19150 499.2507754544732 0 0.1269434071191529 0.6937580839823868 3.4 0.10412723263726087 1.536643273358462 1.0070684744011758 0.7704276316921624 3.4
19200 499.2507754544732 0 0.1269434071191529 0.6937580839823868 3.4 0.10412723263726087 1.536643273358462 1.0070684744011758 0.7704276316921624 3.4
19250 499.2507754544732 0 0.1269434071191529 0.6937580839823868 3.4 0.10412723263726087 1.536643273358462 1.0070684744011758 0.7704276316921624 3.4
19300 499.2507754544732 0 0.1269434071191529 0.6937580839823868 3.4 0.10412723263726087 1.536643273358462 1.0070684744011758 0.7704276316921624 3.4
19350 499.2507754544732 0 0.1269434071191529 0.6937580839823868 3.4 0.10412723263726087 1.536643273358462 1.0070684744011758 0.7704276316921624 3.4
19400 499.2507754544732 0 0.1269434071191529 0.6937580839823868 3.4 0.10412723263726087 1.536643273358462 1.0070684744011758 0.7704276316921624 3.4
19450 499.2507754544732 0 0.1269434071191529 0.6937580839823868 3.4 0.10412723263726087 1.536643273358462 1.0070684744011758 0.7704276316921624 3.4
19500 499.2507754544732 0 0.1269434071191529 0.6937580839823868 3.4 0.10412723263726087 1.536643273358462 1.0070684744011758 0.7704276316921624 3.4
19550 499.2507754544732 0 0.1269434071191529 0.6937580839823868 3.4 0.10412723263726087 1.536643273358462 1.0070684744011758 0.7704276316921624 3.4
19600 499.2507754544732 0 0.1269434071191529 0.6937580839823868 3.4 0.10412723263726087 1.536643273358462 1.0070684744011758 0.7704276316921624 3.4
19650 499.2507754544732 0 0.1269434071191529 0.6937580839823868 3.4 0.10412723263726087 1.536643273358462 1.0070684744011758 0.7704276316921624 3.4
19700 499.2507754544732 0 0.1269434071191529 0.6937580839823868 3.4 0.10412723263726087 1.536643273358462 1.0070684744011758 0.7704276316921624 3.4
19750 499.2507754544732 0 0.1269434071191529 0.6937580839823868 3.4 0.10412723263726087 1.536643273358462 1.0070684744011758 0.7704276316921624 3.4
19800 499.2507754544732 0 0.1269434071191529 0.6937580839823868 3.4 0.10412723263726087 1.536643273358462 1.0070684744011758 0.7704276316921624 3.4
19850 499.2507754544732 0 0.1269434071191529 0.6937580839823868 3.4 0.10412723263726087 1.536643273358462 1.0070684744011758 0.7704276316921624 3.4
19900 499.2507754544732 0 0.1269434071191529 0.6937580839823868 3.4 0.10412723263726087 1.536643273358462 1.0070684744011758 0.7704276316921624 3.4
19950 499.2507754544732 0 0.1269434071191529 0.6937580839823868 3.4 0.10412723263726087 1.536643273358462 1.0070684744011758 0.7704276316921624 3.4
*---*---*---*---*---*---*---*---*---*---*---*---*---*---*---*---*---*---*---*---*
Status: Finished
Last individual
499.2507754544732 0 0.1269434071191529 0.6937580839823868 3.4 0.10412723263726087 1.536643273358462 1.0070684744011758 0.7704276316921624 3.4
Hall of fame
499.2507754544732 0 0.12213260151836593 0.6840080795215214 3.4 0.1 1.5122811088830284 0.9797894007651243 0.8090653874886019 3.305674486989986
Last factible individual
499.2507754544732 0 0.1269434071191529 0.6937580839823868 3.4 0.10412723263726087 1.536643273358462 1.0070684744011758 0.7704276316921624 3.4
CPU time used (seconds)
4.066959980002139
