*---*---*---*---*---*---*---*---*---*---*---*---*---*---*---*---*---*---*---*---*
Algorithm: Differential Evolution
Constrainth handling method: DEB
Function: 125
Case: discrete
Seed: 1
Parents size: 50
Offsprings size: 50
maxFe: 20000
CR: 0.9
F: 0.6
rweights: -
*---*---*---*---*---*---*---*---*---*---*---*---*---*---*---*---*---*---*---*---*
ngen ObjectiveFunction ViolationSum ProjectVariables
50 572.816754448063 0 0.17103185740485333 3.228301697018347 2.8294810548634173 0.14956263644900386 0.6814476433976823 1.195809795410562 0.5322895878760258 2.771319284017721
100 572.816754448063 0 0.17103185740485333 3.228301697018347 2.8294810548634173 0.14956263644900386 0.6814476433976823 1.195809795410562 0.5322895878760258 2.771319284017721
150 572.816754448063 0 0.17103185740485333 3.228301697018347 2.8294810548634173 0.14956263644900386 0.6814476433976823 1.195809795410562 0.5322895878760258 2.771319284017721
200 572.816754448063 0 0.17103185740485333 3.228301697018347 2.8294810548634173 0.14956263644900386 0.6814476433976823 1.195809795410562 0.5322895878760258 2.771319284017721
250 572.816754448063 0 0.17103185740485333 3.228301697018347 2.8294810548634173 0.14956263644900386 0.6814476433976823 1.195809795410562 0.5322895878760258 2.771319284017721
300 572.816754448063 0 0.17103185740485333 3.228301697018347 2.8294810548634173 0.14956263644900386 0.6814476433976823 1.195809795410562 0.5322895878760258 2.771319284017721
350 568.4669104581866 0 1.4200000000000002 1.0431717889234866 3.4 0.1 3.4 1.376041286104142 0.7755868910930329 2.999090361209326
400 546.3399810483153 0 0.17103185740485333 0.31474838593895527 3.4 0.11903460796698329 2.695846573243335 0.8303868664012274 1.6703485574399408 3.2084383806920287
450 546.3399810483153 0 0.17103185740485333 0.31474838593895527 3.4 0.11903460796698329 2.695846573243335 0.8303868664012274 1.6703485574399408 3.2084383806920287
500 546.3399810483153 0 0.17103185740485333 0.31474838593895527 3.4 0.11903460796698329 2.695846573243335 0.8303868664012274 1.6703485574399408 3.2084383806920287
550 546.3399810483153 0 0.17103185740485333 0.31474838593895527 3.4 0.11903460796698329 2.695846573243335 0.8303868664012274 1.6703485574399408 3.2084383806920287
600 546.3399810483153 0 0.17103185740485333 0.31474838593895527 3.4 0.11903460796698329 2.695846573243335 0.8303868664012274 1.6703485574399408 3.2084383806920287
650 543.0722908025618 0 0.1 0.25763061293408 3.0542306274608335 0.1 3.4 0.9162407410841871 1.498340975210253 3.4
700 543.0722908025618 0 0.1 0.25763061293408 3.0542306274608335 0.1 3.4 0.9162407410841871 1.498340975210253 3.4
750 536.0475340648469 0 0.1 0.48185916345935675 3.4 0.1 3.4 1.7218593564645706 0.4465552634148523 3.186870726614229
800 536.0475340648469 0 0.1 0.48185916345935675 3.4 0.1 3.4 1.7218593564645706 0.4465552634148523 3.186870726614229
850 536.0475340648469 0 0.1 0.48185916345935675 3.4 0.1 3.4 1.7218593564645706 0.4465552634148523 3.186870726614229
900 532.9744619549094 0 2.5685792562631082 0.6870086342454527 3.1406664907724595 0.11074478440450197 2.2933216568820036 0.8353692028133612 1.0527866345290333 3.3903523649485248
950 532.9744619549094 0 2.5685792562631082 0.6870086342454527 3.1406664907724595 0.11074478440450197 2.2933216568820036 0.8353692028133612 1.0527866345290333 3.3903523649485248
1000 532.9744619549094 0 2.5685792562631082 0.6870086342454527 3.1406664907724595 0.11074478440450197 2.2933216568820036 0.8353692028133612 1.0527866345290333 3.3903523649485248
1050 525.9198584716497 0 0.1 1.0055739499927223 3.4 0.1 3.4 1.2604377610639423 0.2697609641367764 3.3716397546430636
1100 525.9198584716497 0 0.1 1.0055739499927223 3.4 0.1 3.4 1.2604377610639423 0.2697609641367764 3.3716397546430636
1150 525.9198584716497 0 0.1 1.0055739499927223 3.4 0.1 3.4 1.2604377610639423 0.2697609641367764 3.3716397546430636
1200 525.9198584716497 0 0.1 1.0055739499927223 3.4 0.1 3.4 1.2604377610639423 0.2697609641367764 3.3716397546430636
1250 525.9198584716497 0 0.1 1.0055739499927223 3.4 0.1 3.4 1.2604377610639423 0.2697609641367764 3.3716397546430636
1300 525.9198584716497 0 0.1 1.0055739499927223 3.4 0.1 3.4 1.2604377610639423 0.2697609641367764 3.3716397546430636
1350 523.9410819633838 0 0.6289855523145174 0.8517429730739765 3.4 0.40767572420764997 1.948805157919945 0.9561504468552892 0.7978487788154434 3.309572332233073
1400 523.9410819633838 0 0.6289855523145174 0.8517429730739765 3.4 0.40767572420764997 1.948805157919945 0.9561504468552892 0.7978487788154434 3.309572332233073
1450 520.2564677441533 0 0.1 1.3682825064411301 3.005404585499242 0.39625495942746003 1.747934874323997 1.0973380794022336 0.5002773898435403 3.2925013708251925
1500 519.8018456917523 0 0.1 0.4955751146812785 3.32531381553154 0.4169846983898198 2.285477418950867 0.8986162895917889 1.1059482471189532 3.272513305380439
1550 519.8018456917523 0 0.1 0.4955751146812785 3.32531381553154 0.4169846983898198 2.285477418950867 0.8986162895917889 1.1059482471189532 3.272513305380439
1600 519.8018456917523 0 0.1 0.4955751146812785 3.32531381553154 0.4169846983898198 2.285477418950867 0.8986162895917889 1.1059482471189532 3.272513305380439
1650 519.8018456917523 0 0.1 0.4955751146812785 3.32531381553154 0.4169846983898198 2.285477418950867 0.8986162895917889 1.1059482471189532 3.272513305380439
1700 517.0133756923971 0 0.349738251448207 0.6029376946405103 3.2755230258859 0.2611984197846129 0.7684120988251848 0.8767826373882978 1.3358406700199486 3.3225469288878835
1750 506.047534064847 0 0.1 0.5068536785844638 3.25062763106308 0.1 1.1875938301545932 0.823245473038705 1.2933623738892754 3.2874396171195346
1800 506.047534064847 0 0.1 0.5068536785844638 3.25062763106308 0.1 1.1875938301545932 0.823245473038705 1.2933623738892754 3.2874396171195346
1850 499.9709287089285 0 0.1 0.7502230291742954 3.2414754139028688 0.1 1.1761652373194096 1.0194517647620374 0.7527137070800586 3.3714141323734754
1900 499.9709287089285 0 0.1 0.7502230291742954 3.2414754139028688 0.1 1.1761652373194096 1.0194517647620374 0.7527137070800586 3.3714141323734754
1950 499.9709287089285 0 0.1 0.7502230291742954 3.2414754139028688 0.1 1.1761652373194096 1.0194517647620374 0.7527137070800586 3.3714141323734754
2000 499.9709287089285 0 0.1 0.7502230291742954 3.2414754139028688 0.1 1.1761652373194096 1.0194517647620374 0.7527137070800586 3.3714141323734754
2050 499.9709287089285 0 0.1 0.7502230291742954 3.2414754139028688 0.1 1.1761652373194096 1.0194517647620374 0.7527137070800586 3.3714141323734754
2100 499.9709287089285 0 0.1 0.7502230291742954 3.2414754139028688 0.1 1.1761652373194096 1.0194517647620374 0.7527137070800586 3.3714141323734754
2150 499.9709287089285 0 0.1 0.7502230291742954 3.2414754139028688 0.1 1.1761652373194096 1.0194517647620374 0.7527137070800586 3.3714141323734754
2200 499.9709287089285 0 0.1 0.7502230291742954 3.2414754139028688 0.1 1.1761652373194096 1.0194517647620374 0.7527137070800586 3.3714141323734754
2250 499.9709287089285 0 0.1 0.7502230291742954 3.2414754139028688 0.1 1.1761652373194096 1.0194517647620374 0.7527137070800586 3.3714141323734754
2300 499.9709287089285 0 0.1 0.7502230291742954 3.2414754139028688 0.1 1.1761652373194096 1.0194517647620374 0.7527137070800586 3.3714141323734754
2350 499.9709287089285 0 0.1 0.7502230291742954 3.2414754139028688 0.1 1.1761652373194096 1.0194517647620374 0.7527137070800586 3.3714141323734754
2400 499.9709287089285 0 0.1 0.7502230291742954 3.2414754139028688 0.1 1.1761652373194096 1.0194517647620374 0.7527137070800586 3.3714141323734754
2450 499.9709287089285 0 0.1 0.7502230291742954 3.2414754139028688 0.1 1.1761652373194096 1.0194517647620374 0.7527137070800586 3.3714141323734754
2500 499.9709287089285 0 0.1 0.7502230291742954 3.2414754139028688 0.1 1.1761652373194096 1.0194517647620374 0.7527137070800586 3.3714141323734754
2550 499.9709287089285 0 0.1 0.7502230291742954 3.2414754139028688 0.1 1.1761652373194096 1.0194517647620374 0.7527137070800586 3.3714141323734754
2600 499.9709287089285 0 0.1 0.7502230291742954 3.2414754139028688 0.1 1.1761652373194096 1.0194517647620374 0.7527137070800586 3.3714141323734754
2650 499.9709287089285 0 0.1 0.7502230291742954 3.2414754139028688 0.1 1.1761652373194096 1.0194517647620374 0.7527137070800586 3.3714141323734754
2700 499.9709287089285 0 0.1 0.7502230291742954 3.2414754139028688 0.1 1.1761652373194096 1.0194517647620374 0.7527137070800586 3.3714141323734754
2750 499.9709287089285 0 0.1 0.7502230291742954 3.2414754139028688 0.1 1.1761652373194096 1.0194517647620374 0.7527137070800586 3.3714141323734754
2800 499.9709287089285 0 0.1 0.7502230291742954 3.2414754139028688 0.1 1.1761652373194096 1.0194517647620374 0.7527137070800586 3.3714141323734754
2850 499.9709287089285 0 0.1 0.7502230291742954 3.2414754139028688 0.1 1.1761652373194096 1.0194517647620374 0.7527137070800586 3.3714141323734754
2900 499.77631057311265 0 0.10207220069932495 0.6242376238033656 3.320459113015969 0.12079769752330016 1.3951138417710154 0.9830736743152383 0.9294282911098564 3.4
2950 499.77631057311265 0 0.10207220069932495 0.6242376238033656 3.320459113015969 0.12079769752330016 1.3951138417710154 0.9830736743152383 0.9294282911098564 3.4
3000 499.77631057311265 0 0.10207220069932495 0.6242376238033656 3.320459113015969 0.12079769752330016 1.3951138417710154 0.9830736743152383 0.9294282911098564 3.4
3050 499.77631057311265 0 0.10207220069932495 0.6242376238033656 3.320459113015969 0.12079769752330016 1.3951138417710154 0.9830736743152383 0.9294282911098564 3.4
3100 499.77631057311265 0 0.10207220069932495 0.6242376238033656 3.320459113015969 0.12079769752330016 1.3951138417710154 0.9830736743152383 0.9294282911098564 3.4
3150 499.77631057311265 0 0.10207220069932495 0.6242376238033656 3.320459113015969 0.12079769752330016 1.3951138417710154 0.9830736743152383 0.9294282911098564 3.4
3200 499.77631057311265 0 0.10207220069932495 0.6242376238033656 3.320459113015969 0.12079769752330016 1.3951138417710154 0.9830736743152383 0.9294282911098564 3.4
3250 499.77631057311265 0 0.10207220069932495 0.6242376238033656 3.320459113015969 0.12079769752330016 1.3951138417710154 0.9830736743152383 0.9294282911098564 3.4
3300 499.77631057311265 0 0.10207220069932495 0.6242376238033656 3.320459113015969 0.12079769752330016 1.3951138417710154 0.9830736743152383 0.9294282911098564 3.4
3350 499.2507754544732 0 0.1 0.7488388990576542 3.240537901056357 0.1 1.49561843768308 1.0240119779634038 0.8365063040078604 3.375529908951604
3400 499.2507754544732 0 0.1 0.7488388990576542 3.240537901056357 0.1 1.49561843768308 1.0240119779634038 0.8365063040078604 3.375529908951604
3450 499.2507754544732 0 0.1 0.7488388990576542 3.240537901056357 0.1 1.49561843768308 1.0240119779634038 0.8365063040078604 3.375529908951604
3500 499.2507754544732 0 0.1 0.7488388990576542 3.240537901056357 0.1 1.49561843768308 1.0240119779634038 0.8365063040078604 3.375529908951604
3550 499.2507754544732 0 0.1 0.7488388990576542 3.240537901056357 0.1 1.49561843768308 1.0240119779634038 0.8365063040078604 3.375529908951604
3600 499.2507754544732 0 0.1 0.7488388990576542 3.240537901056357 0.1 1.49561843768308 1.0240119779634038 0.8365063040078604 3.375529908951604
3650 499.2507754544732 0 0.1 0.7488388990576542 3.240537901056357 0.1 1.49561843768308 1.0240119779634038 0.8365063040078604 3.375529908951604
3700 499.2507754544732 0 0.1 0.7488388990576542 3.240537901056357 0.1 1.49561843768308 1.0240119779634038 0.8365063040078604 3.375529908951604
3750 499.2507754544732 0 0.1 0.7488388990576542 3.240537901056357 0.1 1.49561843768308 1.0240119779634038 0.8365063040078604 3.375529908951604
3800 499.2507754544732 0 0.1 0.7488388990576542 3.240537901056357 0.1 1.49561843768308 1.0240119779634038 0.8365063040078604 3.375529908951604
3850 499.2507754544732 0 0.1 0.7488388990576542 3.240537901056357 0.1 1.49561843768308 1.0240119779634038 0.8365063040078604 3.375529908951604
3900 499.2507754544732 0 0.1 0.7488388990576542 3.240537901056357 0.1 1.49561843768308 1.0240119779634038 0.8365063040078604 3.375529908951604
3950 499.2507754544732 0 0.1 0.7086603986171812 3.3074863488414294 0.10320209595369395 1.52417744506086 1.0334848436853343 0.7955479935421619 3.315171502395932
4000 499.2507754544732 0 0.1 0.7086603986171812 3.3074863488414294 0.10320209595369395 1.52417744506086 1.0334848436853343 0.7955479935421619 3.315171502395932
4050 499.2507754544732 0 0.1 0.7086603986171812 3.3074863488414294 0.10320209595369395 1.52417744506086 1.0334848436853343 0.7955479935421619 3.315171502395932
4100 499.2507754544732 0 0.1 0.7086603986171812 3.3074863488414294 0.10320209595369395 1.52417744506086 1.0334848436853343 0.7955479935421619 3.315171502395932
4150 499.2507754544732 0 0.1 0.7086603986171812 3.3074863488414294 0.10320209595369395 1.52417744506086 1.0334848436853343 0.7955479935421619 3.315171502395932
4200 499.2507754544732 0 0.1 0.7086603986171812 3.3074863488414294 0.10320209595369395 1.52417744506086 1.0334848436853343 0.7955479935421619 3.315171502395932
4250 499.2507754544732 0 0.1 0.7086603986171812 3.3074863488414294 0.10320209595369395 1.52417744506086 1.0334848436853343 0.7955479935421619 3.315171502395932
4300 499.2507754544732 0 0.1 0.7086603986171812 3.3074863488414294 0.10320209595369395 1.52417744506086 1.0334848436853343 0.7955479935421619 3.315171502395932
4350 499.2507754544732 0 0.1 0.7086603986171812 3.3074863488414294 0.10320209595369395 1.52417744506086 1.0334848436853343 0.7955479935421619 3.315171502395932
4400 499.2507754544732 0 0.1 0.7086603986171812 3.3074863488414294 0.10320209595369395 1.52417744506086 1.0334848436853343 0.7955479935421619 3.315171502395932
4450 499.2507754544732 0 0.1 0.7086603986171812 3.3074863488414294 0.10320209595369395 1.52417744506086 1.0334848436853343 0.7955479935421619 3.315171502395932
4500 499.2507754544732 0 0.1 0.7086603986171812 3.3074863488414294 0.10320209595369395 1.52417744506086 1.0334848436853343 0.7955479935421619 3.315171502395932
4550 499.2507754544732 0 0.1 0.7086603986171812 3.3074863488414294 0.10320209595369395 1.52417744506086 1.0334848436853343 0.7955479935421619 3.315171502395932
4600 499.2507754544732 0 0.1 0.7086603986171812 3.3074863488414294 0.10320209595369395 1.52417744506086 1.0334848436853343 0.7955479935421619 3.315171502395932
4650 499.2507754544732 0 0.1 0.7086603986171812 3.3074863488414294 0.10320209595369395 1.52417744506086 1.0334848436853343 0.7955479935421619 3.315171502395932
4700 499.2507754544732 0 0.1 0.7086603986171812 3.3074863488414294 0.10320209595369395 1.52417744506086 1.0334848436853343 0.7955479935421619 3.315171502395932
4750 499.2507754544732 0 0.1 0.7086603986171812 3.3074863488414294 0.10320209595369395 1.52417744506086 1.0334848436853343 0.7955479935421619 3.315171502395932
4800 499.2507754544732 0 0.1 0.7086603986171812 3.3074863488414294 0.10320209595369395 1.52417744506086 1.0334848436853343 0.7955479935421619 3.315171502395932
4850 499.2507754544732 0 0.1 0.7086603986171812 3.3074863488414294 0.10320209595369395 1.52417744506086 1.0334848436853343 0.7955479935421619 3.315171502395932
4900 499.2507754544732 0 0.1 0.7086603986171812 3.3074863488414294 0.10320209595369395 1.52417744506086 1.0334848436853343 0.7955479935421619 3.315171502395932
4950 499.2507754544732 0 0.1 0.7086603986171812 3.3074863488414294 0.10320209595369395 1.52417744506086 1.0334848436853343 0.7955479935421619 3.315171502395932
5000 499.2507754544732 0 0.1 0.7086603986171812 3.3074863488414294 0.10320209595369395 1.52417744506086 1.0334848436853343 0.7955479935421619 3.315171502395932
5050 499.2507754544732 0 0.1 0.7086603986171812 3.3074863488414294 0.10320209595369395 1.52417744506086 1.0334848436853343 0.7955479935421619 3.315171502395932
5100 499.2507754544732 0 0.1 0.7086603986171812 3.3074863488414294 0.10320209595369395 1.52417744506086 1.0334848436853343 0.7955479935421619 3.315171502395932
5150 499.2507754544732 0 0.1 0.7086603986171812 3.3074863488414294 0.10320209595369395 1.52417744506086 1.0334848436853343 0.7955479935421619 3.315171502395932
5200 499.2507754544732 0 0.1 0.7086603986171812 3.3074863488414294 0.10320209595369395 1.52417744506086 1.0334848436853343 0.7955479935421619 3.315171502395932
5250 499.2507754544732 0 0.1 0.7086603986171812 3.3074863488414294 0.10320209595369395 1.52417744506086 1.0334848436853343 0.7955479935421619 3.315171502395932
5300 499.2507754544732 0 0.1 0.7086603986171812 3.3074863488414294 0.10320209595369395 1.52417744506086 1.0334848436853343 0.7955479935421619 3.315171502395932
5350 499.2507754544732 0 0.1 0.7086603986171812 3.3074863488414294 0.10320209595369395 1.52417744506086 1.0334848436853343 0.7955479935421619 3.315171502395932
5400 499.2507754544732 0 0.1 0.7086603986171812 3.3074863488414294 0.10320209595369395 1.52417744506086 1.0334848436853343 0.7955479935421619 3.315171502395932
5450 499.2507754544732 0 0.1 0.7086603986171812 3.3074863488414294 0.10320209595369395 1.52417744506086 1.0334848436853343 0.7955479935421619 3.315171502395932
5500 499.2507754544732 0 0.1 0.7086603986171812 3.3074863488414294 0.10320209595369395 1.52417744506086 1.0334848436853343 0.7955479935421619 3.315171502395932
5550 499.2507754544732 0 0.1 0.7086603986171812 3.3074863488414294 0.10320209595369395 1.52417744506086 1.0334848436853343 0.7955479935421619 3.315171502395932
5600 499.2507754544732 0 0.1 0.7086603986171812 3.3074863488414294 0.10320209595369395 1.52417744506086 1.0334848436853343 0.7955479935421619 3.315171502395932
5650 499.2507754544732 0 0.1 0.7266034604720345 3.3258014444619364 0.10848775794065048 1.4866978052619881 0.9943808930474143 0.7982196740330545 3.360095294964948
5700 499.2507754544732 0 0.1 0.7266034604720345 3.3258014444619364 0.10848775794065048 1.4866978052619881 0.9943808930474143 0.7982196740330545 3.360095294964948
5750 499.2507754544732 0 0.1 0.7266034604720345 3.3258014444619364 0.10848775794065048 1.4866978052619881 0.9943808930474143 0.7982196740330545 3.360095294964948
5800 499.2507754544732 0 0.1 0.7266034604720345 3.3258014444619364 0.10848775794065048 1.4866978052619881 0.9943808930474143 0.7982196740330545 3.360095294964948
5850 499.2507754544732 0 0.1 0.7266034604720345 3.3258014444619364 0.10848775794065048 1.4866978052619881 0.9943808930474143 0.7982196740330545 3.360095294964948
5900 499.2507754544732 0 0.1 0.7266034604720345 3.3258014444619364 0.10848775794065048 1.4866978052619881 0.9943808930474143 0.7982196740330545 3.360095294964948
5950 499.2507754544732 0 0.1 0.7266034604720345 3.3258014444619364 0.10848775794065048 1.4866978052619881 0.9943808930474143 0.7982196740330545 3.360095294964948
6000 499.2507754544732 0 0.1 0.7266034604720345 3.3258014444619364 0.10848775794065048 1.4866978052619881 0.9943808930474143 0.7982196740330545 3.360095294964948
6050 499.2507754544732 0 0.1 0.7266034604720345 3.3258014444619364 0.10848775794065048 1.4866978052619881 0.9943808930474143 0.7982196740330545 3.360095294964948
6100 499.2507754544732 0 0.1 0.7266034604720345 3.3258014444619364 0.10848775794065048 1.4866978052619881 0.9943808930474143 0.7982196740330545 3.360095294964948
6150 499.2507754544732 0 0.1 0.7266034604720345 3.3258014444619364 0.10848775794065048 1.4866978052619881 0.9943808930474143 0.7982196740330545 3.360095294964948
6200 499.2507754544732 0 0.1 0.7266034604720345 3.3258014444619364 0.10848775794065048 1.4866978052619881 0.9943808930474143 0.7982196740330545 3.360095294964948
6250 499.2507754544732 0 0.1 0.7266034604720345 3.3258014444619364 0.10848775794065048 1.4866978052619881 0.9943808930474143 0.7982196740330545 3.360095294964948
6300 499.2507754544732 0 0.1 0.7266034604720345 3.3258014444619364 0.10848775794065048 1.4866978052619881 0.9943808930474143 0.7982196740330545 3.360095294964948
6350 499.2507754544732 0 0.1 0.7266034604720345 3.3258014444619364 0.10848775794065048 1.4866978052619881 0.9943808930474143 0.7982196740330545 3.360095294964948
6400 499.2507754544732 0 0.1 0.7266034604720345 3.3258014444619364 0.10848775794065048 1.4866978052619881 0.9943808930474143 0.7982196740330545 3.360095294964948
6450 499.2507754544732 0 0.1 0.7266034604720345 3.3258014444619364 0.10848775794065048 1.4866978052619881 0.9943808930474143 0.7982196740330545 3.360095294964948
6500 499.2507754544732 0 0.1 0.7266034604720345 3.3258014444619364 0.10848775794065048 1.4866978052619881 0.9943808930474143 0.7982196740330545 3.360095294964948
6550 499.2507754544732 0 0.1 0.7266034604720345 3.3258014444619364 0.10848775794065048 1.4866978052619881 0.9943808930474143 0.7982196740330545 3.360095294964948
6600 499.2507754544732 0 0.1 0.7266034604720345 3.3258014444619364 0.10848775794065048 1.4866978052619881 0.9943808930474143 0.7982196740330545 3.360095294964948
6650 499.2507754544732 0 0.1 0.7266034604720345 3.3258014444619364 0.10848775794065048 1.4866978052619881 0.9943808930474143 0.7982196740330545 3.360095294964948
6700 499.2507754544732 0 0.1 0.7266034604720345 3.3258014444619364 0.10848775794065048 1.4866978052619881 0.9943808930474143 0.7982196740330545 3.360095294964948
6750 499.2507754544732 0 0.1 0.7266034604720345 3.3258014444619364 0.10848775794065048 1.4866978052619881 0.9943808930474143 0.7982196740330545 3.360095294964948
6800 499.2507754544732 0 0.1 0.7266034604720345 3.3258014444619364 0.10848775794065048 1.4866978052619881 0.9943808930474143 0.7982196740330545 3.360095294964948
6850 499.2507754544732 0 0.1 0.7266034604720345 3.3258014444619364 0.10848775794065048 1.4866978052619881 0.9943808930474143 0.7982196740330545 3.360095294964948
6900 499.2507754544732 0 0.1359372504443975 0.6650604817573731 3.292407888146346 0.12917349111085433 1.4708171549994289 1.039082508129641 0.8207264366333996 3.4
6950 499.2507754544732 0 0.1359372504443975 0.6650604817573731 3.292407888146346 0.12917349111085433 1.4708171549994289 1.039082508129641 0.8207264366333996 3.4
7000 499.2507754544732 0 0.1359372504443975 0.6650604817573731 3.292407888146346 0.12917349111085433 1.4708171549994289 1.039082508129641 0.8207264366333996 3.4
7050 499.2507754544732 0 0.1359372504443975 0.6650604817573731 3.292407888146346 0.12917349111085433 1.4708171549994289 1.039082508129641 0.8207264366333996 3.4
7100 499.2507754544732 0 0.1359372504443975 0.6650604817573731 3.292407888146346 0.12917349111085433 1.4708171549994289 1.039082508129641 0.8207264366333996 3.4
7150 499.2507754544732 0 0.1359372504443975 0.6650604817573731 3.292407888146346 0.12917349111085433 1.4708171549994289 1.039082508129641 0.8207264366333996 3.4
7200 499.2507754544732 0 0.1359372504443975 0.6650604817573731 3.292407888146346 0.12917349111085433 1.4708171549994289 1.039082508129641 0.8207264366333996 3.4
7250 499.2507754544732 0 0.1359372504443975 0.6650604817573731 3.292407888146346 0.12917349111085433 1.4708171549994289 1.039082508129641 0.8207264366333996 3.4
7300 499.2507754544732 0 0.1359372504443975 0.6650604817573731 3.292407888146346 0.12917349111085433 1.4708171549994289 1.039082508129641 0.8207264366333996 3.4
7350 499.2507754544732 0 0.1359372504443975 0.6650604817573731 3.292407888146346 0.12917349111085433 1.4708171549994289 1.039082508129641 0.8207264366333996 3.4
7400 499.2507754544732 0 0.1359372504443975 0.6650604817573731 3.292407888146346 0.12917349111085433 1.4708171549994289 1.039082508129641 0.8207264366333996 3.4
7450 499.2507754544732 0 0.1359372504443975 0.6650604817573731 3.292407888146346 0.12917349111085433 1.4708171549994289 1.039082508129641 0.8207264366333996 3.4
7500 499.2507754544732 0 0.1359372504443975 0.6650604817573731 3.292407888146346 0.12917349111085433 1.4708171549994289 1.039082508129641 0.8207264366333996 3.4
7550 499.2507754544732 0 0.1359372504443975 0.6650604817573731 3.292407888146346 0.12917349111085433 1.4708171549994289 1.039082508129641 0.8207264366333996 3.4
7600 499.2507754544732 0 0.1359372504443975 0.6650604817573731 3.292407888146346 0.12917349111085433 1.4708171549994289 1.039082508129641 0.8207264366333996 3.4
7650 499.2507754544732 0 0.1359372504443975 0.6650604817573731 3.292407888146346 0.12917349111085433 1.4708171549994289 1.039082508129641 0.8207264366333996 3.4
7700 499.2507754544732 0 0.1359372504443975 0.6650604817573731 3.292407888146346 0.12917349111085433 1.4708171549994289 1.039082508129641 0.8207264366333996 3.4
7750 499.2507754544732 0 0.1359372504443975 0.6650604817573731 3.292407888146346 0.12917349111085433 1.4708171549994289 1.039082508129641 0.8207264366333996 3.4
7800 499.2507754544732 0 0.1359372504443975 0.6650604817573731 3.292407888146346 0.12917349111085433 1.4708171549994289 1.039082508129641 0.8207264366333996 3.4
7850 499.2507754544732 0 0.1359372504443975 0.6650604817573731 3.292407888146346 0.12917349111085433 1.4708171549994289 1.039082508129641 0.8207264366333996 3.4
7900 499.2507754544732 0 0.1359372504443975 0.6650604817573731 3.292407888146346 0.12917349111085433 1.4708171549994289 1.039082508129641 0.8207264366333996 3.4
7950 499.2507754544732 0 0.1359372504443975 0.6650604817573731 3.292407888146346 0.12917349111085433 1.4708171549994289 1.039082508129641 0.8207264366333996 3.4
8000 499.2507754544732 0 0.1359372504443975 0.6650604817573731 3.292407888146346 0.12917349111085433 1.4708171549994289 1.039082508129641 0.8207264366333996 3.4
8050 499.2507754544732 0 0.1359372504443975 0.6650604817573731 3.292407888146346 0.12917349111085433 1.4708171549994289 1.039082508129641 0.8207264366333996 3.4
8100 499.2507754544732 0 0.1359372504443975 0.6650604817573731 3.292407888146346 0.12917349111085433 1.4708171549994289 1.039082508129641 0.8207264366333996 3.4
8150 499.2507754544732 0 0.1359372504443975 0.6650604817573731 3.292407888146346 0.12917349111085433 1.4708171549994289 1.039082508129641 0.8207264366333996 3.4
8200 499.2507754544732 0 0.1359372504443975 0.6650604817573731 3.292407888146346 0.12917349111085433 1.4708171549994289 1.039082508129641 0.8207264366333996 3.4
8250 499.2507754544732 0 0.1359372504443975 0.6650604817573731 3.292407888146346 0.12917349111085433 1.4708171549994289 1.039082508129641 0.8207264366333996 3.4
8300 499.2507754544732 0 0.1359372504443975 0.6650604817573731 3.292407888146346 0.12917349111085433 1.4708171549994289 1.039082508129641 0.8207264366333996 3.4
8350 499.2507754544732 0 0.1359372504443975 0.6650604817573731 3.292407888146346 0.12917349111085433 1.4708171549994289 1.039082508129641 0.8207264366333996 3.4
8400 499.2507754544732 0 0.1359372504443975 0.6650604817573731 3.292407888146346 0.12917349111085433 1.4708171549994289 1.039082508129641 0.8207264366333996 3.4
8450 499.2507754544732 0 0.1359372504443975 0.6650604817573731 3.292407888146346 0.12917349111085433 1.4708171549994289 1.039082508129641 0.8207264366333996 3.4
8500 499.2507754544732 0 0.1359372504443975 0.6650604817573731 3.292407888146346 0.12917349111085433 1.4708171549994289 1.039082508129641 0.8207264366333996 3.4
8550 499.2507754544732 0 0.1359372504443975 0.6650604817573731 3.292407888146346 0.12917349111085433 1.4708171549994289 1.039082508129641 0.8207264366333996 3.4
8600 499.2507754544732 0 0.1359372504443975 0.6650604817573731 3.292407888146346 0.12917349111085433 1.4708171549994289 1.039082508129641 0.8207264366333996 3.4
8650 499.2507754544732 0 0.1359372504443975 0.6650604817573731 3.292407888146346 0.12917349111085433 1.4708171549994289 1.039082508129641 0.8207264366333996 3.4
8700 499.2507754544732 0 0.1359372504443975 0.6650604817573731 3.292407888146346 0.12917349111085433 1.4708171549994289 1.039082508129641 0.8207264366333996 3.4
8750 499.2507754544732 0 0.1359372504443975 0.6650604817573731 3.292407888146346 0.12917349111085433 1.4708171549994289 1.039082508129641 0.8207264366333996 3.4
8800 499.2507754544732 0 0.1359372504443975 0.6650604817573731 3.292407888146346 0.12917349111085433 1.4708171549994289 1.039082508129641 0.8207264366333996 3.4
8850 499.2507754544732 0 0.1359372504443975 0.6650604817573731 3.292407888146346 0.12917349111085433 1.4708171549994289 1.039082508129641 0.8207264366333996 3.4
8900 499.2507754544732 0 0.1359372504443975 0.6650604817573731 3.292407888146346 0.12917349111085433 1.4708171549994289 1.039082508129641 0.8207264366333996 3.4
8950 499.2507754544732 0 0.1359372504443975 0.6650604817573731 3.292407888146346 0.12917349111085433 1.4708171549994289 1.039082508129641 0.8207264366333996 3.4
9000 499.2507754544732 0 0.1359372504443975 0.6650604817573731 3.292407888146346 0.12917349111085433 1.4708171549994289 1.039082508129641 0.8207264366333996 3.4
9050 499.2507754544732 0 0.1359372504443975 0.6650604817573731 3.292407888146346 0.12917349111085433 1.4708171549994289 1.039082508129641 0.8207264366333996 3.4
9100 499.2507754544732 0 0.1359372504443975 0.6650604817573731 3.292407888146346 0.12917349111085433 1.4708171549994289 1.039082508129641 0.8207264366333996 3.4
9150 499.2507754544732 0 0.1359372504443975 0.6650604817573731 3.292407888146346 0.12917349111085433 1.4708171549994289 1.039082508129641 0.8207264366333996 3.4
9200 499.2507754544732 0 0.1359372504443975 0.6650604817573731 3.292407888146346 0.12917349111085433 1.4708171549994289 1.039082508129641 0.8207264366333996 3.4
9250 499.2507754544732 0 0.1359372504443975 0.6650604817573731 3.292407888146346 0.12917349111085433 1.4708171549994289 1.039082508129641 0.8207264366333996 3.4
9300 499.2507754544732 0 0.1359372504443975 0.6650604817573731 3.292407888146346 0.12917349111085433 1.4708171549994289 1.039082508129641 0.8207264366333996 3.4
9350 499.2507754544732 0 0.1359372504443975 0.6650604817573731 3.292407888146346 0.12917349111085433 1.4708171549994289 1.039082508129641 0.8207264366333996 3.4
9400 499.2507754544732 0 0.1359372504443975 0.6650604817573731 3.292407888146346 0.12917349111085433 1.4708171549994289 1.039082508129641 0.8207264366333996 3.4
9450 499.2507754544732 0 0.1359372504443975 0.6650604817573731 3.292407888146346 0.12917349111085433 1.4708171549994289 1.039082508129641 0.8207264366333996 3.4
9500 499.2507754544732 0 0.1359372504443975 0.6650604817573731 3.292407888146346 0.12917349111085433 1.4708171549994289 1.039082508129641 0.8207264366333996 3.4
9550 499.2507754544732 0 0.1359372504443975 0.6650604817573731 3.292407888146346 0.12917349111085433 1.4708171549994289 1.039082508129641 0.8207264366333996 3.4
9600 499.2507754544732 0 0.1359372504443975 0.6650604817573731 3.292407888146346 0.12917349111085433 1.4708171549994289 1.039082508129641 0.8207264366333996 3.4
9650 499.2507754544732 0 0.1359372504443975 0.6650604817573731 3.292407888146346 0.12917349111085433 1.4708171549994289 1.039082508129641 0.8207264366333996 3.4
9700 499.2507754544732 0 0.1359372504443975 0.6650604817573731 3.292407888146346 0.12917349111085433 1.4708171549994289 1.039082508129641 0.8207264366333996 3.4
9750 499.2507754544732 0 0.1359372504443975 0.6650604817573731 3.292407888146346 0.12917349111085433 1.4708171549994289 1.039082508129641 0.8207264366333996 3.4
9800 499.2507754544732 0 0.1359372504443975 0.6650604817573731 3.292407888146346 0.12917349111085433 1.4708171549994289 1.039082508129641 0.8207264366333996 3.4
9850 499.2507754544732 0 0.1359372504443975 0.6650604817573731 3.292407888146346 0.12917349111085433 1.4708171549994289 1.039082508129641 0.8207264366333996 3.4
9900 499.2507754544732 0 0.1359372504443975 0.6650604817573731 3.292407888146346 0.12917349111085433 1.4708171549994289 1.039082508129641 0.8207264366333996 3.4
9950 499.2507754544732 0 0.1359372504443975 0.6650604817573731 3.292407888146346 0.12917349111085433 1.4708171549994289 1.039082508129641 0.8207264366333996 3.4
10000 499.2507754544732 0 0.1359372504443975 0.6650604817573731 3.292407888146346 0.12917349111085433 1.4708171549994289 1.039082508129641 0.8207264366333996 3.4
10050 499.2507754544732 0 0.1359372504443975 0.6650604817573731 3.292407888146346 0.12917349111085433 1.4708171549994289 1.039082508129641 0.8207264366333996 3.4
10100 499.2507754544732 0 0.1359372504443975 0.6650604817573731 3.292407888146346 0.12917349111085433 1.4708171549994289 1.039082508129641 0.8207264366333996 3.4
10150 499.2507754544732 0 0.1359372504443975 0.6650604817573731 3.292407888146346 0.12917349111085433 1.4708171549994289 1.039082508129641 0.8207264366333996 3.4
10200 499.2507754544732 0 0.1359372504443975 0.6650604817573731 3.292407888146346 0.12917349111085433 1.4708171549994289 1.039082508129641 0.8207264366333996 3.4
10250 499.2507754544732 0 0.1359372504443975 0.6650604817573731 3.292407888146346 0.12917349111085433 1.4708171549994289 1.039082508129641 0.8207264366333996 3.4
10300 499.2507754544732 0 0.1359372504443975 0.6650604817573731 3.292407888146346 0.12917349111085433 1.4708171549994289 1.039082508129641 0.8207264366333996 3.4
10350 499.2507754544732 0 0.1359372504443975 0.6650604817573731 3.292407888146346 0.12917349111085433 1.4708171549994289 1.039082508129641 0.8207264366333996 3.4
10400 499.2507754544732 0 0.1359372504443975 0.6650604817573731 3.292407888146346 0.12917349111085433 1.4708171549994289 1.039082508129641 0.8207264366333996 3.4
10450 499.2507754544732 0 0.1359372504443975 0.6650604817573731 3.292407888146346 0.12917349111085433 1.4708171549994289 1.039082508129641 0.8207264366333996 3.4
10500 499.2507754544732 0 0.1359372504443975 0.6650604817573731 3.292407888146346 0.12917349111085433 1.4708171549994289 1.039082508129641 0.8207264366333996 3.4
10550 499.2507754544732 0 0.1359372504443975 0.6650604817573731 3.292407888146346 0.12917349111085433 1.4708171549994289 1.039082508129641 0.8207264366333996 3.4
10600 499.2507754544732 0 0.1359372504443975 0.6650604817573731 3.292407888146346 0.12917349111085433 1.4708171549994289 1.039082508129641 0.8207264366333996 3.4
10650 499.2507754544732 0 0.1359372504443975 0.6650604817573731 3.292407888146346 0.12917349111085433 1.4708171549994289 1.039082508129641 0.8207264366333996 3.4
10700 499.2507754544732 0 0.1359372504443975 0.6650604817573731 3.292407888146346 0.12917349111085433 1.4708171549994289 1.039082508129641 0.8207264366333996 3.4
10750 499.2507754544732 0 0.1359372504443975 0.6650604817573731 3.292407888146346 0.12917349111085433 1.4708171549994289 1.039082508129641 0.8207264366333996 3.4
10800 499.2507754544732 0 0.1359372504443975 0.6650604817573731 3.292407888146346 0.12917349111085433 1.4708171549994289 1.039082508129641 0.8207264366333996 3.4
10850 499.2507754544732 0 0.1359372504443975 0.6650604817573731 3.292407888146346 0.12917349111085433 1.4708171549994289 1.039082508129641 0.8207264366333996 3.4
10900 499.2507754544732 0 0.1359372504443975 0.6650604817573731 3.292407888146346 0.12917349111085433 1.4708171549994289 1.039082508129641 0.8207264366333996 3.4
10950 499.2507754544732 0 0.1359372504443975 0.6650604817573731 3.292407888146346 0.12917349111085433 1.4708171549994289 1.039082508129641 0.8207264366333996 3.4
11000 499.2507754544732 0 0.1359372504443975 0.6650604817573731 3.292407888146346 0.12917349111085433 1.4708171549994289 1.039082508129641 0.8207264366333996 3.4
11050 499.2507754544732 0 0.1359372504443975 0.6650604817573731 3.292407888146346 0.12917349111085433 1.4708171549994289 1.039082508129641 0.8207264366333996 3.4
11100 499.2507754544732 0 0.1359372504443975 0.6650604817573731 3.292407888146346 0.12917349111085433 1.4708171549994289 1.039082508129641 0.8207264366333996 3.4
11150 499.2507754544732 0 0.1359372504443975 0.6650604817573731 3.292407888146346 0.12917349111085433 1.4708171549994289 1.039082508129641 0.8207264366333996 3.4
11200 499.2507754544732 0 0.1359372504443975 0.6650604817573731 3.292407888146346 0.12917349111085433 1.4708171549994289 1.039082508129641 0.8207264366333996 3.4
11250 499.2507754544732 0 0.1359372504443975 0.6650604817573731 3.292407888146346 0.12917349111085433 1.4708171549994289 1.039082508129641 0.8207264366333996 3.4
11300 499.2507754544732 0 0.1359372504443975 0.6650604817573731 3.292407888146346 0.12917349111085433 1.4708171549994289 1.039082508129641 0.8207264366333996 3.4
11350 499.2507754544732 0 0.1359372504443975 0.6650604817573731 3.292407888146346 0.12917349111085433 1.4708171549994289 1.039082508129641 0.8207264366333996 3.4
11400 499.2507754544732 0 0.1359372504443975 0.6650604817573731 3.292407888146346 0.12917349111085433 1.4708171549994289 1.039082508129641 0.8207264366333996 3.4
11450 499.2507754544732 0 0.1359372504443975 0.6650604817573731 3.292407888146346 0.12917349111085433 1.4708171549994289 1.039082508129641 0.8207264366333996 3.4
11500 499.2507754544732 0 0.1359372504443975 0.6650604817573731 3.292407888146346 0.12917349111085433 1.4708171549994289 1.039082508129641 0.8207264366333996 3.4
11550 499.2507754544732 0 0.1359372504443975 0.6650604817573731 3.292407888146346 0.12917349111085433 1.4708171549994289 1.039082508129641 0.8207264366333996 3.4
11600 499.2507754544732 0 0.1359372504443975 0.6650604817573731 3.292407888146346 0.12917349111085433 1.4708171549994289 1.039082508129641 0.8207264366333996 3.4
11650 499.2507754544732 0 0.1359372504443975 0.6650604817573731 3.292407888146346 0.12917349111085433 1.4708171549994289 1.039082508129641 0.8207264366333996 3.4
11700 499.2507754544732 0 0.1359372504443975 0.6650604817573731 3.292407888146346 0.12917349111085433 1.4708171549994289 1.039082508129641 0.8207264366333996 3.4
11750 499.2507754544732 0 0.1359372504443975 0.6650604817573731 3.292407888146346 0.12917349111085433 1.4708171549994289 1.039082508129641 0.8207264366333996 3.4
11800 499.2507754544732 0 0.1359372504443975 0.6650604817573731 3.292407888146346 0.12917349111085433 1.4708171549994289 1.039082508129641 0.8207264366333996 3.4
11850 499.2507754544732 0 0.1359372504443975 0.6650604817573731 3.292407888146346 0.12917349111085433 1.4708171549994289 1.039082508129641 0.8207264366333996 3.4
11900 499.2507754544732 0 0.1359372504443975 0.6650604817573731 3.292407888146346 0.12917349111085433 1.4708171549994289 1.039082508129641 0.8207264366333996 3.4
11950 499.2507754544732 0 0.1359372504443975 0.6650604817573731 3.292407888146346 0.12917349111085433 1.4708171549994289 1.039082508129641 0.8207264366333996 3.4
12000 499.2507754544732 0 0.1359372504443975 0.6650604817573731 3.292407888146346 0.12917349111085433 1.4708171549994289 1.039082508129641 0.8207264366333996 3.4
12050 499.2507754544732 0 0.1359372504443975 0.6650604817573731 3.292407888146346 0.12917349111085433 1.4708171549994289 1.039082508129641 0.8207264366333996 3.4
12100 499.2507754544732 0 0.1359372504443975 0.6650604817573731 3.292407888146346 0.12917349111085433 1.4708171549994289 1.039082508129641 0.8207264366333996 3.4
12150 499.2507754544732 0 0.1359372504443975 0.6650604817573731 3.292407888146346 0.12917349111085433 1.4708171549994289 1.039082508129641 0.8207264366333996 3.4
12200 499.2507754544732 0 0.1359372504443975 0.6650604817573731 3.292407888146346 0.12917349111085433 1.4708171549994289 1.039082508129641 0.8207264366333996 3.4
12250 499.2507754544732 0 0.1359372504443975 0.6650604817573731 3.292407888146346 0.12917349111085433 1.4708171549994289 1.039082508129641 0.8207264366333996 3.4
12300 499.2507754544732 0 0.1359372504443975 0.6650604817573731 3.292407888146346 0.12917349111085433 1.4708171549994289 1.039082508129641 0.8207264366333996 3.4
12350 499.2507754544732 0 0.1359372504443975 0.6650604817573731 3.292407888146346 0.12917349111085433 1.4708171549994289 1.039082508129641 0.8207264366333996 3.4
12400 499.2507754544732 0 0.1359372504443975 0.6650604817573731 3.292407888146346 0.12917349111085433 1.4708171549994289 1.039082508129641 0.8207264366333996 3.4
12450 499.2507754544732 0 0.1359372504443975 0.6650604817573731 3.292407888146346 0.12917349111085433 1.4708171549994289 1.039082508129641 0.8207264366333996 3.4
12500 499.2507754544732 0 0.1359372504443975 0.6650604817573731 3.292407888146346 0.12917349111085433 1.4708171549994289 1.039082508129641 0.8207264366333996 3.4
12550 499.2507754544732 0 0.1359372504443975 0.6650604817573731 3.292407888146346 0.12917349111085433 1.4708171549994289 1.039082508129641 0.8207264366333996 3.4
12600 499.2507754544732 0 0.1359372504443975 0.6650604817573731 3.292407888146346 0.12917349111085433 1.4708171549994289 1.039082508129641 0.8207264366333996 3.4
12650 499.2507754544732 0 0.1359372504443975 0.6650604817573731 3.292407888146346 0.12917349111085433 1.4708171549994289 1.039082508129641 0.8207264366333996 3.4
12700 499.2507754544732 0 0.1359372504443975 0.6650604817573731 3.292407888146346 0.12917349111085433 1.4708171549994289 1.039082508129641 0.8207264366333996 3.4
12750 499.2507754544732 0 0.1359372504443975 0.6650604817573731 3.292407888146346 0.12917349111085433 1.4708171549994289 1.039082508129641 0.8207264366333996 3.4
12800 499.2507754544732 0 0.1359372504443975 0.6650604817573731 3.292407888146346 0.12917349111085433 1.4708171549994289 1.039082508129641 0.8207264366333996 3.4
12850 499.2507754544732 0 0.1359372504443975 0.6650604817573731 3.292407888146346 0.12917349111085433 1.4708171549994289 1.039082508129641 0.8207264366333996 3.4
12900 499.2507754544732 0 0.1359372504443975 0.6650604817573731 3.292407888146346 0.12917349111085433 1.4708171549994289 1.039082508129641 0.8207264366333996 3.4
12950 499.2507754544732 0 0.1359372504443975 0.6650604817573731 3.292407888146346 0.12917349111085433 1.4708171549994289 1.039082508129641 0.8207264366333996 3.4
13000 499.2507754544732 0 0.1359372504443975 0.6650604817573731 3.292407888146346 0.12917349111085433 1.4708171549994289 1.039082508129641 0.8207264366333996 3.4
13050 499.2507754544732 0 0.1359372504443975 0.6650604817573731 3.292407888146346 0.12917349111085433 1.4708171549994289 1.039082508129641 0.8207264366333996 3.4
13100 499.2507754544732 0 0.1359372504443975 0.6650604817573731 3.292407888146346 0.12917349111085433 1.4708171549994289 1.039082508129641 0.8207264366333996 3.4
13150 499.2507754544732 0 0.1359372504443975 0.6650604817573731 3.292407888146346 0.12917349111085433 1.4708171549994289 1.039082508129641 0.8207264366333996 3.4
13200 499.2507754544732 0 0.1359372504443975 0.6650604817573731 3.292407888146346 0.12917349111085433 1.4708171549994289 1.039082508129641 0.8207264366333996 3.4
13250 499.2507754544732 0 0.1359372504443975 0.6650604817573731 3.292407888146346 0.12917349111085433 1.4708171549994289 1.039082508129641 0.8207264366333996 3.4
13300 499.2507754544732 0 0.1359372504443975 0.6650604817573731 3.292407888146346 0.12917349111085433 1.4708171549994289 1.039082508129641 0.8207264366333996 3.4
13350 499.2507754544732 0 0.1359372504443975 0.6650604817573731 3.292407888146346 0.12917349111085433 1.4708171549994289 1.039082508129641 0.8207264366333996 3.4
13400 499.2507754544732 0 0.1359372504443975 0.6650604817573731 3.292407888146346 0.12917349111085433 1.4708171549994289 1.039082508129641 0.8207264366333996 3.4
13450 499.2507754544732 0 0.1359372504443975 0.6650604817573731 3.292407888146346 0.12917349111085433 1.4708171549994289 1.039082508129641 0.8207264366333996 3.4
13500 499.2507754544732 0 0.1359372504443975 0.6650604817573731 3.292407888146346 0.12917349111085433 1.4708171549994289 1.039082508129641 0.8207264366333996 3.4
13550 499.2507754544732 0 0.1359372504443975 0.6650604817573731 3.292407888146346 0.12917349111085433 1.4708171549994289 1.039082508129641 0.8207264366333996 3.4
13600 499.2507754544732 0 0.1359372504443975 0.6650604817573731 3.292407888146346 0.12917349111085433 1.4708171549994289 1.039082508129641 0.8207264366333996 3.4
13650 499.2507754544732 0 0.1359372504443975 0.6650604817573731 3.292407888146346 0.12917349111085433 1.4708171549994289 1.039082508129641 0.8207264366333996 3.4
13700 499.2507754544732 0 0.1359372504443975 0.6650604817573731 3.292407888146346 0.12917349111085433 1.4708171549994289 1.039082508129641 0.8207264366333996 3.4
13750 499.2507754544732 0 0.1359372504443975 0.6650604817573731 3.292407888146346 0.12917349111085433 1.4708171549994289 1.039082508129641 0.8207264366333996 3.4
13800 499.2507754544732 0 0.1359372504443975 0.6650604817573731 3.292407888146346 0.12917349111085433 1.4708171549994289 1.039082508129641 0.8207264366333996 3.4
13850 499.2507754544732 0 0.1359372504443975 0.6650604817573731 3.292407888146346 0.12917349111085433 1.4708171549994289 1.039082508129641 0.8207264366333996 3.4
13900 499.2507754544732 0 0.1359372504443975 0.6650604817573731 3.292407888146346 0.12917349111085433 1.4708171549994289 1.039082508129641 0.8207264366333996 3.4
13950 499.2507754544732 0 0.1359372504443975 0.6650604817573731 3.292407888146346 0.12917349111085433 1.4708171549994289 1.039082508129641 0.8207264366333996 3.4
14000 499.2507754544732 0 0.1359372504443975 0.6650604817573731 3.292407888146346 0.12917349111085433 1.4708171549994289 1.039082508129641 0.8207264366333996 3.4
14050 499.2507754544732 0 0.1359372504443975 0.6650604817573731 3.292407888146346 0.12917349111085433 1.4708171549994289 1.039082508129641 0.8207264366333996 3.4
14100 499.2507754544732 0 0.1359372504443975 0.6650604817573731 3.292407888146346 0.12917349111085433 1.4708171549994289 1.039082508129641 0.8207264366333996 3.4
14150 499.2507754544732 0 0.1359372504443975 0.6650604817573731 3.292407888146346 0.12917349111085433 1.4708171549994289 1.039082508129641 0.8207264366333996 3.4
14200 499.2507754544732 0 0.1359372504443975 0.6650604817573731 3.292407888146346 0.12917349111085433 1.4708171549994289 1.039082508129641 0.8207264366333996 3.4
14250 499.2507754544732 0 0.1359372504443975 0.6650604817573731 3.292407888146346 0.12917349111085433 1.4708171549994289 1.039082508129641 0.8207264366333996 3.4
14300 499.2507754544732 0 0.1359372504443975 0.6650604817573731 3.292407888146346 0.12917349111085433 1.4708171549994289 1.039082508129641 0.8207264366333996 3.4
14350 499.2507754544732 0 0.1359372504443975 0.6650604817573731 3.292407888146346 0.12917349111085433 1.4708171549994289 1.039082508129641 0.8207264366333996 3.4
14400 499.2507754544732 0 0.1359372504443975 0.6650604817573731 3.292407888146346 0.12917349111085433 1.4708171549994289 1.039082508129641 0.8207264366333996 3.4
14450 499.2507754544732 0 0.1359372504443975 0.6650604817573731 3.292407888146346 0.12917349111085433 1.4708171549994289 1.039082508129641 0.8207264366333996 3.4
14500 499.2507754544732 0 0.1359372504443975 0.6650604817573731 3.292407888146346 0.12917349111085433 1.4708171549994289 1.039082508129641 0.8207264366333996 3.4
14550 499.2507754544732 0 0.1359372504443975 0.6650604817573731 3.292407888146346 0.12917349111085433 1.4708171549994289 1.039082508129641 0.8207264366333996 3.4
14600 499.2507754544732 0 0.1359372504443975 0.6650604817573731 3.292407888146346 0.12917349111085433 1.4708171549994289 1.039082508129641 0.8207264366333996 3.4
14650 499.2507754544732 0 0.1359372504443975 0.6650604817573731 3.292407888146346 0.12917349111085433 1.4708171549994289 1.039082508129641 0.8207264366333996 3.4
14700 499.2507754544732 0 0.1359372504443975 0.6650604817573731 3.292407888146346 0.12917349111085433 1.4708171549994289 1.039082508129641 0.8207264366333996 3.4
14750 499.2507754544732 0 0.1359372504443975 0.6650604817573731 3.292407888146346 0.12917349111085433 1.4708171549994289 1.039082508129641 0.8207264366333996 3.4
14800 499.2507754544732 0 0.1359372504443975 0.6650604817573731 3.292407888146346 0.12917349111085433 1.4708171549994289 1.039082508129641 0.8207264366333996 3.4
14850 499.2507754544732 0 0.1359372504443975 0.6650604817573731 3.292407888146346 0.12917349111085433 1.4708171549994289 1.039082508129641 0.8207264366333996 3.4
14900 499.2507754544732 0 0.1359372504443975 0.6650604817573731 3.292407888146346 0.12917349111085433 1.4708171549994289 1.039082508129641 0.8207264366333996 3.4
14950 499.2507754544732 0 0.1359372504443975 0.6650604817573731 3.292407888146346 0.12917349111085433 1.4708171549994289 1.039082508129641 0.8207264366333996 3.4
15000 499.2507754544732 0 0.1359372504443975 0.6650604817573731 3.292407888146346 0.12917349111085433 1.4708171549994289 1.039082508129641 0.8207264366333996 3.4
15050 499.2507754544732 0 0.1359372504443975 0.6650604817573731 3.292407888146346 0.12917349111085433 1.4708171549994289 1.039082508129641 0.8207264366333996 3.4
15100 499.2507754544732 0 0.1359372504443975 0.6650604817573731 3.292407888146346 0.12917349111085433 1.4708171549994289 1.039082508129641 0.8207264366333996 3.4
15150 499.2507754544732 0 0.1359372504443975 0.6650604817573731 3.292407888146346 0.12917349111085433 1.4708171549994289 1.039082508129641 0.8207264366333996 3.4
15200 499.2507754544732 0 0.1359372504443975 0.6650604817573731 3.292407888146346 0.12917349111085433 1.4708171549994289 1.039082508129641 0.8207264366333996 3.4
15250 499.2507754544732 0 0.1359372504443975 0.6650604817573731 3.292407888146346 0.12917349111085433 1.4708171549994289 1.039082508129641 0.8207264366333996 3.4
15300 499.2507754544732 0 0.1359372504443975 0.6650604817573731 3.292407888146346 0.12917349111085433 1.4708171549994289 1.039082508129641 0.8207264366333996 3.4
15350 499.2507754544732 0 0.1359372504443975 0.6650604817573731 3.292407888146346 0.12917349111085433 1.4708171549994289 1.039082508129641 0.8207264366333996 3.4
15400 499.2507754544732 0 0.1359372504443975 0.6650604817573731 3.292407888146346 0.12917349111085433 1.4708171549994289 1.039082508129641 0.8207264366333996 3.4
15450 499.2507754544732 0 0.1359372504443975 0.6650604817573731 3.292407888146346 0.12917349111085433 1.4708171549994289 1.039082508129641 0.8207264366333996 3.4
15500 499.2507754544732 0 0.1359372504443975 0.6650604817573731 3.292407888146346 0.12917349111085433 1.4708171549994289 1.039082508129641 0.8207264366333996 3.4
15550 499.2507754544732 0 0.1359372504443975 0.6650604817573731 3.292407888146346 0.12917349111085433 1.4708171549994289 1.039082508129641 0.8207264366333996 3.4
15600 499.2507754544732 0 0.1359372504443975 0.6650604817573731 3.292407888146346 0.12917349111085433 1.4708171549994289 1.039082508129641 0.8207264366333996 3.4
15650 499.2507754544732 0 0.1359372504443975 0.6650604817573731 3.292407888146346 0.12917349111085433 1.4708171549994289 1.039082508129641 0.8207264366333996 3.4
15700 499.2507754544732 0 0.1359372504443975 0.6650604817573731 3.292407888146346 0.12917349111085433 1.4708171549994289 1.039082508129641 0.8207264366333996 3.4
15750 499.2507754544732 0 0.1359372504443975 0.6650604817573731 3.292407888146346 0.12917349111085433 1.4708171549994289 1.039082508129641 0.8207264366333996 3.4
15800 499.2507754544732 0 0.1359372504443975 0.6650604817573731 3.292407888146346 0.12917349111085433 1.4708171549994289 1.039082508129641 0.8207264366333996 3.4
15850 499.2507754544732 0 0.1359372504443975 0.6650604817573731 3.292407888146346 0.12917349111085433 1.4708171549994289 1.039082508129641 0.8207264366333996 3.4
15900 499.2507754544732 0 0.1359372504443975 0.6650604817573731 3.292407888146346 0.12917349111085433 1.4708171549994289 1.039082508129641 0.8207264366333996 3.4
15950 499.2507754544732 0 0.1359372504443975 0.6650604817573731 3.292407888146346 0.12917349111085433 1.4708171549994289 1.039082508129641 0.8207264366333996 3.4
16000 499.2507754544732 0 0.1359372504443975 0.6650604817573731 3.292407888146346 0.12917349111085433 1.4708171549994289 1.039082508129641 0.8207264366333996 3.4
16050 499.2507754544732 0 0.1359372504443975 0.6650604817573731 3.292407888146346 0.12917349111085433 1.4708171549994289 1.039082508129641 0.8207264366333996 3.4
16100 499.2507754544732 0 0.1359372504443975 0.6650604817573731 3.292407888146346 0.12917349111085433 1.4708171549994289 1.039082508129641 0.8207264366333996 3.4
16150 499.2507754544732 0 0.1359372504443975 0.6650604817573731 3.292407888146346 0.12917349111085433 1.4708171549994289 1.039082508129641 0.8207264366333996 3.4
16200 499.2507754544732 0 0.1359372504443975 0.6650604817573731 3.292407888146346 0.12917349111085433 1.4708171549994289 1.039082508129641 0.8207264366333996 3.4
16250 499.2507754544732 0 0.1359372504443975 0.6650604817573731 3.292407888146346 0.12917349111085433 1.4708171549994289 1.039082508129641 0.8207264366333996 3.4
16300 499.2507754544732 0 0.1359372504443975 0.6650604817573731 3.292407888146346 0.12917349111085433 1.4708171549994289 1.039082508129641 0.8207264366333996 3.4
16350 499.2507754544732 0 0.1359372504443975 0.6650604817573731 3.292407888146346 0.12917349111085433 1.4708171549994289 1.039082508129641 0.8207264366333996 3.4
16400 499.2507754544732 0 0.1359372504443975 0.6650604817573731 3.292407888146346 0.12917349111085433 1.4708171549994289 1.039082508129641 0.8207264366333996 3.4
16450 499.2507754544732 0 0.1359372504443975 0.6650604817573731 3.292407888146346 0.12917349111085433 1.4708171549994289 1.039082508129641 0.8207264366333996 3.4
16500 499.2507754544732 0 0.1359372504443975 0.6650604817573731 3.292407888146346 0.12917349111085433 1.4708171549994289 1.039082508129641 0.8207264366333996 3.4
16550 499.2507754544732 0 0.1359372504443975 0.6650604817573731 3.292407888146346 0.12917349111085433 1.4708171549994289 1.039082508129641 0.8207264366333996 3.4
16600 499.2507754544732 0 0.1359372504443975 0.6650604817573731 3.292407888146346 0.12917349111085433 1.4708171549994289 1.039082508129641 0.8207264366333996 3.4
16650 499.2507754544732 0 0.1359372504443975 0.6650604817573731 3.292407888146346 0.12917349111085433 1.4708171549994289 1.039082508129641 0.8207264366333996 3.4
16700 499.2507754544732 0 0.1359372504443975 0.6650604817573731 3.292407888146346 0.12917349111085433 1.4708171549994289 1.039082508129641 0.8207264366333996 3.4
16750 499.2507754544732 0 0.1359372504443975 0.6650604817573731 3.292407888146346 0.12917349111085433 1.4708171549994289 1.039082508129641 0.8207264366333996 3.4
16800 499.2507754544732 0 0.1359372504443975 0.6650604817573731 3.292407888146346 0.12917349111085433 1.4708171549994289 1.039082508129641 0.8207264366333996 3.4
16850 499.2507754544732 0 0.1359372504443975 0.6650604817573731 3.292407888146346 0.12917349111085433 1.4708171549994289 1.039082508129641 0.8207264366333996 3.4
16900 499.2507754544732 0 0.1359372504443975 0.6650604817573731 3.292407888146346 0.12917349111085433 1.4708171549994289 1.039082508129641 0.8207264366333996 3.4
16950 499.2507754544732 0 0.1359372504443975 0.6650604817573731 3.292407888146346 0.12917349111085433 1.4708171549994289 1.039082508129641 0.8207264366333996 3.4
17000 499.2507754544732 0 0.1359372504443975 0.6650604817573731 3.292407888146346 0.12917349111085433 1.4708171549994289 1.039082508129641 0.8207264366333996 3.4
17050 499.2507754544732 0 0.1359372504443975 0.6650604817573731 3.292407888146346 0.12917349111085433 1.4708171549994289 1.039082508129641 0.8207264366333996 3.4
17100 499.2507754544732 0 0.1359372504443975 0.6650604817573731 3.292407888146346 0.12917349111085433 1.4708171549994289 1.039082508129641 0.8207264366333996 3.4
17150 499.2507754544732 0 0.1359372504443975 0.6650604817573731 3.292407888146346 0.12917349111085433 1.4708171549994289 1.039082508129641 0.8207264366333996 3.4
17200 499.2507754544732 0 0.1359372504443975 0.6650604817573731 3.292407888146346 0.12917349111085433 1.4708171549994289 1.039082508129641 0.8207264366333996 3.4
17250 499.2507754544732 0 0.1359372504443975 0.6650604817573731 3.292407888146346 0.12917349111085433 1.4708171549994289 1.039082508129641 0.8207264366333996 3.4
17300 499.2507754544732 0 0.1359372504443975 0.6650604817573731 3.292407888146346 0.12917349111085433 1.4708171549994289 1.039082508129641 0.8207264366333996 3.4
17350 499.2507754544732 0 0.1359372504443975 0.6650604817573731 3.292407888146346 0.12917349111085433 1.4708171549994289 1.039082508129641 0.8207264366333996 3.4
17400 499.2507754544732 0 0.1359372504443975 0.6650604817573731 3.292407888146346 0.12917349111085433 1.4708171549994289 1.039082508129641 0.8207264366333996 3.4
17450 499.2507754544732 0 0.1359372504443975 0.6650604817573731 3.292407888146346 0.12917349111085433 1.4708171549994289 1.039082508129641 0.8207264366333996 3.4
17500 499.2507754544732 0 0.1359372504443975 0.6650604817573731 3.292407888146346 0.12917349111085433 1.4708171549994289 1.039082508129641 0.8207264366333996 3.4
17550 499.2507754544732 0 0.1359372504443975 0.6650604817573731 3.292407888146346 0.12917349111085433 1.4708171549994289 1.039082508129641 0.8207264366333996 3.4
17600 499.2507754544732 0 0.1359372504443975 0.6650604817573731 3.292407888146346 0.12917349111085433 1.4708171549994289 1.039082508129641 0.8207264366333996 3.4
17650 499.2507754544732 0 0.1359372504443975 0.6650604817573731 3.292407888146346 0.12917349111085433 1.4708171549994289 1.039082508129641 0.8207264366333996 3.4
17700 499.2507754544732 0 0.1359372504443975 0.6650604817573731 3.292407888146346 0.12917349111085433 1.4708171549994289 1.039082508129641 0.8207264366333996 3.4
17750 499.2507754544732 0 0.1359372504443975 0.6650604817573731 3.292407888146346 0.12917349111085433 1.4708171549994289 1.039082508129641 0.8207264366333996 3.4
17800 499.2507754544732 0 0.1359372504443975 0.6650604817573731 3.292407888146346 0.12917349111085433 1.4708171549994289 1.039082508129641 0.8207264366333996 3.4
17850 499.2507754544732 0 0.1359372504443975 0.6650604817573731 3.292407888146346 0.12917349111085433 1.4708171549994289 1.039082508129641 0.8207264366333996 3.4
17900 499.2507754544732 0 0.1359372504443975 0.6650604817573731 3.292407888146346 0.12917349111085433 1.4708171549994289 1.039082508129641 0.8207264366333996 3.4
17950 499.2507754544732 0 0.1359372504443975 0.6650604817573731 3.292407888146346 0.12917349111085433 1.4708171549994289 1.039082508129641 0.8207264366333996 3.4
18000 499.2507754544732 0 0.1359372504443975 0.6650604817573731 3.292407888146346 0.12917349111085433 1.4708171549994289 1.039082508129641 0.8207264366333996 3.4
18050 499.2507754544732 0 0.1359372504443975 0.6650604817573731 3.292407888146346 0.12917349111085433 1.4708171549994289 1.039082508129641 0.8207264366333996 3.4
18100 499.2507754544732 0 0.1359372504443975 0.6650604817573731 3.292407888146346 0.12917349111085433 1.4708171549994289 1.039082508129641 0.8207264366333996 3.4
18150 499.2507754544732 0 0.1359372504443975 0.6650604817573731 3.292407888146346 0.12917349111085433 1.4708171549994289 1.039082508129641 0.8207264366333996 3.4
18200 499.2507754544732 0 0.1359372504443975 0.6650604817573731 3.292407888146346 0.12917349111085433 1.4708171549994289 1.039082508129641 0.8207264366333996 3.4
18250 499.2507754544732 0 0.1359372504443975 0.6650604817573731 3.292407888146346 0.12917349111085433 1.4708171549994289 1.039082508129641 0.8207264366333996 3.4
18300 499.2507754544732 0 0.1359372504443975 0.6650604817573731 3.292407888146346 0.12917349111085433 1.4708171549994289 1.039082508129641 0.8207264366333996 3.4
18350 499.2507754544732 0 0.1359372504443975 0.6650604817573731 3.292407888146346 0.12917349111085433 1.4708171549994289 1.039082508129641 0.8207264366333996 3.4
18400 499.2507754544732 0 0.1359372504443975 0.6650604817573731 3.292407888146346 0.12917349111085433 1.4708171549994289 1.039082508129641 0.8207264366333996 3.4
18450 499.2507754544732 0 0.1359372504443975 0.6650604817573731 3.292407888146346 0.12917349111085433 1.4708171549994289 1.039082508129641 0.8207264366333996 3.4
18500 499.2507754544732 0 0.1359372504443975 0.6650604817573731 3.292407888146346 0.12917349111085433 1.4708171549994289 1.039082508129641 0.8207264366333996 3.4
18550 499.2507754544732 0 0.1359372504443975 0.6650604817573731 3.292407888146346 0.12917349111085433 1.4708171549994289 1.039082508129641 0.8207264366333996 3.4
18600 499.2507754544732 0 0.1359372504443975 0.6650604817573731 3.292407888146346 0.12917349111085433 1.4708171549994289 1.039082508129641 0.8207264366333996 3.4
18650 499.2507754544732 0 0.1359372504443975 0.6650604817573731 3.292407888146346 0.12917349111085433 1.4708171549994289 1.039082508129641 0.8207264366333996 3.4
18700 499.2507754544732 0 0.1359372504443975 0.6650604817573731 3.292407888146346 0.12917349111085433 1.4708171549994289 1.039082508129641 0.8207264366333996 3.4
18750 499.2507754544732 0 0.1359372504443975 0.6650604817573731 3.292407888146346 0.12917349111085433 1.4708171549994289 1.039082508129641 0.8207264366333996 3.4
18800 499.2507754544732 0 0.1359372504443975 0.6650604817573731 3.292407888146346 0.12917349111085433 1.4708171549994289 1.039082508129641 0.8207264366333996 3.4
18850 499.2507754544732 0 0.1359372504443975 0.6650604817573731 3.292407888146346 0.12917349111085433 1.4708171549994289 1.039082508129641 0.8207264366333996 3.4
18900 499.2507754544732 0 0.1359372504443975 0.6650604817573731 3.292407888146346 0.12917349111085433 1.4708171549994289 1.039082508129641 0.8207264366333996 3.4
18950 499.2507754544732 0 0.1359372504443975 0.6650604817573731 3.292407888146346 0.12917349111085433 1.4708171549994289 1.039082508129641 0.8207264366333996 3.4
19000 499.2507754544732 0 0.1359372504443975 0.6650604817573731 3.292407888146346 0.12917349111085433 1.4708171549994289 1.039082508129641 0.8207264366333996 3.4
19050 499.2507754544732 0 0.1359372504443975 0.6650604817573731 3.292407888146346 0.12917349111085433 1.4708171549994289 1.039082508129641 0.8207264366333996 3.4
19100 499.2507754544732 0 0.1359372504443975 0.6650604817573731 3.292407888146346 0.12917349111085433 1.4708171549994289 1.039082508129641 0.8207264366333996 3.4
19150 499.2507754544732 0 0.1359372504443975 0.6650604817573731 3.292407888146346 0.12917349111085433 1.4708171549994289 1.039082508129641 0.8207264366333996 3.4
19200 499.2507754544732 0 0.1359372504443975 0.6650604817573731 3.292407888146346 0.12917349111085433 1.4708171549994289 1.039082508129641 0.8207264366333996 3.4
19250 499.2507754544732 0 0.1359372504443975 0.6650604817573731 3.292407888146346 0.12917349111085433 1.4708171549994289 1.039082508129641 0.8207264366333996 3.4
19300 499.2507754544732 0 0.1359372504443975 0.6650604817573731 3.292407888146346 0.12917349111085433 1.4708171549994289 1.039082508129641 0.8207264366333996 3.4
19350 499.2507754544732 0 0.1359372504443975 0.6650604817573731 3.292407888146346 0.12917349111085433 1.4708171549994289 1.039082508129641 0.8207264366333996 3.4
19400 499.2507754544732 0 0.1359372504443975 0.6650604817573731 3.292407888146346 0.12917349111085433 1.4708171549994289 1.039082508129641 0.8207264366333996 3.4
19450 499.2507754544732 0 0.1359372504443975 0.6650604817573731 3.292407888146346 0.12917349111085433 1.4708171549994289 1.039082508129641 0.8207264366333996 3.4
19500 499.2507754544732 0 0.1359372504443975 0.6650604817573731 3.292407888146346 0.12917349111085433 1.4708171549994289 1.039082508129641 0.8207264366333996 3.4
19550 499.2507754544732 0 0.1359372504443975 0.6650604817573731 3.292407888146346 0.12917349111085433 1.4708171549994289 1.039082508129641 0.8207264366333996 3.4
19600 499.2507754544732 0 0.1359372504443975 0.6650604817573731 3.292407888146346 0.12917349111085433 1.4708171549994289 1.039082508129641 0.8207264366333996 3.4
19650 499.2507754544732 0 0.1359372504443975 0.6650604817573731 3.292407888146346 0.12917349111085433 1.4708171549994289 1.039082508129641 0.8207264366333996 3.4
19700 499.2507754544732 0 0.1359372504443975 0.6650604817573731 3.292407888146346 0.12917349111085433 1.4708171549994289 1.039082508129641 0.8207264366333996 3.4
19750 499.2507754544732 0 0.1359372504443975 0.6650604817573731 3.292407888146346 0.12917349111085433 1.4708171549994289 1.039082508129641 0.8207264366333996 3.4
19800 499.2507754544732 0 0.1359372504443975 0.6650604817573731 3.292407888146346 0.12917349111085433 1.4708171549994289 1.039082508129641 0.8207264366333996 3.4
19850 499.2507754544732 0 0.1359372504443975 0.6650604817573731 3.292407888146346 0.12917349111085433 1.4708171549994289 1.039082508129641 0.8207264366333996 3.4
19900 499.2507754544732 0 0.1359372504443975 0.6650604817573731 3.292407888146346 0.12917349111085433 1.4708171549994289 1.039082508129641 0.8207264366333996 3.4
19950 499.2507754544732 0 0.1359372504443975 0.6650604817573731 3.292407888146346 0.12917349111085433 1.4708171549994289 1.039082508129641 0.8207264366333996 3.4
*---*---*---*---*---*---*---*---*---*---*---*---*---*---*---*---*---*---*---*---*
Status: Finished
Last individual
499.2507754544732 0 0.1359372504443975 0.6650604817573731 3.292407888146346 0.12917349111085433 1.4708171549994289 1.039082508129641 0.8207264366333996 3.4
Hall of fame
499.2507754544732 0 0.1 0.7488388990576542 3.240537901056357 0.1 1.49561843768308 1.0240119779634038 0.8365063040078604 3.375529908951604
Last factible individual
499.2507754544732 0 0.1359372504443975 0.6650604817573731 3.292407888146346 0.12917349111085433 1.4708171549994289 1.039082508129641 0.8207264366333996 3.4
CPU time used (seconds)
4.050583735996042
