*---*---*---*---*---*---*---*---*---*---*---*---*---*---*---*---*---*---*---*---*
Algorithm: Differential Evolution
Constrainth handling method: APM
Function: 125
Case: discrete
Seed: 27
Parents size: 50
Offsprings size: 50
maxFe: 20000
CR: 0.9
F: 0.6
rweights: -
*---*---*---*---*---*---*---*---*---*---*---*---*---*---*---*---*---*---*---*---*
ngen ObjectiveFunction Fitness ProjectVariables
50 665.0518419867129 665.0518419867129 0.33311627642157715 2.120454776703585 2.766238650792214 2.0044494749086175 1.0601008883659637 1.9130984704131584 1.6302597308741138 2.4943909251959266
100 646.0213296606232 646.0213296606232 0.45403626181376766 0.4408138561865991 3.4 1.944570088051715 2.6748217509265846 1.1637614912571834 2.176840218604407 3.4
150 646.0213296606232 646.0213296606232 0.45403626181376766 0.4408138561865991 3.4 1.944570088051715 2.6748217509265846 1.1637614912571834 2.176840218604407 3.4
200 576.5153366470053 576.5153366470053 0.1 0.1 3.4 1.9475250600085703 1.5544709991694121 1.583213771548031 1.5967686309888691 2.776841616036033
250 576.5153366470053 576.5153366470053 0.1 0.1 3.4 1.9475250600085703 1.5544709991694121 1.583213771548031 1.5967686309888691 2.776841616036033
300 576.5153366470053 576.5153366470053 0.1 0.1 3.4 1.9475250600085703 1.5544709991694121 1.583213771548031 1.5967686309888691 2.776841616036033
350 576.5153366470053 576.5153366470053 0.1 0.1 3.4 1.9475250600085703 1.5544709991694121 1.583213771548031 1.5967686309888691 2.776841616036033
400 563.4224612534813 563.4224612534813 1.6246938136490017 1.763330545327042 3.2163566826628607 0.1 1.2341437455909734 0.7527750523685824 1.0282915020368453 3.165426794762172
450 557.5339858074174 557.5339858074174 1.6246938136490017 2.5579228075302636 2.528958080753651 0.1 0.46174582230369154 1.02325258854796 0.7248986009640115 3.4
500 557.5339858074174 557.5339858074174 1.6246938136490017 2.5579228075302636 2.528958080753651 0.1 0.46174582230369154 1.02325258854796 0.7248986009640115 3.4
550 557.5339858074174 557.5339858074174 1.6246938136490017 2.5579228075302636 2.528958080753651 0.1 0.46174582230369154 1.02325258854796 0.7248986009640115 3.4
600 548.1050574173734 548.1050574173734 0.1 2.179198294130807 2.2543356634846505 0.1 2.11267012785453 0.8699362009452564 0.9452345609168705 3.165426794762172
650 548.1050574173734 548.1050574173734 0.1 2.179198294130807 2.2543356634846505 0.1 2.11267012785453 0.8699362009452564 0.9452345609168705 3.165426794762172
700 548.1050574173734 548.1050574173734 0.1 2.179198294130807 2.2543356634846505 0.1 2.11267012785453 0.8699362009452564 0.9452345609168705 3.165426794762172
750 548.1050574173734 548.1050574173734 0.1 2.179198294130807 2.2543356634846505 0.1 2.11267012785453 0.8699362009452564 0.9452345609168705 3.165426794762172
800 534.2241273121172 534.2241273121172 1.126263072648692 0.5657613605140293 3.0682885652597895 0.1 0.1 0.9001792212901166 1.7298187250160915 3.4
850 534.2241273121172 534.2241273121172 1.126263072648692 0.5657613605140293 3.0682885652597895 0.1 0.1 0.9001792212901166 1.7298187250160915 3.4
900 523.6582977932154 523.6582977932154 0.13064598843294525 0.1 3.4 0.9364655624255209 2.0166572962409353 1.167453182823332 1.1287675090643081 3.4
950 523.6582977932154 523.6582977932154 0.13064598843294525 0.1 3.4 0.9364655624255209 2.0166572962409353 1.167453182823332 1.1287675090643081 3.4
1000 523.6582977932154 523.6582977932154 0.13064598843294525 0.1 3.4 0.9364655624255209 2.0166572962409353 1.167453182823332 1.1287675090643081 3.4
1050 523.6582977932154 523.6582977932154 0.13064598843294525 0.1 3.4 0.9364655624255209 2.0166572962409353 1.167453182823332 1.1287675090643081 3.4
1100 523.6582977932154 523.6582977932154 0.13064598843294525 0.1 3.4 0.9364655624255209 2.0166572962409353 1.167453182823332 1.1287675090643081 3.4
1150 523.6582977932154 523.6582977932154 0.13064598843294525 0.1 3.4 0.9364655624255209 2.0166572962409353 1.167453182823332 1.1287675090643081 3.4
1200 520.1496745394047 520.1496745394047 0.6830361834904248 0.1 3.4 0.1 1.2998534815970075 0.856634235767371 1.588221024675562 3.4
1250 520.1496745394047 520.1496745394047 0.6830361834904248 0.1 3.4 0.1 1.2998534815970075 0.856634235767371 1.588221024675562 3.4
1300 520.1496745394047 520.1496745394047 0.6830361834904248 0.1 3.4 0.1 1.2998534815970075 0.856634235767371 1.588221024675562 3.4
1350 520.1496745394047 520.1496745394047 0.6830361834904248 0.1 3.4 0.1 1.2998534815970075 0.856634235767371 1.588221024675562 3.4
1400 520.1496745394047 520.1496745394047 0.6830361834904248 0.1 3.4 0.1 1.2998534815970075 0.856634235767371 1.588221024675562 3.4
1450 520.1496745394047 520.1496745394047 0.6830361834904248 0.1 3.4 0.1 1.2998534815970075 0.856634235767371 1.588221024675562 3.4
1500 520.1496745394047 520.1496745394047 0.6830361834904248 0.1 3.4 0.1 1.2998534815970075 0.856634235767371 1.588221024675562 3.4
1550 511.1496745394047 511.1496745394047 0.1 0.1 3.3612592726597885 0.1 0.9984236455234948 1.0252565375523452 1.5287457292991296 3.287622210920996
1600 511.1496745394047 511.1496745394047 0.1 0.1 3.3612592726597885 0.1 0.9984236455234948 1.0252565375523452 1.5287457292991296 3.287622210920996
1650 511.1496745394047 511.1496745394047 0.1 0.1 3.3612592726597885 0.1 0.9984236455234948 1.0252565375523452 1.5287457292991296 3.287622210920996
1700 511.1496745394047 511.1496745394047 0.1 0.1 3.3612592726597885 0.1 0.9984236455234948 1.0252565375523452 1.5287457292991296 3.287622210920996
1750 511.1496745394047 511.1496745394047 0.1 0.1 3.3612592726597885 0.1 0.9984236455234948 1.0252565375523452 1.5287457292991296 3.287622210920996
1800 511.1496745394047 511.1496745394047 0.1 0.1 3.3612592726597885 0.1 0.9984236455234948 1.0252565375523452 1.5287457292991296 3.287622210920996
1850 511.1496745394047 511.1496745394047 0.1 0.1 3.3612592726597885 0.1 0.9984236455234948 1.0252565375523452 1.5287457292991296 3.287622210920996
1900 511.1496745394047 511.1496745394047 0.1 0.1 3.3612592726597885 0.1 0.9984236455234948 1.0252565375523452 1.5287457292991296 3.287622210920996
1950 509.021220565283 509.021220565283 0.1 0.5452197075562462 3.091074578217055 0.3130121896976886 1.001169253581059 0.8543928607030851 1.3062607894058025 3.4
2000 509.021220565283 509.021220565283 0.1 0.5452197075562462 3.091074578217055 0.3130121896976886 1.001169253581059 0.8543928607030851 1.3062607894058025 3.4
2050 505.6733917176303 505.6733917176303 0.3256223984573601 0.9360373179812463 3.0877318969669414 0.1 1.8508972945860593 0.938902768059673 0.7686015425688864 3.3802707434536527
2100 505.6733917176303 505.6733917176303 0.3256223984573601 0.9360373179812463 3.0877318969669414 0.1 1.8508972945860593 0.938902768059673 0.7686015425688864 3.3802707434536527
2150 505.6733917176303 505.6733917176303 0.3256223984573601 0.9360373179812463 3.0877318969669414 0.1 1.8508972945860593 0.938902768059673 0.7686015425688864 3.3802707434536527
2200 505.6733917176303 505.6733917176303 0.3256223984573601 0.9360373179812463 3.0877318969669414 0.1 1.8508972945860593 0.938902768059673 0.7686015425688864 3.3802707434536527
2250 505.6733917176303 505.6733917176303 0.3256223984573601 0.9360373179812463 3.0877318969669414 0.1 1.8508972945860593 0.938902768059673 0.7686015425688864 3.3802707434536527
2300 505.6698584716496 505.6698584716496 0.1794693840610056 0.9855432236276028 3.3477160610806465 0.1 1.8209673011140848 0.8482780004031161 0.7905493318200858 3.4
2350 503.1953935902891 503.1953935902891 0.362046966000422 0.9154609669422488 3.2932557736762393 0.1 1.3623315533041023 1.078326200304366 0.6274135452828622 3.4
2400 503.1953935902891 503.1953935902891 0.362046966000422 0.9154609669422488 3.2932557736762393 0.1 1.3623315533041023 1.078326200304366 0.6274135452828622 3.4
2450 503.1953935902891 503.1953935902891 0.362046966000422 0.9154609669422488 3.2932557736762393 0.1 1.3623315533041023 1.078326200304366 0.6274135452828622 3.4
2500 503.1953935902891 503.1953935902891 0.362046966000422 0.9154609669422488 3.2932557736762393 0.1 1.3623315533041023 1.078326200304366 0.6274135452828622 3.4
2550 503.1953935902891 503.1953935902891 0.362046966000422 0.9154609669422488 3.2932557736762393 0.1 1.3623315533041023 1.078326200304366 0.6274135452828622 3.4
2600 503.1953935902891 503.1953935902891 0.362046966000422 0.9154609669422488 3.2932557736762393 0.1 1.3623315533041023 1.078326200304366 0.6274135452828622 3.4
2650 501.9497052171944 501.9497052171944 0.1794693840610056 0.8841031281212814 3.4 0.13460364483261428 1.935735976606005 0.9880080040344568 0.6126855391809215 3.4
2700 501.1997052171944 501.1997052171944 0.1 0.9039191501234216 3.3661367283275894 0.13460364483261428 1.936806444682972 1.0538674851056906 0.4912264578487301 3.3593470502184246
2750 501.1997052171944 501.1997052171944 0.1 0.9039191501234216 3.3661367283275894 0.13460364483261428 1.936806444682972 1.0538674851056906 0.4912264578487301 3.3593470502184246
2800 501.1997052171944 501.1997052171944 0.1 0.9039191501234216 3.3661367283275894 0.13460364483261428 1.936806444682972 1.0538674851056906 0.4912264578487301 3.3593470502184246
2850 501.1997052171944 501.1997052171944 0.1 0.9039191501234216 3.3661367283275894 0.13460364483261428 1.936806444682972 1.0538674851056906 0.4912264578487301 3.3593470502184246
2900 501.1997052171944 501.1997052171944 0.1 0.9039191501234216 3.3661367283275894 0.13460364483261428 1.936806444682972 1.0538674851056906 0.4912264578487301 3.3593470502184246
2950 501.1997052171944 501.1997052171944 0.1 0.9039191501234216 3.3661367283275894 0.13460364483261428 1.936806444682972 1.0538674851056906 0.4912264578487301 3.3593470502184246
3000 501.1997052171944 501.1997052171944 0.1 0.9039191501234216 3.3661367283275894 0.13460364483261428 1.936806444682972 1.0538674851056906 0.4912264578487301 3.3593470502184246
3050 501.1997052171944 501.1997052171944 0.1 0.9039191501234216 3.3661367283275894 0.13460364483261428 1.936806444682972 1.0538674851056906 0.4912264578487301 3.3593470502184246
3100 501.1997052171944 501.1997052171944 0.1 0.9039191501234216 3.3661367283275894 0.13460364483261428 1.936806444682972 1.0538674851056906 0.4912264578487301 3.3593470502184246
3150 501.1997052171944 501.1997052171944 0.1 0.9039191501234216 3.3661367283275894 0.13460364483261428 1.936806444682972 1.0538674851056906 0.4912264578487301 3.3593470502184246
3200 501.1997052171944 501.1997052171944 0.1 0.9039191501234216 3.3661367283275894 0.13460364483261428 1.936806444682972 1.0538674851056906 0.4912264578487301 3.3593470502184246
3250 500.4198584716496 500.4198584716496 0.1 0.9663154956867531 3.4 0.13689394199372243 1.455006783365032 0.9111529541973731 0.7441991885803483 3.396879246608183
3300 500.4198584716496 500.4198584716496 0.1 0.9663154956867531 3.4 0.13689394199372243 1.455006783365032 0.9111529541973731 0.7441991885803483 3.396879246608183
3350 499.2507754544732 499.2507754544732 0.1 0.701819597324449 3.4 0.13460364483261428 1.4811706871633459 1.0204389732094472 0.8064814364242825 3.4
3400 499.2507754544732 499.2507754544732 0.1 0.701819597324449 3.4 0.13460364483261428 1.4811706871633459 1.0204389732094472 0.8064814364242825 3.4
3450 499.2507754544732 499.2507754544732 0.1 0.701819597324449 3.4 0.13460364483261428 1.4811706871633459 1.0204389732094472 0.8064814364242825 3.4
3500 499.2507754544732 499.2507754544732 0.1 0.701819597324449 3.4 0.13460364483261428 1.4811706871633459 1.0204389732094472 0.8064814364242825 3.4
3550 499.2507754544732 499.2507754544732 0.1 0.701819597324449 3.4 0.13460364483261428 1.4811706871633459 1.0204389732094472 0.8064814364242825 3.4
3600 499.2507754544732 499.2507754544732 0.14225757112692836 0.6918222787833195 3.4 0.14788546395035435 1.532384080388724 1.0421499402711243 0.7806575307186329 3.3567257911438806
3650 499.2507754544732 499.2507754544732 0.14225757112692836 0.6918222787833195 3.4 0.14788546395035435 1.532384080388724 1.0421499402711243 0.7806575307186329 3.3567257911438806
3700 499.2507754544732 499.2507754544732 0.14225757112692836 0.6918222787833195 3.4 0.14788546395035435 1.532384080388724 1.0421499402711243 0.7806575307186329 3.3567257911438806
3750 499.2507754544732 499.2507754544732 0.14225757112692836 0.6918222787833195 3.4 0.14788546395035435 1.532384080388724 1.0421499402711243 0.7806575307186329 3.3567257911438806
3800 499.2507754544732 499.2507754544732 0.14225757112692836 0.6918222787833195 3.4 0.14788546395035435 1.532384080388724 1.0421499402711243 0.7806575307186329 3.3567257911438806
3850 499.2507754544732 499.2507754544732 0.14225757112692836 0.6918222787833195 3.4 0.14788546395035435 1.532384080388724 1.0421499402711243 0.7806575307186329 3.3567257911438806
3900 499.2507754544732 499.2507754544732 0.14225757112692836 0.6918222787833195 3.4 0.14788546395035435 1.532384080388724 1.0421499402711243 0.7806575307186329 3.3567257911438806
3950 499.2507754544732 499.2507754544732 0.14225757112692836 0.6918222787833195 3.4 0.14788546395035435 1.532384080388724 1.0421499402711243 0.7806575307186329 3.3567257911438806
4000 499.2507754544732 499.2507754544732 0.14225757112692836 0.6918222787833195 3.4 0.14788546395035435 1.532384080388724 1.0421499402711243 0.7806575307186329 3.3567257911438806
4050 499.2507754544732 499.2507754544732 0.14225757112692836 0.6918222787833195 3.4 0.14788546395035435 1.532384080388724 1.0421499402711243 0.7806575307186329 3.3567257911438806
4100 499.2507754544732 499.2507754544732 0.14225757112692836 0.6918222787833195 3.4 0.14788546395035435 1.532384080388724 1.0421499402711243 0.7806575307186329 3.3567257911438806
4150 499.2507754544732 499.2507754544732 0.14225757112692836 0.6918222787833195 3.4 0.14788546395035435 1.532384080388724 1.0421499402711243 0.7806575307186329 3.3567257911438806
4200 499.2507754544732 499.2507754544732 0.14225757112692836 0.6918222787833195 3.4 0.14788546395035435 1.532384080388724 1.0421499402711243 0.7806575307186329 3.3567257911438806
4250 499.2507754544732 499.2507754544732 0.14225757112692836 0.6918222787833195 3.4 0.14788546395035435 1.532384080388724 1.0421499402711243 0.7806575307186329 3.3567257911438806
4300 499.2507754544732 499.2507754544732 0.14225757112692836 0.6918222787833195 3.4 0.14788546395035435 1.532384080388724 1.0421499402711243 0.7806575307186329 3.3567257911438806
4350 499.2507754544732 499.2507754544732 0.14225757112692836 0.6918222787833195 3.4 0.14788546395035435 1.532384080388724 1.0421499402711243 0.7806575307186329 3.3567257911438806
4400 499.2507754544732 499.2507754544732 0.14225757112692836 0.6918222787833195 3.4 0.14788546395035435 1.532384080388724 1.0421499402711243 0.7806575307186329 3.3567257911438806
4450 499.2507754544732 499.2507754544732 0.14225757112692836 0.6918222787833195 3.4 0.14788546395035435 1.532384080388724 1.0421499402711243 0.7806575307186329 3.3567257911438806
4500 499.2507754544732 499.2507754544732 0.14225757112692836 0.6918222787833195 3.4 0.14788546395035435 1.532384080388724 1.0421499402711243 0.7806575307186329 3.3567257911438806
4550 499.2507754544732 499.2507754544732 0.14225757112692836 0.6918222787833195 3.4 0.14788546395035435 1.532384080388724 1.0421499402711243 0.7806575307186329 3.3567257911438806
4600 499.2507754544732 499.2507754544732 0.14225757112692836 0.6918222787833195 3.4 0.14788546395035435 1.532384080388724 1.0421499402711243 0.7806575307186329 3.3567257911438806
4650 499.2507754544732 499.2507754544732 0.14225757112692836 0.6918222787833195 3.4 0.14788546395035435 1.532384080388724 1.0421499402711243 0.7806575307186329 3.3567257911438806
4700 499.2507754544732 499.2507754544732 0.14225757112692836 0.6918222787833195 3.4 0.14788546395035435 1.532384080388724 1.0421499402711243 0.7806575307186329 3.3567257911438806
4750 499.2507754544732 499.2507754544732 0.14225757112692836 0.6918222787833195 3.4 0.14788546395035435 1.532384080388724 1.0421499402711243 0.7806575307186329 3.3567257911438806
4800 499.2507754544732 499.2507754544732 0.14225757112692836 0.6918222787833195 3.4 0.14788546395035435 1.532384080388724 1.0421499402711243 0.7806575307186329 3.3567257911438806
4850 499.2507754544732 499.2507754544732 0.14225757112692836 0.6918222787833195 3.4 0.14788546395035435 1.532384080388724 1.0421499402711243 0.7806575307186329 3.3567257911438806
4900 499.2507754544732 499.2507754544732 0.14225757112692836 0.6918222787833195 3.4 0.14788546395035435 1.532384080388724 1.0421499402711243 0.7806575307186329 3.3567257911438806
4950 499.2507754544732 499.2507754544732 0.14225757112692836 0.6918222787833195 3.4 0.14788546395035435 1.532384080388724 1.0421499402711243 0.7806575307186329 3.3567257911438806
5000 499.2507754544732 499.2507754544732 0.14225757112692836 0.6918222787833195 3.4 0.14788546395035435 1.532384080388724 1.0421499402711243 0.7806575307186329 3.3567257911438806
5050 499.2507754544732 499.2507754544732 0.14225757112692836 0.6918222787833195 3.4 0.14788546395035435 1.532384080388724 1.0421499402711243 0.7806575307186329 3.3567257911438806
5100 499.2507754544732 499.2507754544732 0.14225757112692836 0.6918222787833195 3.4 0.14788546395035435 1.532384080388724 1.0421499402711243 0.7806575307186329 3.3567257911438806
5150 499.2507754544732 499.2507754544732 0.14225757112692836 0.6918222787833195 3.4 0.14788546395035435 1.532384080388724 1.0421499402711243 0.7806575307186329 3.3567257911438806
5200 499.2507754544732 499.2507754544732 0.14225757112692836 0.6918222787833195 3.4 0.14788546395035435 1.532384080388724 1.0421499402711243 0.7806575307186329 3.3567257911438806
5250 499.2507754544732 499.2507754544732 0.1 0.7291650730168323 3.3431662461913607 0.12386119462162605 1.4728436813043886 1.0062762551562048 0.7630600026803155 3.3313174755324506
5300 499.2507754544732 499.2507754544732 0.1 0.7291650730168323 3.3431662461913607 0.12386119462162605 1.4728436813043886 1.0062762551562048 0.7630600026803155 3.3313174755324506
5350 499.2507754544732 499.2507754544732 0.1 0.7291650730168323 3.3431662461913607 0.12386119462162605 1.4728436813043886 1.0062762551562048 0.7630600026803155 3.3313174755324506
5400 499.2507754544732 499.2507754544732 0.1 0.7291650730168323 3.3431662461913607 0.12386119462162605 1.4728436813043886 1.0062762551562048 0.7630600026803155 3.3313174755324506
5450 499.2507754544732 499.2507754544732 0.1 0.7291650730168323 3.3431662461913607 0.12386119462162605 1.4728436813043886 1.0062762551562048 0.7630600026803155 3.3313174755324506
5500 499.2507754544732 499.2507754544732 0.1 0.7291650730168323 3.3431662461913607 0.12386119462162605 1.4728436813043886 1.0062762551562048 0.7630600026803155 3.3313174755324506
5550 499.2507754544732 499.2507754544732 0.1 0.7291650730168323 3.3431662461913607 0.12386119462162605 1.4728436813043886 1.0062762551562048 0.7630600026803155 3.3313174755324506
5600 499.2507754544732 499.2507754544732 0.1 0.7291650730168323 3.3431662461913607 0.12386119462162605 1.4728436813043886 1.0062762551562048 0.7630600026803155 3.3313174755324506
5650 499.2507754544732 499.2507754544732 0.1 0.7291650730168323 3.3431662461913607 0.12386119462162605 1.4728436813043886 1.0062762551562048 0.7630600026803155 3.3313174755324506
5700 499.2507754544732 499.2507754544732 0.1 0.7291650730168323 3.3431662461913607 0.12386119462162605 1.4728436813043886 1.0062762551562048 0.7630600026803155 3.3313174755324506
5750 499.2507754544732 499.2507754544732 0.1 0.7291650730168323 3.3431662461913607 0.12386119462162605 1.4728436813043886 1.0062762551562048 0.7630600026803155 3.3313174755324506
5800 499.2507754544732 499.2507754544732 0.1 0.7291650730168323 3.3431662461913607 0.12386119462162605 1.4728436813043886 1.0062762551562048 0.7630600026803155 3.3313174755324506
5850 499.2507754544732 499.2507754544732 0.1 0.7291650730168323 3.3431662461913607 0.12386119462162605 1.4728436813043886 1.0062762551562048 0.7630600026803155 3.3313174755324506
5900 499.2507754544732 499.2507754544732 0.1 0.7291650730168323 3.3431662461913607 0.12386119462162605 1.4728436813043886 1.0062762551562048 0.7630600026803155 3.3313174755324506
5950 499.2507754544732 499.2507754544732 0.1 0.7291650730168323 3.3431662461913607 0.12386119462162605 1.4728436813043886 1.0062762551562048 0.7630600026803155 3.3313174755324506
6000 499.2507754544732 499.2507754544732 0.1 0.7291650730168323 3.3431662461913607 0.12386119462162605 1.4728436813043886 1.0062762551562048 0.7630600026803155 3.3313174755324506
6050 499.2507754544732 499.2507754544732 0.1 0.7291650730168323 3.3431662461913607 0.12386119462162605 1.4728436813043886 1.0062762551562048 0.7630600026803155 3.3313174755324506
6100 499.2507754544732 499.2507754544732 0.1 0.7291650730168323 3.3431662461913607 0.12386119462162605 1.4728436813043886 1.0062762551562048 0.7630600026803155 3.3313174755324506
6150 499.2507754544732 499.2507754544732 0.1 0.7291650730168323 3.3431662461913607 0.12386119462162605 1.4728436813043886 1.0062762551562048 0.7630600026803155 3.3313174755324506
6200 499.2507754544732 499.2507754544732 0.1 0.7291650730168323 3.3431662461913607 0.12386119462162605 1.4728436813043886 1.0062762551562048 0.7630600026803155 3.3313174755324506
6250 499.2507754544732 499.2507754544732 0.1 0.7291650730168323 3.3431662461913607 0.12386119462162605 1.4728436813043886 1.0062762551562048 0.7630600026803155 3.3313174755324506
6300 499.2507754544732 499.2507754544732 0.1 0.7291650730168323 3.3431662461913607 0.12386119462162605 1.4728436813043886 1.0062762551562048 0.7630600026803155 3.3313174755324506
6350 499.2507754544732 499.2507754544732 0.1 0.7291650730168323 3.3431662461913607 0.12386119462162605 1.4728436813043886 1.0062762551562048 0.7630600026803155 3.3313174755324506
6400 499.2507754544732 499.2507754544732 0.1 0.7291650730168323 3.3431662461913607 0.12386119462162605 1.4728436813043886 1.0062762551562048 0.7630600026803155 3.3313174755324506
6450 499.2507754544732 499.2507754544732 0.1 0.7291650730168323 3.3431662461913607 0.12386119462162605 1.4728436813043886 1.0062762551562048 0.7630600026803155 3.3313174755324506
6500 499.2507754544732 499.2507754544732 0.1 0.7291650730168323 3.3431662461913607 0.12386119462162605 1.4728436813043886 1.0062762551562048 0.7630600026803155 3.3313174755324506
6550 499.2507754544732 499.2507754544732 0.1 0.7291650730168323 3.3431662461913607 0.12386119462162605 1.4728436813043886 1.0062762551562048 0.7630600026803155 3.3313174755324506
6600 499.2507754544732 499.2507754544732 0.1 0.7291650730168323 3.3431662461913607 0.12386119462162605 1.4728436813043886 1.0062762551562048 0.7630600026803155 3.3313174755324506
6650 499.2507754544732 499.2507754544732 0.1 0.7291650730168323 3.3431662461913607 0.12386119462162605 1.4728436813043886 1.0062762551562048 0.7630600026803155 3.3313174755324506
6700 499.2507754544732 499.2507754544732 0.1 0.7291650730168323 3.3431662461913607 0.12386119462162605 1.4728436813043886 1.0062762551562048 0.7630600026803155 3.3313174755324506
6750 499.2507754544732 499.2507754544732 0.1 0.7291650730168323 3.3431662461913607 0.12386119462162605 1.4728436813043886 1.0062762551562048 0.7630600026803155 3.3313174755324506
6800 499.2507754544732 499.2507754544732 0.1 0.7291650730168323 3.3431662461913607 0.12386119462162605 1.4728436813043886 1.0062762551562048 0.7630600026803155 3.3313174755324506
6850 499.2507754544732 499.2507754544732 0.1 0.7291650730168323 3.3431662461913607 0.12386119462162605 1.4728436813043886 1.0062762551562048 0.7630600026803155 3.3313174755324506
6900 499.2507754544732 499.2507754544732 0.1 0.7291650730168323 3.3431662461913607 0.12386119462162605 1.4728436813043886 1.0062762551562048 0.7630600026803155 3.3313174755324506
6950 499.2507754544732 499.2507754544732 0.1 0.7291650730168323 3.3431662461913607 0.12386119462162605 1.4728436813043886 1.0062762551562048 0.7630600026803155 3.3313174755324506
7000 499.2507754544732 499.2507754544732 0.1 0.7291650730168323 3.3431662461913607 0.12386119462162605 1.4728436813043886 1.0062762551562048 0.7630600026803155 3.3313174755324506
7050 499.2507754544732 499.2507754544732 0.1 0.7291650730168323 3.3431662461913607 0.12386119462162605 1.4728436813043886 1.0062762551562048 0.7630600026803155 3.3313174755324506
7100 499.2507754544732 499.2507754544732 0.1 0.7291650730168323 3.3431662461913607 0.12386119462162605 1.4728436813043886 1.0062762551562048 0.7630600026803155 3.3313174755324506
7150 499.2507754544732 499.2507754544732 0.1 0.7291650730168323 3.3431662461913607 0.12386119462162605 1.4728436813043886 1.0062762551562048 0.7630600026803155 3.3313174755324506
7200 499.2507754544732 499.2507754544732 0.1 0.7291650730168323 3.3431662461913607 0.12386119462162605 1.4728436813043886 1.0062762551562048 0.7630600026803155 3.3313174755324506
7250 499.2507754544732 499.2507754544732 0.1 0.7291650730168323 3.3431662461913607 0.12386119462162605 1.4728436813043886 1.0062762551562048 0.7630600026803155 3.3313174755324506
7300 499.2507754544732 499.2507754544732 0.1 0.7291650730168323 3.3431662461913607 0.12386119462162605 1.4728436813043886 1.0062762551562048 0.7630600026803155 3.3313174755324506
7350 499.2507754544732 499.2507754544732 0.1 0.7291650730168323 3.3431662461913607 0.12386119462162605 1.4728436813043886 1.0062762551562048 0.7630600026803155 3.3313174755324506
7400 499.2507754544732 499.2507754544732 0.1 0.7291650730168323 3.3431662461913607 0.12386119462162605 1.4728436813043886 1.0062762551562048 0.7630600026803155 3.3313174755324506
7450 499.2507754544732 499.2507754544732 0.1 0.7291650730168323 3.3431662461913607 0.12386119462162605 1.4728436813043886 1.0062762551562048 0.7630600026803155 3.3313174755324506
7500 499.2507754544732 499.2507754544732 0.1 0.7291650730168323 3.3431662461913607 0.12386119462162605 1.4728436813043886 1.0062762551562048 0.7630600026803155 3.3313174755324506
7550 499.2507754544732 499.2507754544732 0.1 0.7291650730168323 3.3431662461913607 0.12386119462162605 1.4728436813043886 1.0062762551562048 0.7630600026803155 3.3313174755324506
7600 499.2507754544732 499.2507754544732 0.1 0.7291650730168323 3.3431662461913607 0.12386119462162605 1.4728436813043886 1.0062762551562048 0.7630600026803155 3.3313174755324506
7650 499.2507754544732 499.2507754544732 0.1 0.7291650730168323 3.3431662461913607 0.12386119462162605 1.4728436813043886 1.0062762551562048 0.7630600026803155 3.3313174755324506
7700 499.2507754544732 499.2507754544732 0.1 0.7291650730168323 3.3431662461913607 0.12386119462162605 1.4728436813043886 1.0062762551562048 0.7630600026803155 3.3313174755324506
7750 499.2507754544732 499.2507754544732 0.1 0.7291650730168323 3.3431662461913607 0.12386119462162605 1.4728436813043886 1.0062762551562048 0.7630600026803155 3.3313174755324506
7800 499.2507754544732 499.2507754544732 0.125354542676157 0.7398609438930656 3.4 0.13837153164328622 1.5195495806864945 1.0407542775043117 0.7952833089575194 3.3940835070921977
7850 499.2507754544732 499.2507754544732 0.125354542676157 0.7398609438930656 3.4 0.13837153164328622 1.5195495806864945 1.0407542775043117 0.7952833089575194 3.3940835070921977
7900 499.2507754544732 499.2507754544732 0.125354542676157 0.7398609438930656 3.4 0.13837153164328622 1.5195495806864945 1.0407542775043117 0.7952833089575194 3.3940835070921977
7950 499.2507754544732 499.2507754544732 0.125354542676157 0.7398609438930656 3.4 0.13837153164328622 1.5195495806864945 1.0407542775043117 0.7952833089575194 3.3940835070921977
8000 499.2507754544732 499.2507754544732 0.125354542676157 0.7398609438930656 3.4 0.13837153164328622 1.5195495806864945 1.0407542775043117 0.7952833089575194 3.3940835070921977
8050 499.2507754544732 499.2507754544732 0.125354542676157 0.7398609438930656 3.4 0.13837153164328622 1.5195495806864945 1.0407542775043117 0.7952833089575194 3.3940835070921977
8100 499.2507754544732 499.2507754544732 0.125354542676157 0.7398609438930656 3.4 0.13837153164328622 1.5195495806864945 1.0407542775043117 0.7952833089575194 3.3940835070921977
8150 499.2507754544732 499.2507754544732 0.125354542676157 0.7398609438930656 3.4 0.13837153164328622 1.5195495806864945 1.0407542775043117 0.7952833089575194 3.3940835070921977
8200 499.2507754544732 499.2507754544732 0.125354542676157 0.7398609438930656 3.4 0.13837153164328622 1.5195495806864945 1.0407542775043117 0.7952833089575194 3.3940835070921977
8250 499.2507754544732 499.2507754544732 0.125354542676157 0.7398609438930656 3.4 0.13837153164328622 1.5195495806864945 1.0407542775043117 0.7952833089575194 3.3940835070921977
8300 499.2507754544732 499.2507754544732 0.125354542676157 0.7398609438930656 3.4 0.13837153164328622 1.5195495806864945 1.0407542775043117 0.7952833089575194 3.3940835070921977
8350 499.2507754544732 499.2507754544732 0.125354542676157 0.7398609438930656 3.4 0.13837153164328622 1.5195495806864945 1.0407542775043117 0.7952833089575194 3.3940835070921977
8400 499.2507754544732 499.2507754544732 0.125354542676157 0.7398609438930656 3.4 0.13837153164328622 1.5195495806864945 1.0407542775043117 0.7952833089575194 3.3940835070921977
8450 499.2507754544732 499.2507754544732 0.125354542676157 0.7398609438930656 3.4 0.13837153164328622 1.5195495806864945 1.0407542775043117 0.7952833089575194 3.3940835070921977
8500 499.2507754544732 499.2507754544732 0.125354542676157 0.7398609438930656 3.4 0.13837153164328622 1.5195495806864945 1.0407542775043117 0.7952833089575194 3.3940835070921977
8550 499.2507754544732 499.2507754544732 0.125354542676157 0.7398609438930656 3.4 0.13837153164328622 1.5195495806864945 1.0407542775043117 0.7952833089575194 3.3940835070921977
8600 499.2507754544732 499.2507754544732 0.125354542676157 0.7398609438930656 3.4 0.13837153164328622 1.5195495806864945 1.0407542775043117 0.7952833089575194 3.3940835070921977
8650 499.2507754544732 499.2507754544732 0.125354542676157 0.7398609438930656 3.4 0.13837153164328622 1.5195495806864945 1.0407542775043117 0.7952833089575194 3.3940835070921977
8700 499.2507754544732 499.2507754544732 0.125354542676157 0.7398609438930656 3.4 0.13837153164328622 1.5195495806864945 1.0407542775043117 0.7952833089575194 3.3940835070921977
8750 499.2507754544732 499.2507754544732 0.125354542676157 0.7398609438930656 3.4 0.13837153164328622 1.5195495806864945 1.0407542775043117 0.7952833089575194 3.3940835070921977
8800 499.2507754544732 499.2507754544732 0.125354542676157 0.7398609438930656 3.4 0.13837153164328622 1.5195495806864945 1.0407542775043117 0.7952833089575194 3.3940835070921977
8850 499.2507754544732 499.2507754544732 0.125354542676157 0.7398609438930656 3.4 0.13837153164328622 1.5195495806864945 1.0407542775043117 0.7952833089575194 3.3940835070921977
8900 499.2507754544732 499.2507754544732 0.125354542676157 0.7398609438930656 3.4 0.13837153164328622 1.5195495806864945 1.0407542775043117 0.7952833089575194 3.3940835070921977
8950 499.2507754544732 499.2507754544732 0.125354542676157 0.7398609438930656 3.4 0.13837153164328622 1.5195495806864945 1.0407542775043117 0.7952833089575194 3.3940835070921977
9000 499.2507754544732 499.2507754544732 0.125354542676157 0.7398609438930656 3.4 0.13837153164328622 1.5195495806864945 1.0407542775043117 0.7952833089575194 3.3940835070921977
9050 499.2507754544732 499.2507754544732 0.125354542676157 0.7398609438930656 3.4 0.13837153164328622 1.5195495806864945 1.0407542775043117 0.7952833089575194 3.3940835070921977
9100 499.2507754544732 499.2507754544732 0.125354542676157 0.7398609438930656 3.4 0.13837153164328622 1.5195495806864945 1.0407542775043117 0.7952833089575194 3.3940835070921977
9150 499.2507754544732 499.2507754544732 0.125354542676157 0.7398609438930656 3.4 0.13837153164328622 1.5195495806864945 1.0407542775043117 0.7952833089575194 3.3940835070921977
9200 499.2507754544732 499.2507754544732 0.125354542676157 0.7398609438930656 3.4 0.13837153164328622 1.5195495806864945 1.0407542775043117 0.7952833089575194 3.3940835070921977
9250 499.2507754544732 499.2507754544732 0.125354542676157 0.7398609438930656 3.4 0.13837153164328622 1.5195495806864945 1.0407542775043117 0.7952833089575194 3.3940835070921977
9300 499.2507754544732 499.2507754544732 0.125354542676157 0.7398609438930656 3.4 0.13837153164328622 1.5195495806864945 1.0407542775043117 0.7952833089575194 3.3940835070921977
9350 499.2507754544732 499.2507754544732 0.125354542676157 0.7398609438930656 3.4 0.13837153164328622 1.5195495806864945 1.0407542775043117 0.7952833089575194 3.3940835070921977
9400 499.2507754544732 499.2507754544732 0.125354542676157 0.7398609438930656 3.4 0.13837153164328622 1.5195495806864945 1.0407542775043117 0.7952833089575194 3.3940835070921977
9450 499.2507754544732 499.2507754544732 0.125354542676157 0.7398609438930656 3.4 0.13837153164328622 1.5195495806864945 1.0407542775043117 0.7952833089575194 3.3940835070921977
9500 499.2507754544732 499.2507754544732 0.125354542676157 0.7398609438930656 3.4 0.13837153164328622 1.5195495806864945 1.0407542775043117 0.7952833089575194 3.3940835070921977
9550 499.2507754544732 499.2507754544732 0.125354542676157 0.7398609438930656 3.4 0.13837153164328622 1.5195495806864945 1.0407542775043117 0.7952833089575194 3.3940835070921977
9600 499.2507754544732 499.2507754544732 0.125354542676157 0.7398609438930656 3.4 0.13837153164328622 1.5195495806864945 1.0407542775043117 0.7952833089575194 3.3940835070921977
9650 499.2507754544732 499.2507754544732 0.125354542676157 0.7398609438930656 3.4 0.13837153164328622 1.5195495806864945 1.0407542775043117 0.7952833089575194 3.3940835070921977
9700 499.2507754544732 499.2507754544732 0.125354542676157 0.7398609438930656 3.4 0.13837153164328622 1.5195495806864945 1.0407542775043117 0.7952833089575194 3.3940835070921977
9750 499.2507754544732 499.2507754544732 0.125354542676157 0.7398609438930656 3.4 0.13837153164328622 1.5195495806864945 1.0407542775043117 0.7952833089575194 3.3940835070921977
9800 499.2507754544732 499.2507754544732 0.125354542676157 0.7398609438930656 3.4 0.13837153164328622 1.5195495806864945 1.0407542775043117 0.7952833089575194 3.3940835070921977
9850 499.2507754544732 499.2507754544732 0.125354542676157 0.7398609438930656 3.4 0.13837153164328622 1.5195495806864945 1.0407542775043117 0.7952833089575194 3.3940835070921977
9900 499.2507754544732 499.2507754544732 0.125354542676157 0.7398609438930656 3.4 0.13837153164328622 1.5195495806864945 1.0407542775043117 0.7952833089575194 3.3940835070921977
9950 499.2507754544732 499.2507754544732 0.125354542676157 0.7398609438930656 3.4 0.13837153164328622 1.5195495806864945 1.0407542775043117 0.7952833089575194 3.3940835070921977
10000 499.2507754544732 499.2507754544732 0.125354542676157 0.7398609438930656 3.4 0.13837153164328622 1.5195495806864945 1.0407542775043117 0.7952833089575194 3.3940835070921977
10050 499.2507754544732 499.2507754544732 0.125354542676157 0.7398609438930656 3.4 0.13837153164328622 1.5195495806864945 1.0407542775043117 0.7952833089575194 3.3940835070921977
10100 499.2507754544732 499.2507754544732 0.125354542676157 0.7398609438930656 3.4 0.13837153164328622 1.5195495806864945 1.0407542775043117 0.7952833089575194 3.3940835070921977
10150 499.2507754544732 499.2507754544732 0.125354542676157 0.7398609438930656 3.4 0.13837153164328622 1.5195495806864945 1.0407542775043117 0.7952833089575194 3.3940835070921977
10200 499.2507754544732 499.2507754544732 0.125354542676157 0.7398609438930656 3.4 0.13837153164328622 1.5195495806864945 1.0407542775043117 0.7952833089575194 3.3940835070921977
10250 499.2507754544732 499.2507754544732 0.125354542676157 0.7398609438930656 3.4 0.13837153164328622 1.5195495806864945 1.0407542775043117 0.7952833089575194 3.3940835070921977
10300 499.2507754544732 499.2507754544732 0.125354542676157 0.7398609438930656 3.4 0.13837153164328622 1.5195495806864945 1.0407542775043117 0.7952833089575194 3.3940835070921977
10350 499.2507754544732 499.2507754544732 0.125354542676157 0.7398609438930656 3.4 0.13837153164328622 1.5195495806864945 1.0407542775043117 0.7952833089575194 3.3940835070921977
10400 499.2507754544732 499.2507754544732 0.125354542676157 0.7398609438930656 3.4 0.13837153164328622 1.5195495806864945 1.0407542775043117 0.7952833089575194 3.3940835070921977
10450 499.2507754544732 499.2507754544732 0.125354542676157 0.7398609438930656 3.4 0.13837153164328622 1.5195495806864945 1.0407542775043117 0.7952833089575194 3.3940835070921977
10500 499.2507754544732 499.2507754544732 0.125354542676157 0.7398609438930656 3.4 0.13837153164328622 1.5195495806864945 1.0407542775043117 0.7952833089575194 3.3940835070921977
10550 499.2507754544732 499.2507754544732 0.125354542676157 0.7398609438930656 3.4 0.13837153164328622 1.5195495806864945 1.0407542775043117 0.7952833089575194 3.3940835070921977
10600 499.2507754544732 499.2507754544732 0.125354542676157 0.7398609438930656 3.4 0.13837153164328622 1.5195495806864945 1.0407542775043117 0.7952833089575194 3.3940835070921977
10650 499.2507754544732 499.2507754544732 0.125354542676157 0.7398609438930656 3.4 0.13837153164328622 1.5195495806864945 1.0407542775043117 0.7952833089575194 3.3940835070921977
10700 499.2507754544732 499.2507754544732 0.125354542676157 0.7398609438930656 3.4 0.13837153164328622 1.5195495806864945 1.0407542775043117 0.7952833089575194 3.3940835070921977
10750 499.2507754544732 499.2507754544732 0.125354542676157 0.7398609438930656 3.4 0.13837153164328622 1.5195495806864945 1.0407542775043117 0.7952833089575194 3.3940835070921977
10800 499.2507754544732 499.2507754544732 0.125354542676157 0.7398609438930656 3.4 0.13837153164328622 1.5195495806864945 1.0407542775043117 0.7952833089575194 3.3940835070921977
10850 499.2507754544732 499.2507754544732 0.125354542676157 0.7398609438930656 3.4 0.13837153164328622 1.5195495806864945 1.0407542775043117 0.7952833089575194 3.3940835070921977
10900 499.2507754544732 499.2507754544732 0.125354542676157 0.7398609438930656 3.4 0.13837153164328622 1.5195495806864945 1.0407542775043117 0.7952833089575194 3.3940835070921977
10950 499.2507754544732 499.2507754544732 0.125354542676157 0.7398609438930656 3.4 0.13837153164328622 1.5195495806864945 1.0407542775043117 0.7952833089575194 3.3940835070921977
11000 499.2507754544732 499.2507754544732 0.125354542676157 0.7398609438930656 3.4 0.13837153164328622 1.5195495806864945 1.0407542775043117 0.7952833089575194 3.3940835070921977
11050 499.2507754544732 499.2507754544732 0.125354542676157 0.7398609438930656 3.4 0.13837153164328622 1.5195495806864945 1.0407542775043117 0.7952833089575194 3.3940835070921977
11100 499.2507754544732 499.2507754544732 0.125354542676157 0.7398609438930656 3.4 0.13837153164328622 1.5195495806864945 1.0407542775043117 0.7952833089575194 3.3940835070921977
11150 499.2507754544732 499.2507754544732 0.125354542676157 0.7398609438930656 3.4 0.13837153164328622 1.5195495806864945 1.0407542775043117 0.7952833089575194 3.3940835070921977
11200 499.2507754544732 499.2507754544732 0.125354542676157 0.7398609438930656 3.4 0.13837153164328622 1.5195495806864945 1.0407542775043117 0.7952833089575194 3.3940835070921977
11250 499.2507754544732 499.2507754544732 0.125354542676157 0.7398609438930656 3.4 0.13837153164328622 1.5195495806864945 1.0407542775043117 0.7952833089575194 3.3940835070921977
11300 499.2507754544732 499.2507754544732 0.125354542676157 0.7398609438930656 3.4 0.13837153164328622 1.5195495806864945 1.0407542775043117 0.7952833089575194 3.3940835070921977
11350 499.2507754544732 499.2507754544732 0.125354542676157 0.7398609438930656 3.4 0.13837153164328622 1.5195495806864945 1.0407542775043117 0.7952833089575194 3.3940835070921977
11400 499.2507754544732 499.2507754544732 0.125354542676157 0.7398609438930656 3.4 0.13837153164328622 1.5195495806864945 1.0407542775043117 0.7952833089575194 3.3940835070921977
11450 499.2507754544732 499.2507754544732 0.125354542676157 0.7398609438930656 3.4 0.13837153164328622 1.5195495806864945 1.0407542775043117 0.7952833089575194 3.3940835070921977
11500 499.2507754544732 499.2507754544732 0.125354542676157 0.7398609438930656 3.4 0.13837153164328622 1.5195495806864945 1.0407542775043117 0.7952833089575194 3.3940835070921977
11550 499.2507754544732 499.2507754544732 0.125354542676157 0.7398609438930656 3.4 0.13837153164328622 1.5195495806864945 1.0407542775043117 0.7952833089575194 3.3940835070921977
11600 499.2507754544732 499.2507754544732 0.125354542676157 0.7398609438930656 3.4 0.13837153164328622 1.5195495806864945 1.0407542775043117 0.7952833089575194 3.3940835070921977
11650 499.2507754544732 499.2507754544732 0.125354542676157 0.7398609438930656 3.4 0.13837153164328622 1.5195495806864945 1.0407542775043117 0.7952833089575194 3.3940835070921977
11700 499.2507754544732 499.2507754544732 0.125354542676157 0.7398609438930656 3.4 0.13837153164328622 1.5195495806864945 1.0407542775043117 0.7952833089575194 3.3940835070921977
11750 499.2507754544732 499.2507754544732 0.125354542676157 0.7398609438930656 3.4 0.13837153164328622 1.5195495806864945 1.0407542775043117 0.7952833089575194 3.3940835070921977
11800 499.2507754544732 499.2507754544732 0.125354542676157 0.7398609438930656 3.4 0.13837153164328622 1.5195495806864945 1.0407542775043117 0.7952833089575194 3.3940835070921977
11850 499.2507754544732 499.2507754544732 0.125354542676157 0.7398609438930656 3.4 0.13837153164328622 1.5195495806864945 1.0407542775043117 0.7952833089575194 3.3940835070921977
11900 499.2507754544732 499.2507754544732 0.125354542676157 0.7398609438930656 3.4 0.13837153164328622 1.5195495806864945 1.0407542775043117 0.7952833089575194 3.3940835070921977
11950 499.2507754544732 499.2507754544732 0.125354542676157 0.7398609438930656 3.4 0.13837153164328622 1.5195495806864945 1.0407542775043117 0.7952833089575194 3.3940835070921977
12000 499.2507754544732 499.2507754544732 0.125354542676157 0.7398609438930656 3.4 0.13837153164328622 1.5195495806864945 1.0407542775043117 0.7952833089575194 3.3940835070921977
12050 499.2507754544732 499.2507754544732 0.125354542676157 0.7398609438930656 3.4 0.13837153164328622 1.5195495806864945 1.0407542775043117 0.7952833089575194 3.3940835070921977
12100 499.2507754544732 499.2507754544732 0.125354542676157 0.7398609438930656 3.4 0.13837153164328622 1.5195495806864945 1.0407542775043117 0.7952833089575194 3.3940835070921977
12150 499.2507754544732 499.2507754544732 0.125354542676157 0.7398609438930656 3.4 0.13837153164328622 1.5195495806864945 1.0407542775043117 0.7952833089575194 3.3940835070921977
12200 499.2507754544732 499.2507754544732 0.125354542676157 0.7398609438930656 3.4 0.13837153164328622 1.5195495806864945 1.0407542775043117 0.7952833089575194 3.3940835070921977
12250 499.2507754544732 499.2507754544732 0.125354542676157 0.7398609438930656 3.4 0.13837153164328622 1.5195495806864945 1.0407542775043117 0.7952833089575194 3.3940835070921977
12300 499.2507754544732 499.2507754544732 0.125354542676157 0.7398609438930656 3.4 0.13837153164328622 1.5195495806864945 1.0407542775043117 0.7952833089575194 3.3940835070921977
12350 499.2507754544732 499.2507754544732 0.125354542676157 0.7398609438930656 3.4 0.13837153164328622 1.5195495806864945 1.0407542775043117 0.7952833089575194 3.3940835070921977
12400 499.2507754544732 499.2507754544732 0.125354542676157 0.7398609438930656 3.4 0.13837153164328622 1.5195495806864945 1.0407542775043117 0.7952833089575194 3.3940835070921977
12450 499.2507754544732 499.2507754544732 0.125354542676157 0.7398609438930656 3.4 0.13837153164328622 1.5195495806864945 1.0407542775043117 0.7952833089575194 3.3940835070921977
12500 499.2507754544732 499.2507754544732 0.125354542676157 0.7398609438930656 3.4 0.13837153164328622 1.5195495806864945 1.0407542775043117 0.7952833089575194 3.3940835070921977
12550 499.2507754544732 499.2507754544732 0.125354542676157 0.7398609438930656 3.4 0.13837153164328622 1.5195495806864945 1.0407542775043117 0.7952833089575194 3.3940835070921977
12600 499.2507754544732 499.2507754544732 0.125354542676157 0.7398609438930656 3.4 0.13837153164328622 1.5195495806864945 1.0407542775043117 0.7952833089575194 3.3940835070921977
12650 499.2507754544732 499.2507754544732 0.125354542676157 0.7398609438930656 3.4 0.13837153164328622 1.5195495806864945 1.0407542775043117 0.7952833089575194 3.3940835070921977
12700 499.2507754544732 499.2507754544732 0.125354542676157 0.7398609438930656 3.4 0.13837153164328622 1.5195495806864945 1.0407542775043117 0.7952833089575194 3.3940835070921977
12750 499.2507754544732 499.2507754544732 0.125354542676157 0.7398609438930656 3.4 0.13837153164328622 1.5195495806864945 1.0407542775043117 0.7952833089575194 3.3940835070921977
12800 499.2507754544732 499.2507754544732 0.125354542676157 0.7398609438930656 3.4 0.13837153164328622 1.5195495806864945 1.0407542775043117 0.7952833089575194 3.3940835070921977
12850 499.2507754544732 499.2507754544732 0.125354542676157 0.7398609438930656 3.4 0.13837153164328622 1.5195495806864945 1.0407542775043117 0.7952833089575194 3.3940835070921977
12900 499.2507754544732 499.2507754544732 0.125354542676157 0.7398609438930656 3.4 0.13837153164328622 1.5195495806864945 1.0407542775043117 0.7952833089575194 3.3940835070921977
12950 499.2507754544732 499.2507754544732 0.125354542676157 0.7398609438930656 3.4 0.13837153164328622 1.5195495806864945 1.0407542775043117 0.7952833089575194 3.3940835070921977
13000 499.2507754544732 499.2507754544732 0.125354542676157 0.7398609438930656 3.4 0.13837153164328622 1.5195495806864945 1.0407542775043117 0.7952833089575194 3.3940835070921977
13050 499.2507754544732 499.2507754544732 0.125354542676157 0.7398609438930656 3.4 0.13837153164328622 1.5195495806864945 1.0407542775043117 0.7952833089575194 3.3940835070921977
13100 499.2507754544732 499.2507754544732 0.125354542676157 0.7398609438930656 3.4 0.13837153164328622 1.5195495806864945 1.0407542775043117 0.7952833089575194 3.3940835070921977
13150 499.2507754544732 499.2507754544732 0.125354542676157 0.7398609438930656 3.4 0.13837153164328622 1.5195495806864945 1.0407542775043117 0.7952833089575194 3.3940835070921977
13200 499.2507754544732 499.2507754544732 0.125354542676157 0.7398609438930656 3.4 0.13837153164328622 1.5195495806864945 1.0407542775043117 0.7952833089575194 3.3940835070921977
13250 499.2507754544732 499.2507754544732 0.125354542676157 0.7398609438930656 3.4 0.13837153164328622 1.5195495806864945 1.0407542775043117 0.7952833089575194 3.3940835070921977
13300 499.2507754544732 499.2507754544732 0.125354542676157 0.7398609438930656 3.4 0.13837153164328622 1.5195495806864945 1.0407542775043117 0.7952833089575194 3.3940835070921977
13350 499.2507754544732 499.2507754544732 0.125354542676157 0.7398609438930656 3.4 0.13837153164328622 1.5195495806864945 1.0407542775043117 0.7952833089575194 3.3940835070921977
13400 499.2507754544732 499.2507754544732 0.125354542676157 0.7398609438930656 3.4 0.13837153164328622 1.5195495806864945 1.0407542775043117 0.7952833089575194 3.3940835070921977
13450 499.2507754544732 499.2507754544732 0.125354542676157 0.7398609438930656 3.4 0.13837153164328622 1.5195495806864945 1.0407542775043117 0.7952833089575194 3.3940835070921977
13500 499.2507754544732 499.2507754544732 0.125354542676157 0.7398609438930656 3.4 0.13837153164328622 1.5195495806864945 1.0407542775043117 0.7952833089575194 3.3940835070921977
13550 499.2507754544732 499.2507754544732 0.125354542676157 0.7398609438930656 3.4 0.13837153164328622 1.5195495806864945 1.0407542775043117 0.7952833089575194 3.3940835070921977
13600 499.2507754544732 499.2507754544732 0.125354542676157 0.7398609438930656 3.4 0.13837153164328622 1.5195495806864945 1.0407542775043117 0.7952833089575194 3.3940835070921977
13650 499.2507754544732 499.2507754544732 0.125354542676157 0.7398609438930656 3.4 0.13837153164328622 1.5195495806864945 1.0407542775043117 0.7952833089575194 3.3940835070921977
13700 499.2507754544732 499.2507754544732 0.125354542676157 0.7398609438930656 3.4 0.13837153164328622 1.5195495806864945 1.0407542775043117 0.7952833089575194 3.3940835070921977
13750 499.2507754544732 499.2507754544732 0.125354542676157 0.7398609438930656 3.4 0.13837153164328622 1.5195495806864945 1.0407542775043117 0.7952833089575194 3.3940835070921977
13800 499.2507754544732 499.2507754544732 0.125354542676157 0.7398609438930656 3.4 0.13837153164328622 1.5195495806864945 1.0407542775043117 0.7952833089575194 3.3940835070921977
13850 499.2507754544732 499.2507754544732 0.125354542676157 0.7398609438930656 3.4 0.13837153164328622 1.5195495806864945 1.0407542775043117 0.7952833089575194 3.3940835070921977
13900 499.2507754544732 499.2507754544732 0.125354542676157 0.7398609438930656 3.4 0.13837153164328622 1.5195495806864945 1.0407542775043117 0.7952833089575194 3.3940835070921977
13950 499.2507754544732 499.2507754544732 0.125354542676157 0.7398609438930656 3.4 0.13837153164328622 1.5195495806864945 1.0407542775043117 0.7952833089575194 3.3940835070921977
14000 499.2507754544732 499.2507754544732 0.125354542676157 0.7398609438930656 3.4 0.13837153164328622 1.5195495806864945 1.0407542775043117 0.7952833089575194 3.3940835070921977
14050 499.2507754544732 499.2507754544732 0.125354542676157 0.7398609438930656 3.4 0.13837153164328622 1.5195495806864945 1.0407542775043117 0.7952833089575194 3.3940835070921977
14100 499.2507754544732 499.2507754544732 0.125354542676157 0.7398609438930656 3.4 0.13837153164328622 1.5195495806864945 1.0407542775043117 0.7952833089575194 3.3940835070921977
14150 499.2507754544732 499.2507754544732 0.125354542676157 0.7398609438930656 3.4 0.13837153164328622 1.5195495806864945 1.0407542775043117 0.7952833089575194 3.3940835070921977
14200 499.2507754544732 499.2507754544732 0.125354542676157 0.7398609438930656 3.4 0.13837153164328622 1.5195495806864945 1.0407542775043117 0.7952833089575194 3.3940835070921977
14250 499.2507754544732 499.2507754544732 0.125354542676157 0.7398609438930656 3.4 0.13837153164328622 1.5195495806864945 1.0407542775043117 0.7952833089575194 3.3940835070921977
14300 499.2507754544732 499.2507754544732 0.125354542676157 0.7398609438930656 3.4 0.13837153164328622 1.5195495806864945 1.0407542775043117 0.7952833089575194 3.3940835070921977
14350 499.2507754544732 499.2507754544732 0.125354542676157 0.7398609438930656 3.4 0.13837153164328622 1.5195495806864945 1.0407542775043117 0.7952833089575194 3.3940835070921977
14400 499.2507754544732 499.2507754544732 0.125354542676157 0.7398609438930656 3.4 0.13837153164328622 1.5195495806864945 1.0407542775043117 0.7952833089575194 3.3940835070921977
14450 499.2507754544732 499.2507754544732 0.125354542676157 0.7398609438930656 3.4 0.13837153164328622 1.5195495806864945 1.0407542775043117 0.7952833089575194 3.3940835070921977
14500 499.2507754544732 499.2507754544732 0.125354542676157 0.7398609438930656 3.4 0.13837153164328622 1.5195495806864945 1.0407542775043117 0.7952833089575194 3.3940835070921977
14550 499.2507754544732 499.2507754544732 0.125354542676157 0.7398609438930656 3.4 0.13837153164328622 1.5195495806864945 1.0407542775043117 0.7952833089575194 3.3940835070921977
14600 499.2507754544732 499.2507754544732 0.125354542676157 0.7398609438930656 3.4 0.13837153164328622 1.5195495806864945 1.0407542775043117 0.7952833089575194 3.3940835070921977
14650 499.2507754544732 499.2507754544732 0.125354542676157 0.7398609438930656 3.4 0.13837153164328622 1.5195495806864945 1.0407542775043117 0.7952833089575194 3.3940835070921977
14700 499.2507754544732 499.2507754544732 0.125354542676157 0.7398609438930656 3.4 0.13837153164328622 1.5195495806864945 1.0407542775043117 0.7952833089575194 3.3940835070921977
14750 499.2507754544732 499.2507754544732 0.125354542676157 0.7398609438930656 3.4 0.13837153164328622 1.5195495806864945 1.0407542775043117 0.7952833089575194 3.3940835070921977
14800 499.2507754544732 499.2507754544732 0.125354542676157 0.7398609438930656 3.4 0.13837153164328622 1.5195495806864945 1.0407542775043117 0.7952833089575194 3.3940835070921977
14850 499.2507754544732 499.2507754544732 0.125354542676157 0.7398609438930656 3.4 0.13837153164328622 1.5195495806864945 1.0407542775043117 0.7952833089575194 3.3940835070921977
14900 499.2507754544732 499.2507754544732 0.125354542676157 0.7398609438930656 3.4 0.13837153164328622 1.5195495806864945 1.0407542775043117 0.7952833089575194 3.3940835070921977
14950 499.2507754544732 499.2507754544732 0.125354542676157 0.7398609438930656 3.4 0.13837153164328622 1.5195495806864945 1.0407542775043117 0.7952833089575194 3.3940835070921977
15000 499.2507754544732 499.2507754544732 0.125354542676157 0.7398609438930656 3.4 0.13837153164328622 1.5195495806864945 1.0407542775043117 0.7952833089575194 3.3940835070921977
15050 499.2507754544732 499.2507754544732 0.125354542676157 0.7398609438930656 3.4 0.13837153164328622 1.5195495806864945 1.0407542775043117 0.7952833089575194 3.3940835070921977
15100 499.2507754544732 499.2507754544732 0.125354542676157 0.7398609438930656 3.4 0.13837153164328622 1.5195495806864945 1.0407542775043117 0.7952833089575194 3.3940835070921977
15150 499.2507754544732 499.2507754544732 0.125354542676157 0.7398609438930656 3.4 0.13837153164328622 1.5195495806864945 1.0407542775043117 0.7952833089575194 3.3940835070921977
15200 499.2507754544732 499.2507754544732 0.125354542676157 0.7398609438930656 3.4 0.13837153164328622 1.5195495806864945 1.0407542775043117 0.7952833089575194 3.3940835070921977
15250 499.2507754544732 499.2507754544732 0.125354542676157 0.7398609438930656 3.4 0.13837153164328622 1.5195495806864945 1.0407542775043117 0.7952833089575194 3.3940835070921977
15300 499.2507754544732 499.2507754544732 0.125354542676157 0.7398609438930656 3.4 0.13837153164328622 1.5195495806864945 1.0407542775043117 0.7952833089575194 3.3940835070921977
15350 499.2507754544732 499.2507754544732 0.125354542676157 0.7398609438930656 3.4 0.13837153164328622 1.5195495806864945 1.0407542775043117 0.7952833089575194 3.3940835070921977
15400 499.2507754544732 499.2507754544732 0.125354542676157 0.7398609438930656 3.4 0.13837153164328622 1.5195495806864945 1.0407542775043117 0.7952833089575194 3.3940835070921977
15450 499.2507754544732 499.2507754544732 0.125354542676157 0.7398609438930656 3.4 0.13837153164328622 1.5195495806864945 1.0407542775043117 0.7952833089575194 3.3940835070921977
15500 499.2507754544732 499.2507754544732 0.125354542676157 0.7398609438930656 3.4 0.13837153164328622 1.5195495806864945 1.0407542775043117 0.7952833089575194 3.3940835070921977
15550 499.2507754544732 499.2507754544732 0.125354542676157 0.7398609438930656 3.4 0.13837153164328622 1.5195495806864945 1.0407542775043117 0.7952833089575194 3.3940835070921977
15600 499.2507754544732 499.2507754544732 0.125354542676157 0.7398609438930656 3.4 0.13837153164328622 1.5195495806864945 1.0407542775043117 0.7952833089575194 3.3940835070921977
15650 499.2507754544732 499.2507754544732 0.125354542676157 0.7398609438930656 3.4 0.13837153164328622 1.5195495806864945 1.0407542775043117 0.7952833089575194 3.3940835070921977
15700 499.2507754544732 499.2507754544732 0.125354542676157 0.7398609438930656 3.4 0.13837153164328622 1.5195495806864945 1.0407542775043117 0.7952833089575194 3.3940835070921977
15750 499.2507754544732 499.2507754544732 0.125354542676157 0.7398609438930656 3.4 0.13837153164328622 1.5195495806864945 1.0407542775043117 0.7952833089575194 3.3940835070921977
15800 499.2507754544732 499.2507754544732 0.125354542676157 0.7398609438930656 3.4 0.13837153164328622 1.5195495806864945 1.0407542775043117 0.7952833089575194 3.3940835070921977
15850 499.2507754544732 499.2507754544732 0.125354542676157 0.7398609438930656 3.4 0.13837153164328622 1.5195495806864945 1.0407542775043117 0.7952833089575194 3.3940835070921977
15900 499.2507754544732 499.2507754544732 0.125354542676157 0.7398609438930656 3.4 0.13837153164328622 1.5195495806864945 1.0407542775043117 0.7952833089575194 3.3940835070921977
15950 499.2507754544732 499.2507754544732 0.125354542676157 0.7398609438930656 3.4 0.13837153164328622 1.5195495806864945 1.0407542775043117 0.7952833089575194 3.3940835070921977
16000 499.2507754544732 499.2507754544732 0.125354542676157 0.7398609438930656 3.4 0.13837153164328622 1.5195495806864945 1.0407542775043117 0.7952833089575194 3.3940835070921977
16050 499.2507754544732 499.2507754544732 0.125354542676157 0.7398609438930656 3.4 0.13837153164328622 1.5195495806864945 1.0407542775043117 0.7952833089575194 3.3940835070921977
16100 499.2507754544732 499.2507754544732 0.125354542676157 0.7398609438930656 3.4 0.13837153164328622 1.5195495806864945 1.0407542775043117 0.7952833089575194 3.3940835070921977
16150 499.2507754544732 499.2507754544732 0.125354542676157 0.7398609438930656 3.4 0.13837153164328622 1.5195495806864945 1.0407542775043117 0.7952833089575194 3.3940835070921977
16200 499.2507754544732 499.2507754544732 0.125354542676157 0.7398609438930656 3.4 0.13837153164328622 1.5195495806864945 1.0407542775043117 0.7952833089575194 3.3940835070921977
16250 499.2507754544732 499.2507754544732 0.125354542676157 0.7398609438930656 3.4 0.13837153164328622 1.5195495806864945 1.0407542775043117 0.7952833089575194 3.3940835070921977
16300 499.2507754544732 499.2507754544732 0.125354542676157 0.7398609438930656 3.4 0.13837153164328622 1.5195495806864945 1.0407542775043117 0.7952833089575194 3.3940835070921977
16350 499.2507754544732 499.2507754544732 0.125354542676157 0.7398609438930656 3.4 0.13837153164328622 1.5195495806864945 1.0407542775043117 0.7952833089575194 3.3940835070921977
16400 499.2507754544732 499.2507754544732 0.125354542676157 0.7398609438930656 3.4 0.13837153164328622 1.5195495806864945 1.0407542775043117 0.7952833089575194 3.3940835070921977
16450 499.2507754544732 499.2507754544732 0.125354542676157 0.7398609438930656 3.4 0.13837153164328622 1.5195495806864945 1.0407542775043117 0.7952833089575194 3.3940835070921977
16500 499.2507754544732 499.2507754544732 0.125354542676157 0.7398609438930656 3.4 0.13837153164328622 1.5195495806864945 1.0407542775043117 0.7952833089575194 3.3940835070921977
16550 499.2507754544732 499.2507754544732 0.125354542676157 0.7398609438930656 3.4 0.13837153164328622 1.5195495806864945 1.0407542775043117 0.7952833089575194 3.3940835070921977
16600 499.2507754544732 499.2507754544732 0.125354542676157 0.7398609438930656 3.4 0.13837153164328622 1.5195495806864945 1.0407542775043117 0.7952833089575194 3.3940835070921977
16650 499.2507754544732 499.2507754544732 0.125354542676157 0.7398609438930656 3.4 0.13837153164328622 1.5195495806864945 1.0407542775043117 0.7952833089575194 3.3940835070921977
16700 499.2507754544732 499.2507754544732 0.125354542676157 0.7398609438930656 3.4 0.13837153164328622 1.5195495806864945 1.0407542775043117 0.7952833089575194 3.3940835070921977
16750 499.2507754544732 499.2507754544732 0.125354542676157 0.7398609438930656 3.4 0.13837153164328622 1.5195495806864945 1.0407542775043117 0.7952833089575194 3.3940835070921977
16800 499.2507754544732 499.2507754544732 0.125354542676157 0.7398609438930656 3.4 0.13837153164328622 1.5195495806864945 1.0407542775043117 0.7952833089575194 3.3940835070921977
16850 499.2507754544732 499.2507754544732 0.125354542676157 0.7398609438930656 3.4 0.13837153164328622 1.5195495806864945 1.0407542775043117 0.7952833089575194 3.3940835070921977
16900 499.2507754544732 499.2507754544732 0.125354542676157 0.7398609438930656 3.4 0.13837153164328622 1.5195495806864945 1.0407542775043117 0.7952833089575194 3.3940835070921977
16950 499.2507754544732 499.2507754544732 0.125354542676157 0.7398609438930656 3.4 0.13837153164328622 1.5195495806864945 1.0407542775043117 0.7952833089575194 3.3940835070921977
17000 499.2507754544732 499.2507754544732 0.125354542676157 0.7398609438930656 3.4 0.13837153164328622 1.5195495806864945 1.0407542775043117 0.7952833089575194 3.3940835070921977
17050 499.2507754544732 499.2507754544732 0.125354542676157 0.7398609438930656 3.4 0.13837153164328622 1.5195495806864945 1.0407542775043117 0.7952833089575194 3.3940835070921977
17100 499.2507754544732 499.2507754544732 0.125354542676157 0.7398609438930656 3.4 0.13837153164328622 1.5195495806864945 1.0407542775043117 0.7952833089575194 3.3940835070921977
17150 499.2507754544732 499.2507754544732 0.125354542676157 0.7398609438930656 3.4 0.13837153164328622 1.5195495806864945 1.0407542775043117 0.7952833089575194 3.3940835070921977
17200 499.2507754544732 499.2507754544732 0.125354542676157 0.7398609438930656 3.4 0.13837153164328622 1.5195495806864945 1.0407542775043117 0.7952833089575194 3.3940835070921977
17250 499.2507754544732 499.2507754544732 0.125354542676157 0.7398609438930656 3.4 0.13837153164328622 1.5195495806864945 1.0407542775043117 0.7952833089575194 3.3940835070921977
17300 499.2507754544732 499.2507754544732 0.125354542676157 0.7398609438930656 3.4 0.13837153164328622 1.5195495806864945 1.0407542775043117 0.7952833089575194 3.3940835070921977
17350 499.2507754544732 499.2507754544732 0.125354542676157 0.7398609438930656 3.4 0.13837153164328622 1.5195495806864945 1.0407542775043117 0.7952833089575194 3.3940835070921977
17400 499.2507754544732 499.2507754544732 0.125354542676157 0.7398609438930656 3.4 0.13837153164328622 1.5195495806864945 1.0407542775043117 0.7952833089575194 3.3940835070921977
17450 499.2507754544732 499.2507754544732 0.125354542676157 0.7398609438930656 3.4 0.13837153164328622 1.5195495806864945 1.0407542775043117 0.7952833089575194 3.3940835070921977
17500 499.2507754544732 499.2507754544732 0.125354542676157 0.7398609438930656 3.4 0.13837153164328622 1.5195495806864945 1.0407542775043117 0.7952833089575194 3.3940835070921977
17550 499.2507754544732 499.2507754544732 0.125354542676157 0.7398609438930656 3.4 0.13837153164328622 1.5195495806864945 1.0407542775043117 0.7952833089575194 3.3940835070921977
17600 499.2507754544732 499.2507754544732 0.125354542676157 0.7398609438930656 3.4 0.13837153164328622 1.5195495806864945 1.0407542775043117 0.7952833089575194 3.3940835070921977
17650 499.2507754544732 499.2507754544732 0.125354542676157 0.7398609438930656 3.4 0.13837153164328622 1.5195495806864945 1.0407542775043117 0.7952833089575194 3.3940835070921977
17700 499.2507754544732 499.2507754544732 0.125354542676157 0.7398609438930656 3.4 0.13837153164328622 1.5195495806864945 1.0407542775043117 0.7952833089575194 3.3940835070921977
17750 499.2507754544732 499.2507754544732 0.125354542676157 0.7398609438930656 3.4 0.13837153164328622 1.5195495806864945 1.0407542775043117 0.7952833089575194 3.3940835070921977
17800 499.2507754544732 499.2507754544732 0.125354542676157 0.7398609438930656 3.4 0.13837153164328622 1.5195495806864945 1.0407542775043117 0.7952833089575194 3.3940835070921977
17850 499.2507754544732 499.2507754544732 0.125354542676157 0.7398609438930656 3.4 0.13837153164328622 1.5195495806864945 1.0407542775043117 0.7952833089575194 3.3940835070921977
17900 499.2507754544732 499.2507754544732 0.125354542676157 0.7398609438930656 3.4 0.13837153164328622 1.5195495806864945 1.0407542775043117 0.7952833089575194 3.3940835070921977
17950 499.2507754544732 499.2507754544732 0.125354542676157 0.7398609438930656 3.4 0.13837153164328622 1.5195495806864945 1.0407542775043117 0.7952833089575194 3.3940835070921977
18000 499.2507754544732 499.2507754544732 0.125354542676157 0.7398609438930656 3.4 0.13837153164328622 1.5195495806864945 1.0407542775043117 0.7952833089575194 3.3940835070921977
18050 499.2507754544732 499.2507754544732 0.125354542676157 0.7398609438930656 3.4 0.13837153164328622 1.5195495806864945 1.0407542775043117 0.7952833089575194 3.3940835070921977
18100 499.2507754544732 499.2507754544732 0.125354542676157 0.7398609438930656 3.4 0.13837153164328622 1.5195495806864945 1.0407542775043117 0.7952833089575194 3.3940835070921977
18150 499.2507754544732 499.2507754544732 0.125354542676157 0.7398609438930656 3.4 0.13837153164328622 1.5195495806864945 1.0407542775043117 0.7952833089575194 3.3940835070921977
18200 499.2507754544732 499.2507754544732 0.125354542676157 0.7398609438930656 3.4 0.13837153164328622 1.5195495806864945 1.0407542775043117 0.7952833089575194 3.3940835070921977
18250 499.2507754544732 499.2507754544732 0.125354542676157 0.7398609438930656 3.4 0.13837153164328622 1.5195495806864945 1.0407542775043117 0.7952833089575194 3.3940835070921977
18300 499.2507754544732 499.2507754544732 0.125354542676157 0.7398609438930656 3.4 0.13837153164328622 1.5195495806864945 1.0407542775043117 0.7952833089575194 3.3940835070921977
18350 499.2507754544732 499.2507754544732 0.125354542676157 0.7398609438930656 3.4 0.13837153164328622 1.5195495806864945 1.0407542775043117 0.7952833089575194 3.3940835070921977
18400 499.2507754544732 499.2507754544732 0.125354542676157 0.7398609438930656 3.4 0.13837153164328622 1.5195495806864945 1.0407542775043117 0.7952833089575194 3.3940835070921977
18450 499.2507754544732 499.2507754544732 0.125354542676157 0.7398609438930656 3.4 0.13837153164328622 1.5195495806864945 1.0407542775043117 0.7952833089575194 3.3940835070921977
18500 499.2507754544732 499.2507754544732 0.125354542676157 0.7398609438930656 3.4 0.13837153164328622 1.5195495806864945 1.0407542775043117 0.7952833089575194 3.3940835070921977
18550 499.2507754544732 499.2507754544732 0.125354542676157 0.7398609438930656 3.4 0.13837153164328622 1.5195495806864945 1.0407542775043117 0.7952833089575194 3.3940835070921977
18600 499.2507754544732 499.2507754544732 0.125354542676157 0.7398609438930656 3.4 0.13837153164328622 1.5195495806864945 1.0407542775043117 0.7952833089575194 3.3940835070921977
18650 499.2507754544732 499.2507754544732 0.125354542676157 0.7398609438930656 3.4 0.13837153164328622 1.5195495806864945 1.0407542775043117 0.7952833089575194 3.3940835070921977
18700 499.2507754544732 499.2507754544732 0.125354542676157 0.7398609438930656 3.4 0.13837153164328622 1.5195495806864945 1.0407542775043117 0.7952833089575194 3.3940835070921977
18750 499.2507754544732 499.2507754544732 0.125354542676157 0.7398609438930656 3.4 0.13837153164328622 1.5195495806864945 1.0407542775043117 0.7952833089575194 3.3940835070921977
18800 499.2507754544732 499.2507754544732 0.125354542676157 0.7398609438930656 3.4 0.13837153164328622 1.5195495806864945 1.0407542775043117 0.7952833089575194 3.3940835070921977
18850 499.2507754544732 499.2507754544732 0.125354542676157 0.7398609438930656 3.4 0.13837153164328622 1.5195495806864945 1.0407542775043117 0.7952833089575194 3.3940835070921977
18900 499.2507754544732 499.2507754544732 0.125354542676157 0.7398609438930656 3.4 0.13837153164328622 1.5195495806864945 1.0407542775043117 0.7952833089575194 3.3940835070921977
18950 499.2507754544732 499.2507754544732 0.125354542676157 0.7398609438930656 3.4 0.13837153164328622 1.5195495806864945 1.0407542775043117 0.7952833089575194 3.3940835070921977
19000 499.2507754544732 499.2507754544732 0.125354542676157 0.7398609438930656 3.4 0.13837153164328622 1.5195495806864945 1.0407542775043117 0.7952833089575194 3.3940835070921977
19050 499.2507754544732 499.2507754544732 0.125354542676157 0.7398609438930656 3.4 0.13837153164328622 1.5195495806864945 1.0407542775043117 0.7952833089575194 3.3940835070921977
19100 499.2507754544732 499.2507754544732 0.125354542676157 0.7398609438930656 3.4 0.13837153164328622 1.5195495806864945 1.0407542775043117 0.7952833089575194 3.3940835070921977
19150 499.2507754544732 499.2507754544732 0.125354542676157 0.7398609438930656 3.4 0.13837153164328622 1.5195495806864945 1.0407542775043117 0.7952833089575194 3.3940835070921977
19200 499.2507754544732 499.2507754544732 0.125354542676157 0.7398609438930656 3.4 0.13837153164328622 1.5195495806864945 1.0407542775043117 0.7952833089575194 3.3940835070921977
19250 499.2507754544732 499.2507754544732 0.125354542676157 0.7398609438930656 3.4 0.13837153164328622 1.5195495806864945 1.0407542775043117 0.7952833089575194 3.3940835070921977
19300 499.2507754544732 499.2507754544732 0.125354542676157 0.7398609438930656 3.4 0.13837153164328622 1.5195495806864945 1.0407542775043117 0.7952833089575194 3.3940835070921977
19350 499.2507754544732 499.2507754544732 0.125354542676157 0.7398609438930656 3.4 0.13837153164328622 1.5195495806864945 1.0407542775043117 0.7952833089575194 3.3940835070921977
19400 499.2507754544732 499.2507754544732 0.125354542676157 0.7398609438930656 3.4 0.13837153164328622 1.5195495806864945 1.0407542775043117 0.7952833089575194 3.3940835070921977
19450 499.2507754544732 499.2507754544732 0.125354542676157 0.7398609438930656 3.4 0.13837153164328622 1.5195495806864945 1.0407542775043117 0.7952833089575194 3.3940835070921977
19500 499.2507754544732 499.2507754544732 0.125354542676157 0.7398609438930656 3.4 0.13837153164328622 1.5195495806864945 1.0407542775043117 0.7952833089575194 3.3940835070921977
19550 499.2507754544732 499.2507754544732 0.125354542676157 0.7398609438930656 3.4 0.13837153164328622 1.5195495806864945 1.0407542775043117 0.7952833089575194 3.3940835070921977
19600 499.2507754544732 499.2507754544732 0.125354542676157 0.7398609438930656 3.4 0.13837153164328622 1.5195495806864945 1.0407542775043117 0.7952833089575194 3.3940835070921977
19650 499.2507754544732 499.2507754544732 0.125354542676157 0.7398609438930656 3.4 0.13837153164328622 1.5195495806864945 1.0407542775043117 0.7952833089575194 3.3940835070921977
19700 499.2507754544732 499.2507754544732 0.125354542676157 0.7398609438930656 3.4 0.13837153164328622 1.5195495806864945 1.0407542775043117 0.7952833089575194 3.3940835070921977
19750 499.2507754544732 499.2507754544732 0.125354542676157 0.7398609438930656 3.4 0.13837153164328622 1.5195495806864945 1.0407542775043117 0.7952833089575194 3.3940835070921977
19800 499.2507754544732 499.2507754544732 0.125354542676157 0.7398609438930656 3.4 0.13837153164328622 1.5195495806864945 1.0407542775043117 0.7952833089575194 3.3940835070921977
19850 499.2507754544732 499.2507754544732 0.125354542676157 0.7398609438930656 3.4 0.13837153164328622 1.5195495806864945 1.0407542775043117 0.7952833089575194 3.3940835070921977
19900 499.2507754544732 499.2507754544732 0.125354542676157 0.7398609438930656 3.4 0.13837153164328622 1.5195495806864945 1.0407542775043117 0.7952833089575194 3.3940835070921977
19950 499.2507754544732 499.2507754544732 0.125354542676157 0.7398609438930656 3.4 0.13837153164328622 1.5195495806864945 1.0407542775043117 0.7952833089575194 3.3940835070921977
*---*---*---*---*---*---*---*---*---*---*---*---*---*---*---*---*---*---*---*---*
Status: Finished
Last individual
499.2507754544732 499.2507754544732 0.125354542676157 0.7398609438930656 3.4 0.13837153164328622 1.5195495806864945 1.0407542775043117 0.7952833089575194 3.3940835070921977
Hall of fame
499.2507754544732 499.2507754544732 0.1 0.701819597324449 3.4 0.13460364483261428 1.4811706871633459 1.0204389732094472 0.8064814364242825 3.4
Last factible individual
499.2507754544732 499.2507754544732 0.125354542676157 0.7398609438930656 3.4 0.13837153164328622 1.5195495806864945 1.0407542775043117 0.7952833089575194 3.3940835070921977
CPU time used (seconds)
4.1166763809887925
