*---*---*---*---*---*---*---*---*---*---*---*---*---*---*---*---*---*---*---*---*
Algorithm: Differential Evolution
Constrainth handling method: DEB
Function: 125
Case: discrete
Seed: 29
Parents size: 50
Offsprings size: 50
maxFe: 20000
CR: 0.9
F: 0.6
rweights: -
*---*---*---*---*---*---*---*---*---*---*---*---*---*---*---*---*---*---*---*---*
ngen ObjectiveFunction ViolationSum ProjectVariables
50 663.8739771720083 0 0.7786264708127217 1.2282956820845694 3.379034690013258 0.1 0.8224155534541466 1.333343392284512 2.9661875838469625 2.4963245790653934
100 617.7596332624619 0 0.48756512451456235 2.0710146243038987 2.4452826443409412 1.3333730610672092 2.0462471070997488 1.0564716234106595 1.7138556981352753 2.7992136872319744
150 617.7596332624619 0 0.48756512451456235 2.0710146243038987 2.4452826443409412 1.3333730610672092 2.0462471070997488 1.0564716234106595 1.7138556981352753 2.7992136872319744
200 587.3160091520184 0 2.3332335856404263 2.188933551158981 3.4 0.6646295940205408 1.9064204700265304 1.3818085369585869 0.1 3.4
250 579.8587907782791 0 1.081296427030097 2.12679564311649 3.4 1.2944635954410293 3.4 1.1254202944632363 0.1 3.3216826548048353
300 579.8587907782791 0 1.081296427030097 2.12679564311649 3.4 1.2944635954410293 3.4 1.1254202944632363 0.1 3.3216826548048353
350 579.8587907782791 0 1.081296427030097 2.12679564311649 3.4 1.2944635954410293 3.4 1.1254202944632363 0.1 3.3216826548048353
400 556.4310845072921 0 2.0185968350687467 1.8162951253515511 3.4 0.585649313251962 1.025671391165634 1.4562860503992245 0.1 3.3511200426810515
450 554.1526119640286 0 2.8975167348406217 0.9964879574670051 3.4 0.1 1.801005311012335 1.3059759121034296 0.7081327636501424 3.4
500 554.1526119640286 0 2.8975167348406217 0.9964879574670051 3.4 0.1 1.801005311012335 1.3059759121034296 0.7081327636501424 3.4
550 551.7494012521918 0 0.29136225980392005 1.5669125683167007 3.4 0.8004737848364007 3.0081838231729403 0.8402013558185227 0.6255996558525316 3.4
600 533.3767037537264 0 0.2683525996909035 1.656249496487578 3.4 0.9279556720555899 1.186708806483069 1.0995404953412033 0.42631791222896687 3.096394953567731
650 533.3767037537264 0 0.2683525996909035 1.656249496487578 3.4 0.9279556720555899 1.186708806483069 1.0995404953412033 0.42631791222896687 3.096394953567731
700 533.3767037537264 0 0.2683525996909035 1.656249496487578 3.4 0.9279556720555899 1.186708806483069 1.0995404953412033 0.42631791222896687 3.096394953567731
750 526.5972300998443 0 0.1 1.1997798116441314 3.4 0.1 1.051835808732851 0.9156806559814268 1.0059572261528564 3.397557313087004
800 526.5972300998443 0 0.1 1.1997798116441314 3.4 0.1 1.051835808732851 0.9156806559814268 1.0059572261528564 3.397557313087004
850 514.598604302126 0 0.1 0.2782282126955504 3.4 0.1 1.5197439474684733 1.053779781885296 1.1511034064095476 3.2772829278872377
900 514.598604302126 0 0.1 0.2782282126955504 3.4 0.1 1.5197439474684733 1.053779781885296 1.1511034064095476 3.2772829278872377
950 514.598604302126 0 0.1 0.2782282126955504 3.4 0.1 1.5197439474684733 1.053779781885296 1.1511034064095476 3.2772829278872377
1000 514.598604302126 0 0.1 0.2782282126955504 3.4 0.1 1.5197439474684733 1.053779781885296 1.1511034064095476 3.2772829278872377
1050 514.598604302126 0 0.1 0.2782282126955504 3.4 0.1 1.5197439474684733 1.053779781885296 1.1511034064095476 3.2772829278872377
1100 514.598604302126 0 0.1 0.2782282126955504 3.4 0.1 1.5197439474684733 1.053779781885296 1.1511034064095476 3.2772829278872377
1150 514.598604302126 0 0.1 0.2782282126955504 3.4 0.1 1.5197439474684733 1.053779781885296 1.1511034064095476 3.2772829278872377
1200 514.598604302126 0 0.1 0.2782282126955504 3.4 0.1 1.5197439474684733 1.053779781885296 1.1511034064095476 3.2772829278872377
1250 514.598604302126 0 0.1 0.2782282126955504 3.4 0.1 1.5197439474684733 1.053779781885296 1.1511034064095476 3.2772829278872377
1300 514.598604302126 0 0.1 0.2782282126955504 3.4 0.1 1.5197439474684733 1.053779781885296 1.1511034064095476 3.2772829278872377
1350 510.81875755658115 0 0.1 0.4120507788857549 3.4 0.1 0.9307889658101437 0.913681287583023 1.403446275861488 3.4
1400 510.81875755658115 0 0.1 0.4120507788857549 3.4 0.1 0.9307889658101437 0.913681287583023 1.403446275861488 3.4
1450 506.82738081039156 0 0.1 0.4137512676445811 3.342554155820886 0.1 1.5770722671729716 1.0669193168209288 0.9900214548673667 3.2434416252353255
1500 506.82738081039156 0 0.1 0.4137512676445811 3.342554155820886 0.1 1.5770722671729716 1.0669193168209288 0.9900214548673667 3.2434416252353255
1550 506.82738081039156 0 0.1 0.4137512676445811 3.342554155820886 0.1 1.5770722671729716 1.0669193168209288 0.9900214548673667 3.2434416252353255
1600 506.82738081039156 0 0.1 0.4137512676445811 3.342554155820886 0.1 1.5770722671729716 1.0669193168209288 0.9900214548673667 3.2434416252353255
1650 505.97092870892857 0 0.1 0.7754411254648699 3.365356850384696 0.1 1.5770722671729716 1.1413610115633928 0.7267405246952243 3.3354946633834164
1700 505.97092870892857 0 0.1 0.7754411254648699 3.365356850384696 0.1 1.5770722671729716 1.1413610115633928 0.7267405246952243 3.3354946633834164
1750 503.4198584716496 0 0.3304578216621239 1.0155755207131145 3.3881151829035323 0.1 1.6405156875602498 0.9733637641110949 0.5576827575364103 3.340676843951216
1800 503.4198584716496 0 0.3304578216621239 1.0155755207131145 3.3881151829035323 0.1 1.6405156875602498 0.9733637641110949 0.5576827575364103 3.340676843951216
1850 503.4198584716496 0 0.3304578216621239 1.0155755207131145 3.3881151829035323 0.1 1.6405156875602498 0.9733637641110949 0.5576827575364103 3.340676843951216
1900 502.02631057311265 0 0.4364792982573039 0.5975997947711702 3.3363755164210613 0.1 1.4048574477713363 1.025397147317317 0.8860508199517945 3.199700529522188
1950 502.02631057311265 0 0.4364792982573039 0.5975997947711702 3.3363755164210613 0.1 1.4048574477713363 1.025397147317317 0.8860508199517945 3.199700529522188
2000 502.02631057311265 0 0.4364792982573039 0.5975997947711702 3.3363755164210613 0.1 1.4048574477713363 1.025397147317317 0.8860508199517945 3.199700529522188
2050 502.02631057311265 0 0.4364792982573039 0.5975997947711702 3.3363755164210613 0.1 1.4048574477713363 1.025397147317317 0.8860508199517945 3.199700529522188
2100 502.02631057311265 0 0.4364792982573039 0.5975997947711702 3.3363755164210613 0.1 1.4048574477713363 1.025397147317317 0.8860508199517945 3.199700529522188
2150 502.02631057311265 0 0.4364792982573039 0.5975997947711702 3.3363755164210613 0.1 1.4048574477713363 1.025397147317317 0.8860508199517945 3.199700529522188
2200 502.02631057311265 0 0.4364792982573039 0.5975997947711702 3.3363755164210613 0.1 1.4048574477713363 1.025397147317317 0.8860508199517945 3.199700529522188
2250 502.02631057311265 0 0.4364792982573039 0.5975997947711702 3.3363755164210613 0.1 1.4048574477713363 1.025397147317317 0.8860508199517945 3.199700529522188
2300 502.02631057311265 0 0.4364792982573039 0.5975997947711702 3.3363755164210613 0.1 1.4048574477713363 1.025397147317317 0.8860508199517945 3.199700529522188
2350 502.02631057311265 0 0.4364792982573039 0.5975997947711702 3.3363755164210613 0.1 1.4048574477713363 1.025397147317317 0.8860508199517945 3.199700529522188
2400 502.02631057311265 0 0.4364792982573039 0.5975997947711702 3.3363755164210613 0.1 1.4048574477713363 1.025397147317317 0.8860508199517945 3.199700529522188
2450 499.9709287089285 0 0.1 0.7965055549741044 3.4 0.12417120033900483 1.1616200209544285 0.9391248691790068 0.8674171302776449 3.4
2500 499.9709287089285 0 0.1 0.7965055549741044 3.4 0.12417120033900483 1.1616200209544285 0.9391248691790068 0.8674171302776449 3.4
2550 499.9709287089285 0 0.1 0.7965055549741044 3.4 0.12417120033900483 1.1616200209544285 0.9391248691790068 0.8674171302776449 3.4
2600 499.9709287089285 0 0.1 0.7965055549741044 3.4 0.12417120033900483 1.1616200209544285 0.9391248691790068 0.8674171302776449 3.4
2650 499.9709287089285 0 0.1 0.7965055549741044 3.4 0.12417120033900483 1.1616200209544285 0.9391248691790068 0.8674171302776449 3.4
2700 499.9709287089285 0 0.1 0.7965055549741044 3.4 0.12417120033900483 1.1616200209544285 0.9391248691790068 0.8674171302776449 3.4
2750 499.9709287089285 0 0.1 0.7965055549741044 3.4 0.12417120033900483 1.1616200209544285 0.9391248691790068 0.8674171302776449 3.4
2800 499.9709287089285 0 0.1 0.7965055549741044 3.4 0.12417120033900483 1.1616200209544285 0.9391248691790068 0.8674171302776449 3.4
2850 499.9709287089285 0 0.1 0.7965055549741044 3.4 0.12417120033900483 1.1616200209544285 0.9391248691790068 0.8674171302776449 3.4
2900 499.9709287089285 0 0.1 0.7965055549741044 3.4 0.12417120033900483 1.1616200209544285 0.9391248691790068 0.8674171302776449 3.4
2950 499.9709287089285 0 0.1 0.7965055549741044 3.4 0.12417120033900483 1.1616200209544285 0.9391248691790068 0.8674171302776449 3.4
3000 499.9709287089285 0 0.1 0.7965055549741044 3.4 0.12417120033900483 1.1616200209544285 0.9391248691790068 0.8674171302776449 3.4
3050 499.9709287089285 0 0.1 0.7965055549741044 3.4 0.12417120033900483 1.1616200209544285 0.9391248691790068 0.8674171302776449 3.4
3100 499.9709287089285 0 0.1 0.7965055549741044 3.4 0.12417120033900483 1.1616200209544285 0.9391248691790068 0.8674171302776449 3.4
3150 499.9709287089285 0 0.1 0.7965055549741044 3.4 0.12417120033900483 1.1616200209544285 0.9391248691790068 0.8674171302776449 3.4
3200 499.9709287089285 0 0.1 0.7965055549741044 3.4 0.12417120033900483 1.1616200209544285 0.9391248691790068 0.8674171302776449 3.4
3250 499.9709287089285 0 0.1 0.7965055549741044 3.4 0.12417120033900483 1.1616200209544285 0.9391248691790068 0.8674171302776449 3.4
3300 499.9709287089285 0 0.1 0.7965055549741044 3.4 0.12417120033900483 1.1616200209544285 0.9391248691790068 0.8674171302776449 3.4
3350 499.9709287089285 0 0.1 0.7965055549741044 3.4 0.12417120033900483 1.1616200209544285 0.9391248691790068 0.8674171302776449 3.4
3400 499.9709287089285 0 0.1 0.7965055549741044 3.4 0.12417120033900483 1.1616200209544285 0.9391248691790068 0.8674171302776449 3.4
3450 499.9709287089285 0 0.1 0.7965055549741044 3.4 0.12417120033900483 1.1616200209544285 0.9391248691790068 0.8674171302776449 3.4
3500 499.44539359028903 0 0.1 0.8833656814934311 3.3508148755077936 0.1410916649060184 1.2816686637247723 0.8858577901486583 0.8254479498124708 3.370117769212389
3550 499.44539359028903 0 0.1 0.873381216431106 3.2488405334943558 0.13394568309839605 1.2905963742749798 0.9014964156172597 0.7987709214143874 3.242934289391628
3600 499.44539359028903 0 0.1 0.873381216431106 3.2488405334943558 0.13394568309839605 1.2905963742749798 0.9014964156172597 0.7987709214143874 3.242934289391628
3650 499.44539359028903 0 0.1 0.873381216431106 3.2488405334943558 0.13394568309839605 1.2905963742749798 0.9014964156172597 0.7987709214143874 3.242934289391628
3700 499.44539359028903 0 0.1 0.873381216431106 3.2488405334943558 0.13394568309839605 1.2905963742749798 0.9014964156172597 0.7987709214143874 3.242934289391628
3750 499.44539359028903 0 0.1 0.873381216431106 3.2488405334943558 0.13394568309839605 1.2905963742749798 0.9014964156172597 0.7987709214143874 3.242934289391628
3800 499.44539359028903 0 0.1 0.873381216431106 3.2488405334943558 0.13394568309839605 1.2905963742749798 0.9014964156172597 0.7987709214143874 3.242934289391628
3850 499.44539359028903 0 0.1 0.873381216431106 3.2488405334943558 0.13394568309839605 1.2905963742749798 0.9014964156172597 0.7987709214143874 3.242934289391628
3900 499.44539359028903 0 0.1 0.873381216431106 3.2488405334943558 0.13394568309839605 1.2905963742749798 0.9014964156172597 0.7987709214143874 3.242934289391628
3950 499.44539359028903 0 0.1 0.873381216431106 3.2488405334943558 0.13394568309839605 1.2905963742749798 0.9014964156172597 0.7987709214143874 3.242934289391628
4000 499.44539359028903 0 0.1 0.873381216431106 3.2488405334943558 0.13394568309839605 1.2905963742749798 0.9014964156172597 0.7987709214143874 3.242934289391628
4050 499.44539359028903 0 0.1 0.873381216431106 3.2488405334943558 0.13394568309839605 1.2905963742749798 0.9014964156172597 0.7987709214143874 3.242934289391628
4100 499.44539359028903 0 0.1 0.873381216431106 3.2488405334943558 0.13394568309839605 1.2905963742749798 0.9014964156172597 0.7987709214143874 3.242934289391628
4150 499.44539359028903 0 0.1 0.873381216431106 3.2488405334943558 0.13394568309839605 1.2905963742749798 0.9014964156172597 0.7987709214143874 3.242934289391628
4200 499.44539359028903 0 0.1 0.873381216431106 3.2488405334943558 0.13394568309839605 1.2905963742749798 0.9014964156172597 0.7987709214143874 3.242934289391628
4250 499.44539359028903 0 0.1 0.873381216431106 3.2488405334943558 0.13394568309839605 1.2905963742749798 0.9014964156172597 0.7987709214143874 3.242934289391628
4300 499.44539359028903 0 0.1 0.873381216431106 3.2488405334943558 0.13394568309839605 1.2905963742749798 0.9014964156172597 0.7987709214143874 3.242934289391628
4350 499.44539359028903 0 0.1 0.873381216431106 3.2488405334943558 0.13394568309839605 1.2905963742749798 0.9014964156172597 0.7987709214143874 3.242934289391628
4400 499.44539359028903 0 0.1 0.873381216431106 3.2488405334943558 0.13394568309839605 1.2905963742749798 0.9014964156172597 0.7987709214143874 3.242934289391628
4450 499.44539359028903 0 0.1 0.873381216431106 3.2488405334943558 0.13394568309839605 1.2905963742749798 0.9014964156172597 0.7987709214143874 3.242934289391628
4500 499.44539359028903 0 0.1 0.873381216431106 3.2488405334943558 0.13394568309839605 1.2905963742749798 0.9014964156172597 0.7987709214143874 3.242934289391628
4550 499.44539359028903 0 0.1 0.873381216431106 3.2488405334943558 0.13394568309839605 1.2905963742749798 0.9014964156172597 0.7987709214143874 3.242934289391628
4600 499.44539359028903 0 0.1 0.873381216431106 3.2488405334943558 0.13394568309839605 1.2905963742749798 0.9014964156172597 0.7987709214143874 3.242934289391628
4650 499.44539359028903 0 0.1 0.873381216431106 3.2488405334943558 0.13394568309839605 1.2905963742749798 0.9014964156172597 0.7987709214143874 3.242934289391628
4700 499.44539359028903 0 0.1 0.873381216431106 3.2488405334943558 0.13394568309839605 1.2905963742749798 0.9014964156172597 0.7987709214143874 3.242934289391628
4750 499.44539359028903 0 0.1 0.873381216431106 3.2488405334943558 0.13394568309839605 1.2905963742749798 0.9014964156172597 0.7987709214143874 3.242934289391628
4800 499.44539359028903 0 0.1 0.873381216431106 3.2488405334943558 0.13394568309839605 1.2905963742749798 0.9014964156172597 0.7987709214143874 3.242934289391628
4850 499.44539359028903 0 0.1 0.873381216431106 3.2488405334943558 0.13394568309839605 1.2905963742749798 0.9014964156172597 0.7987709214143874 3.242934289391628
4900 499.44539359028903 0 0.1 0.873381216431106 3.2488405334943558 0.13394568309839605 1.2905963742749798 0.9014964156172597 0.7987709214143874 3.242934289391628
4950 499.44539359028903 0 0.1 0.873381216431106 3.2488405334943558 0.13394568309839605 1.2905963742749798 0.9014964156172597 0.7987709214143874 3.242934289391628
5000 499.44539359028903 0 0.1 0.873381216431106 3.2488405334943558 0.13394568309839605 1.2905963742749798 0.9014964156172597 0.7987709214143874 3.242934289391628
5050 499.44539359028903 0 0.1 0.873381216431106 3.2488405334943558 0.13394568309839605 1.2905963742749798 0.9014964156172597 0.7987709214143874 3.242934289391628
5100 499.44539359028903 0 0.1 0.8763500153505943 3.4 0.10191031676994289 1.2948799883980016 0.9497372983027373 0.8027369923771775 3.4
5150 499.2507754544732 0 0.11354028714103895 0.6544366250064809 3.3242335355626547 0.11579394479515304 1.5009801521163588 1.020227307627639 0.7977657108675423 3.391539413133411
5200 499.2507754544732 0 0.11354028714103895 0.6544366250064809 3.3242335355626547 0.11579394479515304 1.5009801521163588 1.020227307627639 0.7977657108675423 3.391539413133411
5250 499.2507754544732 0 0.11354028714103895 0.6544366250064809 3.3242335355626547 0.11579394479515304 1.5009801521163588 1.020227307627639 0.7977657108675423 3.391539413133411
5300 499.2507754544732 0 0.11354028714103895 0.6895633718501887 3.3600374235382184 0.1150965739318674 1.5266570337930474 0.9865336181604515 0.7735026431406496 3.4
5350 499.2507754544732 0 0.11354028714103895 0.6895633718501887 3.3600374235382184 0.1150965739318674 1.5266570337930474 0.9865336181604515 0.7735026431406496 3.4
5400 499.2507754544732 0 0.11354028714103895 0.6895633718501887 3.3600374235382184 0.1150965739318674 1.5266570337930474 0.9865336181604515 0.7735026431406496 3.4
5450 499.2507754544732 0 0.11354028714103895 0.6895633718501887 3.3600374235382184 0.1150965739318674 1.5266570337930474 0.9865336181604515 0.7735026431406496 3.4
5500 499.2507754544732 0 0.11354028714103895 0.6895633718501887 3.3600374235382184 0.1150965739318674 1.5266570337930474 0.9865336181604515 0.7735026431406496 3.4
5550 499.2507754544732 0 0.11354028714103895 0.6895633718501887 3.3600374235382184 0.1150965739318674 1.5266570337930474 0.9865336181604515 0.7735026431406496 3.4
5600 499.2507754544732 0 0.11354028714103895 0.6895633718501887 3.3600374235382184 0.1150965739318674 1.5266570337930474 0.9865336181604515 0.7735026431406496 3.4
5650 499.2507754544732 0 0.11354028714103895 0.6895633718501887 3.3600374235382184 0.1150965739318674 1.5266570337930474 0.9865336181604515 0.7735026431406496 3.4
5700 499.2507754544732 0 0.11354028714103895 0.6895633718501887 3.3600374235382184 0.1150965739318674 1.5266570337930474 0.9865336181604515 0.7735026431406496 3.4
5750 499.2507754544732 0 0.11354028714103895 0.6895633718501887 3.3600374235382184 0.1150965739318674 1.5266570337930474 0.9865336181604515 0.7735026431406496 3.4
5800 499.2507754544732 0 0.11354028714103895 0.6895633718501887 3.3600374235382184 0.1150965739318674 1.5266570337930474 0.9865336181604515 0.7735026431406496 3.4
5850 499.2507754544732 0 0.11354028714103895 0.6895633718501887 3.3600374235382184 0.1150965739318674 1.5266570337930474 0.9865336181604515 0.7735026431406496 3.4
5900 499.2507754544732 0 0.1216318725440195 0.7198424302446719 3.3478066306166885 0.11698159959268128 1.4853742179831784 1.0263838405522552 0.7861673120366066 3.3235692959975403
5950 499.2507754544732 0 0.1216318725440195 0.7198424302446719 3.3478066306166885 0.11698159959268128 1.4853742179831784 1.0263838405522552 0.7861673120366066 3.3235692959975403
6000 499.2507754544732 0 0.1216318725440195 0.7198424302446719 3.3478066306166885 0.11698159959268128 1.4853742179831784 1.0263838405522552 0.7861673120366066 3.3235692959975403
6050 499.2507754544732 0 0.1216318725440195 0.7198424302446719 3.3478066306166885 0.11698159959268128 1.4853742179831784 1.0263838405522552 0.7861673120366066 3.3235692959975403
6100 499.2507754544732 0 0.1216318725440195 0.7198424302446719 3.3478066306166885 0.11698159959268128 1.4853742179831784 1.0263838405522552 0.7861673120366066 3.3235692959975403
6150 499.2507754544732 0 0.1216318725440195 0.7198424302446719 3.3478066306166885 0.11698159959268128 1.4853742179831784 1.0263838405522552 0.7861673120366066 3.3235692959975403
6200 499.2507754544732 0 0.1216318725440195 0.7198424302446719 3.3478066306166885 0.11698159959268128 1.4853742179831784 1.0263838405522552 0.7861673120366066 3.3235692959975403
6250 499.2507754544732 0 0.1216318725440195 0.7198424302446719 3.3478066306166885 0.11698159959268128 1.4853742179831784 1.0263838405522552 0.7861673120366066 3.3235692959975403
6300 499.2507754544732 0 0.1216318725440195 0.7198424302446719 3.3478066306166885 0.11698159959268128 1.4853742179831784 1.0263838405522552 0.7861673120366066 3.3235692959975403
6350 499.2507754544732 0 0.1216318725440195 0.7198424302446719 3.3478066306166885 0.11698159959268128 1.4853742179831784 1.0263838405522552 0.7861673120366066 3.3235692959975403
6400 499.2507754544732 0 0.1216318725440195 0.7198424302446719 3.3478066306166885 0.11698159959268128 1.4853742179831784 1.0263838405522552 0.7861673120366066 3.3235692959975403
6450 499.2507754544732 0 0.1216318725440195 0.7198424302446719 3.3478066306166885 0.11698159959268128 1.4853742179831784 1.0263838405522552 0.7861673120366066 3.3235692959975403
6500 499.2507754544732 0 0.1216318725440195 0.7198424302446719 3.3478066306166885 0.11698159959268128 1.4853742179831784 1.0263838405522552 0.7861673120366066 3.3235692959975403
6550 499.2507754544732 0 0.1216318725440195 0.7198424302446719 3.3478066306166885 0.11698159959268128 1.4853742179831784 1.0263838405522552 0.7861673120366066 3.3235692959975403
6600 499.2507754544732 0 0.1216318725440195 0.7198424302446719 3.3478066306166885 0.11698159959268128 1.4853742179831784 1.0263838405522552 0.7861673120366066 3.3235692959975403
6650 499.2507754544732 0 0.1216318725440195 0.7198424302446719 3.3478066306166885 0.11698159959268128 1.4853742179831784 1.0263838405522552 0.7861673120366066 3.3235692959975403
6700 499.2507754544732 0 0.1216318725440195 0.7198424302446719 3.3478066306166885 0.11698159959268128 1.4853742179831784 1.0263838405522552 0.7861673120366066 3.3235692959975403
6750 499.2507754544732 0 0.1216318725440195 0.7198424302446719 3.3478066306166885 0.11698159959268128 1.4853742179831784 1.0263838405522552 0.7861673120366066 3.3235692959975403
6800 499.2507754544732 0 0.1216318725440195 0.7198424302446719 3.3478066306166885 0.11698159959268128 1.4853742179831784 1.0263838405522552 0.7861673120366066 3.3235692959975403
6850 499.2507754544732 0 0.1216318725440195 0.7198424302446719 3.3478066306166885 0.11698159959268128 1.4853742179831784 1.0263838405522552 0.7861673120366066 3.3235692959975403
6900 499.2507754544732 0 0.1216318725440195 0.7198424302446719 3.3478066306166885 0.11698159959268128 1.4853742179831784 1.0263838405522552 0.7861673120366066 3.3235692959975403
6950 499.2507754544732 0 0.1216318725440195 0.7198424302446719 3.3478066306166885 0.11698159959268128 1.4853742179831784 1.0263838405522552 0.7861673120366066 3.3235692959975403
7000 499.2507754544732 0 0.1216318725440195 0.7198424302446719 3.3478066306166885 0.11698159959268128 1.4853742179831784 1.0263838405522552 0.7861673120366066 3.3235692959975403
7050 499.2507754544732 0 0.1216318725440195 0.7198424302446719 3.3478066306166885 0.11698159959268128 1.4853742179831784 1.0263838405522552 0.7861673120366066 3.3235692959975403
7100 499.2507754544732 0 0.1216318725440195 0.7198424302446719 3.3478066306166885 0.11698159959268128 1.4853742179831784 1.0263838405522552 0.7861673120366066 3.3235692959975403
7150 499.2507754544732 0 0.1216318725440195 0.7198424302446719 3.3478066306166885 0.11698159959268128 1.4853742179831784 1.0263838405522552 0.7861673120366066 3.3235692959975403
7200 499.2507754544732 0 0.1216318725440195 0.7198424302446719 3.3478066306166885 0.11698159959268128 1.4853742179831784 1.0263838405522552 0.7861673120366066 3.3235692959975403
7250 499.2507754544732 0 0.1216318725440195 0.7198424302446719 3.3478066306166885 0.11698159959268128 1.4853742179831784 1.0263838405522552 0.7861673120366066 3.3235692959975403
7300 499.2507754544732 0 0.1216318725440195 0.7198424302446719 3.3478066306166885 0.11698159959268128 1.4853742179831784 1.0263838405522552 0.7861673120366066 3.3235692959975403
7350 499.2507754544732 0 0.1216318725440195 0.7198424302446719 3.3478066306166885 0.11698159959268128 1.4853742179831784 1.0263838405522552 0.7861673120366066 3.3235692959975403
7400 499.2507754544732 0 0.1216318725440195 0.7198424302446719 3.3478066306166885 0.11698159959268128 1.4853742179831784 1.0263838405522552 0.7861673120366066 3.3235692959975403
7450 499.2507754544732 0 0.1216318725440195 0.7198424302446719 3.3478066306166885 0.11698159959268128 1.4853742179831784 1.0263838405522552 0.7861673120366066 3.3235692959975403
7500 499.2507754544732 0 0.1216318725440195 0.7198424302446719 3.3478066306166885 0.11698159959268128 1.4853742179831784 1.0263838405522552 0.7861673120366066 3.3235692959975403
7550 499.2507754544732 0 0.1216318725440195 0.7198424302446719 3.3478066306166885 0.11698159959268128 1.4853742179831784 1.0263838405522552 0.7861673120366066 3.3235692959975403
7600 499.2507754544732 0 0.1216318725440195 0.7198424302446719 3.3478066306166885 0.11698159959268128 1.4853742179831784 1.0263838405522552 0.7861673120366066 3.3235692959975403
7650 499.2507754544732 0 0.1216318725440195 0.7198424302446719 3.3478066306166885 0.11698159959268128 1.4853742179831784 1.0263838405522552 0.7861673120366066 3.3235692959975403
7700 499.2507754544732 0 0.1216318725440195 0.7198424302446719 3.3478066306166885 0.11698159959268128 1.4853742179831784 1.0263838405522552 0.7861673120366066 3.3235692959975403
7750 499.2507754544732 0 0.1216318725440195 0.7198424302446719 3.3478066306166885 0.11698159959268128 1.4853742179831784 1.0263838405522552 0.7861673120366066 3.3235692959975403
7800 499.2507754544732 0 0.1216318725440195 0.7198424302446719 3.3478066306166885 0.11698159959268128 1.4853742179831784 1.0263838405522552 0.7861673120366066 3.3235692959975403
7850 499.2507754544732 0 0.1216318725440195 0.7198424302446719 3.3478066306166885 0.11698159959268128 1.4853742179831784 1.0263838405522552 0.7861673120366066 3.3235692959975403
7900 499.2507754544732 0 0.1216318725440195 0.7198424302446719 3.3478066306166885 0.11698159959268128 1.4853742179831784 1.0263838405522552 0.7861673120366066 3.3235692959975403
7950 499.2507754544732 0 0.1216318725440195 0.7198424302446719 3.3478066306166885 0.11698159959268128 1.4853742179831784 1.0263838405522552 0.7861673120366066 3.3235692959975403
8000 499.2507754544732 0 0.1216318725440195 0.7198424302446719 3.3478066306166885 0.11698159959268128 1.4853742179831784 1.0263838405522552 0.7861673120366066 3.3235692959975403
8050 499.2507754544732 0 0.1216318725440195 0.7198424302446719 3.3478066306166885 0.11698159959268128 1.4853742179831784 1.0263838405522552 0.7861673120366066 3.3235692959975403
8100 499.2507754544732 0 0.1216318725440195 0.7198424302446719 3.3478066306166885 0.11698159959268128 1.4853742179831784 1.0263838405522552 0.7861673120366066 3.3235692959975403
8150 499.2507754544732 0 0.1216318725440195 0.7198424302446719 3.3478066306166885 0.11698159959268128 1.4853742179831784 1.0263838405522552 0.7861673120366066 3.3235692959975403
8200 499.2507754544732 0 0.1216318725440195 0.7198424302446719 3.3478066306166885 0.11698159959268128 1.4853742179831784 1.0263838405522552 0.7861673120366066 3.3235692959975403
8250 499.2507754544732 0 0.1216318725440195 0.7198424302446719 3.3478066306166885 0.11698159959268128 1.4853742179831784 1.0263838405522552 0.7861673120366066 3.3235692959975403
8300 499.2507754544732 0 0.1216318725440195 0.7198424302446719 3.3478066306166885 0.11698159959268128 1.4853742179831784 1.0263838405522552 0.7861673120366066 3.3235692959975403
8350 499.2507754544732 0 0.1216318725440195 0.7198424302446719 3.3478066306166885 0.11698159959268128 1.4853742179831784 1.0263838405522552 0.7861673120366066 3.3235692959975403
8400 499.2507754544732 0 0.1216318725440195 0.7198424302446719 3.3478066306166885 0.11698159959268128 1.4853742179831784 1.0263838405522552 0.7861673120366066 3.3235692959975403
8450 499.2507754544732 0 0.1216318725440195 0.7198424302446719 3.3478066306166885 0.11698159959268128 1.4853742179831784 1.0263838405522552 0.7861673120366066 3.3235692959975403
8500 499.2507754544732 0 0.1216318725440195 0.7198424302446719 3.3478066306166885 0.11698159959268128 1.4853742179831784 1.0263838405522552 0.7861673120366066 3.3235692959975403
8550 499.2507754544732 0 0.1216318725440195 0.7198424302446719 3.3478066306166885 0.11698159959268128 1.4853742179831784 1.0263838405522552 0.7861673120366066 3.3235692959975403
8600 499.2507754544732 0 0.1216318725440195 0.7198424302446719 3.3478066306166885 0.11698159959268128 1.4853742179831784 1.0263838405522552 0.7861673120366066 3.3235692959975403
8650 499.2507754544732 0 0.1216318725440195 0.7198424302446719 3.3478066306166885 0.11698159959268128 1.4853742179831784 1.0263838405522552 0.7861673120366066 3.3235692959975403
8700 499.2507754544732 0 0.1216318725440195 0.7198424302446719 3.3478066306166885 0.11698159959268128 1.4853742179831784 1.0263838405522552 0.7861673120366066 3.3235692959975403
8750 499.2507754544732 0 0.1216318725440195 0.7198424302446719 3.3478066306166885 0.11698159959268128 1.4853742179831784 1.0263838405522552 0.7861673120366066 3.3235692959975403
8800 499.2507754544732 0 0.1216318725440195 0.7198424302446719 3.3478066306166885 0.11698159959268128 1.4853742179831784 1.0263838405522552 0.7861673120366066 3.3235692959975403
8850 499.2507754544732 0 0.1216318725440195 0.7198424302446719 3.3478066306166885 0.11698159959268128 1.4853742179831784 1.0263838405522552 0.7861673120366066 3.3235692959975403
8900 499.2507754544732 0 0.1216318725440195 0.7198424302446719 3.3478066306166885 0.11698159959268128 1.4853742179831784 1.0263838405522552 0.7861673120366066 3.3235692959975403
8950 499.2507754544732 0 0.1216318725440195 0.7198424302446719 3.3478066306166885 0.11698159959268128 1.4853742179831784 1.0263838405522552 0.7861673120366066 3.3235692959975403
9000 499.2507754544732 0 0.1216318725440195 0.7198424302446719 3.3478066306166885 0.11698159959268128 1.4853742179831784 1.0263838405522552 0.7861673120366066 3.3235692959975403
9050 499.2507754544732 0 0.1216318725440195 0.7198424302446719 3.3478066306166885 0.11698159959268128 1.4853742179831784 1.0263838405522552 0.7861673120366066 3.3235692959975403
9100 499.2507754544732 0 0.1216318725440195 0.7198424302446719 3.3478066306166885 0.11698159959268128 1.4853742179831784 1.0263838405522552 0.7861673120366066 3.3235692959975403
9150 499.2507754544732 0 0.1216318725440195 0.7198424302446719 3.3478066306166885 0.11698159959268128 1.4853742179831784 1.0263838405522552 0.7861673120366066 3.3235692959975403
9200 499.2507754544732 0 0.1216318725440195 0.7198424302446719 3.3478066306166885 0.11698159959268128 1.4853742179831784 1.0263838405522552 0.7861673120366066 3.3235692959975403
9250 499.2507754544732 0 0.1216318725440195 0.7198424302446719 3.3478066306166885 0.11698159959268128 1.4853742179831784 1.0263838405522552 0.7861673120366066 3.3235692959975403
9300 499.2507754544732 0 0.1216318725440195 0.7198424302446719 3.3478066306166885 0.11698159959268128 1.4853742179831784 1.0263838405522552 0.7861673120366066 3.3235692959975403
9350 499.2507754544732 0 0.1216318725440195 0.7198424302446719 3.3478066306166885 0.11698159959268128 1.4853742179831784 1.0263838405522552 0.7861673120366066 3.3235692959975403
9400 499.2507754544732 0 0.1216318725440195 0.7198424302446719 3.3478066306166885 0.11698159959268128 1.4853742179831784 1.0263838405522552 0.7861673120366066 3.3235692959975403
9450 499.2507754544732 0 0.1216318725440195 0.7198424302446719 3.3478066306166885 0.11698159959268128 1.4853742179831784 1.0263838405522552 0.7861673120366066 3.3235692959975403
9500 499.2507754544732 0 0.1216318725440195 0.7198424302446719 3.3478066306166885 0.11698159959268128 1.4853742179831784 1.0263838405522552 0.7861673120366066 3.3235692959975403
9550 499.2507754544732 0 0.1216318725440195 0.7198424302446719 3.3478066306166885 0.11698159959268128 1.4853742179831784 1.0263838405522552 0.7861673120366066 3.3235692959975403
9600 499.2507754544732 0 0.1216318725440195 0.7198424302446719 3.3478066306166885 0.11698159959268128 1.4853742179831784 1.0263838405522552 0.7861673120366066 3.3235692959975403
9650 499.2507754544732 0 0.1216318725440195 0.7198424302446719 3.3478066306166885 0.11698159959268128 1.4853742179831784 1.0263838405522552 0.7861673120366066 3.3235692959975403
9700 499.2507754544732 0 0.1216318725440195 0.7198424302446719 3.3478066306166885 0.11698159959268128 1.4853742179831784 1.0263838405522552 0.7861673120366066 3.3235692959975403
9750 499.2507754544732 0 0.1216318725440195 0.7198424302446719 3.3478066306166885 0.11698159959268128 1.4853742179831784 1.0263838405522552 0.7861673120366066 3.3235692959975403
9800 499.2507754544732 0 0.1216318725440195 0.7198424302446719 3.3478066306166885 0.11698159959268128 1.4853742179831784 1.0263838405522552 0.7861673120366066 3.3235692959975403
9850 499.2507754544732 0 0.1216318725440195 0.7198424302446719 3.3478066306166885 0.11698159959268128 1.4853742179831784 1.0263838405522552 0.7861673120366066 3.3235692959975403
9900 499.2507754544732 0 0.1216318725440195 0.7198424302446719 3.3478066306166885 0.11698159959268128 1.4853742179831784 1.0263838405522552 0.7861673120366066 3.3235692959975403
9950 499.2507754544732 0 0.1216318725440195 0.7198424302446719 3.3478066306166885 0.11698159959268128 1.4853742179831784 1.0263838405522552 0.7861673120366066 3.3235692959975403
10000 499.2507754544732 0 0.1216318725440195 0.7198424302446719 3.3478066306166885 0.11698159959268128 1.4853742179831784 1.0263838405522552 0.7861673120366066 3.3235692959975403
10050 499.2507754544732 0 0.1216318725440195 0.7198424302446719 3.3478066306166885 0.11698159959268128 1.4853742179831784 1.0263838405522552 0.7861673120366066 3.3235692959975403
10100 499.2507754544732 0 0.1216318725440195 0.7198424302446719 3.3478066306166885 0.11698159959268128 1.4853742179831784 1.0263838405522552 0.7861673120366066 3.3235692959975403
10150 499.2507754544732 0 0.1216318725440195 0.7198424302446719 3.3478066306166885 0.11698159959268128 1.4853742179831784 1.0263838405522552 0.7861673120366066 3.3235692959975403
10200 499.2507754544732 0 0.1216318725440195 0.7198424302446719 3.3478066306166885 0.11698159959268128 1.4853742179831784 1.0263838405522552 0.7861673120366066 3.3235692959975403
10250 499.2507754544732 0 0.1216318725440195 0.7198424302446719 3.3478066306166885 0.11698159959268128 1.4853742179831784 1.0263838405522552 0.7861673120366066 3.3235692959975403
10300 499.2507754544732 0 0.1216318725440195 0.7198424302446719 3.3478066306166885 0.11698159959268128 1.4853742179831784 1.0263838405522552 0.7861673120366066 3.3235692959975403
10350 499.2507754544732 0 0.1216318725440195 0.7198424302446719 3.3478066306166885 0.11698159959268128 1.4853742179831784 1.0263838405522552 0.7861673120366066 3.3235692959975403
10400 499.2507754544732 0 0.1216318725440195 0.7198424302446719 3.3478066306166885 0.11698159959268128 1.4853742179831784 1.0263838405522552 0.7861673120366066 3.3235692959975403
10450 499.2507754544732 0 0.1216318725440195 0.7198424302446719 3.3478066306166885 0.11698159959268128 1.4853742179831784 1.0263838405522552 0.7861673120366066 3.3235692959975403
10500 499.2507754544732 0 0.1216318725440195 0.7198424302446719 3.3478066306166885 0.11698159959268128 1.4853742179831784 1.0263838405522552 0.7861673120366066 3.3235692959975403
10550 499.2507754544732 0 0.1216318725440195 0.7198424302446719 3.3478066306166885 0.11698159959268128 1.4853742179831784 1.0263838405522552 0.7861673120366066 3.3235692959975403
10600 499.2507754544732 0 0.1216318725440195 0.7198424302446719 3.3478066306166885 0.11698159959268128 1.4853742179831784 1.0263838405522552 0.7861673120366066 3.3235692959975403
10650 499.2507754544732 0 0.1216318725440195 0.7198424302446719 3.3478066306166885 0.11698159959268128 1.4853742179831784 1.0263838405522552 0.7861673120366066 3.3235692959975403
10700 499.2507754544732 0 0.1216318725440195 0.7198424302446719 3.3478066306166885 0.11698159959268128 1.4853742179831784 1.0263838405522552 0.7861673120366066 3.3235692959975403
10750 499.2507754544732 0 0.1216318725440195 0.7198424302446719 3.3478066306166885 0.11698159959268128 1.4853742179831784 1.0263838405522552 0.7861673120366066 3.3235692959975403
10800 499.2507754544732 0 0.1216318725440195 0.7198424302446719 3.3478066306166885 0.11698159959268128 1.4853742179831784 1.0263838405522552 0.7861673120366066 3.3235692959975403
10850 499.2507754544732 0 0.1216318725440195 0.7198424302446719 3.3478066306166885 0.11698159959268128 1.4853742179831784 1.0263838405522552 0.7861673120366066 3.3235692959975403
10900 499.2507754544732 0 0.1216318725440195 0.7198424302446719 3.3478066306166885 0.11698159959268128 1.4853742179831784 1.0263838405522552 0.7861673120366066 3.3235692959975403
10950 499.2507754544732 0 0.1216318725440195 0.7198424302446719 3.3478066306166885 0.11698159959268128 1.4853742179831784 1.0263838405522552 0.7861673120366066 3.3235692959975403
11000 499.2507754544732 0 0.1216318725440195 0.7198424302446719 3.3478066306166885 0.11698159959268128 1.4853742179831784 1.0263838405522552 0.7861673120366066 3.3235692959975403
11050 499.2507754544732 0 0.1216318725440195 0.7198424302446719 3.3478066306166885 0.11698159959268128 1.4853742179831784 1.0263838405522552 0.7861673120366066 3.3235692959975403
11100 499.2507754544732 0 0.1216318725440195 0.7198424302446719 3.3478066306166885 0.11698159959268128 1.4853742179831784 1.0263838405522552 0.7861673120366066 3.3235692959975403
11150 499.2507754544732 0 0.1216318725440195 0.7198424302446719 3.3478066306166885 0.11698159959268128 1.4853742179831784 1.0263838405522552 0.7861673120366066 3.3235692959975403
11200 499.2507754544732 0 0.1216318725440195 0.7198424302446719 3.3478066306166885 0.11698159959268128 1.4853742179831784 1.0263838405522552 0.7861673120366066 3.3235692959975403
11250 499.2507754544732 0 0.1216318725440195 0.7198424302446719 3.3478066306166885 0.11698159959268128 1.4853742179831784 1.0263838405522552 0.7861673120366066 3.3235692959975403
11300 499.2507754544732 0 0.1216318725440195 0.7198424302446719 3.3478066306166885 0.11698159959268128 1.4853742179831784 1.0263838405522552 0.7861673120366066 3.3235692959975403
11350 499.2507754544732 0 0.1216318725440195 0.7198424302446719 3.3478066306166885 0.11698159959268128 1.4853742179831784 1.0263838405522552 0.7861673120366066 3.3235692959975403
11400 499.2507754544732 0 0.1216318725440195 0.7198424302446719 3.3478066306166885 0.11698159959268128 1.4853742179831784 1.0263838405522552 0.7861673120366066 3.3235692959975403
11450 499.2507754544732 0 0.1216318725440195 0.7198424302446719 3.3478066306166885 0.11698159959268128 1.4853742179831784 1.0263838405522552 0.7861673120366066 3.3235692959975403
11500 499.2507754544732 0 0.1216318725440195 0.7198424302446719 3.3478066306166885 0.11698159959268128 1.4853742179831784 1.0263838405522552 0.7861673120366066 3.3235692959975403
11550 499.2507754544732 0 0.1216318725440195 0.7198424302446719 3.3478066306166885 0.11698159959268128 1.4853742179831784 1.0263838405522552 0.7861673120366066 3.3235692959975403
11600 499.2507754544732 0 0.1216318725440195 0.7198424302446719 3.3478066306166885 0.11698159959268128 1.4853742179831784 1.0263838405522552 0.7861673120366066 3.3235692959975403
11650 499.2507754544732 0 0.1216318725440195 0.7198424302446719 3.3478066306166885 0.11698159959268128 1.4853742179831784 1.0263838405522552 0.7861673120366066 3.3235692959975403
11700 499.2507754544732 0 0.1216318725440195 0.7198424302446719 3.3478066306166885 0.11698159959268128 1.4853742179831784 1.0263838405522552 0.7861673120366066 3.3235692959975403
11750 499.2507754544732 0 0.1216318725440195 0.7198424302446719 3.3478066306166885 0.11698159959268128 1.4853742179831784 1.0263838405522552 0.7861673120366066 3.3235692959975403
11800 499.2507754544732 0 0.1216318725440195 0.7198424302446719 3.3478066306166885 0.11698159959268128 1.4853742179831784 1.0263838405522552 0.7861673120366066 3.3235692959975403
11850 499.2507754544732 0 0.1216318725440195 0.7198424302446719 3.3478066306166885 0.11698159959268128 1.4853742179831784 1.0263838405522552 0.7861673120366066 3.3235692959975403
11900 499.2507754544732 0 0.1216318725440195 0.7198424302446719 3.3478066306166885 0.11698159959268128 1.4853742179831784 1.0263838405522552 0.7861673120366066 3.3235692959975403
11950 499.2507754544732 0 0.1216318725440195 0.7198424302446719 3.3478066306166885 0.11698159959268128 1.4853742179831784 1.0263838405522552 0.7861673120366066 3.3235692959975403
12000 499.2507754544732 0 0.1216318725440195 0.7198424302446719 3.3478066306166885 0.11698159959268128 1.4853742179831784 1.0263838405522552 0.7861673120366066 3.3235692959975403
12050 499.2507754544732 0 0.1216318725440195 0.7198424302446719 3.3478066306166885 0.11698159959268128 1.4853742179831784 1.0263838405522552 0.7861673120366066 3.3235692959975403
12100 499.2507754544732 0 0.1216318725440195 0.7198424302446719 3.3478066306166885 0.11698159959268128 1.4853742179831784 1.0263838405522552 0.7861673120366066 3.3235692959975403
12150 499.2507754544732 0 0.1216318725440195 0.7198424302446719 3.3478066306166885 0.11698159959268128 1.4853742179831784 1.0263838405522552 0.7861673120366066 3.3235692959975403
12200 499.2507754544732 0 0.1216318725440195 0.7198424302446719 3.3478066306166885 0.11698159959268128 1.4853742179831784 1.0263838405522552 0.7861673120366066 3.3235692959975403
12250 499.2507754544732 0 0.1216318725440195 0.7198424302446719 3.3478066306166885 0.11698159959268128 1.4853742179831784 1.0263838405522552 0.7861673120366066 3.3235692959975403
12300 499.2507754544732 0 0.1216318725440195 0.7198424302446719 3.3478066306166885 0.11698159959268128 1.4853742179831784 1.0263838405522552 0.7861673120366066 3.3235692959975403
12350 499.2507754544732 0 0.1216318725440195 0.7198424302446719 3.3478066306166885 0.11698159959268128 1.4853742179831784 1.0263838405522552 0.7861673120366066 3.3235692959975403
12400 499.2507754544732 0 0.1216318725440195 0.7198424302446719 3.3478066306166885 0.11698159959268128 1.4853742179831784 1.0263838405522552 0.7861673120366066 3.3235692959975403
12450 499.2507754544732 0 0.1216318725440195 0.7198424302446719 3.3478066306166885 0.11698159959268128 1.4853742179831784 1.0263838405522552 0.7861673120366066 3.3235692959975403
12500 499.2507754544732 0 0.1216318725440195 0.7198424302446719 3.3478066306166885 0.11698159959268128 1.4853742179831784 1.0263838405522552 0.7861673120366066 3.3235692959975403
12550 499.2507754544732 0 0.1216318725440195 0.7198424302446719 3.3478066306166885 0.11698159959268128 1.4853742179831784 1.0263838405522552 0.7861673120366066 3.3235692959975403
12600 499.2507754544732 0 0.1216318725440195 0.7198424302446719 3.3478066306166885 0.11698159959268128 1.4853742179831784 1.0263838405522552 0.7861673120366066 3.3235692959975403
12650 499.2507754544732 0 0.1216318725440195 0.7198424302446719 3.3478066306166885 0.11698159959268128 1.4853742179831784 1.0263838405522552 0.7861673120366066 3.3235692959975403
12700 499.2507754544732 0 0.1216318725440195 0.7198424302446719 3.3478066306166885 0.11698159959268128 1.4853742179831784 1.0263838405522552 0.7861673120366066 3.3235692959975403
12750 499.2507754544732 0 0.1216318725440195 0.7198424302446719 3.3478066306166885 0.11698159959268128 1.4853742179831784 1.0263838405522552 0.7861673120366066 3.3235692959975403
12800 499.2507754544732 0 0.1216318725440195 0.7198424302446719 3.3478066306166885 0.11698159959268128 1.4853742179831784 1.0263838405522552 0.7861673120366066 3.3235692959975403
12850 499.2507754544732 0 0.1216318725440195 0.7198424302446719 3.3478066306166885 0.11698159959268128 1.4853742179831784 1.0263838405522552 0.7861673120366066 3.3235692959975403
12900 499.2507754544732 0 0.1216318725440195 0.7198424302446719 3.3478066306166885 0.11698159959268128 1.4853742179831784 1.0263838405522552 0.7861673120366066 3.3235692959975403
12950 499.2507754544732 0 0.1216318725440195 0.7198424302446719 3.3478066306166885 0.11698159959268128 1.4853742179831784 1.0263838405522552 0.7861673120366066 3.3235692959975403
13000 499.2507754544732 0 0.1216318725440195 0.7198424302446719 3.3478066306166885 0.11698159959268128 1.4853742179831784 1.0263838405522552 0.7861673120366066 3.3235692959975403
13050 499.2507754544732 0 0.1216318725440195 0.7198424302446719 3.3478066306166885 0.11698159959268128 1.4853742179831784 1.0263838405522552 0.7861673120366066 3.3235692959975403
13100 499.2507754544732 0 0.1216318725440195 0.7198424302446719 3.3478066306166885 0.11698159959268128 1.4853742179831784 1.0263838405522552 0.7861673120366066 3.3235692959975403
13150 499.2507754544732 0 0.1216318725440195 0.7198424302446719 3.3478066306166885 0.11698159959268128 1.4853742179831784 1.0263838405522552 0.7861673120366066 3.3235692959975403
13200 499.2507754544732 0 0.1216318725440195 0.7198424302446719 3.3478066306166885 0.11698159959268128 1.4853742179831784 1.0263838405522552 0.7861673120366066 3.3235692959975403
13250 499.2507754544732 0 0.1216318725440195 0.7198424302446719 3.3478066306166885 0.11698159959268128 1.4853742179831784 1.0263838405522552 0.7861673120366066 3.3235692959975403
13300 499.2507754544732 0 0.1216318725440195 0.7198424302446719 3.3478066306166885 0.11698159959268128 1.4853742179831784 1.0263838405522552 0.7861673120366066 3.3235692959975403
13350 499.2507754544732 0 0.1216318725440195 0.7198424302446719 3.3478066306166885 0.11698159959268128 1.4853742179831784 1.0263838405522552 0.7861673120366066 3.3235692959975403
13400 499.2507754544732 0 0.1216318725440195 0.7198424302446719 3.3478066306166885 0.11698159959268128 1.4853742179831784 1.0263838405522552 0.7861673120366066 3.3235692959975403
13450 499.2507754544732 0 0.1216318725440195 0.7198424302446719 3.3478066306166885 0.11698159959268128 1.4853742179831784 1.0263838405522552 0.7861673120366066 3.3235692959975403
13500 499.2507754544732 0 0.1216318725440195 0.7198424302446719 3.3478066306166885 0.11698159959268128 1.4853742179831784 1.0263838405522552 0.7861673120366066 3.3235692959975403
13550 499.2507754544732 0 0.1216318725440195 0.7198424302446719 3.3478066306166885 0.11698159959268128 1.4853742179831784 1.0263838405522552 0.7861673120366066 3.3235692959975403
13600 499.2507754544732 0 0.1216318725440195 0.7198424302446719 3.3478066306166885 0.11698159959268128 1.4853742179831784 1.0263838405522552 0.7861673120366066 3.3235692959975403
13650 499.2507754544732 0 0.1216318725440195 0.7198424302446719 3.3478066306166885 0.11698159959268128 1.4853742179831784 1.0263838405522552 0.7861673120366066 3.3235692959975403
13700 499.2507754544732 0 0.1216318725440195 0.7198424302446719 3.3478066306166885 0.11698159959268128 1.4853742179831784 1.0263838405522552 0.7861673120366066 3.3235692959975403
13750 499.2507754544732 0 0.1216318725440195 0.7198424302446719 3.3478066306166885 0.11698159959268128 1.4853742179831784 1.0263838405522552 0.7861673120366066 3.3235692959975403
13800 499.2507754544732 0 0.1216318725440195 0.7198424302446719 3.3478066306166885 0.11698159959268128 1.4853742179831784 1.0263838405522552 0.7861673120366066 3.3235692959975403
13850 499.2507754544732 0 0.1216318725440195 0.7198424302446719 3.3478066306166885 0.11698159959268128 1.4853742179831784 1.0263838405522552 0.7861673120366066 3.3235692959975403
13900 499.2507754544732 0 0.1216318725440195 0.7198424302446719 3.3478066306166885 0.11698159959268128 1.4853742179831784 1.0263838405522552 0.7861673120366066 3.3235692959975403
13950 499.2507754544732 0 0.1216318725440195 0.7198424302446719 3.3478066306166885 0.11698159959268128 1.4853742179831784 1.0263838405522552 0.7861673120366066 3.3235692959975403
14000 499.2507754544732 0 0.1216318725440195 0.7198424302446719 3.3478066306166885 0.11698159959268128 1.4853742179831784 1.0263838405522552 0.7861673120366066 3.3235692959975403
14050 499.2507754544732 0 0.1216318725440195 0.7198424302446719 3.3478066306166885 0.11698159959268128 1.4853742179831784 1.0263838405522552 0.7861673120366066 3.3235692959975403
14100 499.2507754544732 0 0.1216318725440195 0.7198424302446719 3.3478066306166885 0.11698159959268128 1.4853742179831784 1.0263838405522552 0.7861673120366066 3.3235692959975403
14150 499.2507754544732 0 0.1216318725440195 0.7198424302446719 3.3478066306166885 0.11698159959268128 1.4853742179831784 1.0263838405522552 0.7861673120366066 3.3235692959975403
14200 499.2507754544732 0 0.1216318725440195 0.7198424302446719 3.3478066306166885 0.11698159959268128 1.4853742179831784 1.0263838405522552 0.7861673120366066 3.3235692959975403
14250 499.2507754544732 0 0.1216318725440195 0.7198424302446719 3.3478066306166885 0.11698159959268128 1.4853742179831784 1.0263838405522552 0.7861673120366066 3.3235692959975403
14300 499.2507754544732 0 0.1216318725440195 0.7198424302446719 3.3478066306166885 0.11698159959268128 1.4853742179831784 1.0263838405522552 0.7861673120366066 3.3235692959975403
14350 499.2507754544732 0 0.1216318725440195 0.7198424302446719 3.3478066306166885 0.11698159959268128 1.4853742179831784 1.0263838405522552 0.7861673120366066 3.3235692959975403
14400 499.2507754544732 0 0.1216318725440195 0.7198424302446719 3.3478066306166885 0.11698159959268128 1.4853742179831784 1.0263838405522552 0.7861673120366066 3.3235692959975403
14450 499.2507754544732 0 0.1216318725440195 0.7198424302446719 3.3478066306166885 0.11698159959268128 1.4853742179831784 1.0263838405522552 0.7861673120366066 3.3235692959975403
14500 499.2507754544732 0 0.1216318725440195 0.7198424302446719 3.3478066306166885 0.11698159959268128 1.4853742179831784 1.0263838405522552 0.7861673120366066 3.3235692959975403
14550 499.2507754544732 0 0.1216318725440195 0.7198424302446719 3.3478066306166885 0.11698159959268128 1.4853742179831784 1.0263838405522552 0.7861673120366066 3.3235692959975403
14600 499.2507754544732 0 0.1216318725440195 0.7198424302446719 3.3478066306166885 0.11698159959268128 1.4853742179831784 1.0263838405522552 0.7861673120366066 3.3235692959975403
14650 499.2507754544732 0 0.1216318725440195 0.7198424302446719 3.3478066306166885 0.11698159959268128 1.4853742179831784 1.0263838405522552 0.7861673120366066 3.3235692959975403
14700 499.2507754544732 0 0.1216318725440195 0.7198424302446719 3.3478066306166885 0.11698159959268128 1.4853742179831784 1.0263838405522552 0.7861673120366066 3.3235692959975403
14750 499.2507754544732 0 0.1216318725440195 0.7198424302446719 3.3478066306166885 0.11698159959268128 1.4853742179831784 1.0263838405522552 0.7861673120366066 3.3235692959975403
14800 499.2507754544732 0 0.1216318725440195 0.7198424302446719 3.3478066306166885 0.11698159959268128 1.4853742179831784 1.0263838405522552 0.7861673120366066 3.3235692959975403
14850 499.2507754544732 0 0.1216318725440195 0.7198424302446719 3.3478066306166885 0.11698159959268128 1.4853742179831784 1.0263838405522552 0.7861673120366066 3.3235692959975403
14900 499.2507754544732 0 0.1216318725440195 0.7198424302446719 3.3478066306166885 0.11698159959268128 1.4853742179831784 1.0263838405522552 0.7861673120366066 3.3235692959975403
14950 499.2507754544732 0 0.1216318725440195 0.7198424302446719 3.3478066306166885 0.11698159959268128 1.4853742179831784 1.0263838405522552 0.7861673120366066 3.3235692959975403
15000 499.2507754544732 0 0.1216318725440195 0.7198424302446719 3.3478066306166885 0.11698159959268128 1.4853742179831784 1.0263838405522552 0.7861673120366066 3.3235692959975403
15050 499.2507754544732 0 0.1216318725440195 0.7198424302446719 3.3478066306166885 0.11698159959268128 1.4853742179831784 1.0263838405522552 0.7861673120366066 3.3235692959975403
15100 499.2507754544732 0 0.1216318725440195 0.7198424302446719 3.3478066306166885 0.11698159959268128 1.4853742179831784 1.0263838405522552 0.7861673120366066 3.3235692959975403
15150 499.2507754544732 0 0.1216318725440195 0.7198424302446719 3.3478066306166885 0.11698159959268128 1.4853742179831784 1.0263838405522552 0.7861673120366066 3.3235692959975403
15200 499.2507754544732 0 0.1216318725440195 0.7198424302446719 3.3478066306166885 0.11698159959268128 1.4853742179831784 1.0263838405522552 0.7861673120366066 3.3235692959975403
15250 499.2507754544732 0 0.1216318725440195 0.7198424302446719 3.3478066306166885 0.11698159959268128 1.4853742179831784 1.0263838405522552 0.7861673120366066 3.3235692959975403
15300 499.2507754544732 0 0.1216318725440195 0.7198424302446719 3.3478066306166885 0.11698159959268128 1.4853742179831784 1.0263838405522552 0.7861673120366066 3.3235692959975403
15350 499.2507754544732 0 0.1216318725440195 0.7198424302446719 3.3478066306166885 0.11698159959268128 1.4853742179831784 1.0263838405522552 0.7861673120366066 3.3235692959975403
15400 499.2507754544732 0 0.1216318725440195 0.7198424302446719 3.3478066306166885 0.11698159959268128 1.4853742179831784 1.0263838405522552 0.7861673120366066 3.3235692959975403
15450 499.2507754544732 0 0.1216318725440195 0.7198424302446719 3.3478066306166885 0.11698159959268128 1.4853742179831784 1.0263838405522552 0.7861673120366066 3.3235692959975403
15500 499.2507754544732 0 0.1216318725440195 0.7198424302446719 3.3478066306166885 0.11698159959268128 1.4853742179831784 1.0263838405522552 0.7861673120366066 3.3235692959975403
15550 499.2507754544732 0 0.1216318725440195 0.7198424302446719 3.3478066306166885 0.11698159959268128 1.4853742179831784 1.0263838405522552 0.7861673120366066 3.3235692959975403
15600 499.2507754544732 0 0.1216318725440195 0.7198424302446719 3.3478066306166885 0.11698159959268128 1.4853742179831784 1.0263838405522552 0.7861673120366066 3.3235692959975403
15650 499.2507754544732 0 0.1216318725440195 0.7198424302446719 3.3478066306166885 0.11698159959268128 1.4853742179831784 1.0263838405522552 0.7861673120366066 3.3235692959975403
15700 499.2507754544732 0 0.1216318725440195 0.7198424302446719 3.3478066306166885 0.11698159959268128 1.4853742179831784 1.0263838405522552 0.7861673120366066 3.3235692959975403
15750 499.2507754544732 0 0.1216318725440195 0.7198424302446719 3.3478066306166885 0.11698159959268128 1.4853742179831784 1.0263838405522552 0.7861673120366066 3.3235692959975403
15800 499.2507754544732 0 0.1216318725440195 0.7198424302446719 3.3478066306166885 0.11698159959268128 1.4853742179831784 1.0263838405522552 0.7861673120366066 3.3235692959975403
15850 499.2507754544732 0 0.1216318725440195 0.7198424302446719 3.3478066306166885 0.11698159959268128 1.4853742179831784 1.0263838405522552 0.7861673120366066 3.3235692959975403
15900 499.2507754544732 0 0.1216318725440195 0.7198424302446719 3.3478066306166885 0.11698159959268128 1.4853742179831784 1.0263838405522552 0.7861673120366066 3.3235692959975403
15950 499.2507754544732 0 0.1216318725440195 0.7198424302446719 3.3478066306166885 0.11698159959268128 1.4853742179831784 1.0263838405522552 0.7861673120366066 3.3235692959975403
16000 499.2507754544732 0 0.1216318725440195 0.7198424302446719 3.3478066306166885 0.11698159959268128 1.4853742179831784 1.0263838405522552 0.7861673120366066 3.3235692959975403
16050 499.2507754544732 0 0.1216318725440195 0.7198424302446719 3.3478066306166885 0.11698159959268128 1.4853742179831784 1.0263838405522552 0.7861673120366066 3.3235692959975403
16100 499.2507754544732 0 0.1216318725440195 0.7198424302446719 3.3478066306166885 0.11698159959268128 1.4853742179831784 1.0263838405522552 0.7861673120366066 3.3235692959975403
16150 499.2507754544732 0 0.1216318725440195 0.7198424302446719 3.3478066306166885 0.11698159959268128 1.4853742179831784 1.0263838405522552 0.7861673120366066 3.3235692959975403
16200 499.2507754544732 0 0.1216318725440195 0.7198424302446719 3.3478066306166885 0.11698159959268128 1.4853742179831784 1.0263838405522552 0.7861673120366066 3.3235692959975403
16250 499.2507754544732 0 0.1216318725440195 0.7198424302446719 3.3478066306166885 0.11698159959268128 1.4853742179831784 1.0263838405522552 0.7861673120366066 3.3235692959975403
16300 499.2507754544732 0 0.1216318725440195 0.7198424302446719 3.3478066306166885 0.11698159959268128 1.4853742179831784 1.0263838405522552 0.7861673120366066 3.3235692959975403
16350 499.2507754544732 0 0.1216318725440195 0.7198424302446719 3.3478066306166885 0.11698159959268128 1.4853742179831784 1.0263838405522552 0.7861673120366066 3.3235692959975403
16400 499.2507754544732 0 0.1216318725440195 0.7198424302446719 3.3478066306166885 0.11698159959268128 1.4853742179831784 1.0263838405522552 0.7861673120366066 3.3235692959975403
16450 499.2507754544732 0 0.1216318725440195 0.7198424302446719 3.3478066306166885 0.11698159959268128 1.4853742179831784 1.0263838405522552 0.7861673120366066 3.3235692959975403
16500 499.2507754544732 0 0.1216318725440195 0.7198424302446719 3.3478066306166885 0.11698159959268128 1.4853742179831784 1.0263838405522552 0.7861673120366066 3.3235692959975403
16550 499.2507754544732 0 0.1216318725440195 0.7198424302446719 3.3478066306166885 0.11698159959268128 1.4853742179831784 1.0263838405522552 0.7861673120366066 3.3235692959975403
16600 499.2507754544732 0 0.1216318725440195 0.7198424302446719 3.3478066306166885 0.11698159959268128 1.4853742179831784 1.0263838405522552 0.7861673120366066 3.3235692959975403
16650 499.2507754544732 0 0.1216318725440195 0.7198424302446719 3.3478066306166885 0.11698159959268128 1.4853742179831784 1.0263838405522552 0.7861673120366066 3.3235692959975403
16700 499.2507754544732 0 0.1216318725440195 0.7198424302446719 3.3478066306166885 0.11698159959268128 1.4853742179831784 1.0263838405522552 0.7861673120366066 3.3235692959975403
16750 499.2507754544732 0 0.1216318725440195 0.7198424302446719 3.3478066306166885 0.11698159959268128 1.4853742179831784 1.0263838405522552 0.7861673120366066 3.3235692959975403
16800 499.2507754544732 0 0.1216318725440195 0.7198424302446719 3.3478066306166885 0.11698159959268128 1.4853742179831784 1.0263838405522552 0.7861673120366066 3.3235692959975403
16850 499.2507754544732 0 0.1216318725440195 0.7198424302446719 3.3478066306166885 0.11698159959268128 1.4853742179831784 1.0263838405522552 0.7861673120366066 3.3235692959975403
16900 499.2507754544732 0 0.1216318725440195 0.7198424302446719 3.3478066306166885 0.11698159959268128 1.4853742179831784 1.0263838405522552 0.7861673120366066 3.3235692959975403
16950 499.2507754544732 0 0.1216318725440195 0.7198424302446719 3.3478066306166885 0.11698159959268128 1.4853742179831784 1.0263838405522552 0.7861673120366066 3.3235692959975403
17000 499.2507754544732 0 0.1216318725440195 0.7198424302446719 3.3478066306166885 0.11698159959268128 1.4853742179831784 1.0263838405522552 0.7861673120366066 3.3235692959975403
17050 499.2507754544732 0 0.1216318725440195 0.7198424302446719 3.3478066306166885 0.11698159959268128 1.4853742179831784 1.0263838405522552 0.7861673120366066 3.3235692959975403
17100 499.2507754544732 0 0.1216318725440195 0.7198424302446719 3.3478066306166885 0.11698159959268128 1.4853742179831784 1.0263838405522552 0.7861673120366066 3.3235692959975403
17150 499.2507754544732 0 0.1216318725440195 0.7198424302446719 3.3478066306166885 0.11698159959268128 1.4853742179831784 1.0263838405522552 0.7861673120366066 3.3235692959975403
17200 499.2507754544732 0 0.1216318725440195 0.7198424302446719 3.3478066306166885 0.11698159959268128 1.4853742179831784 1.0263838405522552 0.7861673120366066 3.3235692959975403
17250 499.2507754544732 0 0.1216318725440195 0.7198424302446719 3.3478066306166885 0.11698159959268128 1.4853742179831784 1.0263838405522552 0.7861673120366066 3.3235692959975403
17300 499.2507754544732 0 0.1216318725440195 0.7198424302446719 3.3478066306166885 0.11698159959268128 1.4853742179831784 1.0263838405522552 0.7861673120366066 3.3235692959975403
17350 499.2507754544732 0 0.1216318725440195 0.7198424302446719 3.3478066306166885 0.11698159959268128 1.4853742179831784 1.0263838405522552 0.7861673120366066 3.3235692959975403
17400 499.2507754544732 0 0.1216318725440195 0.7198424302446719 3.3478066306166885 0.11698159959268128 1.4853742179831784 1.0263838405522552 0.7861673120366066 3.3235692959975403
17450 499.2507754544732 0 0.1216318725440195 0.7198424302446719 3.3478066306166885 0.11698159959268128 1.4853742179831784 1.0263838405522552 0.7861673120366066 3.3235692959975403
17500 499.2507754544732 0 0.1216318725440195 0.7198424302446719 3.3478066306166885 0.11698159959268128 1.4853742179831784 1.0263838405522552 0.7861673120366066 3.3235692959975403
17550 499.2507754544732 0 0.1216318725440195 0.7198424302446719 3.3478066306166885 0.11698159959268128 1.4853742179831784 1.0263838405522552 0.7861673120366066 3.3235692959975403
17600 499.2507754544732 0 0.1216318725440195 0.7198424302446719 3.3478066306166885 0.11698159959268128 1.4853742179831784 1.0263838405522552 0.7861673120366066 3.3235692959975403
17650 499.2507754544732 0 0.1216318725440195 0.7198424302446719 3.3478066306166885 0.11698159959268128 1.4853742179831784 1.0263838405522552 0.7861673120366066 3.3235692959975403
17700 499.2507754544732 0 0.1216318725440195 0.7198424302446719 3.3478066306166885 0.11698159959268128 1.4853742179831784 1.0263838405522552 0.7861673120366066 3.3235692959975403
17750 499.2507754544732 0 0.1216318725440195 0.7198424302446719 3.3478066306166885 0.11698159959268128 1.4853742179831784 1.0263838405522552 0.7861673120366066 3.3235692959975403
17800 499.2507754544732 0 0.1216318725440195 0.7198424302446719 3.3478066306166885 0.11698159959268128 1.4853742179831784 1.0263838405522552 0.7861673120366066 3.3235692959975403
17850 499.2507754544732 0 0.1216318725440195 0.7198424302446719 3.3478066306166885 0.11698159959268128 1.4853742179831784 1.0263838405522552 0.7861673120366066 3.3235692959975403
17900 499.2507754544732 0 0.1216318725440195 0.7198424302446719 3.3478066306166885 0.11698159959268128 1.4853742179831784 1.0263838405522552 0.7861673120366066 3.3235692959975403
17950 499.2507754544732 0 0.1216318725440195 0.7198424302446719 3.3478066306166885 0.11698159959268128 1.4853742179831784 1.0263838405522552 0.7861673120366066 3.3235692959975403
18000 499.2507754544732 0 0.1216318725440195 0.7198424302446719 3.3478066306166885 0.11698159959268128 1.4853742179831784 1.0263838405522552 0.7861673120366066 3.3235692959975403
18050 499.2507754544732 0 0.1216318725440195 0.7198424302446719 3.3478066306166885 0.11698159959268128 1.4853742179831784 1.0263838405522552 0.7861673120366066 3.3235692959975403
18100 499.2507754544732 0 0.1216318725440195 0.7198424302446719 3.3478066306166885 0.11698159959268128 1.4853742179831784 1.0263838405522552 0.7861673120366066 3.3235692959975403
18150 499.2507754544732 0 0.1216318725440195 0.7198424302446719 3.3478066306166885 0.11698159959268128 1.4853742179831784 1.0263838405522552 0.7861673120366066 3.3235692959975403
18200 499.2507754544732 0 0.1216318725440195 0.7198424302446719 3.3478066306166885 0.11698159959268128 1.4853742179831784 1.0263838405522552 0.7861673120366066 3.3235692959975403
18250 499.2507754544732 0 0.1216318725440195 0.7198424302446719 3.3478066306166885 0.11698159959268128 1.4853742179831784 1.0263838405522552 0.7861673120366066 3.3235692959975403
18300 499.2507754544732 0 0.1216318725440195 0.7198424302446719 3.3478066306166885 0.11698159959268128 1.4853742179831784 1.0263838405522552 0.7861673120366066 3.3235692959975403
18350 499.2507754544732 0 0.1216318725440195 0.7198424302446719 3.3478066306166885 0.11698159959268128 1.4853742179831784 1.0263838405522552 0.7861673120366066 3.3235692959975403
18400 499.2507754544732 0 0.1216318725440195 0.7198424302446719 3.3478066306166885 0.11698159959268128 1.4853742179831784 1.0263838405522552 0.7861673120366066 3.3235692959975403
18450 499.2507754544732 0 0.1216318725440195 0.7198424302446719 3.3478066306166885 0.11698159959268128 1.4853742179831784 1.0263838405522552 0.7861673120366066 3.3235692959975403
18500 499.2507754544732 0 0.1216318725440195 0.7198424302446719 3.3478066306166885 0.11698159959268128 1.4853742179831784 1.0263838405522552 0.7861673120366066 3.3235692959975403
18550 499.2507754544732 0 0.1216318725440195 0.7198424302446719 3.3478066306166885 0.11698159959268128 1.4853742179831784 1.0263838405522552 0.7861673120366066 3.3235692959975403
18600 499.2507754544732 0 0.1216318725440195 0.7198424302446719 3.3478066306166885 0.11698159959268128 1.4853742179831784 1.0263838405522552 0.7861673120366066 3.3235692959975403
18650 499.2507754544732 0 0.1216318725440195 0.7198424302446719 3.3478066306166885 0.11698159959268128 1.4853742179831784 1.0263838405522552 0.7861673120366066 3.3235692959975403
18700 499.2507754544732 0 0.1216318725440195 0.7198424302446719 3.3478066306166885 0.11698159959268128 1.4853742179831784 1.0263838405522552 0.7861673120366066 3.3235692959975403
18750 499.2507754544732 0 0.1216318725440195 0.7198424302446719 3.3478066306166885 0.11698159959268128 1.4853742179831784 1.0263838405522552 0.7861673120366066 3.3235692959975403
18800 499.2507754544732 0 0.1216318725440195 0.7198424302446719 3.3478066306166885 0.11698159959268128 1.4853742179831784 1.0263838405522552 0.7861673120366066 3.3235692959975403
18850 499.2507754544732 0 0.1216318725440195 0.7198424302446719 3.3478066306166885 0.11698159959268128 1.4853742179831784 1.0263838405522552 0.7861673120366066 3.3235692959975403
18900 499.2507754544732 0 0.1216318725440195 0.7198424302446719 3.3478066306166885 0.11698159959268128 1.4853742179831784 1.0263838405522552 0.7861673120366066 3.3235692959975403
18950 499.2507754544732 0 0.1216318725440195 0.7198424302446719 3.3478066306166885 0.11698159959268128 1.4853742179831784 1.0263838405522552 0.7861673120366066 3.3235692959975403
19000 499.2507754544732 0 0.1216318725440195 0.7198424302446719 3.3478066306166885 0.11698159959268128 1.4853742179831784 1.0263838405522552 0.7861673120366066 3.3235692959975403
19050 499.2507754544732 0 0.1216318725440195 0.7198424302446719 3.3478066306166885 0.11698159959268128 1.4853742179831784 1.0263838405522552 0.7861673120366066 3.3235692959975403
19100 499.2507754544732 0 0.1216318725440195 0.7198424302446719 3.3478066306166885 0.11698159959268128 1.4853742179831784 1.0263838405522552 0.7861673120366066 3.3235692959975403
19150 499.2507754544732 0 0.1216318725440195 0.7198424302446719 3.3478066306166885 0.11698159959268128 1.4853742179831784 1.0263838405522552 0.7861673120366066 3.3235692959975403
19200 499.2507754544732 0 0.1216318725440195 0.7198424302446719 3.3478066306166885 0.11698159959268128 1.4853742179831784 1.0263838405522552 0.7861673120366066 3.3235692959975403
19250 499.2507754544732 0 0.1216318725440195 0.7198424302446719 3.3478066306166885 0.11698159959268128 1.4853742179831784 1.0263838405522552 0.7861673120366066 3.3235692959975403
19300 499.2507754544732 0 0.1216318725440195 0.7198424302446719 3.3478066306166885 0.11698159959268128 1.4853742179831784 1.0263838405522552 0.7861673120366066 3.3235692959975403
19350 499.2507754544732 0 0.1216318725440195 0.7198424302446719 3.3478066306166885 0.11698159959268128 1.4853742179831784 1.0263838405522552 0.7861673120366066 3.3235692959975403
19400 499.2507754544732 0 0.1216318725440195 0.7198424302446719 3.3478066306166885 0.11698159959268128 1.4853742179831784 1.0263838405522552 0.7861673120366066 3.3235692959975403
19450 499.2507754544732 0 0.1216318725440195 0.7198424302446719 3.3478066306166885 0.11698159959268128 1.4853742179831784 1.0263838405522552 0.7861673120366066 3.3235692959975403
19500 499.2507754544732 0 0.1216318725440195 0.7198424302446719 3.3478066306166885 0.11698159959268128 1.4853742179831784 1.0263838405522552 0.7861673120366066 3.3235692959975403
19550 499.2507754544732 0 0.1216318725440195 0.7198424302446719 3.3478066306166885 0.11698159959268128 1.4853742179831784 1.0263838405522552 0.7861673120366066 3.3235692959975403
19600 499.2507754544732 0 0.1216318725440195 0.7198424302446719 3.3478066306166885 0.11698159959268128 1.4853742179831784 1.0263838405522552 0.7861673120366066 3.3235692959975403
19650 499.2507754544732 0 0.1216318725440195 0.7198424302446719 3.3478066306166885 0.11698159959268128 1.4853742179831784 1.0263838405522552 0.7861673120366066 3.3235692959975403
19700 499.2507754544732 0 0.1216318725440195 0.7198424302446719 3.3478066306166885 0.11698159959268128 1.4853742179831784 1.0263838405522552 0.7861673120366066 3.3235692959975403
19750 499.2507754544732 0 0.1216318725440195 0.7198424302446719 3.3478066306166885 0.11698159959268128 1.4853742179831784 1.0263838405522552 0.7861673120366066 3.3235692959975403
19800 499.2507754544732 0 0.1216318725440195 0.7198424302446719 3.3478066306166885 0.11698159959268128 1.4853742179831784 1.0263838405522552 0.7861673120366066 3.3235692959975403
19850 499.2507754544732 0 0.1216318725440195 0.7198424302446719 3.3478066306166885 0.11698159959268128 1.4853742179831784 1.0263838405522552 0.7861673120366066 3.3235692959975403
19900 499.2507754544732 0 0.1216318725440195 0.7198424302446719 3.3478066306166885 0.11698159959268128 1.4853742179831784 1.0263838405522552 0.7861673120366066 3.3235692959975403
19950 499.2507754544732 0 0.1216318725440195 0.7198424302446719 3.3478066306166885 0.11698159959268128 1.4853742179831784 1.0263838405522552 0.7861673120366066 3.3235692959975403
*---*---*---*---*---*---*---*---*---*---*---*---*---*---*---*---*---*---*---*---*
Status: Finished
Last individual
499.2507754544732 0 0.1216318725440195 0.7198424302446719 3.3478066306166885 0.11698159959268128 1.4853742179831784 1.0263838405522552 0.7861673120366066 3.3235692959975403
Hall of fame
499.2507754544732 0 0.11354028714103895 0.6544366250064809 3.3242335355626547 0.11579394479515304 1.5009801521163588 1.020227307627639 0.7977657108675423 3.391539413133411
Last factible individual
499.2507754544732 0 0.1216318725440195 0.7198424302446719 3.3478066306166885 0.11698159959268128 1.4853742179831784 1.0263838405522552 0.7861673120366066 3.3235692959975403
CPU time used (seconds)
3.9339207670127507
