*---*---*---*---*---*---*---*---*---*---*---*---*---*---*---*---*---*---*---*---*
Algorithm: Differential Evolution
Constrainth handling method: APM
Function: 125
Case: discrete
Seed: 4
Parents size: 50
Offsprings size: 50
maxFe: 20000
CR: 0.9
F: 0.6
rweights: -
*---*---*---*---*---*---*---*---*---*---*---*---*---*---*---*---*---*---*---*---*
ngen ObjectiveFunction Fitness ProjectVariables
50 651.3825517693655 651.3825517693655 2.3914481624023853 2.422637177074827 2.5521421334229863 0.1 1.2113993947070472 0.7527831436878376 2.2148391983872386 2.9602444654723974
100 651.3825517693655 651.3825517693655 2.3914481624023853 2.422637177074827 2.5521421334229863 0.1 1.2113993947070472 0.7527831436878376 2.2148391983872386 2.9602444654723974
150 584.620612635278 584.620612635278 0.8901871515803039 1.9058664222798838 3.1176178809373827 2.375745846068826 0.6351890222065998 1.0556427000251363 0.6672555775619385 3.4
200 584.620612635278 584.620612635278 0.8901871515803039 1.9058664222798838 3.1176178809373827 2.375745846068826 0.6351890222065998 1.0556427000251363 0.6672555775619385 3.4
250 584.620612635278 584.620612635278 0.8901871515803039 1.9058664222798838 3.1176178809373827 2.375745846068826 0.6351890222065998 1.0556427000251363 0.6672555775619385 3.4
300 584.620612635278 584.620612635278 0.8901871515803039 1.9058664222798838 3.1176178809373827 2.375745846068826 0.6351890222065998 1.0556427000251363 0.6672555775619385 3.4
350 548.435396134197 548.435396134197 1.6596503202470512 1.7907984735201212 3.4 1.2400664943175246 0.4867780035239353 0.9766329620960463 0.5335955388736905 3.2853353136671113
400 548.435396134197 548.435396134197 1.6596503202470512 1.7907984735201212 3.4 1.2400664943175246 0.4867780035239353 0.9766329620960463 0.5335955388736905 3.2853353136671113
450 548.435396134197 548.435396134197 1.6596503202470512 1.7907984735201212 3.4 1.2400664943175246 0.4867780035239353 0.9766329620960463 0.5335955388736905 3.2853353136671113
500 540.5929184729391 540.5929184729391 1.3843002600767362 1.190754076073871 3.4 0.1 0.8955605255411376 1.6058274429074046 0.41475720650416936 3.385425118293215
550 540.5929184729391 540.5929184729391 1.3843002600767362 1.190754076073871 3.4 0.1 0.8955605255411376 1.6058274429074046 0.41475720650416936 3.385425118293215
600 540.5929184729391 540.5929184729391 1.3843002600767362 1.190754076073871 3.4 0.1 0.8955605255411376 1.6058274429074046 0.41475720650416936 3.385425118293215
650 540.5929184729391 540.5929184729391 1.3843002600767362 1.190754076073871 3.4 0.1 0.8955605255411376 1.6058274429074046 0.41475720650416936 3.385425118293215
700 539.3953629124995 539.3953629124995 0.3446398050391812 0.1 3.4 1.1028159681167966 1.2999571760379585 1.3091672105251422 1.3108433270349376 3.2100241026359724
750 539.3953629124995 539.3953629124995 0.3446398050391812 0.1 3.4 1.1028159681167966 1.2999571760379585 1.3091672105251422 1.3108433270349376 3.2100241026359724
800 533.1058533536549 533.1058533536549 1.7180480618480605 1.2222296008189093 3.4 0.6967619610656087 1.13715464447503 0.7529146225828244 0.914130707481589 3.2873139416056283
850 533.1058533536549 533.1058533536549 1.7180480618480605 1.2222296008189093 3.4 0.6967619610656087 1.13715464447503 0.7529146225828244 0.914130707481589 3.2873139416056283
900 533.1058533536549 533.1058533536549 1.7180480618480605 1.2222296008189093 3.4 0.6967619610656087 1.13715464447503 0.7529146225828244 0.914130707481589 3.2873139416056283
950 530.3953629124995 530.3953629124995 0.1 0.1 3.4 0.8342137824035369 1.0800057643635161 1.5185732634233395 1.0848750155279725 3.327157878119185
1000 530.3953629124995 530.3953629124995 0.1 0.1 3.4 0.8342137824035369 1.0800057643635161 1.5185732634233395 1.0848750155279725 3.327157878119185
1050 518.8629198456163 518.8629198456163 0.9907379885136148 0.9565879041146885 2.9907844330494093 0.1 1.4438963239097506 1.133875033589649 0.8421411759562487 3.4
1100 518.8629198456163 518.8629198456163 0.9907379885136148 0.9565879041146885 2.9907844330494093 0.1 1.4438963239097506 1.133875033589649 0.8421411759562487 3.4
1150 518.8629198456163 518.8629198456163 0.9907379885136148 0.9565879041146885 2.9907844330494093 0.1 1.4438963239097506 1.133875033589649 0.8421411759562487 3.4
1200 518.8629198456163 518.8629198456163 0.9907379885136148 0.9565879041146885 2.9907844330494093 0.1 1.4438963239097506 1.133875033589649 0.8421411759562487 3.4
1250 518.8629198456163 518.8629198456163 0.9907379885136148 0.9565879041146885 2.9907844330494093 0.1 1.4438963239097506 1.133875033589649 0.8421411759562487 3.4
1300 518.8629198456163 518.8629198456163 0.9907379885136148 0.9565879041146885 2.9907844330494093 0.1 1.4438963239097506 1.133875033589649 0.8421411759562487 3.4
1350 518.8629198456163 518.8629198456163 0.9907379885136148 0.9565879041146885 2.9907844330494093 0.1 1.4438963239097506 1.133875033589649 0.8421411759562487 3.4
1400 518.8629198456163 518.8629198456163 0.9907379885136148 0.9565879041146885 2.9907844330494093 0.1 1.4438963239097506 1.133875033589649 0.8421411759562487 3.4
1450 518.8629198456163 518.8629198456163 0.9907379885136148 0.9565879041146885 2.9907844330494093 0.1 1.4438963239097506 1.133875033589649 0.8421411759562487 3.4
1500 517.7580245060024 517.7580245060024 0.32903270921093886 1.5998191191948785 3.3551705157771163 0.21697863166997225 2.3310954919208164 0.9448082472522139 0.3363772230583955 3.3362144669942992
1550 517.7580245060024 517.7580245060024 0.32903270921093886 1.5998191191948785 3.3551705157771163 0.21697863166997225 2.3310954919208164 0.9448082472522139 0.3363772230583955 3.3362144669942992
1600 506.49646382756794 506.49646382756794 0.6603565487960569 0.7480112081024832 3.4 0.14489248085132755 1.2271441020906932 0.9622996324035988 0.935344778009685 3.159406003305225
1650 506.49646382756794 506.49646382756794 0.6603565487960569 0.7480112081024832 3.4 0.14489248085132755 1.2271441020906932 0.9622996324035988 0.935344778009685 3.159406003305225
1700 506.49646382756794 506.49646382756794 0.6603565487960569 0.7480112081024832 3.4 0.14489248085132755 1.2271441020906932 0.9622996324035988 0.935344778009685 3.159406003305225
1750 506.49646382756794 506.49646382756794 0.6603565487960569 0.7480112081024832 3.4 0.14489248085132755 1.2271441020906932 0.9622996324035988 0.935344778009685 3.159406003305225
1800 506.49646382756794 506.49646382756794 0.6603565487960569 0.7480112081024832 3.4 0.14489248085132755 1.2271441020906932 0.9622996324035988 0.935344778009685 3.159406003305225
1850 506.49646382756794 506.49646382756794 0.6603565487960569 0.7480112081024832 3.4 0.14489248085132755 1.2271441020906932 0.9622996324035988 0.935344778009685 3.159406003305225
1900 506.49646382756794 506.49646382756794 0.6603565487960569 0.7480112081024832 3.4 0.14489248085132755 1.2271441020906932 0.9622996324035988 0.935344778009685 3.159406003305225
1950 506.49646382756794 506.49646382756794 0.6603565487960569 0.7480112081024832 3.4 0.14489248085132755 1.2271441020906932 0.9622996324035988 0.935344778009685 3.159406003305225
2000 506.0306222000179 506.0306222000179 0.1 0.5930171686915197 3.2523661643503354 0.2106177221188995 2.166341743707781 1.0142438541453855 0.8482108428419439 3.2155584267359014
2050 506.0306222000179 506.0306222000179 0.1 0.5930171686915197 3.2523661643503354 0.2106177221188995 2.166341743707781 1.0142438541453855 0.8482108428419439 3.2155584267359014
2100 506.0306222000179 506.0306222000179 0.1 0.5930171686915197 3.2523661643503354 0.2106177221188995 2.166341743707781 1.0142438541453855 0.8482108428419439 3.2155584267359014
2150 506.0306222000179 506.0306222000179 0.1 0.5930171686915197 3.2523661643503354 0.2106177221188995 2.166341743707781 1.0142438541453855 0.8482108428419439 3.2155584267359014
2200 505.6582977932153 505.6582977932153 0.1 0.1 3.198134269414021 0.1 1.5928804166392219 1.0875522822119927 1.1974508405748439 3.34914762862213
2250 505.6582977932153 505.6582977932153 0.1 0.1 3.198134269414021 0.1 1.5928804166392219 1.0875522822119927 1.1974508405748439 3.34914762862213
2300 502.5518456917523 502.5518456917523 0.2425771649275843 0.47395732526107803 3.199195287125459 0.12096772175565142 1.3769481482789605 0.8998948684190793 1.067027461734178 3.3533205329624067
2350 502.5518456917523 502.5518456917523 0.2425771649275843 0.47395732526107803 3.199195287125459 0.12096772175565142 1.3769481482789605 0.8998948684190793 1.067027461734178 3.3533205329624067
2400 502.5518456917523 502.5518456917523 0.2425771649275843 0.47395732526107803 3.199195287125459 0.12096772175565142 1.3769481482789605 0.8998948684190793 1.067027461734178 3.3533205329624067
2450 502.5518456917523 502.5518456917523 0.2425771649275843 0.47395732526107803 3.199195287125459 0.12096772175565142 1.3769481482789605 0.8998948684190793 1.067027461734178 3.3533205329624067
2500 502.5518456917523 502.5518456917523 0.2425771649275843 0.47395732526107803 3.199195287125459 0.12096772175565142 1.3769481482789605 0.8998948684190793 1.067027461734178 3.3533205329624067
2550 502.5518456917523 502.5518456917523 0.2425771649275843 0.47395732526107803 3.199195287125459 0.12096772175565142 1.3769481482789605 0.8998948684190793 1.067027461734178 3.3533205329624067
2600 502.32738081039173 502.32738081039173 0.1482612241315453 0.40761413949702896 3.369742847866931 0.1 1.3155980046098732 0.9251225729726413 1.206874350395861 3.4
2650 502.32738081039173 502.32738081039173 0.1482612241315453 0.40761413949702896 3.369742847866931 0.1 1.3155980046098732 0.9251225729726413 1.206874350395861 3.4
2700 502.32738081039173 502.32738081039173 0.1482612241315453 0.40761413949702896 3.369742847866931 0.1 1.3155980046098732 0.9251225729726413 1.206874350395861 3.4
2750 501.1698584716496 501.1698584716496 0.2155824038851235 1.0061619248772957 3.174963874930379 0.1 1.4928752628568074 0.9401580520085859 0.6667116611809896 3.3782460075667964
2800 501.1698584716496 501.1698584716496 0.2155824038851235 1.0061619248772957 3.174963874930379 0.1 1.4928752628568074 0.9401580520085859 0.6667116611809896 3.3782460075667964
2850 499.4453935902891 499.4453935902891 0.14648735376537694 0.8937628451931262 3.2902031516364376 0.1 1.2562749419583399 1.0317570139165493 0.7426641401368475 3.2408946127418488
2900 499.4453935902891 499.4453935902891 0.14648735376537694 0.8937628451931262 3.2902031516364376 0.1 1.2562749419583399 1.0317570139165493 0.7426641401368475 3.2408946127418488
2950 499.4453935902891 499.4453935902891 0.14648735376537694 0.8937628451931262 3.2902031516364376 0.1 1.2562749419583399 1.0317570139165493 0.7426641401368475 3.2408946127418488
3000 499.4453935902891 499.4453935902891 0.14648735376537694 0.8937628451931262 3.2902031516364376 0.1 1.2562749419583399 1.0317570139165493 0.7426641401368475 3.2408946127418488
3050 499.4453935902891 499.4453935902891 0.14648735376537694 0.8937628451931262 3.2902031516364376 0.1 1.2562749419583399 1.0317570139165493 0.7426641401368475 3.2408946127418488
3100 499.4453935902891 499.4453935902891 0.14648735376537694 0.8937628451931262 3.2902031516364376 0.1 1.2562749419583399 1.0317570139165493 0.7426641401368475 3.2408946127418488
3150 499.4453935902891 499.4453935902891 0.14648735376537694 0.8937628451931262 3.2902031516364376 0.1 1.2562749419583399 1.0317570139165493 0.7426641401368475 3.2408946127418488
3200 499.4453935902891 499.4453935902891 0.14648735376537694 0.8937628451931262 3.2902031516364376 0.1 1.2562749419583399 1.0317570139165493 0.7426641401368475 3.2408946127418488
3250 499.4453935902891 499.4453935902891 0.14648735376537694 0.8937628451931262 3.2902031516364376 0.1 1.2562749419583399 1.0317570139165493 0.7426641401368475 3.2408946127418488
3300 499.4453935902891 499.4453935902891 0.14648735376537694 0.8937628451931262 3.2902031516364376 0.1 1.2562749419583399 1.0317570139165493 0.7426641401368475 3.2408946127418488
3350 499.4453935902891 499.4453935902891 0.14648735376537694 0.8937628451931262 3.2902031516364376 0.1 1.2562749419583399 1.0317570139165493 0.7426641401368475 3.2408946127418488
3400 499.4453935902891 499.4453935902891 0.14648735376537694 0.8937628451931262 3.2902031516364376 0.1 1.2562749419583399 1.0317570139165493 0.7426641401368475 3.2408946127418488
3450 499.4453935902891 499.4453935902891 0.14648735376537694 0.8937628451931262 3.2902031516364376 0.1 1.2562749419583399 1.0317570139165493 0.7426641401368475 3.2408946127418488
3500 499.4453935902891 499.4453935902891 0.13758910266712374 0.9339123543893225 3.2816329224099663 0.12056256272355831 1.2760048386533922 1.028318095295539 0.6927716118636726 3.156346211954862
3550 499.4453935902891 499.4453935902891 0.13758910266712374 0.9339123543893225 3.2816329224099663 0.12056256272355831 1.2760048386533922 1.028318095295539 0.6927716118636726 3.156346211954862
3600 499.4453935902891 499.4453935902891 0.13758910266712374 0.9339123543893225 3.2816329224099663 0.12056256272355831 1.2760048386533922 1.028318095295539 0.6927716118636726 3.156346211954862
3650 499.44539359028903 499.44539359028903 0.14939034797661566 0.9372518940167368 3.2078164386468258 0.1396503975422033 1.2797370406290347 0.8987231506092226 0.8260199167002749 3.3810001105371104
3700 499.44539359028903 499.44539359028903 0.14939034797661566 0.9372518940167368 3.2078164386468258 0.1396503975422033 1.2797370406290347 0.8987231506092226 0.8260199167002749 3.3810001105371104
3750 499.44539359028903 499.44539359028903 0.12166373790177572 0.8857314141087987 3.1548465700567068 0.12383252744155039 1.3073705407889933 0.9243892097437236 0.8452117133534675 3.2940991891901032
3800 499.44539359028903 499.44539359028903 0.12166373790177572 0.8857314141087987 3.1548465700567068 0.12383252744155039 1.3073705407889933 0.9243892097437236 0.8452117133534675 3.2940991891901032
3850 499.44539359028903 499.44539359028903 0.12166373790177572 0.8857314141087987 3.1548465700567068 0.12383252744155039 1.3073705407889933 0.9243892097437236 0.8452117133534675 3.2940991891901032
3900 499.44539359028903 499.44539359028903 0.12166373790177572 0.8857314141087987 3.1548465700567068 0.12383252744155039 1.3073705407889933 0.9243892097437236 0.8452117133534675 3.2940991891901032
3950 499.44539359028903 499.44539359028903 0.12166373790177572 0.8857314141087987 3.1548465700567068 0.12383252744155039 1.3073705407889933 0.9243892097437236 0.8452117133534675 3.2940991891901032
4000 499.44539359028903 499.44539359028903 0.12166373790177572 0.8857314141087987 3.1548465700567068 0.12383252744155039 1.3073705407889933 0.9243892097437236 0.8452117133534675 3.2940991891901032
4050 499.44539359028903 499.44539359028903 0.12166373790177572 0.8857314141087987 3.1548465700567068 0.12383252744155039 1.3073705407889933 0.9243892097437236 0.8452117133534675 3.2940991891901032
4100 499.44539359028903 499.44539359028903 0.12166373790177572 0.8857314141087987 3.1548465700567068 0.12383252744155039 1.3073705407889933 0.9243892097437236 0.8452117133534675 3.2940991891901032
4150 499.44539359028903 499.44539359028903 0.1 0.9437351519860975 3.2328739423775494 0.1 1.3258907032079597 0.8849918897699123 0.7803995993357832 3.3055256176129384
4200 499.44539359028903 499.44539359028903 0.1 0.9437351519860975 3.2328739423775494 0.1 1.3258907032079597 0.8849918897699123 0.7803995993357832 3.3055256176129384
4250 499.44539359028903 499.44539359028903 0.1 0.9437351519860975 3.2328739423775494 0.1 1.3258907032079597 0.8849918897699123 0.7803995993357832 3.3055256176129384
4300 499.44539359028903 499.44539359028903 0.1 0.9437351519860975 3.2328739423775494 0.1 1.3258907032079597 0.8849918897699123 0.7803995993357832 3.3055256176129384
4350 499.44539359028903 499.44539359028903 0.1 0.9395891921838202 3.160177620262447 0.11429951646493024 1.3373438360908576 0.9317978209363683 0.7914576967812713 3.32340711805414
4400 499.44539359028903 499.44539359028903 0.1 0.9395891921838202 3.160177620262447 0.11429951646493024 1.3373438360908576 0.9317978209363683 0.7914576967812713 3.32340711805414
4450 499.44539359028903 499.44539359028903 0.1 0.9395891921838202 3.160177620262447 0.11429951646493024 1.3373438360908576 0.9317978209363683 0.7914576967812713 3.32340711805414
4500 499.44539359028903 499.44539359028903 0.1 0.9395891921838202 3.160177620262447 0.11429951646493024 1.3373438360908576 0.9317978209363683 0.7914576967812713 3.32340711805414
4550 499.44539359028903 499.44539359028903 0.1 0.9395891921838202 3.160177620262447 0.11429951646493024 1.3373438360908576 0.9317978209363683 0.7914576967812713 3.32340711805414
4600 499.2507754544732 499.2507754544732 0.11122628237217462 0.6692070104297427 3.3747527784455524 0.11848672740569939 1.5206612949789586 1.0400129493962136 0.8388519194096762 3.2265221596446367
4650 499.2507754544732 499.2507754544732 0.11122628237217462 0.6692070104297427 3.3747527784455524 0.11848672740569939 1.5206612949789586 1.0400129493962136 0.8388519194096762 3.2265221596446367
4700 499.2507754544732 499.2507754544732 0.11122628237217462 0.6692070104297427 3.3747527784455524 0.11848672740569939 1.5206612949789586 1.0400129493962136 0.8388519194096762 3.2265221596446367
4750 499.2507754544732 499.2507754544732 0.11122628237217462 0.6692070104297427 3.3747527784455524 0.11848672740569939 1.5206612949789586 1.0400129493962136 0.8388519194096762 3.2265221596446367
4800 499.2507754544732 499.2507754544732 0.11122628237217462 0.6692070104297427 3.3747527784455524 0.11848672740569939 1.5206612949789586 1.0400129493962136 0.8388519194096762 3.2265221596446367
4850 499.2507754544732 499.2507754544732 0.11122628237217462 0.6692070104297427 3.3747527784455524 0.11848672740569939 1.5206612949789586 1.0400129493962136 0.8388519194096762 3.2265221596446367
4900 499.2507754544732 499.2507754544732 0.11122628237217462 0.6692070104297427 3.3747527784455524 0.11848672740569939 1.5206612949789586 1.0400129493962136 0.8388519194096762 3.2265221596446367
4950 499.2507754544732 499.2507754544732 0.11122628237217462 0.6692070104297427 3.3747527784455524 0.11848672740569939 1.5206612949789586 1.0400129493962136 0.8388519194096762 3.2265221596446367
5000 499.2507754544732 499.2507754544732 0.11122628237217462 0.6692070104297427 3.3747527784455524 0.11848672740569939 1.5206612949789586 1.0400129493962136 0.8388519194096762 3.2265221596446367
5050 499.2507754544732 499.2507754544732 0.11122628237217462 0.6692070104297427 3.3747527784455524 0.11848672740569939 1.5206612949789586 1.0400129493962136 0.8388519194096762 3.2265221596446367
5100 499.2507754544732 499.2507754544732 0.11122628237217462 0.6692070104297427 3.3747527784455524 0.11848672740569939 1.5206612949789586 1.0400129493962136 0.8388519194096762 3.2265221596446367
5150 499.2507754544732 499.2507754544732 0.1175759156963077 0.6950015760366328 3.1785478616986436 0.12213524682507411 1.4870355745781887 1.0274164408560456 0.7985077769579932 3.4
5200 499.2507754544732 499.2507754544732 0.1175759156963077 0.6950015760366328 3.1785478616986436 0.12213524682507411 1.4870355745781887 1.0274164408560456 0.7985077769579932 3.4
5250 499.2507754544732 499.2507754544732 0.1175759156963077 0.6950015760366328 3.1785478616986436 0.12213524682507411 1.4870355745781887 1.0274164408560456 0.7985077769579932 3.4
5300 499.2507754544732 499.2507754544732 0.12255346160027425 0.7099303577868419 3.3440465307408918 0.13556805954399592 1.5236588068053207 0.9893162582740942 0.7777199751246092 3.214709395371211
5350 499.2507754544732 499.2507754544732 0.12255346160027425 0.7099303577868419 3.3440465307408918 0.13556805954399592 1.5236588068053207 0.9893162582740942 0.7777199751246092 3.214709395371211
5400 499.2507754544732 499.2507754544732 0.12255346160027425 0.7099303577868419 3.3440465307408918 0.13556805954399592 1.5236588068053207 0.9893162582740942 0.7777199751246092 3.214709395371211
5450 499.2507754544732 499.2507754544732 0.12255346160027425 0.7099303577868419 3.3440465307408918 0.13556805954399592 1.5236588068053207 0.9893162582740942 0.7777199751246092 3.214709395371211
5500 499.2507754544732 499.2507754544732 0.12255346160027425 0.7099303577868419 3.3440465307408918 0.13556805954399592 1.5236588068053207 0.9893162582740942 0.7777199751246092 3.214709395371211
5550 499.2507754544732 499.2507754544732 0.12255346160027425 0.7099303577868419 3.3440465307408918 0.13556805954399592 1.5236588068053207 0.9893162582740942 0.7777199751246092 3.214709395371211
5600 499.2507754544732 499.2507754544732 0.12255346160027425 0.7099303577868419 3.3440465307408918 0.13556805954399592 1.5236588068053207 0.9893162582740942 0.7777199751246092 3.214709395371211
5650 499.2507754544732 499.2507754544732 0.12255346160027425 0.7099303577868419 3.3440465307408918 0.13556805954399592 1.5236588068053207 0.9893162582740942 0.7777199751246092 3.214709395371211
5700 499.2507754544732 499.2507754544732 0.1 0.6878699624493774 3.216185320095593 0.14607763804654222 1.5227237204524415 0.9799279903362719 0.8211268299413161 3.238142214856305
5750 499.2507754544732 499.2507754544732 0.1 0.6878699624493774 3.216185320095593 0.14607763804654222 1.5227237204524415 0.9799279903362719 0.8211268299413161 3.238142214856305
5800 499.2507754544732 499.2507754544732 0.1 0.6878699624493774 3.216185320095593 0.14607763804654222 1.5227237204524415 0.9799279903362719 0.8211268299413161 3.238142214856305
5850 499.2507754544732 499.2507754544732 0.1 0.6878699624493774 3.216185320095593 0.14607763804654222 1.5227237204524415 0.9799279903362719 0.8211268299413161 3.238142214856305
5900 499.2507754544732 499.2507754544732 0.1 0.6878699624493774 3.216185320095593 0.14607763804654222 1.5227237204524415 0.9799279903362719 0.8211268299413161 3.238142214856305
5950 499.2507754544732 499.2507754544732 0.10471790360352777 0.7263533355985324 3.2085751869715082 0.10806578680073112 1.4600626410319708 0.9728114518836729 0.7978762356107268 3.30142388337027
6000 499.2507754544732 499.2507754544732 0.10471790360352777 0.7263533355985324 3.2085751869715082 0.10806578680073112 1.4600626410319708 0.9728114518836729 0.7978762356107268 3.30142388337027
6050 499.2507754544732 499.2507754544732 0.10471790360352777 0.7263533355985324 3.2085751869715082 0.10806578680073112 1.4600626410319708 0.9728114518836729 0.7978762356107268 3.30142388337027
6100 499.2507754544732 499.2507754544732 0.10471790360352777 0.7263533355985324 3.2085751869715082 0.10806578680073112 1.4600626410319708 0.9728114518836729 0.7978762356107268 3.30142388337027
6150 499.2507754544732 499.2507754544732 0.10471790360352777 0.7263533355985324 3.2085751869715082 0.10806578680073112 1.4600626410319708 0.9728114518836729 0.7978762356107268 3.30142388337027
6200 499.2507754544732 499.2507754544732 0.10471790360352777 0.7263533355985324 3.2085751869715082 0.10806578680073112 1.4600626410319708 0.9728114518836729 0.7978762356107268 3.30142388337027
6250 499.2507754544732 499.2507754544732 0.10471790360352777 0.7263533355985324 3.2085751869715082 0.10806578680073112 1.4600626410319708 0.9728114518836729 0.7978762356107268 3.30142388337027
6300 499.2507754544732 499.2507754544732 0.10471790360352777 0.7263533355985324 3.2085751869715082 0.10806578680073112 1.4600626410319708 0.9728114518836729 0.7978762356107268 3.30142388337027
6350 499.2507754544732 499.2507754544732 0.10471790360352777 0.7263533355985324 3.2085751869715082 0.10806578680073112 1.4600626410319708 0.9728114518836729 0.7978762356107268 3.30142388337027
6400 499.2507754544732 499.2507754544732 0.10471790360352777 0.7263533355985324 3.2085751869715082 0.10806578680073112 1.4600626410319708 0.9728114518836729 0.7978762356107268 3.30142388337027
6450 499.2507754544732 499.2507754544732 0.10471790360352777 0.7263533355985324 3.2085751869715082 0.10806578680073112 1.4600626410319708 0.9728114518836729 0.7978762356107268 3.30142388337027
6500 499.2507754544732 499.2507754544732 0.10471790360352777 0.7263533355985324 3.2085751869715082 0.10806578680073112 1.4600626410319708 0.9728114518836729 0.7978762356107268 3.30142388337027
6550 499.2507754544732 499.2507754544732 0.10471790360352777 0.7263533355985324 3.2085751869715082 0.10806578680073112 1.4600626410319708 0.9728114518836729 0.7978762356107268 3.30142388337027
6600 499.2507754544732 499.2507754544732 0.10471790360352777 0.7263533355985324 3.2085751869715082 0.10806578680073112 1.4600626410319708 0.9728114518836729 0.7978762356107268 3.30142388337027
6650 499.2507754544732 499.2507754544732 0.10471790360352777 0.7263533355985324 3.2085751869715082 0.10806578680073112 1.4600626410319708 0.9728114518836729 0.7978762356107268 3.30142388337027
6700 499.2507754544732 499.2507754544732 0.10471790360352777 0.7263533355985324 3.2085751869715082 0.10806578680073112 1.4600626410319708 0.9728114518836729 0.7978762356107268 3.30142388337027
6750 499.2507754544732 499.2507754544732 0.10471790360352777 0.7263533355985324 3.2085751869715082 0.10806578680073112 1.4600626410319708 0.9728114518836729 0.7978762356107268 3.30142388337027
6800 499.2507754544732 499.2507754544732 0.10471790360352777 0.7263533355985324 3.2085751869715082 0.10806578680073112 1.4600626410319708 0.9728114518836729 0.7978762356107268 3.30142388337027
6850 499.2507754544732 499.2507754544732 0.10471790360352777 0.7263533355985324 3.2085751869715082 0.10806578680073112 1.4600626410319708 0.9728114518836729 0.7978762356107268 3.30142388337027
6900 499.2507754544732 499.2507754544732 0.10471790360352777 0.7263533355985324 3.2085751869715082 0.10806578680073112 1.4600626410319708 0.9728114518836729 0.7978762356107268 3.30142388337027
6950 499.2507754544732 499.2507754544732 0.10471790360352777 0.7263533355985324 3.2085751869715082 0.10806578680073112 1.4600626410319708 0.9728114518836729 0.7978762356107268 3.30142388337027
7000 499.2507754544732 499.2507754544732 0.10471790360352777 0.7263533355985324 3.2085751869715082 0.10806578680073112 1.4600626410319708 0.9728114518836729 0.7978762356107268 3.30142388337027
7050 499.2507754544732 499.2507754544732 0.10471790360352777 0.7263533355985324 3.2085751869715082 0.10806578680073112 1.4600626410319708 0.9728114518836729 0.7978762356107268 3.30142388337027
7100 499.2507754544732 499.2507754544732 0.10471790360352777 0.7263533355985324 3.2085751869715082 0.10806578680073112 1.4600626410319708 0.9728114518836729 0.7978762356107268 3.30142388337027
7150 499.2507754544732 499.2507754544732 0.10471790360352777 0.7263533355985324 3.2085751869715082 0.10806578680073112 1.4600626410319708 0.9728114518836729 0.7978762356107268 3.30142388337027
7200 499.2507754544732 499.2507754544732 0.10471790360352777 0.7263533355985324 3.2085751869715082 0.10806578680073112 1.4600626410319708 0.9728114518836729 0.7978762356107268 3.30142388337027
7250 499.2507754544732 499.2507754544732 0.10471790360352777 0.7263533355985324 3.2085751869715082 0.10806578680073112 1.4600626410319708 0.9728114518836729 0.7978762356107268 3.30142388337027
7300 499.2507754544732 499.2507754544732 0.10471790360352777 0.7263533355985324 3.2085751869715082 0.10806578680073112 1.4600626410319708 0.9728114518836729 0.7978762356107268 3.30142388337027
7350 499.2507754544732 499.2507754544732 0.10471790360352777 0.7263533355985324 3.2085751869715082 0.10806578680073112 1.4600626410319708 0.9728114518836729 0.7978762356107268 3.30142388337027
7400 499.2507754544732 499.2507754544732 0.10471790360352777 0.7263533355985324 3.2085751869715082 0.10806578680073112 1.4600626410319708 0.9728114518836729 0.7978762356107268 3.30142388337027
7450 499.2507754544732 499.2507754544732 0.10471790360352777 0.7263533355985324 3.2085751869715082 0.10806578680073112 1.4600626410319708 0.9728114518836729 0.7978762356107268 3.30142388337027
7500 499.2507754544732 499.2507754544732 0.10471790360352777 0.7263533355985324 3.2085751869715082 0.10806578680073112 1.4600626410319708 0.9728114518836729 0.7978762356107268 3.30142388337027
7550 499.2507754544732 499.2507754544732 0.10471790360352777 0.7263533355985324 3.2085751869715082 0.10806578680073112 1.4600626410319708 0.9728114518836729 0.7978762356107268 3.30142388337027
7600 499.2507754544732 499.2507754544732 0.10471790360352777 0.7263533355985324 3.2085751869715082 0.10806578680073112 1.4600626410319708 0.9728114518836729 0.7978762356107268 3.30142388337027
7650 499.2507754544732 499.2507754544732 0.10471790360352777 0.7263533355985324 3.2085751869715082 0.10806578680073112 1.4600626410319708 0.9728114518836729 0.7978762356107268 3.30142388337027
7700 499.2507754544732 499.2507754544732 0.10471790360352777 0.7263533355985324 3.2085751869715082 0.10806578680073112 1.4600626410319708 0.9728114518836729 0.7978762356107268 3.30142388337027
7750 499.2507754544732 499.2507754544732 0.10471790360352777 0.7263533355985324 3.2085751869715082 0.10806578680073112 1.4600626410319708 0.9728114518836729 0.7978762356107268 3.30142388337027
7800 499.2507754544732 499.2507754544732 0.10471790360352777 0.7263533355985324 3.2085751869715082 0.10806578680073112 1.4600626410319708 0.9728114518836729 0.7978762356107268 3.30142388337027
7850 499.2507754544732 499.2507754544732 0.10471790360352777 0.7263533355985324 3.2085751869715082 0.10806578680073112 1.4600626410319708 0.9728114518836729 0.7978762356107268 3.30142388337027
7900 499.2507754544732 499.2507754544732 0.10471790360352777 0.7263533355985324 3.2085751869715082 0.10806578680073112 1.4600626410319708 0.9728114518836729 0.7978762356107268 3.30142388337027
7950 499.2507754544732 499.2507754544732 0.10471790360352777 0.7263533355985324 3.2085751869715082 0.10806578680073112 1.4600626410319708 0.9728114518836729 0.7978762356107268 3.30142388337027
8000 499.2507754544732 499.2507754544732 0.10471790360352777 0.7263533355985324 3.2085751869715082 0.10806578680073112 1.4600626410319708 0.9728114518836729 0.7978762356107268 3.30142388337027
8050 499.2507754544732 499.2507754544732 0.10471790360352777 0.7263533355985324 3.2085751869715082 0.10806578680073112 1.4600626410319708 0.9728114518836729 0.7978762356107268 3.30142388337027
8100 499.2507754544732 499.2507754544732 0.10471790360352777 0.7263533355985324 3.2085751869715082 0.10806578680073112 1.4600626410319708 0.9728114518836729 0.7978762356107268 3.30142388337027
8150 499.2507754544732 499.2507754544732 0.10471790360352777 0.7263533355985324 3.2085751869715082 0.10806578680073112 1.4600626410319708 0.9728114518836729 0.7978762356107268 3.30142388337027
8200 499.2507754544732 499.2507754544732 0.10471790360352777 0.7263533355985324 3.2085751869715082 0.10806578680073112 1.4600626410319708 0.9728114518836729 0.7978762356107268 3.30142388337027
8250 499.2507754544732 499.2507754544732 0.10471790360352777 0.7263533355985324 3.2085751869715082 0.10806578680073112 1.4600626410319708 0.9728114518836729 0.7978762356107268 3.30142388337027
8300 499.2507754544732 499.2507754544732 0.10471790360352777 0.7263533355985324 3.2085751869715082 0.10806578680073112 1.4600626410319708 0.9728114518836729 0.7978762356107268 3.30142388337027
8350 499.2507754544732 499.2507754544732 0.10471790360352777 0.7263533355985324 3.2085751869715082 0.10806578680073112 1.4600626410319708 0.9728114518836729 0.7978762356107268 3.30142388337027
8400 499.2507754544732 499.2507754544732 0.10471790360352777 0.7263533355985324 3.2085751869715082 0.10806578680073112 1.4600626410319708 0.9728114518836729 0.7978762356107268 3.30142388337027
8450 499.2507754544732 499.2507754544732 0.10471790360352777 0.7263533355985324 3.2085751869715082 0.10806578680073112 1.4600626410319708 0.9728114518836729 0.7978762356107268 3.30142388337027
8500 499.2507754544732 499.2507754544732 0.10471790360352777 0.7263533355985324 3.2085751869715082 0.10806578680073112 1.4600626410319708 0.9728114518836729 0.7978762356107268 3.30142388337027
8550 499.2507754544732 499.2507754544732 0.10471790360352777 0.7263533355985324 3.2085751869715082 0.10806578680073112 1.4600626410319708 0.9728114518836729 0.7978762356107268 3.30142388337027
8600 499.2507754544732 499.2507754544732 0.10471790360352777 0.7263533355985324 3.2085751869715082 0.10806578680073112 1.4600626410319708 0.9728114518836729 0.7978762356107268 3.30142388337027
8650 499.2507754544732 499.2507754544732 0.10471790360352777 0.7263533355985324 3.2085751869715082 0.10806578680073112 1.4600626410319708 0.9728114518836729 0.7978762356107268 3.30142388337027
8700 499.2507754544732 499.2507754544732 0.10471790360352777 0.7263533355985324 3.2085751869715082 0.10806578680073112 1.4600626410319708 0.9728114518836729 0.7978762356107268 3.30142388337027
8750 499.2507754544732 499.2507754544732 0.10471790360352777 0.7263533355985324 3.2085751869715082 0.10806578680073112 1.4600626410319708 0.9728114518836729 0.7978762356107268 3.30142388337027
8800 499.2507754544732 499.2507754544732 0.10471790360352777 0.7263533355985324 3.2085751869715082 0.10806578680073112 1.4600626410319708 0.9728114518836729 0.7978762356107268 3.30142388337027
8850 499.2507754544732 499.2507754544732 0.10471790360352777 0.7263533355985324 3.2085751869715082 0.10806578680073112 1.4600626410319708 0.9728114518836729 0.7978762356107268 3.30142388337027
8900 499.2507754544732 499.2507754544732 0.10471790360352777 0.7263533355985324 3.2085751869715082 0.10806578680073112 1.4600626410319708 0.9728114518836729 0.7978762356107268 3.30142388337027
8950 499.2507754544732 499.2507754544732 0.10471790360352777 0.7263533355985324 3.2085751869715082 0.10806578680073112 1.4600626410319708 0.9728114518836729 0.7978762356107268 3.30142388337027
9000 499.2507754544732 499.2507754544732 0.10471790360352777 0.7263533355985324 3.2085751869715082 0.10806578680073112 1.4600626410319708 0.9728114518836729 0.7978762356107268 3.30142388337027
9050 499.2507754544732 499.2507754544732 0.10471790360352777 0.7263533355985324 3.2085751869715082 0.10806578680073112 1.4600626410319708 0.9728114518836729 0.7978762356107268 3.30142388337027
9100 499.2507754544732 499.2507754544732 0.10471790360352777 0.7263533355985324 3.2085751869715082 0.10806578680073112 1.4600626410319708 0.9728114518836729 0.7978762356107268 3.30142388337027
9150 499.2507754544732 499.2507754544732 0.10471790360352777 0.7263533355985324 3.2085751869715082 0.10806578680073112 1.4600626410319708 0.9728114518836729 0.7978762356107268 3.30142388337027
9200 499.2507754544732 499.2507754544732 0.10471790360352777 0.7263533355985324 3.2085751869715082 0.10806578680073112 1.4600626410319708 0.9728114518836729 0.7978762356107268 3.30142388337027
9250 499.2507754544732 499.2507754544732 0.10471790360352777 0.7263533355985324 3.2085751869715082 0.10806578680073112 1.4600626410319708 0.9728114518836729 0.7978762356107268 3.30142388337027
9300 499.2507754544732 499.2507754544732 0.10471790360352777 0.7263533355985324 3.2085751869715082 0.10806578680073112 1.4600626410319708 0.9728114518836729 0.7978762356107268 3.30142388337027
9350 499.2507754544732 499.2507754544732 0.10471790360352777 0.7263533355985324 3.2085751869715082 0.10806578680073112 1.4600626410319708 0.9728114518836729 0.7978762356107268 3.30142388337027
9400 499.2507754544732 499.2507754544732 0.10471790360352777 0.7263533355985324 3.2085751869715082 0.10806578680073112 1.4600626410319708 0.9728114518836729 0.7978762356107268 3.30142388337027
9450 499.2507754544732 499.2507754544732 0.10471790360352777 0.7263533355985324 3.2085751869715082 0.10806578680073112 1.4600626410319708 0.9728114518836729 0.7978762356107268 3.30142388337027
9500 499.2507754544732 499.2507754544732 0.10471790360352777 0.7263533355985324 3.2085751869715082 0.10806578680073112 1.4600626410319708 0.9728114518836729 0.7978762356107268 3.30142388337027
9550 499.2507754544732 499.2507754544732 0.10471790360352777 0.7263533355985324 3.2085751869715082 0.10806578680073112 1.4600626410319708 0.9728114518836729 0.7978762356107268 3.30142388337027
9600 499.2507754544732 499.2507754544732 0.10471790360352777 0.7263533355985324 3.2085751869715082 0.10806578680073112 1.4600626410319708 0.9728114518836729 0.7978762356107268 3.30142388337027
9650 499.2507754544732 499.2507754544732 0.10471790360352777 0.7263533355985324 3.2085751869715082 0.10806578680073112 1.4600626410319708 0.9728114518836729 0.7978762356107268 3.30142388337027
9700 499.2507754544732 499.2507754544732 0.10471790360352777 0.7263533355985324 3.2085751869715082 0.10806578680073112 1.4600626410319708 0.9728114518836729 0.7978762356107268 3.30142388337027
9750 499.2507754544732 499.2507754544732 0.10471790360352777 0.7263533355985324 3.2085751869715082 0.10806578680073112 1.4600626410319708 0.9728114518836729 0.7978762356107268 3.30142388337027
9800 499.2507754544732 499.2507754544732 0.10471790360352777 0.7263533355985324 3.2085751869715082 0.10806578680073112 1.4600626410319708 0.9728114518836729 0.7978762356107268 3.30142388337027
9850 499.2507754544732 499.2507754544732 0.10471790360352777 0.7263533355985324 3.2085751869715082 0.10806578680073112 1.4600626410319708 0.9728114518836729 0.7978762356107268 3.30142388337027
9900 499.2507754544732 499.2507754544732 0.10471790360352777 0.7263533355985324 3.2085751869715082 0.10806578680073112 1.4600626410319708 0.9728114518836729 0.7978762356107268 3.30142388337027
9950 499.2507754544732 499.2507754544732 0.10471790360352777 0.7263533355985324 3.2085751869715082 0.10806578680073112 1.4600626410319708 0.9728114518836729 0.7978762356107268 3.30142388337027
10000 499.2507754544732 499.2507754544732 0.10471790360352777 0.7263533355985324 3.2085751869715082 0.10806578680073112 1.4600626410319708 0.9728114518836729 0.7978762356107268 3.30142388337027
10050 499.2507754544732 499.2507754544732 0.10471790360352777 0.7263533355985324 3.2085751869715082 0.10806578680073112 1.4600626410319708 0.9728114518836729 0.7978762356107268 3.30142388337027
10100 499.2507754544732 499.2507754544732 0.10471790360352777 0.7263533355985324 3.2085751869715082 0.10806578680073112 1.4600626410319708 0.9728114518836729 0.7978762356107268 3.30142388337027
10150 499.2507754544732 499.2507754544732 0.10471790360352777 0.7263533355985324 3.2085751869715082 0.10806578680073112 1.4600626410319708 0.9728114518836729 0.7978762356107268 3.30142388337027
10200 499.2507754544732 499.2507754544732 0.10471790360352777 0.7263533355985324 3.2085751869715082 0.10806578680073112 1.4600626410319708 0.9728114518836729 0.7978762356107268 3.30142388337027
10250 499.2507754544732 499.2507754544732 0.10471790360352777 0.7263533355985324 3.2085751869715082 0.10806578680073112 1.4600626410319708 0.9728114518836729 0.7978762356107268 3.30142388337027
10300 499.2507754544732 499.2507754544732 0.10471790360352777 0.7263533355985324 3.2085751869715082 0.10806578680073112 1.4600626410319708 0.9728114518836729 0.7978762356107268 3.30142388337027
10350 499.2507754544732 499.2507754544732 0.10471790360352777 0.7263533355985324 3.2085751869715082 0.10806578680073112 1.4600626410319708 0.9728114518836729 0.7978762356107268 3.30142388337027
10400 499.2507754544732 499.2507754544732 0.10471790360352777 0.7263533355985324 3.2085751869715082 0.10806578680073112 1.4600626410319708 0.9728114518836729 0.7978762356107268 3.30142388337027
10450 499.2507754544732 499.2507754544732 0.10471790360352777 0.7263533355985324 3.2085751869715082 0.10806578680073112 1.4600626410319708 0.9728114518836729 0.7978762356107268 3.30142388337027
10500 499.2507754544732 499.2507754544732 0.10471790360352777 0.7263533355985324 3.2085751869715082 0.10806578680073112 1.4600626410319708 0.9728114518836729 0.7978762356107268 3.30142388337027
10550 499.2507754544732 499.2507754544732 0.10471790360352777 0.7263533355985324 3.2085751869715082 0.10806578680073112 1.4600626410319708 0.9728114518836729 0.7978762356107268 3.30142388337027
10600 499.2507754544732 499.2507754544732 0.10471790360352777 0.7263533355985324 3.2085751869715082 0.10806578680073112 1.4600626410319708 0.9728114518836729 0.7978762356107268 3.30142388337027
10650 499.2507754544732 499.2507754544732 0.10471790360352777 0.7263533355985324 3.2085751869715082 0.10806578680073112 1.4600626410319708 0.9728114518836729 0.7978762356107268 3.30142388337027
10700 499.2507754544732 499.2507754544732 0.10471790360352777 0.7263533355985324 3.2085751869715082 0.10806578680073112 1.4600626410319708 0.9728114518836729 0.7978762356107268 3.30142388337027
10750 499.2507754544732 499.2507754544732 0.10471790360352777 0.7263533355985324 3.2085751869715082 0.10806578680073112 1.4600626410319708 0.9728114518836729 0.7978762356107268 3.30142388337027
10800 499.2507754544732 499.2507754544732 0.10471790360352777 0.7263533355985324 3.2085751869715082 0.10806578680073112 1.4600626410319708 0.9728114518836729 0.7978762356107268 3.30142388337027
10850 499.2507754544732 499.2507754544732 0.10471790360352777 0.7263533355985324 3.2085751869715082 0.10806578680073112 1.4600626410319708 0.9728114518836729 0.7978762356107268 3.30142388337027
10900 499.2507754544732 499.2507754544732 0.10471790360352777 0.7263533355985324 3.2085751869715082 0.10806578680073112 1.4600626410319708 0.9728114518836729 0.7978762356107268 3.30142388337027
10950 499.2507754544732 499.2507754544732 0.10471790360352777 0.7263533355985324 3.2085751869715082 0.10806578680073112 1.4600626410319708 0.9728114518836729 0.7978762356107268 3.30142388337027
11000 499.2507754544732 499.2507754544732 0.10471790360352777 0.7263533355985324 3.2085751869715082 0.10806578680073112 1.4600626410319708 0.9728114518836729 0.7978762356107268 3.30142388337027
11050 499.2507754544732 499.2507754544732 0.10471790360352777 0.7263533355985324 3.2085751869715082 0.10806578680073112 1.4600626410319708 0.9728114518836729 0.7978762356107268 3.30142388337027
11100 499.2507754544732 499.2507754544732 0.10471790360352777 0.7263533355985324 3.2085751869715082 0.10806578680073112 1.4600626410319708 0.9728114518836729 0.7978762356107268 3.30142388337027
11150 499.2507754544732 499.2507754544732 0.10471790360352777 0.7263533355985324 3.2085751869715082 0.10806578680073112 1.4600626410319708 0.9728114518836729 0.7978762356107268 3.30142388337027
11200 499.2507754544732 499.2507754544732 0.10471790360352777 0.7263533355985324 3.2085751869715082 0.10806578680073112 1.4600626410319708 0.9728114518836729 0.7978762356107268 3.30142388337027
11250 499.2507754544732 499.2507754544732 0.10471790360352777 0.7263533355985324 3.2085751869715082 0.10806578680073112 1.4600626410319708 0.9728114518836729 0.7978762356107268 3.30142388337027
11300 499.2507754544732 499.2507754544732 0.10471790360352777 0.7263533355985324 3.2085751869715082 0.10806578680073112 1.4600626410319708 0.9728114518836729 0.7978762356107268 3.30142388337027
11350 499.2507754544732 499.2507754544732 0.10471790360352777 0.7263533355985324 3.2085751869715082 0.10806578680073112 1.4600626410319708 0.9728114518836729 0.7978762356107268 3.30142388337027
11400 499.2507754544732 499.2507754544732 0.10471790360352777 0.7263533355985324 3.2085751869715082 0.10806578680073112 1.4600626410319708 0.9728114518836729 0.7978762356107268 3.30142388337027
11450 499.2507754544732 499.2507754544732 0.10471790360352777 0.7263533355985324 3.2085751869715082 0.10806578680073112 1.4600626410319708 0.9728114518836729 0.7978762356107268 3.30142388337027
11500 499.2507754544732 499.2507754544732 0.10471790360352777 0.7263533355985324 3.2085751869715082 0.10806578680073112 1.4600626410319708 0.9728114518836729 0.7978762356107268 3.30142388337027
11550 499.2507754544732 499.2507754544732 0.10471790360352777 0.7263533355985324 3.2085751869715082 0.10806578680073112 1.4600626410319708 0.9728114518836729 0.7978762356107268 3.30142388337027
11600 499.2507754544732 499.2507754544732 0.10471790360352777 0.7263533355985324 3.2085751869715082 0.10806578680073112 1.4600626410319708 0.9728114518836729 0.7978762356107268 3.30142388337027
11650 499.2507754544732 499.2507754544732 0.10471790360352777 0.7263533355985324 3.2085751869715082 0.10806578680073112 1.4600626410319708 0.9728114518836729 0.7978762356107268 3.30142388337027
11700 499.2507754544732 499.2507754544732 0.10471790360352777 0.7263533355985324 3.2085751869715082 0.10806578680073112 1.4600626410319708 0.9728114518836729 0.7978762356107268 3.30142388337027
11750 499.2507754544732 499.2507754544732 0.10471790360352777 0.7263533355985324 3.2085751869715082 0.10806578680073112 1.4600626410319708 0.9728114518836729 0.7978762356107268 3.30142388337027
11800 499.2507754544732 499.2507754544732 0.10471790360352777 0.7263533355985324 3.2085751869715082 0.10806578680073112 1.4600626410319708 0.9728114518836729 0.7978762356107268 3.30142388337027
11850 499.2507754544732 499.2507754544732 0.10471790360352777 0.7263533355985324 3.2085751869715082 0.10806578680073112 1.4600626410319708 0.9728114518836729 0.7978762356107268 3.30142388337027
11900 499.2507754544732 499.2507754544732 0.10471790360352777 0.7263533355985324 3.2085751869715082 0.10806578680073112 1.4600626410319708 0.9728114518836729 0.7978762356107268 3.30142388337027
11950 499.2507754544732 499.2507754544732 0.10471790360352777 0.7263533355985324 3.2085751869715082 0.10806578680073112 1.4600626410319708 0.9728114518836729 0.7978762356107268 3.30142388337027
12000 499.2507754544732 499.2507754544732 0.10471790360352777 0.7263533355985324 3.2085751869715082 0.10806578680073112 1.4600626410319708 0.9728114518836729 0.7978762356107268 3.30142388337027
12050 499.2507754544732 499.2507754544732 0.10471790360352777 0.7263533355985324 3.2085751869715082 0.10806578680073112 1.4600626410319708 0.9728114518836729 0.7978762356107268 3.30142388337027
12100 499.2507754544732 499.2507754544732 0.10471790360352777 0.7263533355985324 3.2085751869715082 0.10806578680073112 1.4600626410319708 0.9728114518836729 0.7978762356107268 3.30142388337027
12150 499.2507754544732 499.2507754544732 0.10471790360352777 0.7263533355985324 3.2085751869715082 0.10806578680073112 1.4600626410319708 0.9728114518836729 0.7978762356107268 3.30142388337027
12200 499.2507754544732 499.2507754544732 0.10471790360352777 0.7263533355985324 3.2085751869715082 0.10806578680073112 1.4600626410319708 0.9728114518836729 0.7978762356107268 3.30142388337027
12250 499.2507754544732 499.2507754544732 0.10471790360352777 0.7263533355985324 3.2085751869715082 0.10806578680073112 1.4600626410319708 0.9728114518836729 0.7978762356107268 3.30142388337027
12300 499.2507754544732 499.2507754544732 0.10471790360352777 0.7263533355985324 3.2085751869715082 0.10806578680073112 1.4600626410319708 0.9728114518836729 0.7978762356107268 3.30142388337027
12350 499.2507754544732 499.2507754544732 0.10471790360352777 0.7263533355985324 3.2085751869715082 0.10806578680073112 1.4600626410319708 0.9728114518836729 0.7978762356107268 3.30142388337027
12400 499.2507754544732 499.2507754544732 0.10471790360352777 0.7263533355985324 3.2085751869715082 0.10806578680073112 1.4600626410319708 0.9728114518836729 0.7978762356107268 3.30142388337027
12450 499.2507754544732 499.2507754544732 0.10471790360352777 0.7263533355985324 3.2085751869715082 0.10806578680073112 1.4600626410319708 0.9728114518836729 0.7978762356107268 3.30142388337027
12500 499.2507754544732 499.2507754544732 0.10471790360352777 0.7263533355985324 3.2085751869715082 0.10806578680073112 1.4600626410319708 0.9728114518836729 0.7978762356107268 3.30142388337027
12550 499.2507754544732 499.2507754544732 0.10471790360352777 0.7263533355985324 3.2085751869715082 0.10806578680073112 1.4600626410319708 0.9728114518836729 0.7978762356107268 3.30142388337027
12600 499.2507754544732 499.2507754544732 0.10471790360352777 0.7263533355985324 3.2085751869715082 0.10806578680073112 1.4600626410319708 0.9728114518836729 0.7978762356107268 3.30142388337027
12650 499.2507754544732 499.2507754544732 0.10471790360352777 0.7263533355985324 3.2085751869715082 0.10806578680073112 1.4600626410319708 0.9728114518836729 0.7978762356107268 3.30142388337027
12700 499.2507754544732 499.2507754544732 0.10471790360352777 0.7263533355985324 3.2085751869715082 0.10806578680073112 1.4600626410319708 0.9728114518836729 0.7978762356107268 3.30142388337027
12750 499.2507754544732 499.2507754544732 0.10471790360352777 0.7263533355985324 3.2085751869715082 0.10806578680073112 1.4600626410319708 0.9728114518836729 0.7978762356107268 3.30142388337027
12800 499.2507754544732 499.2507754544732 0.10471790360352777 0.7263533355985324 3.2085751869715082 0.10806578680073112 1.4600626410319708 0.9728114518836729 0.7978762356107268 3.30142388337027
12850 499.2507754544732 499.2507754544732 0.10471790360352777 0.7263533355985324 3.2085751869715082 0.10806578680073112 1.4600626410319708 0.9728114518836729 0.7978762356107268 3.30142388337027
12900 499.2507754544732 499.2507754544732 0.10471790360352777 0.7263533355985324 3.2085751869715082 0.10806578680073112 1.4600626410319708 0.9728114518836729 0.7978762356107268 3.30142388337027
12950 499.2507754544732 499.2507754544732 0.10471790360352777 0.7263533355985324 3.2085751869715082 0.10806578680073112 1.4600626410319708 0.9728114518836729 0.7978762356107268 3.30142388337027
13000 499.2507754544732 499.2507754544732 0.10471790360352777 0.7263533355985324 3.2085751869715082 0.10806578680073112 1.4600626410319708 0.9728114518836729 0.7978762356107268 3.30142388337027
13050 499.2507754544732 499.2507754544732 0.10471790360352777 0.7263533355985324 3.2085751869715082 0.10806578680073112 1.4600626410319708 0.9728114518836729 0.7978762356107268 3.30142388337027
13100 499.2507754544732 499.2507754544732 0.10471790360352777 0.7263533355985324 3.2085751869715082 0.10806578680073112 1.4600626410319708 0.9728114518836729 0.7978762356107268 3.30142388337027
13150 499.2507754544732 499.2507754544732 0.10471790360352777 0.7263533355985324 3.2085751869715082 0.10806578680073112 1.4600626410319708 0.9728114518836729 0.7978762356107268 3.30142388337027
13200 499.2507754544732 499.2507754544732 0.10471790360352777 0.7263533355985324 3.2085751869715082 0.10806578680073112 1.4600626410319708 0.9728114518836729 0.7978762356107268 3.30142388337027
13250 499.2507754544732 499.2507754544732 0.10471790360352777 0.7263533355985324 3.2085751869715082 0.10806578680073112 1.4600626410319708 0.9728114518836729 0.7978762356107268 3.30142388337027
13300 499.2507754544732 499.2507754544732 0.10471790360352777 0.7263533355985324 3.2085751869715082 0.10806578680073112 1.4600626410319708 0.9728114518836729 0.7978762356107268 3.30142388337027
13350 499.2507754544732 499.2507754544732 0.10471790360352777 0.7263533355985324 3.2085751869715082 0.10806578680073112 1.4600626410319708 0.9728114518836729 0.7978762356107268 3.30142388337027
13400 499.2507754544732 499.2507754544732 0.10471790360352777 0.7263533355985324 3.2085751869715082 0.10806578680073112 1.4600626410319708 0.9728114518836729 0.7978762356107268 3.30142388337027
13450 499.2507754544732 499.2507754544732 0.10471790360352777 0.7263533355985324 3.2085751869715082 0.10806578680073112 1.4600626410319708 0.9728114518836729 0.7978762356107268 3.30142388337027
13500 499.2507754544732 499.2507754544732 0.10471790360352777 0.7263533355985324 3.2085751869715082 0.10806578680073112 1.4600626410319708 0.9728114518836729 0.7978762356107268 3.30142388337027
13550 499.2507754544732 499.2507754544732 0.10471790360352777 0.7263533355985324 3.2085751869715082 0.10806578680073112 1.4600626410319708 0.9728114518836729 0.7978762356107268 3.30142388337027
13600 499.2507754544732 499.2507754544732 0.10471790360352777 0.7263533355985324 3.2085751869715082 0.10806578680073112 1.4600626410319708 0.9728114518836729 0.7978762356107268 3.30142388337027
13650 499.2507754544732 499.2507754544732 0.10471790360352777 0.7263533355985324 3.2085751869715082 0.10806578680073112 1.4600626410319708 0.9728114518836729 0.7978762356107268 3.30142388337027
13700 499.2507754544732 499.2507754544732 0.10471790360352777 0.7263533355985324 3.2085751869715082 0.10806578680073112 1.4600626410319708 0.9728114518836729 0.7978762356107268 3.30142388337027
13750 499.2507754544732 499.2507754544732 0.10471790360352777 0.7263533355985324 3.2085751869715082 0.10806578680073112 1.4600626410319708 0.9728114518836729 0.7978762356107268 3.30142388337027
13800 499.2507754544732 499.2507754544732 0.10471790360352777 0.7263533355985324 3.2085751869715082 0.10806578680073112 1.4600626410319708 0.9728114518836729 0.7978762356107268 3.30142388337027
13850 499.2507754544732 499.2507754544732 0.10471790360352777 0.7263533355985324 3.2085751869715082 0.10806578680073112 1.4600626410319708 0.9728114518836729 0.7978762356107268 3.30142388337027
13900 499.2507754544732 499.2507754544732 0.10471790360352777 0.7263533355985324 3.2085751869715082 0.10806578680073112 1.4600626410319708 0.9728114518836729 0.7978762356107268 3.30142388337027
13950 499.2507754544732 499.2507754544732 0.10471790360352777 0.7263533355985324 3.2085751869715082 0.10806578680073112 1.4600626410319708 0.9728114518836729 0.7978762356107268 3.30142388337027
14000 499.2507754544732 499.2507754544732 0.10471790360352777 0.7263533355985324 3.2085751869715082 0.10806578680073112 1.4600626410319708 0.9728114518836729 0.7978762356107268 3.30142388337027
14050 499.2507754544732 499.2507754544732 0.10471790360352777 0.7263533355985324 3.2085751869715082 0.10806578680073112 1.4600626410319708 0.9728114518836729 0.7978762356107268 3.30142388337027
14100 499.2507754544732 499.2507754544732 0.10471790360352777 0.7263533355985324 3.2085751869715082 0.10806578680073112 1.4600626410319708 0.9728114518836729 0.7978762356107268 3.30142388337027
14150 499.2507754544732 499.2507754544732 0.10471790360352777 0.7263533355985324 3.2085751869715082 0.10806578680073112 1.4600626410319708 0.9728114518836729 0.7978762356107268 3.30142388337027
14200 499.2507754544732 499.2507754544732 0.10471790360352777 0.7263533355985324 3.2085751869715082 0.10806578680073112 1.4600626410319708 0.9728114518836729 0.7978762356107268 3.30142388337027
14250 499.2507754544732 499.2507754544732 0.10471790360352777 0.7263533355985324 3.2085751869715082 0.10806578680073112 1.4600626410319708 0.9728114518836729 0.7978762356107268 3.30142388337027
14300 499.2507754544732 499.2507754544732 0.10471790360352777 0.7263533355985324 3.2085751869715082 0.10806578680073112 1.4600626410319708 0.9728114518836729 0.7978762356107268 3.30142388337027
14350 499.2507754544732 499.2507754544732 0.10471790360352777 0.7263533355985324 3.2085751869715082 0.10806578680073112 1.4600626410319708 0.9728114518836729 0.7978762356107268 3.30142388337027
14400 499.2507754544732 499.2507754544732 0.10471790360352777 0.7263533355985324 3.2085751869715082 0.10806578680073112 1.4600626410319708 0.9728114518836729 0.7978762356107268 3.30142388337027
14450 499.2507754544732 499.2507754544732 0.10471790360352777 0.7263533355985324 3.2085751869715082 0.10806578680073112 1.4600626410319708 0.9728114518836729 0.7978762356107268 3.30142388337027
14500 499.2507754544732 499.2507754544732 0.10471790360352777 0.7263533355985324 3.2085751869715082 0.10806578680073112 1.4600626410319708 0.9728114518836729 0.7978762356107268 3.30142388337027
14550 499.2507754544732 499.2507754544732 0.10471790360352777 0.7263533355985324 3.2085751869715082 0.10806578680073112 1.4600626410319708 0.9728114518836729 0.7978762356107268 3.30142388337027
14600 499.2507754544732 499.2507754544732 0.10471790360352777 0.7263533355985324 3.2085751869715082 0.10806578680073112 1.4600626410319708 0.9728114518836729 0.7978762356107268 3.30142388337027
14650 499.2507754544732 499.2507754544732 0.10471790360352777 0.7263533355985324 3.2085751869715082 0.10806578680073112 1.4600626410319708 0.9728114518836729 0.7978762356107268 3.30142388337027
14700 499.2507754544732 499.2507754544732 0.10471790360352777 0.7263533355985324 3.2085751869715082 0.10806578680073112 1.4600626410319708 0.9728114518836729 0.7978762356107268 3.30142388337027
14750 499.2507754544732 499.2507754544732 0.10471790360352777 0.7263533355985324 3.2085751869715082 0.10806578680073112 1.4600626410319708 0.9728114518836729 0.7978762356107268 3.30142388337027
14800 499.2507754544732 499.2507754544732 0.10471790360352777 0.7263533355985324 3.2085751869715082 0.10806578680073112 1.4600626410319708 0.9728114518836729 0.7978762356107268 3.30142388337027
14850 499.2507754544732 499.2507754544732 0.10471790360352777 0.7263533355985324 3.2085751869715082 0.10806578680073112 1.4600626410319708 0.9728114518836729 0.7978762356107268 3.30142388337027
14900 499.2507754544732 499.2507754544732 0.10471790360352777 0.7263533355985324 3.2085751869715082 0.10806578680073112 1.4600626410319708 0.9728114518836729 0.7978762356107268 3.30142388337027
14950 499.2507754544732 499.2507754544732 0.10471790360352777 0.7263533355985324 3.2085751869715082 0.10806578680073112 1.4600626410319708 0.9728114518836729 0.7978762356107268 3.30142388337027
15000 499.2507754544732 499.2507754544732 0.10471790360352777 0.7263533355985324 3.2085751869715082 0.10806578680073112 1.4600626410319708 0.9728114518836729 0.7978762356107268 3.30142388337027
15050 499.2507754544732 499.2507754544732 0.10471790360352777 0.7263533355985324 3.2085751869715082 0.10806578680073112 1.4600626410319708 0.9728114518836729 0.7978762356107268 3.30142388337027
15100 499.2507754544732 499.2507754544732 0.10471790360352777 0.7263533355985324 3.2085751869715082 0.10806578680073112 1.4600626410319708 0.9728114518836729 0.7978762356107268 3.30142388337027
15150 499.2507754544732 499.2507754544732 0.10471790360352777 0.7263533355985324 3.2085751869715082 0.10806578680073112 1.4600626410319708 0.9728114518836729 0.7978762356107268 3.30142388337027
15200 499.2507754544732 499.2507754544732 0.10471790360352777 0.7263533355985324 3.2085751869715082 0.10806578680073112 1.4600626410319708 0.9728114518836729 0.7978762356107268 3.30142388337027
15250 499.2507754544732 499.2507754544732 0.10471790360352777 0.7263533355985324 3.2085751869715082 0.10806578680073112 1.4600626410319708 0.9728114518836729 0.7978762356107268 3.30142388337027
15300 499.2507754544732 499.2507754544732 0.10471790360352777 0.7263533355985324 3.2085751869715082 0.10806578680073112 1.4600626410319708 0.9728114518836729 0.7978762356107268 3.30142388337027
15350 499.2507754544732 499.2507754544732 0.10471790360352777 0.7263533355985324 3.2085751869715082 0.10806578680073112 1.4600626410319708 0.9728114518836729 0.7978762356107268 3.30142388337027
15400 499.2507754544732 499.2507754544732 0.10471790360352777 0.7263533355985324 3.2085751869715082 0.10806578680073112 1.4600626410319708 0.9728114518836729 0.7978762356107268 3.30142388337027
15450 499.2507754544732 499.2507754544732 0.10471790360352777 0.7263533355985324 3.2085751869715082 0.10806578680073112 1.4600626410319708 0.9728114518836729 0.7978762356107268 3.30142388337027
15500 499.2507754544732 499.2507754544732 0.10471790360352777 0.7263533355985324 3.2085751869715082 0.10806578680073112 1.4600626410319708 0.9728114518836729 0.7978762356107268 3.30142388337027
15550 499.2507754544732 499.2507754544732 0.10471790360352777 0.7263533355985324 3.2085751869715082 0.10806578680073112 1.4600626410319708 0.9728114518836729 0.7978762356107268 3.30142388337027
15600 499.2507754544732 499.2507754544732 0.10471790360352777 0.7263533355985324 3.2085751869715082 0.10806578680073112 1.4600626410319708 0.9728114518836729 0.7978762356107268 3.30142388337027
15650 499.2507754544732 499.2507754544732 0.10471790360352777 0.7263533355985324 3.2085751869715082 0.10806578680073112 1.4600626410319708 0.9728114518836729 0.7978762356107268 3.30142388337027
15700 499.2507754544732 499.2507754544732 0.10471790360352777 0.7263533355985324 3.2085751869715082 0.10806578680073112 1.4600626410319708 0.9728114518836729 0.7978762356107268 3.30142388337027
15750 499.2507754544732 499.2507754544732 0.10471790360352777 0.7263533355985324 3.2085751869715082 0.10806578680073112 1.4600626410319708 0.9728114518836729 0.7978762356107268 3.30142388337027
15800 499.2507754544732 499.2507754544732 0.10471790360352777 0.7263533355985324 3.2085751869715082 0.10806578680073112 1.4600626410319708 0.9728114518836729 0.7978762356107268 3.30142388337027
15850 499.2507754544732 499.2507754544732 0.10471790360352777 0.7263533355985324 3.2085751869715082 0.10806578680073112 1.4600626410319708 0.9728114518836729 0.7978762356107268 3.30142388337027
15900 499.2507754544732 499.2507754544732 0.10471790360352777 0.7263533355985324 3.2085751869715082 0.10806578680073112 1.4600626410319708 0.9728114518836729 0.7978762356107268 3.30142388337027
15950 499.2507754544732 499.2507754544732 0.10471790360352777 0.7263533355985324 3.2085751869715082 0.10806578680073112 1.4600626410319708 0.9728114518836729 0.7978762356107268 3.30142388337027
16000 499.2507754544732 499.2507754544732 0.10471790360352777 0.7263533355985324 3.2085751869715082 0.10806578680073112 1.4600626410319708 0.9728114518836729 0.7978762356107268 3.30142388337027
16050 499.2507754544732 499.2507754544732 0.10471790360352777 0.7263533355985324 3.2085751869715082 0.10806578680073112 1.4600626410319708 0.9728114518836729 0.7978762356107268 3.30142388337027
16100 499.2507754544732 499.2507754544732 0.10471790360352777 0.7263533355985324 3.2085751869715082 0.10806578680073112 1.4600626410319708 0.9728114518836729 0.7978762356107268 3.30142388337027
16150 499.2507754544732 499.2507754544732 0.10471790360352777 0.7263533355985324 3.2085751869715082 0.10806578680073112 1.4600626410319708 0.9728114518836729 0.7978762356107268 3.30142388337027
16200 499.2507754544732 499.2507754544732 0.10471790360352777 0.7263533355985324 3.2085751869715082 0.10806578680073112 1.4600626410319708 0.9728114518836729 0.7978762356107268 3.30142388337027
16250 499.2507754544732 499.2507754544732 0.10471790360352777 0.7263533355985324 3.2085751869715082 0.10806578680073112 1.4600626410319708 0.9728114518836729 0.7978762356107268 3.30142388337027
16300 499.2507754544732 499.2507754544732 0.10471790360352777 0.7263533355985324 3.2085751869715082 0.10806578680073112 1.4600626410319708 0.9728114518836729 0.7978762356107268 3.30142388337027
16350 499.2507754544732 499.2507754544732 0.10471790360352777 0.7263533355985324 3.2085751869715082 0.10806578680073112 1.4600626410319708 0.9728114518836729 0.7978762356107268 3.30142388337027
16400 499.2507754544732 499.2507754544732 0.10471790360352777 0.7263533355985324 3.2085751869715082 0.10806578680073112 1.4600626410319708 0.9728114518836729 0.7978762356107268 3.30142388337027
16450 499.2507754544732 499.2507754544732 0.10471790360352777 0.7263533355985324 3.2085751869715082 0.10806578680073112 1.4600626410319708 0.9728114518836729 0.7978762356107268 3.30142388337027
16500 499.2507754544732 499.2507754544732 0.10471790360352777 0.7263533355985324 3.2085751869715082 0.10806578680073112 1.4600626410319708 0.9728114518836729 0.7978762356107268 3.30142388337027
16550 499.2507754544732 499.2507754544732 0.10471790360352777 0.7263533355985324 3.2085751869715082 0.10806578680073112 1.4600626410319708 0.9728114518836729 0.7978762356107268 3.30142388337027
16600 499.2507754544732 499.2507754544732 0.10471790360352777 0.7263533355985324 3.2085751869715082 0.10806578680073112 1.4600626410319708 0.9728114518836729 0.7978762356107268 3.30142388337027
16650 499.2507754544732 499.2507754544732 0.10471790360352777 0.7263533355985324 3.2085751869715082 0.10806578680073112 1.4600626410319708 0.9728114518836729 0.7978762356107268 3.30142388337027
16700 499.2507754544732 499.2507754544732 0.10471790360352777 0.7263533355985324 3.2085751869715082 0.10806578680073112 1.4600626410319708 0.9728114518836729 0.7978762356107268 3.30142388337027
16750 499.2507754544732 499.2507754544732 0.10471790360352777 0.7263533355985324 3.2085751869715082 0.10806578680073112 1.4600626410319708 0.9728114518836729 0.7978762356107268 3.30142388337027
16800 499.2507754544732 499.2507754544732 0.10471790360352777 0.7263533355985324 3.2085751869715082 0.10806578680073112 1.4600626410319708 0.9728114518836729 0.7978762356107268 3.30142388337027
16850 499.2507754544732 499.2507754544732 0.10471790360352777 0.7263533355985324 3.2085751869715082 0.10806578680073112 1.4600626410319708 0.9728114518836729 0.7978762356107268 3.30142388337027
16900 499.2507754544732 499.2507754544732 0.10471790360352777 0.7263533355985324 3.2085751869715082 0.10806578680073112 1.4600626410319708 0.9728114518836729 0.7978762356107268 3.30142388337027
16950 499.2507754544732 499.2507754544732 0.10471790360352777 0.7263533355985324 3.2085751869715082 0.10806578680073112 1.4600626410319708 0.9728114518836729 0.7978762356107268 3.30142388337027
17000 499.2507754544732 499.2507754544732 0.10471790360352777 0.7263533355985324 3.2085751869715082 0.10806578680073112 1.4600626410319708 0.9728114518836729 0.7978762356107268 3.30142388337027
17050 499.2507754544732 499.2507754544732 0.10471790360352777 0.7263533355985324 3.2085751869715082 0.10806578680073112 1.4600626410319708 0.9728114518836729 0.7978762356107268 3.30142388337027
17100 499.2507754544732 499.2507754544732 0.10471790360352777 0.7263533355985324 3.2085751869715082 0.10806578680073112 1.4600626410319708 0.9728114518836729 0.7978762356107268 3.30142388337027
17150 499.2507754544732 499.2507754544732 0.10471790360352777 0.7263533355985324 3.2085751869715082 0.10806578680073112 1.4600626410319708 0.9728114518836729 0.7978762356107268 3.30142388337027
17200 499.2507754544732 499.2507754544732 0.10471790360352777 0.7263533355985324 3.2085751869715082 0.10806578680073112 1.4600626410319708 0.9728114518836729 0.7978762356107268 3.30142388337027
17250 499.2507754544732 499.2507754544732 0.10471790360352777 0.7263533355985324 3.2085751869715082 0.10806578680073112 1.4600626410319708 0.9728114518836729 0.7978762356107268 3.30142388337027
17300 499.2507754544732 499.2507754544732 0.10471790360352777 0.7263533355985324 3.2085751869715082 0.10806578680073112 1.4600626410319708 0.9728114518836729 0.7978762356107268 3.30142388337027
17350 499.2507754544732 499.2507754544732 0.10471790360352777 0.7263533355985324 3.2085751869715082 0.10806578680073112 1.4600626410319708 0.9728114518836729 0.7978762356107268 3.30142388337027
17400 499.2507754544732 499.2507754544732 0.10471790360352777 0.7263533355985324 3.2085751869715082 0.10806578680073112 1.4600626410319708 0.9728114518836729 0.7978762356107268 3.30142388337027
17450 499.2507754544732 499.2507754544732 0.10471790360352777 0.7263533355985324 3.2085751869715082 0.10806578680073112 1.4600626410319708 0.9728114518836729 0.7978762356107268 3.30142388337027
17500 499.2507754544732 499.2507754544732 0.10471790360352777 0.7263533355985324 3.2085751869715082 0.10806578680073112 1.4600626410319708 0.9728114518836729 0.7978762356107268 3.30142388337027
17550 499.2507754544732 499.2507754544732 0.10471790360352777 0.7263533355985324 3.2085751869715082 0.10806578680073112 1.4600626410319708 0.9728114518836729 0.7978762356107268 3.30142388337027
17600 499.2507754544732 499.2507754544732 0.10471790360352777 0.7263533355985324 3.2085751869715082 0.10806578680073112 1.4600626410319708 0.9728114518836729 0.7978762356107268 3.30142388337027
17650 499.2507754544732 499.2507754544732 0.10471790360352777 0.7263533355985324 3.2085751869715082 0.10806578680073112 1.4600626410319708 0.9728114518836729 0.7978762356107268 3.30142388337027
17700 499.2507754544732 499.2507754544732 0.10471790360352777 0.7263533355985324 3.2085751869715082 0.10806578680073112 1.4600626410319708 0.9728114518836729 0.7978762356107268 3.30142388337027
17750 499.2507754544732 499.2507754544732 0.10471790360352777 0.7263533355985324 3.2085751869715082 0.10806578680073112 1.4600626410319708 0.9728114518836729 0.7978762356107268 3.30142388337027
17800 499.2507754544732 499.2507754544732 0.10471790360352777 0.7263533355985324 3.2085751869715082 0.10806578680073112 1.4600626410319708 0.9728114518836729 0.7978762356107268 3.30142388337027
17850 499.2507754544732 499.2507754544732 0.10471790360352777 0.7263533355985324 3.2085751869715082 0.10806578680073112 1.4600626410319708 0.9728114518836729 0.7978762356107268 3.30142388337027
17900 499.2507754544732 499.2507754544732 0.10471790360352777 0.7263533355985324 3.2085751869715082 0.10806578680073112 1.4600626410319708 0.9728114518836729 0.7978762356107268 3.30142388337027
17950 499.2507754544732 499.2507754544732 0.10471790360352777 0.7263533355985324 3.2085751869715082 0.10806578680073112 1.4600626410319708 0.9728114518836729 0.7978762356107268 3.30142388337027
18000 499.2507754544732 499.2507754544732 0.10471790360352777 0.7263533355985324 3.2085751869715082 0.10806578680073112 1.4600626410319708 0.9728114518836729 0.7978762356107268 3.30142388337027
18050 499.2507754544732 499.2507754544732 0.10471790360352777 0.7263533355985324 3.2085751869715082 0.10806578680073112 1.4600626410319708 0.9728114518836729 0.7978762356107268 3.30142388337027
18100 499.2507754544732 499.2507754544732 0.10471790360352777 0.7263533355985324 3.2085751869715082 0.10806578680073112 1.4600626410319708 0.9728114518836729 0.7978762356107268 3.30142388337027
18150 499.2507754544732 499.2507754544732 0.10471790360352777 0.7263533355985324 3.2085751869715082 0.10806578680073112 1.4600626410319708 0.9728114518836729 0.7978762356107268 3.30142388337027
18200 499.2507754544732 499.2507754544732 0.10471790360352777 0.7263533355985324 3.2085751869715082 0.10806578680073112 1.4600626410319708 0.9728114518836729 0.7978762356107268 3.30142388337027
18250 499.2507754544732 499.2507754544732 0.10471790360352777 0.7263533355985324 3.2085751869715082 0.10806578680073112 1.4600626410319708 0.9728114518836729 0.7978762356107268 3.30142388337027
18300 499.2507754544732 499.2507754544732 0.10471790360352777 0.7263533355985324 3.2085751869715082 0.10806578680073112 1.4600626410319708 0.9728114518836729 0.7978762356107268 3.30142388337027
18350 499.2507754544732 499.2507754544732 0.10471790360352777 0.7263533355985324 3.2085751869715082 0.10806578680073112 1.4600626410319708 0.9728114518836729 0.7978762356107268 3.30142388337027
18400 499.2507754544732 499.2507754544732 0.10471790360352777 0.7263533355985324 3.2085751869715082 0.10806578680073112 1.4600626410319708 0.9728114518836729 0.7978762356107268 3.30142388337027
18450 499.2507754544732 499.2507754544732 0.10471790360352777 0.7263533355985324 3.2085751869715082 0.10806578680073112 1.4600626410319708 0.9728114518836729 0.7978762356107268 3.30142388337027
18500 499.2507754544732 499.2507754544732 0.10471790360352777 0.7263533355985324 3.2085751869715082 0.10806578680073112 1.4600626410319708 0.9728114518836729 0.7978762356107268 3.30142388337027
18550 499.2507754544732 499.2507754544732 0.10471790360352777 0.7263533355985324 3.2085751869715082 0.10806578680073112 1.4600626410319708 0.9728114518836729 0.7978762356107268 3.30142388337027
18600 499.2507754544732 499.2507754544732 0.10471790360352777 0.7263533355985324 3.2085751869715082 0.10806578680073112 1.4600626410319708 0.9728114518836729 0.7978762356107268 3.30142388337027
18650 499.2507754544732 499.2507754544732 0.10471790360352777 0.7263533355985324 3.2085751869715082 0.10806578680073112 1.4600626410319708 0.9728114518836729 0.7978762356107268 3.30142388337027
18700 499.2507754544732 499.2507754544732 0.10471790360352777 0.7263533355985324 3.2085751869715082 0.10806578680073112 1.4600626410319708 0.9728114518836729 0.7978762356107268 3.30142388337027
18750 499.2507754544732 499.2507754544732 0.10471790360352777 0.7263533355985324 3.2085751869715082 0.10806578680073112 1.4600626410319708 0.9728114518836729 0.7978762356107268 3.30142388337027
18800 499.2507754544732 499.2507754544732 0.10471790360352777 0.7263533355985324 3.2085751869715082 0.10806578680073112 1.4600626410319708 0.9728114518836729 0.7978762356107268 3.30142388337027
18850 499.2507754544732 499.2507754544732 0.10471790360352777 0.7263533355985324 3.2085751869715082 0.10806578680073112 1.4600626410319708 0.9728114518836729 0.7978762356107268 3.30142388337027
18900 499.2507754544732 499.2507754544732 0.10471790360352777 0.7263533355985324 3.2085751869715082 0.10806578680073112 1.4600626410319708 0.9728114518836729 0.7978762356107268 3.30142388337027
18950 499.2507754544732 499.2507754544732 0.10471790360352777 0.7263533355985324 3.2085751869715082 0.10806578680073112 1.4600626410319708 0.9728114518836729 0.7978762356107268 3.30142388337027
19000 499.2507754544732 499.2507754544732 0.10471790360352777 0.7263533355985324 3.2085751869715082 0.10806578680073112 1.4600626410319708 0.9728114518836729 0.7978762356107268 3.30142388337027
19050 499.2507754544732 499.2507754544732 0.10471790360352777 0.7263533355985324 3.2085751869715082 0.10806578680073112 1.4600626410319708 0.9728114518836729 0.7978762356107268 3.30142388337027
19100 499.2507754544732 499.2507754544732 0.10471790360352777 0.7263533355985324 3.2085751869715082 0.10806578680073112 1.4600626410319708 0.9728114518836729 0.7978762356107268 3.30142388337027
19150 499.2507754544732 499.2507754544732 0.10471790360352777 0.7263533355985324 3.2085751869715082 0.10806578680073112 1.4600626410319708 0.9728114518836729 0.7978762356107268 3.30142388337027
19200 499.2507754544732 499.2507754544732 0.10471790360352777 0.7263533355985324 3.2085751869715082 0.10806578680073112 1.4600626410319708 0.9728114518836729 0.7978762356107268 3.30142388337027
19250 499.2507754544732 499.2507754544732 0.10471790360352777 0.7263533355985324 3.2085751869715082 0.10806578680073112 1.4600626410319708 0.9728114518836729 0.7978762356107268 3.30142388337027
19300 499.2507754544732 499.2507754544732 0.10471790360352777 0.7263533355985324 3.2085751869715082 0.10806578680073112 1.4600626410319708 0.9728114518836729 0.7978762356107268 3.30142388337027
19350 499.2507754544732 499.2507754544732 0.10471790360352777 0.7263533355985324 3.2085751869715082 0.10806578680073112 1.4600626410319708 0.9728114518836729 0.7978762356107268 3.30142388337027
19400 499.2507754544732 499.2507754544732 0.10471790360352777 0.7263533355985324 3.2085751869715082 0.10806578680073112 1.4600626410319708 0.9728114518836729 0.7978762356107268 3.30142388337027
19450 499.2507754544732 499.2507754544732 0.10471790360352777 0.7263533355985324 3.2085751869715082 0.10806578680073112 1.4600626410319708 0.9728114518836729 0.7978762356107268 3.30142388337027
19500 499.2507754544732 499.2507754544732 0.10471790360352777 0.7263533355985324 3.2085751869715082 0.10806578680073112 1.4600626410319708 0.9728114518836729 0.7978762356107268 3.30142388337027
19550 499.2507754544732 499.2507754544732 0.10471790360352777 0.7263533355985324 3.2085751869715082 0.10806578680073112 1.4600626410319708 0.9728114518836729 0.7978762356107268 3.30142388337027
19600 499.2507754544732 499.2507754544732 0.10471790360352777 0.7263533355985324 3.2085751869715082 0.10806578680073112 1.4600626410319708 0.9728114518836729 0.7978762356107268 3.30142388337027
19650 499.2507754544732 499.2507754544732 0.10471790360352777 0.7263533355985324 3.2085751869715082 0.10806578680073112 1.4600626410319708 0.9728114518836729 0.7978762356107268 3.30142388337027
19700 499.2507754544732 499.2507754544732 0.10471790360352777 0.7263533355985324 3.2085751869715082 0.10806578680073112 1.4600626410319708 0.9728114518836729 0.7978762356107268 3.30142388337027
19750 499.2507754544732 499.2507754544732 0.10471790360352777 0.7263533355985324 3.2085751869715082 0.10806578680073112 1.4600626410319708 0.9728114518836729 0.7978762356107268 3.30142388337027
19800 499.2507754544732 499.2507754544732 0.10471790360352777 0.7263533355985324 3.2085751869715082 0.10806578680073112 1.4600626410319708 0.9728114518836729 0.7978762356107268 3.30142388337027
19850 499.2507754544732 499.2507754544732 0.10471790360352777 0.7263533355985324 3.2085751869715082 0.10806578680073112 1.4600626410319708 0.9728114518836729 0.7978762356107268 3.30142388337027
19900 499.2507754544732 499.2507754544732 0.10471790360352777 0.7263533355985324 3.2085751869715082 0.10806578680073112 1.4600626410319708 0.9728114518836729 0.7978762356107268 3.30142388337027
19950 499.2507754544732 499.2507754544732 0.10471790360352777 0.7263533355985324 3.2085751869715082 0.10806578680073112 1.4600626410319708 0.9728114518836729 0.7978762356107268 3.30142388337027
*---*---*---*---*---*---*---*---*---*---*---*---*---*---*---*---*---*---*---*---*
Status: Finished
Last individual
499.2507754544732 499.2507754544732 0.10471790360352777 0.7263533355985324 3.2085751869715082 0.10806578680073112 1.4600626410319708 0.9728114518836729 0.7978762356107268 3.30142388337027
Hall of fame
499.2507754544732 499.2507754544732 0.11122628237217462 0.6692070104297427 3.3747527784455524 0.11848672740569939 1.5206612949789586 1.0400129493962136 0.8388519194096762 3.2265221596446367
Last factible individual
499.2507754544732 499.2507754544732 0.10471790360352777 0.7263533355985324 3.2085751869715082 0.10806578680073112 1.4600626410319708 0.9728114518836729 0.7978762356107268 3.30142388337027
CPU time used (seconds)
4.082305640011327
