*---*---*---*---*---*---*---*---*---*---*---*---*---*---*---*---*---*---*---*---*
Algorithm: Differential Evolution
Constrainth handling method: DEB
Function: 125
Case: discrete
Seed: 24
Parents size: 50
Offsprings size: 50
maxFe: 20000
CR: 0.9
F: 0.6
rweights: -
*---*---*---*---*---*---*---*---*---*---*---*---*---*---*---*---*---*---*---*---*
ngen ObjectiveFunction ViolationSum ProjectVariables
50 637.0641499449757 0 0.9751186602452445 3.2859509624372665 3.0653654179550793 1.8340982719546217 1.774816198226641 1.5474898345445791 0.13321154857581488 2.9121066910919873
100 598.3067440709843 0 2.6956546396686183 0.8667514392573175 3.4 1.522050133456984 2.773529787473902 1.6068122091445756 0.8942783698783447 2.838974070575053
150 575.3658572702403 0 0.1 1.9443791740635386 2.9144281741644074 3.4 1.842812170911445 1.2832552940683841 0.1 3.4
200 559.8929491507289 0 2.285643315055024 1.9537060541333542 3.3036499654968967 1.949123458849253 1.4963120561495895 0.9506641894419068 0.1 3.4
250 559.8929491507289 0 2.285643315055024 1.9537060541333542 3.3036499654968967 1.949123458849253 1.4963120561495895 0.9506641894419068 0.1 3.4
300 559.8929491507289 0 2.285643315055024 1.9537060541333542 3.3036499654968967 1.949123458849253 1.4963120561495895 0.9506641894419068 0.1 3.4
350 559.8929491507289 0 2.285643315055024 1.9537060541333542 3.3036499654968967 1.949123458849253 1.4963120561495895 0.9506641894419068 0.1 3.4
400 559.8929491507289 0 2.285643315055024 1.9537060541333542 3.3036499654968967 1.949123458849253 1.4963120561495895 0.9506641894419068 0.1 3.4
450 559.8929491507289 0 2.285643315055024 1.9537060541333542 3.3036499654968967 1.949123458849253 1.4963120561495895 0.9506641894419068 0.1 3.4
500 547.2079938282127 0 0.1 0.8032334115490081 3.4 0.42964746664719305 2.6990699866786576 1.179092010134227 0.9235700751961345 3.2659852643782656
550 547.2079938282127 0 0.1 0.8032334115490081 3.4 0.42964746664719305 2.6990699866786576 1.179092010134227 0.9235700751961345 3.2659852643782656
600 546.1101649805603 0 1.3826025413303964 1.1855242444520362 3.4 0.1 3.3130726826056263 1.4987181654364328 0.1 3.4
650 522.4227958962734 0 0.2117398439136343 1.8585559720883313 3.4 0.10316642412276789 2.1706197221241665 1.0336728051522666 0.1 3.4
700 522.4227958962734 0 0.2117398439136343 1.8585559720883313 3.4 0.10316642412276789 2.1706197221241665 1.0336728051522666 0.1 3.4
750 522.4227958962734 0 0.2117398439136343 1.8585559720883313 3.4 0.10316642412276789 2.1706197221241665 1.0336728051522666 0.1 3.4
800 522.4227958962734 0 0.2117398439136343 1.8585559720883313 3.4 0.10316642412276789 2.1706197221241665 1.0336728051522666 0.1 3.4
850 522.4227958962734 0 0.2117398439136343 1.8585559720883313 3.4 0.10316642412276789 2.1706197221241665 1.0336728051522666 0.1 3.4
900 522.4227958962734 0 0.2117398439136343 1.8585559720883313 3.4 0.10316642412276789 2.1706197221241665 1.0336728051522666 0.1 3.4
950 522.4227958962734 0 0.2117398439136343 1.8585559720883313 3.4 0.10316642412276789 2.1706197221241665 1.0336728051522666 0.1 3.4
1000 522.4227958962734 0 0.2117398439136343 1.8585559720883313 3.4 0.10316642412276789 2.1706197221241665 1.0336728051522666 0.1 3.4
1050 517.5816924372969 0 0.1 0.4128842521780094 3.4 0.1 2.810104173989009 1.2594195076201693 0.6605994581517948 3.4
1100 517.5816924372969 0 0.1 0.4128842521780094 3.4 0.1 2.810104173989009 1.2594195076201693 0.6605994581517948 3.4
1150 517.5816924372969 0 0.1 0.4128842521780094 3.4 0.1 2.810104173989009 1.2594195076201693 0.6605994581517948 3.4
1200 514.7932224379417 0 0.1 0.46601975429092546 3.3899526520143266 0.4340163083143467 0.999279294109721 0.9903252178610317 1.2310440768925592 3.4
1250 506.55615731865737 0 0.1 0.4538502835078876 3.4 0.30040978498860804 1.9595675764658327 1.0415685336446854 0.8791947361387893 3.4
1300 506.55615731865737 0 0.1 0.4538502835078876 3.4 0.30040978498860804 1.9595675764658327 1.0415685336446854 0.8791947361387893 3.4
1350 506.55615731865737 0 0.1 0.4538502835078876 3.4 0.30040978498860804 1.9595675764658327 1.0415685336446854 0.8791947361387893 3.4
1400 506.55615731865737 0 0.1 0.4538502835078876 3.4 0.30040978498860804 1.9595675764658327 1.0415685336446854 0.8791947361387893 3.4
1450 506.55615731865737 0 0.1 0.4538502835078876 3.4 0.30040978498860804 1.9595675764658327 1.0415685336446854 0.8791947361387893 3.4
1500 504.9666170820233 0 0.19704959593267982 0.8192631179197257 3.3899526520143266 0.1 0.9994949103519095 1.088668977402913 0.8162932982875442 3.390600666235559
1550 504.9666170820233 0 0.19704959593267982 0.8192631179197257 3.3899526520143266 0.1 0.9994949103519095 1.088668977402913 0.8162932982875442 3.390600666235559
1600 504.9666170820233 0 0.19704959593267982 0.8192631179197257 3.3899526520143266 0.1 0.9994949103519095 1.088668977402913 0.8162932982875442 3.390600666235559
1650 504.9666170820233 0 0.19704959593267982 0.8192631179197257 3.3899526520143266 0.1 0.9994949103519095 1.088668977402913 0.8162932982875442 3.390600666235559
1700 504.9666170820233 0 0.19704959593267982 0.8192631179197257 3.3899526520143266 0.1 0.9994949103519095 1.088668977402913 0.8162932982875442 3.390600666235559
1750 504.9666170820233 0 0.19704959593267982 0.8192631179197257 3.3899526520143266 0.1 0.9994949103519095 1.088668977402913 0.8162932982875442 3.390600666235559
1800 504.9666170820233 0 0.19704959593267982 0.8192631179197257 3.3899526520143266 0.1 0.9994949103519095 1.088668977402913 0.8162932982875442 3.390600666235559
1850 504.9666170820233 0 0.19704959593267982 0.8192631179197257 3.3899526520143266 0.1 0.9994949103519095 1.088668977402913 0.8162932982875442 3.390600666235559
1900 502.7763105731127 0 0.1 0.5960931021866945 3.3839242432229226 0.1 1.593037058358313 0.8826697838900854 1.038544903227667 3.4
1950 502.7763105731127 0 0.1 0.5960931021866945 3.3839242432229226 0.1 1.593037058358313 0.8826697838900854 1.038544903227667 3.4
2000 502.7763105731127 0 0.1 0.5960931021866945 3.3839242432229226 0.1 1.593037058358313 0.8826697838900854 1.038544903227667 3.4
2050 502.7763105731127 0 0.1 0.5960931021866945 3.3839242432229226 0.1 1.593037058358313 0.8826697838900854 1.038544903227667 3.4
2100 500.94539359028903 0 0.2563834645808383 0.9276557415574372 3.3592455782873003 0.13967030392137383 1.3046384949952132 0.9037773753961469 0.7647380303017783 3.323993602793737
2150 500.94539359028903 0 0.2563834645808383 0.9276557415574372 3.3592455782873003 0.13967030392137383 1.3046384949952132 0.9037773753961469 0.7647380303017783 3.323993602793737
2200 500.94539359028903 0 0.2563834645808383 0.9276557415574372 3.3592455782873003 0.13967030392137383 1.3046384949952132 0.9037773753961469 0.7647380303017783 3.323993602793737
2250 500.94539359028903 0 0.2563834645808383 0.9276557415574372 3.3592455782873003 0.13967030392137383 1.3046384949952132 0.9037773753961469 0.7647380303017783 3.323993602793737
2300 500.94539359028903 0 0.2563834645808383 0.9276557415574372 3.3592455782873003 0.13967030392137383 1.3046384949952132 0.9037773753961469 0.7647380303017783 3.323993602793737
2350 500.94539359028903 0 0.2563834645808383 0.9276557415574372 3.3592455782873003 0.13967030392137383 1.3046384949952132 0.9037773753961469 0.7647380303017783 3.323993602793737
2400 500.94539359028903 0 0.2563834645808383 0.9276557415574372 3.3592455782873003 0.13967030392137383 1.3046384949952132 0.9037773753961469 0.7647380303017783 3.323993602793737
2450 500.94539359028903 0 0.2563834645808383 0.9276557415574372 3.3592455782873003 0.13967030392137383 1.3046384949952132 0.9037773753961469 0.7647380303017783 3.323993602793737
2500 500.94539359028903 0 0.2563834645808383 0.9276557415574372 3.3592455782873003 0.13967030392137383 1.3046384949952132 0.9037773753961469 0.7647380303017783 3.323993602793737
2550 500.94539359028903 0 0.2563834645808383 0.9276557415574372 3.3592455782873003 0.13967030392137383 1.3046384949952132 0.9037773753961469 0.7647380303017783 3.323993602793737
2600 500.94539359028903 0 0.2563834645808383 0.9276557415574372 3.3592455782873003 0.13967030392137383 1.3046384949952132 0.9037773753961469 0.7647380303017783 3.323993602793737
2650 500.94539359028903 0 0.2563834645808383 0.9276557415574372 3.3592455782873003 0.13967030392137383 1.3046384949952132 0.9037773753961469 0.7647380303017783 3.323993602793737
2700 500.94539359028903 0 0.2563834645808383 0.9276557415574372 3.3592455782873003 0.13967030392137383 1.3046384949952132 0.9037773753961469 0.7647380303017783 3.323993602793737
2750 500.94539359028903 0 0.2563834645808383 0.9276557415574372 3.3592455782873003 0.13967030392137383 1.3046384949952132 0.9037773753961469 0.7647380303017783 3.323993602793737
2800 500.94539359028903 0 0.2563834645808383 0.9276557415574372 3.3592455782873003 0.13967030392137383 1.3046384949952132 0.9037773753961469 0.7647380303017783 3.323993602793737
2850 500.94539359028903 0 0.2563834645808383 0.9276557415574372 3.3592455782873003 0.13967030392137383 1.3046384949952132 0.9037773753961469 0.7647380303017783 3.323993602793737
2900 500.94539359028903 0 0.2563834645808383 0.9276557415574372 3.3592455782873003 0.13967030392137383 1.3046384949952132 0.9037773753961469 0.7647380303017783 3.323993602793737
2950 500.94539359028903 0 0.2563834645808383 0.9276557415574372 3.3592455782873003 0.13967030392137383 1.3046384949952132 0.9037773753961469 0.7647380303017783 3.323993602793737
3000 500.94539359028903 0 0.2563834645808383 0.9276557415574372 3.3592455782873003 0.13967030392137383 1.3046384949952132 0.9037773753961469 0.7647380303017783 3.323993602793737
3050 500.94539359028903 0 0.2563834645808383 0.9276557415574372 3.3592455782873003 0.13967030392137383 1.3046384949952132 0.9037773753961469 0.7647380303017783 3.323993602793737
3100 500.94539359028903 0 0.2563834645808383 0.9276557415574372 3.3592455782873003 0.13967030392137383 1.3046384949952132 0.9037773753961469 0.7647380303017783 3.323993602793737
3150 500.94539359028903 0 0.2563834645808383 0.9276557415574372 3.3592455782873003 0.13967030392137383 1.3046384949952132 0.9037773753961469 0.7647380303017783 3.323993602793737
3200 500.94539359028903 0 0.2563834645808383 0.9276557415574372 3.3592455782873003 0.13967030392137383 1.3046384949952132 0.9037773753961469 0.7647380303017783 3.323993602793737
3250 500.94539359028903 0 0.2563834645808383 0.9276557415574372 3.3592455782873003 0.13967030392137383 1.3046384949952132 0.9037773753961469 0.7647380303017783 3.323993602793737
3300 500.94539359028903 0 0.2563834645808383 0.9276557415574372 3.3592455782873003 0.13967030392137383 1.3046384949952132 0.9037773753961469 0.7647380303017783 3.323993602793737
3350 500.94539359028903 0 0.2563834645808383 0.9276557415574372 3.3592455782873003 0.13967030392137383 1.3046384949952132 0.9037773753961469 0.7647380303017783 3.323993602793737
3400 500.94539359028903 0 0.2563834645808383 0.9276557415574372 3.3592455782873003 0.13967030392137383 1.3046384949952132 0.9037773753961469 0.7647380303017783 3.323993602793737
3450 500.94539359028903 0 0.2563834645808383 0.9276557415574372 3.3592455782873003 0.13967030392137383 1.3046384949952132 0.9037773753961469 0.7647380303017783 3.323993602793737
3500 500.94539359028903 0 0.2563834645808383 0.9276557415574372 3.3592455782873003 0.13967030392137383 1.3046384949952132 0.9037773753961469 0.7647380303017783 3.323993602793737
3550 500.94539359028903 0 0.2563834645808383 0.9276557415574372 3.3592455782873003 0.13967030392137383 1.3046384949952132 0.9037773753961469 0.7647380303017783 3.323993602793737
3600 500.94539359028903 0 0.2563834645808383 0.9276557415574372 3.3592455782873003 0.13967030392137383 1.3046384949952132 0.9037773753961469 0.7647380303017783 3.323993602793737
3650 500.49646382756794 0 0.12993858040682302 0.7093887651224928 3.3797002214327465 0.1 1.115708803189288 1.043419999465268 0.8538005066699857 3.1685650240047774
3700 500.49646382756794 0 0.12993858040682302 0.7093887651224928 3.3797002214327465 0.1 1.115708803189288 1.043419999465268 0.8538005066699857 3.1685650240047774
3750 500.4497052171944 0 0.17399690292958694 0.8851507388762997 3.4 0.12380218235282431 1.821073665579909 1.01782369890212 0.5807431482923487 3.251550080233418
3800 500.4497052171944 0 0.17399690292958694 0.8851507388762997 3.4 0.12380218235282431 1.821073665579909 1.01782369890212 0.5807431482923487 3.251550080233418
3850 499.2507754544732 0 0.1403533341553515 0.7016373859984777 3.3999791658192167 0.14524960065027073 1.5075361715039168 0.9642237759640464 0.8012861881236717 3.2873837429435806
3900 499.2507754544732 0 0.1403533341553515 0.7016373859984777 3.3999791658192167 0.14524960065027073 1.5075361715039168 0.9642237759640464 0.8012861881236717 3.2873837429435806
3950 499.2507754544732 0 0.1403533341553515 0.7016373859984777 3.3999791658192167 0.14524960065027073 1.5075361715039168 0.9642237759640464 0.8012861881236717 3.2873837429435806
4000 499.2507754544732 0 0.1403533341553515 0.7016373859984777 3.3999791658192167 0.14524960065027073 1.5075361715039168 0.9642237759640464 0.8012861881236717 3.2873837429435806
4050 499.2507754544732 0 0.1403533341553515 0.7016373859984777 3.3999791658192167 0.14524960065027073 1.5075361715039168 0.9642237759640464 0.8012861881236717 3.2873837429435806
4100 499.2507754544732 0 0.1403533341553515 0.7016373859984777 3.3999791658192167 0.14524960065027073 1.5075361715039168 0.9642237759640464 0.8012861881236717 3.2873837429435806
4150 499.2507754544732 0 0.1403533341553515 0.7016373859984777 3.3999791658192167 0.14524960065027073 1.5075361715039168 0.9642237759640464 0.8012861881236717 3.2873837429435806
4200 499.2507754544732 0 0.1403533341553515 0.7016373859984777 3.3999791658192167 0.14524960065027073 1.5075361715039168 0.9642237759640464 0.8012861881236717 3.2873837429435806
4250 499.2507754544732 0 0.1403533341553515 0.7016373859984777 3.3999791658192167 0.14524960065027073 1.5075361715039168 0.9642237759640464 0.8012861881236717 3.2873837429435806
4300 499.2507754544732 0 0.1403533341553515 0.7016373859984777 3.3999791658192167 0.14524960065027073 1.5075361715039168 0.9642237759640464 0.8012861881236717 3.2873837429435806
4350 499.2507754544732 0 0.1403533341553515 0.7016373859984777 3.3999791658192167 0.14524960065027073 1.5075361715039168 0.9642237759640464 0.8012861881236717 3.2873837429435806
4400 499.2507754544732 0 0.1403533341553515 0.7016373859984777 3.3999791658192167 0.14524960065027073 1.5075361715039168 0.9642237759640464 0.8012861881236717 3.2873837429435806
4450 499.2507754544732 0 0.1403533341553515 0.7016373859984777 3.3999791658192167 0.14524960065027073 1.5075361715039168 0.9642237759640464 0.8012861881236717 3.2873837429435806
4500 499.2507754544732 0 0.1403533341553515 0.7016373859984777 3.3999791658192167 0.14524960065027073 1.5075361715039168 0.9642237759640464 0.8012861881236717 3.2873837429435806
4550 499.2507754544732 0 0.1403533341553515 0.7016373859984777 3.3999791658192167 0.14524960065027073 1.5075361715039168 0.9642237759640464 0.8012861881236717 3.2873837429435806
4600 499.2507754544732 0 0.1403533341553515 0.7016373859984777 3.3999791658192167 0.14524960065027073 1.5075361715039168 0.9642237759640464 0.8012861881236717 3.2873837429435806
4650 499.2507754544732 0 0.1403533341553515 0.7016373859984777 3.3999791658192167 0.14524960065027073 1.5075361715039168 0.9642237759640464 0.8012861881236717 3.2873837429435806
4700 499.2507754544732 0 0.1403533341553515 0.7016373859984777 3.3999791658192167 0.14524960065027073 1.5075361715039168 0.9642237759640464 0.8012861881236717 3.2873837429435806
4750 499.2507754544732 0 0.1 0.7330324307721092 3.397316674895054 0.10966313558864578 1.5301358477473888 1.0081216342941763 0.8262451398482125 3.252988999143808
4800 499.2507754544732 0 0.1 0.7330324307721092 3.397316674895054 0.10966313558864578 1.5301358477473888 1.0081216342941763 0.8262451398482125 3.252988999143808
4850 499.2507754544732 0 0.1 0.7330324307721092 3.397316674895054 0.10966313558864578 1.5301358477473888 1.0081216342941763 0.8262451398482125 3.252988999143808
4900 499.2507754544732 0 0.1 0.7330324307721092 3.397316674895054 0.10966313558864578 1.5301358477473888 1.0081216342941763 0.8262451398482125 3.252988999143808
4950 499.2507754544732 0 0.1 0.7330324307721092 3.397316674895054 0.10966313558864578 1.5301358477473888 1.0081216342941763 0.8262451398482125 3.252988999143808
5000 499.2507754544732 0 0.1 0.7330324307721092 3.397316674895054 0.10966313558864578 1.5301358477473888 1.0081216342941763 0.8262451398482125 3.252988999143808
5050 499.2507754544732 0 0.1 0.7330324307721092 3.397316674895054 0.10966313558864578 1.5301358477473888 1.0081216342941763 0.8262451398482125 3.252988999143808
5100 499.2507754544732 0 0.1 0.7330324307721092 3.397316674895054 0.10966313558864578 1.5301358477473888 1.0081216342941763 0.8262451398482125 3.252988999143808
5150 499.2507754544732 0 0.1 0.7330324307721092 3.397316674895054 0.10966313558864578 1.5301358477473888 1.0081216342941763 0.8262451398482125 3.252988999143808
5200 499.2507754544732 0 0.1 0.7330324307721092 3.397316674895054 0.10966313558864578 1.5301358477473888 1.0081216342941763 0.8262451398482125 3.252988999143808
5250 499.2507754544732 0 0.12976278595687715 0.6572974293360105 3.3817025858745975 0.1 1.497328990726805 1.017809371738595 0.8290817485224711 3.4
5300 499.2507754544732 0 0.12976278595687715 0.6572974293360105 3.3817025858745975 0.1 1.497328990726805 1.017809371738595 0.8290817485224711 3.4
5350 499.2507754544732 0 0.12976278595687715 0.6572974293360105 3.3817025858745975 0.1 1.497328990726805 1.017809371738595 0.8290817485224711 3.4
5400 499.2507754544732 0 0.12976278595687715 0.6572974293360105 3.3817025858745975 0.1 1.497328990726805 1.017809371738595 0.8290817485224711 3.4
5450 499.2507754544732 0 0.12976278595687715 0.6572974293360105 3.3817025858745975 0.1 1.497328990726805 1.017809371738595 0.8290817485224711 3.4
5500 499.2507754544732 0 0.12976278595687715 0.6572974293360105 3.3817025858745975 0.1 1.497328990726805 1.017809371738595 0.8290817485224711 3.4
5550 499.2507754544732 0 0.12976278595687715 0.6572974293360105 3.3817025858745975 0.1 1.497328990726805 1.017809371738595 0.8290817485224711 3.4
5600 499.2507754544732 0 0.12976278595687715 0.6572974293360105 3.3817025858745975 0.1 1.497328990726805 1.017809371738595 0.8290817485224711 3.4
5650 499.2507754544732 0 0.12976278595687715 0.6572974293360105 3.3817025858745975 0.1 1.497328990726805 1.017809371738595 0.8290817485224711 3.4
5700 499.2507754544732 0 0.12976278595687715 0.6572974293360105 3.3817025858745975 0.1 1.497328990726805 1.017809371738595 0.8290817485224711 3.4
5750 499.2507754544732 0 0.12976278595687715 0.6572974293360105 3.3817025858745975 0.1 1.497328990726805 1.017809371738595 0.8290817485224711 3.4
5800 499.2507754544732 0 0.12976278595687715 0.6572974293360105 3.3817025858745975 0.1 1.497328990726805 1.017809371738595 0.8290817485224711 3.4
5850 499.2507754544732 0 0.12976278595687715 0.6572974293360105 3.3817025858745975 0.1 1.497328990726805 1.017809371738595 0.8290817485224711 3.4
5900 499.2507754544732 0 0.12976278595687715 0.6572974293360105 3.3817025858745975 0.1 1.497328990726805 1.017809371738595 0.8290817485224711 3.4
5950 499.2507754544732 0 0.12976278595687715 0.6572974293360105 3.3817025858745975 0.1 1.497328990726805 1.017809371738595 0.8290817485224711 3.4
6000 499.2507754544732 0 0.12976278595687715 0.6572974293360105 3.3817025858745975 0.1 1.497328990726805 1.017809371738595 0.8290817485224711 3.4
6050 499.2507754544732 0 0.12976278595687715 0.6572974293360105 3.3817025858745975 0.1 1.497328990726805 1.017809371738595 0.8290817485224711 3.4
6100 499.2507754544732 0 0.12976278595687715 0.6572974293360105 3.3817025858745975 0.1 1.497328990726805 1.017809371738595 0.8290817485224711 3.4
6150 499.2507754544732 0 0.12976278595687715 0.6572974293360105 3.3817025858745975 0.1 1.497328990726805 1.017809371738595 0.8290817485224711 3.4
6200 499.2507754544732 0 0.12976278595687715 0.6572974293360105 3.3817025858745975 0.1 1.497328990726805 1.017809371738595 0.8290817485224711 3.4
6250 499.2507754544732 0 0.12976278595687715 0.6572974293360105 3.3817025858745975 0.1 1.497328990726805 1.017809371738595 0.8290817485224711 3.4
6300 499.2507754544732 0 0.1403533341553515 0.6903343580004911 3.390094263648494 0.14524960065027073 1.4884196570752641 0.9911229348007184 0.8369743444643037 3.4
6350 499.2507754544732 0 0.1403533341553515 0.6903343580004911 3.390094263648494 0.14524960065027073 1.4884196570752641 0.9911229348007184 0.8369743444643037 3.4
6400 499.2507754544732 0 0.1403533341553515 0.6903343580004911 3.390094263648494 0.14524960065027073 1.4884196570752641 0.9911229348007184 0.8369743444643037 3.4
6450 499.2507754544732 0 0.1403533341553515 0.6903343580004911 3.390094263648494 0.14524960065027073 1.4884196570752641 0.9911229348007184 0.8369743444643037 3.4
6500 499.2507754544732 0 0.1403533341553515 0.6903343580004911 3.390094263648494 0.14524960065027073 1.4884196570752641 0.9911229348007184 0.8369743444643037 3.4
6550 499.2507754544732 0 0.1403533341553515 0.6903343580004911 3.390094263648494 0.14524960065027073 1.4884196570752641 0.9911229348007184 0.8369743444643037 3.4
6600 499.2507754544732 0 0.1403533341553515 0.6903343580004911 3.390094263648494 0.14524960065027073 1.4884196570752641 0.9911229348007184 0.8369743444643037 3.4
6650 499.2507754544732 0 0.1403533341553515 0.6903343580004911 3.390094263648494 0.14524960065027073 1.4884196570752641 0.9911229348007184 0.8369743444643037 3.4
6700 499.2507754544732 0 0.1403533341553515 0.6903343580004911 3.390094263648494 0.14524960065027073 1.4884196570752641 0.9911229348007184 0.8369743444643037 3.4
6750 499.2507754544732 0 0.1403533341553515 0.6903343580004911 3.390094263648494 0.14524960065027073 1.4884196570752641 0.9911229348007184 0.8369743444643037 3.4
6800 499.2507754544732 0 0.1403533341553515 0.6903343580004911 3.390094263648494 0.14524960065027073 1.4884196570752641 0.9911229348007184 0.8369743444643037 3.4
6850 499.2507754544732 0 0.1403533341553515 0.6903343580004911 3.390094263648494 0.14524960065027073 1.4884196570752641 0.9911229348007184 0.8369743444643037 3.4
6900 499.2507754544732 0 0.1403533341553515 0.6903343580004911 3.390094263648494 0.14524960065027073 1.4884196570752641 0.9911229348007184 0.8369743444643037 3.4
6950 499.2507754544732 0 0.1403533341553515 0.6903343580004911 3.390094263648494 0.14524960065027073 1.4884196570752641 0.9911229348007184 0.8369743444643037 3.4
7000 499.2507754544732 0 0.1403533341553515 0.6903343580004911 3.390094263648494 0.14524960065027073 1.4884196570752641 0.9911229348007184 0.8369743444643037 3.4
7050 499.2507754544732 0 0.1403533341553515 0.6903343580004911 3.390094263648494 0.14524960065027073 1.4884196570752641 0.9911229348007184 0.8369743444643037 3.4
7100 499.2507754544732 0 0.1403533341553515 0.6903343580004911 3.390094263648494 0.14524960065027073 1.4884196570752641 0.9911229348007184 0.8369743444643037 3.4
7150 499.2507754544732 0 0.1403533341553515 0.6903343580004911 3.390094263648494 0.14524960065027073 1.4884196570752641 0.9911229348007184 0.8369743444643037 3.4
7200 499.2507754544732 0 0.1403533341553515 0.6903343580004911 3.390094263648494 0.14524960065027073 1.4884196570752641 0.9911229348007184 0.8369743444643037 3.4
7250 499.2507754544732 0 0.1403533341553515 0.6903343580004911 3.390094263648494 0.14524960065027073 1.4884196570752641 0.9911229348007184 0.8369743444643037 3.4
7300 499.2507754544732 0 0.1403533341553515 0.6903343580004911 3.390094263648494 0.14524960065027073 1.4884196570752641 0.9911229348007184 0.8369743444643037 3.4
7350 499.2507754544732 0 0.1403533341553515 0.6903343580004911 3.390094263648494 0.14524960065027073 1.4884196570752641 0.9911229348007184 0.8369743444643037 3.4
7400 499.2507754544732 0 0.1403533341553515 0.6903343580004911 3.390094263648494 0.14524960065027073 1.4884196570752641 0.9911229348007184 0.8369743444643037 3.4
7450 499.2507754544732 0 0.1403533341553515 0.6903343580004911 3.390094263648494 0.14524960065027073 1.4884196570752641 0.9911229348007184 0.8369743444643037 3.4
7500 499.2507754544732 0 0.1403533341553515 0.6903343580004911 3.390094263648494 0.14524960065027073 1.4884196570752641 0.9911229348007184 0.8369743444643037 3.4
7550 499.2507754544732 0 0.1403533341553515 0.6903343580004911 3.390094263648494 0.14524960065027073 1.4884196570752641 0.9911229348007184 0.8369743444643037 3.4
7600 499.2507754544732 0 0.1403533341553515 0.6903343580004911 3.390094263648494 0.14524960065027073 1.4884196570752641 0.9911229348007184 0.8369743444643037 3.4
7650 499.2507754544732 0 0.1403533341553515 0.6903343580004911 3.390094263648494 0.14524960065027073 1.4884196570752641 0.9911229348007184 0.8369743444643037 3.4
7700 499.2507754544732 0 0.1403533341553515 0.6903343580004911 3.390094263648494 0.14524960065027073 1.4884196570752641 0.9911229348007184 0.8369743444643037 3.4
7750 499.2507754544732 0 0.1403533341553515 0.6903343580004911 3.390094263648494 0.14524960065027073 1.4884196570752641 0.9911229348007184 0.8369743444643037 3.4
7800 499.2507754544732 0 0.1403533341553515 0.6903343580004911 3.390094263648494 0.14524960065027073 1.4884196570752641 0.9911229348007184 0.8369743444643037 3.4
7850 499.2507754544732 0 0.1403533341553515 0.6903343580004911 3.390094263648494 0.14524960065027073 1.4884196570752641 0.9911229348007184 0.8369743444643037 3.4
7900 499.2507754544732 0 0.1403533341553515 0.6903343580004911 3.390094263648494 0.14524960065027073 1.4884196570752641 0.9911229348007184 0.8369743444643037 3.4
7950 499.2507754544732 0 0.1403533341553515 0.6903343580004911 3.390094263648494 0.14524960065027073 1.4884196570752641 0.9911229348007184 0.8369743444643037 3.4
8000 499.2507754544732 0 0.1403533341553515 0.6903343580004911 3.390094263648494 0.14524960065027073 1.4884196570752641 0.9911229348007184 0.8369743444643037 3.4
8050 499.2507754544732 0 0.1403533341553515 0.6903343580004911 3.390094263648494 0.14524960065027073 1.4884196570752641 0.9911229348007184 0.8369743444643037 3.4
8100 499.2507754544732 0 0.1403533341553515 0.6903343580004911 3.390094263648494 0.14524960065027073 1.4884196570752641 0.9911229348007184 0.8369743444643037 3.4
8150 499.2507754544732 0 0.1403533341553515 0.6903343580004911 3.390094263648494 0.14524960065027073 1.4884196570752641 0.9911229348007184 0.8369743444643037 3.4
8200 499.2507754544732 0 0.1403533341553515 0.6903343580004911 3.390094263648494 0.14524960065027073 1.4884196570752641 0.9911229348007184 0.8369743444643037 3.4
8250 499.2507754544732 0 0.1403533341553515 0.6903343580004911 3.390094263648494 0.14524960065027073 1.4884196570752641 0.9911229348007184 0.8369743444643037 3.4
8300 499.2507754544732 0 0.1403533341553515 0.6903343580004911 3.390094263648494 0.14524960065027073 1.4884196570752641 0.9911229348007184 0.8369743444643037 3.4
8350 499.2507754544732 0 0.1403533341553515 0.6903343580004911 3.390094263648494 0.14524960065027073 1.4884196570752641 0.9911229348007184 0.8369743444643037 3.4
8400 499.2507754544732 0 0.1403533341553515 0.6903343580004911 3.390094263648494 0.14524960065027073 1.4884196570752641 0.9911229348007184 0.8369743444643037 3.4
8450 499.2507754544732 0 0.1403533341553515 0.6903343580004911 3.390094263648494 0.14524960065027073 1.4884196570752641 0.9911229348007184 0.8369743444643037 3.4
8500 499.2507754544732 0 0.1403533341553515 0.6903343580004911 3.390094263648494 0.14524960065027073 1.4884196570752641 0.9911229348007184 0.8369743444643037 3.4
8550 499.2507754544732 0 0.1403533341553515 0.6903343580004911 3.390094263648494 0.14524960065027073 1.4884196570752641 0.9911229348007184 0.8369743444643037 3.4
8600 499.2507754544732 0 0.1403533341553515 0.6903343580004911 3.390094263648494 0.14524960065027073 1.4884196570752641 0.9911229348007184 0.8369743444643037 3.4
8650 499.2507754544732 0 0.1403533341553515 0.6903343580004911 3.390094263648494 0.14524960065027073 1.4884196570752641 0.9911229348007184 0.8369743444643037 3.4
8700 499.2507754544732 0 0.1403533341553515 0.6903343580004911 3.390094263648494 0.14524960065027073 1.4884196570752641 0.9911229348007184 0.8369743444643037 3.4
8750 499.2507754544732 0 0.1403533341553515 0.6903343580004911 3.390094263648494 0.14524960065027073 1.4884196570752641 0.9911229348007184 0.8369743444643037 3.4
8800 499.2507754544732 0 0.1403533341553515 0.6903343580004911 3.390094263648494 0.14524960065027073 1.4884196570752641 0.9911229348007184 0.8369743444643037 3.4
8850 499.2507754544732 0 0.1403533341553515 0.6903343580004911 3.390094263648494 0.14524960065027073 1.4884196570752641 0.9911229348007184 0.8369743444643037 3.4
8900 499.2507754544732 0 0.1403533341553515 0.6903343580004911 3.390094263648494 0.14524960065027073 1.4884196570752641 0.9911229348007184 0.8369743444643037 3.4
8950 499.2507754544732 0 0.1403533341553515 0.6903343580004911 3.390094263648494 0.14524960065027073 1.4884196570752641 0.9911229348007184 0.8369743444643037 3.4
9000 499.2507754544732 0 0.1403533341553515 0.6903343580004911 3.390094263648494 0.14524960065027073 1.4884196570752641 0.9911229348007184 0.8369743444643037 3.4
9050 499.2507754544732 0 0.1403533341553515 0.6903343580004911 3.390094263648494 0.14524960065027073 1.4884196570752641 0.9911229348007184 0.8369743444643037 3.4
9100 499.2507754544732 0 0.1403533341553515 0.6903343580004911 3.390094263648494 0.14524960065027073 1.4884196570752641 0.9911229348007184 0.8369743444643037 3.4
9150 499.2507754544732 0 0.1403533341553515 0.6903343580004911 3.390094263648494 0.14524960065027073 1.4884196570752641 0.9911229348007184 0.8369743444643037 3.4
9200 499.2507754544732 0 0.1403533341553515 0.6903343580004911 3.390094263648494 0.14524960065027073 1.4884196570752641 0.9911229348007184 0.8369743444643037 3.4
9250 499.2507754544732 0 0.1403533341553515 0.6903343580004911 3.390094263648494 0.14524960065027073 1.4884196570752641 0.9911229348007184 0.8369743444643037 3.4
9300 499.2507754544732 0 0.1403533341553515 0.6903343580004911 3.390094263648494 0.14524960065027073 1.4884196570752641 0.9911229348007184 0.8369743444643037 3.4
9350 499.2507754544732 0 0.1403533341553515 0.6903343580004911 3.390094263648494 0.14524960065027073 1.4884196570752641 0.9911229348007184 0.8369743444643037 3.4
9400 499.2507754544732 0 0.1403533341553515 0.6903343580004911 3.390094263648494 0.14524960065027073 1.4884196570752641 0.9911229348007184 0.8369743444643037 3.4
9450 499.2507754544732 0 0.1403533341553515 0.6903343580004911 3.390094263648494 0.14524960065027073 1.4884196570752641 0.9911229348007184 0.8369743444643037 3.4
9500 499.2507754544732 0 0.1403533341553515 0.6903343580004911 3.390094263648494 0.14524960065027073 1.4884196570752641 0.9911229348007184 0.8369743444643037 3.4
9550 499.2507754544732 0 0.1403533341553515 0.6903343580004911 3.390094263648494 0.14524960065027073 1.4884196570752641 0.9911229348007184 0.8369743444643037 3.4
9600 499.2507754544732 0 0.1403533341553515 0.6903343580004911 3.390094263648494 0.14524960065027073 1.4884196570752641 0.9911229348007184 0.8369743444643037 3.4
9650 499.2507754544732 0 0.1403533341553515 0.6903343580004911 3.390094263648494 0.14524960065027073 1.4884196570752641 0.9911229348007184 0.8369743444643037 3.4
9700 499.2507754544732 0 0.1403533341553515 0.6903343580004911 3.390094263648494 0.14524960065027073 1.4884196570752641 0.9911229348007184 0.8369743444643037 3.4
9750 499.2507754544732 0 0.1403533341553515 0.6903343580004911 3.390094263648494 0.14524960065027073 1.4884196570752641 0.9911229348007184 0.8369743444643037 3.4
9800 499.2507754544732 0 0.1403533341553515 0.6903343580004911 3.390094263648494 0.14524960065027073 1.4884196570752641 0.9911229348007184 0.8369743444643037 3.4
9850 499.2507754544732 0 0.1403533341553515 0.6903343580004911 3.390094263648494 0.14524960065027073 1.4884196570752641 0.9911229348007184 0.8369743444643037 3.4
9900 499.2507754544732 0 0.1403533341553515 0.6903343580004911 3.390094263648494 0.14524960065027073 1.4884196570752641 0.9911229348007184 0.8369743444643037 3.4
9950 499.2507754544732 0 0.1403533341553515 0.6903343580004911 3.390094263648494 0.14524960065027073 1.4884196570752641 0.9911229348007184 0.8369743444643037 3.4
10000 499.2507754544732 0 0.1403533341553515 0.6903343580004911 3.390094263648494 0.14524960065027073 1.4884196570752641 0.9911229348007184 0.8369743444643037 3.4
10050 499.2507754544732 0 0.1403533341553515 0.6903343580004911 3.390094263648494 0.14524960065027073 1.4884196570752641 0.9911229348007184 0.8369743444643037 3.4
10100 499.2507754544732 0 0.1403533341553515 0.6903343580004911 3.390094263648494 0.14524960065027073 1.4884196570752641 0.9911229348007184 0.8369743444643037 3.4
10150 499.2507754544732 0 0.1403533341553515 0.6903343580004911 3.390094263648494 0.14524960065027073 1.4884196570752641 0.9911229348007184 0.8369743444643037 3.4
10200 499.2507754544732 0 0.1403533341553515 0.6903343580004911 3.390094263648494 0.14524960065027073 1.4884196570752641 0.9911229348007184 0.8369743444643037 3.4
10250 499.2507754544732 0 0.1403533341553515 0.6903343580004911 3.390094263648494 0.14524960065027073 1.4884196570752641 0.9911229348007184 0.8369743444643037 3.4
10300 499.2507754544732 0 0.1403533341553515 0.6903343580004911 3.390094263648494 0.14524960065027073 1.4884196570752641 0.9911229348007184 0.8369743444643037 3.4
10350 499.2507754544732 0 0.1403533341553515 0.6903343580004911 3.390094263648494 0.14524960065027073 1.4884196570752641 0.9911229348007184 0.8369743444643037 3.4
10400 499.2507754544732 0 0.1403533341553515 0.6903343580004911 3.390094263648494 0.14524960065027073 1.4884196570752641 0.9911229348007184 0.8369743444643037 3.4
10450 499.2507754544732 0 0.1403533341553515 0.6903343580004911 3.390094263648494 0.14524960065027073 1.4884196570752641 0.9911229348007184 0.8369743444643037 3.4
10500 499.2507754544732 0 0.1403533341553515 0.6903343580004911 3.390094263648494 0.14524960065027073 1.4884196570752641 0.9911229348007184 0.8369743444643037 3.4
10550 499.2507754544732 0 0.1403533341553515 0.6903343580004911 3.390094263648494 0.14524960065027073 1.4884196570752641 0.9911229348007184 0.8369743444643037 3.4
10600 499.2507754544732 0 0.1403533341553515 0.6903343580004911 3.390094263648494 0.14524960065027073 1.4884196570752641 0.9911229348007184 0.8369743444643037 3.4
10650 499.2507754544732 0 0.1403533341553515 0.6903343580004911 3.390094263648494 0.14524960065027073 1.4884196570752641 0.9911229348007184 0.8369743444643037 3.4
10700 499.2507754544732 0 0.1403533341553515 0.6903343580004911 3.390094263648494 0.14524960065027073 1.4884196570752641 0.9911229348007184 0.8369743444643037 3.4
10750 499.2507754544732 0 0.1403533341553515 0.6903343580004911 3.390094263648494 0.14524960065027073 1.4884196570752641 0.9911229348007184 0.8369743444643037 3.4
10800 499.2507754544732 0 0.1403533341553515 0.6903343580004911 3.390094263648494 0.14524960065027073 1.4884196570752641 0.9911229348007184 0.8369743444643037 3.4
10850 499.2507754544732 0 0.1403533341553515 0.6903343580004911 3.390094263648494 0.14524960065027073 1.4884196570752641 0.9911229348007184 0.8369743444643037 3.4
10900 499.2507754544732 0 0.1403533341553515 0.6903343580004911 3.390094263648494 0.14524960065027073 1.4884196570752641 0.9911229348007184 0.8369743444643037 3.4
10950 499.2507754544732 0 0.1403533341553515 0.6903343580004911 3.390094263648494 0.14524960065027073 1.4884196570752641 0.9911229348007184 0.8369743444643037 3.4
11000 499.2507754544732 0 0.1403533341553515 0.6903343580004911 3.390094263648494 0.14524960065027073 1.4884196570752641 0.9911229348007184 0.8369743444643037 3.4
11050 499.2507754544732 0 0.1403533341553515 0.6903343580004911 3.390094263648494 0.14524960065027073 1.4884196570752641 0.9911229348007184 0.8369743444643037 3.4
11100 499.2507754544732 0 0.1403533341553515 0.6903343580004911 3.390094263648494 0.14524960065027073 1.4884196570752641 0.9911229348007184 0.8369743444643037 3.4
11150 499.2507754544732 0 0.1403533341553515 0.6903343580004911 3.390094263648494 0.14524960065027073 1.4884196570752641 0.9911229348007184 0.8369743444643037 3.4
11200 499.2507754544732 0 0.1403533341553515 0.6903343580004911 3.390094263648494 0.14524960065027073 1.4884196570752641 0.9911229348007184 0.8369743444643037 3.4
11250 499.2507754544732 0 0.1403533341553515 0.6903343580004911 3.390094263648494 0.14524960065027073 1.4884196570752641 0.9911229348007184 0.8369743444643037 3.4
11300 499.2507754544732 0 0.1403533341553515 0.6903343580004911 3.390094263648494 0.14524960065027073 1.4884196570752641 0.9911229348007184 0.8369743444643037 3.4
11350 499.2507754544732 0 0.1403533341553515 0.6903343580004911 3.390094263648494 0.14524960065027073 1.4884196570752641 0.9911229348007184 0.8369743444643037 3.4
11400 499.2507754544732 0 0.1403533341553515 0.6903343580004911 3.390094263648494 0.14524960065027073 1.4884196570752641 0.9911229348007184 0.8369743444643037 3.4
11450 499.2507754544732 0 0.1403533341553515 0.6903343580004911 3.390094263648494 0.14524960065027073 1.4884196570752641 0.9911229348007184 0.8369743444643037 3.4
11500 499.2507754544732 0 0.1403533341553515 0.6903343580004911 3.390094263648494 0.14524960065027073 1.4884196570752641 0.9911229348007184 0.8369743444643037 3.4
11550 499.2507754544732 0 0.1403533341553515 0.6903343580004911 3.390094263648494 0.14524960065027073 1.4884196570752641 0.9911229348007184 0.8369743444643037 3.4
11600 499.2507754544732 0 0.1403533341553515 0.6903343580004911 3.390094263648494 0.14524960065027073 1.4884196570752641 0.9911229348007184 0.8369743444643037 3.4
11650 499.2507754544732 0 0.1403533341553515 0.6903343580004911 3.390094263648494 0.14524960065027073 1.4884196570752641 0.9911229348007184 0.8369743444643037 3.4
11700 499.2507754544732 0 0.1403533341553515 0.6903343580004911 3.390094263648494 0.14524960065027073 1.4884196570752641 0.9911229348007184 0.8369743444643037 3.4
11750 499.2507754544732 0 0.1403533341553515 0.6903343580004911 3.390094263648494 0.14524960065027073 1.4884196570752641 0.9911229348007184 0.8369743444643037 3.4
11800 499.2507754544732 0 0.1403533341553515 0.6903343580004911 3.390094263648494 0.14524960065027073 1.4884196570752641 0.9911229348007184 0.8369743444643037 3.4
11850 499.2507754544732 0 0.1403533341553515 0.6903343580004911 3.390094263648494 0.14524960065027073 1.4884196570752641 0.9911229348007184 0.8369743444643037 3.4
11900 499.2507754544732 0 0.1403533341553515 0.6903343580004911 3.390094263648494 0.14524960065027073 1.4884196570752641 0.9911229348007184 0.8369743444643037 3.4
11950 499.2507754544732 0 0.1403533341553515 0.6903343580004911 3.390094263648494 0.14524960065027073 1.4884196570752641 0.9911229348007184 0.8369743444643037 3.4
12000 499.2507754544732 0 0.1403533341553515 0.6903343580004911 3.390094263648494 0.14524960065027073 1.4884196570752641 0.9911229348007184 0.8369743444643037 3.4
12050 499.2507754544732 0 0.1403533341553515 0.6903343580004911 3.390094263648494 0.14524960065027073 1.4884196570752641 0.9911229348007184 0.8369743444643037 3.4
12100 499.2507754544732 0 0.1403533341553515 0.6903343580004911 3.390094263648494 0.14524960065027073 1.4884196570752641 0.9911229348007184 0.8369743444643037 3.4
12150 499.2507754544732 0 0.1403533341553515 0.6903343580004911 3.390094263648494 0.14524960065027073 1.4884196570752641 0.9911229348007184 0.8369743444643037 3.4
12200 499.2507754544732 0 0.1403533341553515 0.6903343580004911 3.390094263648494 0.14524960065027073 1.4884196570752641 0.9911229348007184 0.8369743444643037 3.4
12250 499.2507754544732 0 0.1403533341553515 0.6903343580004911 3.390094263648494 0.14524960065027073 1.4884196570752641 0.9911229348007184 0.8369743444643037 3.4
12300 499.2507754544732 0 0.1403533341553515 0.6903343580004911 3.390094263648494 0.14524960065027073 1.4884196570752641 0.9911229348007184 0.8369743444643037 3.4
12350 499.2507754544732 0 0.1403533341553515 0.6903343580004911 3.390094263648494 0.14524960065027073 1.4884196570752641 0.9911229348007184 0.8369743444643037 3.4
12400 499.2507754544732 0 0.1403533341553515 0.6903343580004911 3.390094263648494 0.14524960065027073 1.4884196570752641 0.9911229348007184 0.8369743444643037 3.4
12450 499.2507754544732 0 0.1403533341553515 0.6903343580004911 3.390094263648494 0.14524960065027073 1.4884196570752641 0.9911229348007184 0.8369743444643037 3.4
12500 499.2507754544732 0 0.1403533341553515 0.6903343580004911 3.390094263648494 0.14524960065027073 1.4884196570752641 0.9911229348007184 0.8369743444643037 3.4
12550 499.2507754544732 0 0.1403533341553515 0.6903343580004911 3.390094263648494 0.14524960065027073 1.4884196570752641 0.9911229348007184 0.8369743444643037 3.4
12600 499.2507754544732 0 0.1403533341553515 0.6903343580004911 3.390094263648494 0.14524960065027073 1.4884196570752641 0.9911229348007184 0.8369743444643037 3.4
12650 499.2507754544732 0 0.1403533341553515 0.6903343580004911 3.390094263648494 0.14524960065027073 1.4884196570752641 0.9911229348007184 0.8369743444643037 3.4
12700 499.2507754544732 0 0.1403533341553515 0.6903343580004911 3.390094263648494 0.14524960065027073 1.4884196570752641 0.9911229348007184 0.8369743444643037 3.4
12750 499.2507754544732 0 0.1403533341553515 0.6903343580004911 3.390094263648494 0.14524960065027073 1.4884196570752641 0.9911229348007184 0.8369743444643037 3.4
12800 499.2507754544732 0 0.1403533341553515 0.6903343580004911 3.390094263648494 0.14524960065027073 1.4884196570752641 0.9911229348007184 0.8369743444643037 3.4
12850 499.2507754544732 0 0.1403533341553515 0.6903343580004911 3.390094263648494 0.14524960065027073 1.4884196570752641 0.9911229348007184 0.8369743444643037 3.4
12900 499.2507754544732 0 0.1403533341553515 0.6903343580004911 3.390094263648494 0.14524960065027073 1.4884196570752641 0.9911229348007184 0.8369743444643037 3.4
12950 499.2507754544732 0 0.1403533341553515 0.6903343580004911 3.390094263648494 0.14524960065027073 1.4884196570752641 0.9911229348007184 0.8369743444643037 3.4
13000 499.2507754544732 0 0.1403533341553515 0.6903343580004911 3.390094263648494 0.14524960065027073 1.4884196570752641 0.9911229348007184 0.8369743444643037 3.4
13050 499.2507754544732 0 0.1403533341553515 0.6903343580004911 3.390094263648494 0.14524960065027073 1.4884196570752641 0.9911229348007184 0.8369743444643037 3.4
13100 499.2507754544732 0 0.1403533341553515 0.6903343580004911 3.390094263648494 0.14524960065027073 1.4884196570752641 0.9911229348007184 0.8369743444643037 3.4
13150 499.2507754544732 0 0.1403533341553515 0.6903343580004911 3.390094263648494 0.14524960065027073 1.4884196570752641 0.9911229348007184 0.8369743444643037 3.4
13200 499.2507754544732 0 0.1403533341553515 0.6903343580004911 3.390094263648494 0.14524960065027073 1.4884196570752641 0.9911229348007184 0.8369743444643037 3.4
13250 499.2507754544732 0 0.1403533341553515 0.6903343580004911 3.390094263648494 0.14524960065027073 1.4884196570752641 0.9911229348007184 0.8369743444643037 3.4
13300 499.2507754544732 0 0.1403533341553515 0.6903343580004911 3.390094263648494 0.14524960065027073 1.4884196570752641 0.9911229348007184 0.8369743444643037 3.4
13350 499.2507754544732 0 0.1403533341553515 0.6903343580004911 3.390094263648494 0.14524960065027073 1.4884196570752641 0.9911229348007184 0.8369743444643037 3.4
13400 499.2507754544732 0 0.1403533341553515 0.6903343580004911 3.390094263648494 0.14524960065027073 1.4884196570752641 0.9911229348007184 0.8369743444643037 3.4
13450 499.2507754544732 0 0.1403533341553515 0.6903343580004911 3.390094263648494 0.14524960065027073 1.4884196570752641 0.9911229348007184 0.8369743444643037 3.4
13500 499.2507754544732 0 0.1403533341553515 0.6903343580004911 3.390094263648494 0.14524960065027073 1.4884196570752641 0.9911229348007184 0.8369743444643037 3.4
13550 499.2507754544732 0 0.1403533341553515 0.6903343580004911 3.390094263648494 0.14524960065027073 1.4884196570752641 0.9911229348007184 0.8369743444643037 3.4
13600 499.2507754544732 0 0.1403533341553515 0.6903343580004911 3.390094263648494 0.14524960065027073 1.4884196570752641 0.9911229348007184 0.8369743444643037 3.4
13650 499.2507754544732 0 0.1403533341553515 0.6903343580004911 3.390094263648494 0.14524960065027073 1.4884196570752641 0.9911229348007184 0.8369743444643037 3.4
13700 499.2507754544732 0 0.1403533341553515 0.6903343580004911 3.390094263648494 0.14524960065027073 1.4884196570752641 0.9911229348007184 0.8369743444643037 3.4
13750 499.2507754544732 0 0.1403533341553515 0.6903343580004911 3.390094263648494 0.14524960065027073 1.4884196570752641 0.9911229348007184 0.8369743444643037 3.4
13800 499.2507754544732 0 0.1403533341553515 0.6903343580004911 3.390094263648494 0.14524960065027073 1.4884196570752641 0.9911229348007184 0.8369743444643037 3.4
13850 499.2507754544732 0 0.1403533341553515 0.6903343580004911 3.390094263648494 0.14524960065027073 1.4884196570752641 0.9911229348007184 0.8369743444643037 3.4
13900 499.2507754544732 0 0.1403533341553515 0.6903343580004911 3.390094263648494 0.14524960065027073 1.4884196570752641 0.9911229348007184 0.8369743444643037 3.4
13950 499.2507754544732 0 0.1403533341553515 0.6903343580004911 3.390094263648494 0.14524960065027073 1.4884196570752641 0.9911229348007184 0.8369743444643037 3.4
14000 499.2507754544732 0 0.1403533341553515 0.6903343580004911 3.390094263648494 0.14524960065027073 1.4884196570752641 0.9911229348007184 0.8369743444643037 3.4
14050 499.2507754544732 0 0.1403533341553515 0.6903343580004911 3.390094263648494 0.14524960065027073 1.4884196570752641 0.9911229348007184 0.8369743444643037 3.4
14100 499.2507754544732 0 0.1403533341553515 0.6903343580004911 3.390094263648494 0.14524960065027073 1.4884196570752641 0.9911229348007184 0.8369743444643037 3.4
14150 499.2507754544732 0 0.1403533341553515 0.6903343580004911 3.390094263648494 0.14524960065027073 1.4884196570752641 0.9911229348007184 0.8369743444643037 3.4
14200 499.2507754544732 0 0.1403533341553515 0.6903343580004911 3.390094263648494 0.14524960065027073 1.4884196570752641 0.9911229348007184 0.8369743444643037 3.4
14250 499.2507754544732 0 0.1403533341553515 0.6903343580004911 3.390094263648494 0.14524960065027073 1.4884196570752641 0.9911229348007184 0.8369743444643037 3.4
14300 499.2507754544732 0 0.1403533341553515 0.6903343580004911 3.390094263648494 0.14524960065027073 1.4884196570752641 0.9911229348007184 0.8369743444643037 3.4
14350 499.2507754544732 0 0.1403533341553515 0.6903343580004911 3.390094263648494 0.14524960065027073 1.4884196570752641 0.9911229348007184 0.8369743444643037 3.4
14400 499.2507754544732 0 0.1403533341553515 0.6903343580004911 3.390094263648494 0.14524960065027073 1.4884196570752641 0.9911229348007184 0.8369743444643037 3.4
14450 499.2507754544732 0 0.1403533341553515 0.6903343580004911 3.390094263648494 0.14524960065027073 1.4884196570752641 0.9911229348007184 0.8369743444643037 3.4
14500 499.2507754544732 0 0.1403533341553515 0.6903343580004911 3.390094263648494 0.14524960065027073 1.4884196570752641 0.9911229348007184 0.8369743444643037 3.4
14550 499.2507754544732 0 0.1403533341553515 0.6903343580004911 3.390094263648494 0.14524960065027073 1.4884196570752641 0.9911229348007184 0.8369743444643037 3.4
14600 499.2507754544732 0 0.1403533341553515 0.6903343580004911 3.390094263648494 0.14524960065027073 1.4884196570752641 0.9911229348007184 0.8369743444643037 3.4
14650 499.2507754544732 0 0.1403533341553515 0.6903343580004911 3.390094263648494 0.14524960065027073 1.4884196570752641 0.9911229348007184 0.8369743444643037 3.4
14700 499.2507754544732 0 0.1403533341553515 0.6903343580004911 3.390094263648494 0.14524960065027073 1.4884196570752641 0.9911229348007184 0.8369743444643037 3.4
14750 499.2507754544732 0 0.1403533341553515 0.6903343580004911 3.390094263648494 0.14524960065027073 1.4884196570752641 0.9911229348007184 0.8369743444643037 3.4
14800 499.2507754544732 0 0.1403533341553515 0.6903343580004911 3.390094263648494 0.14524960065027073 1.4884196570752641 0.9911229348007184 0.8369743444643037 3.4
14850 499.2507754544732 0 0.1403533341553515 0.6903343580004911 3.390094263648494 0.14524960065027073 1.4884196570752641 0.9911229348007184 0.8369743444643037 3.4
14900 499.2507754544732 0 0.1403533341553515 0.6903343580004911 3.390094263648494 0.14524960065027073 1.4884196570752641 0.9911229348007184 0.8369743444643037 3.4
14950 499.2507754544732 0 0.1403533341553515 0.6903343580004911 3.390094263648494 0.14524960065027073 1.4884196570752641 0.9911229348007184 0.8369743444643037 3.4
15000 499.2507754544732 0 0.1403533341553515 0.6903343580004911 3.390094263648494 0.14524960065027073 1.4884196570752641 0.9911229348007184 0.8369743444643037 3.4
15050 499.2507754544732 0 0.1403533341553515 0.6903343580004911 3.390094263648494 0.14524960065027073 1.4884196570752641 0.9911229348007184 0.8369743444643037 3.4
15100 499.2507754544732 0 0.1403533341553515 0.6903343580004911 3.390094263648494 0.14524960065027073 1.4884196570752641 0.9911229348007184 0.8369743444643037 3.4
15150 499.2507754544732 0 0.1403533341553515 0.6903343580004911 3.390094263648494 0.14524960065027073 1.4884196570752641 0.9911229348007184 0.8369743444643037 3.4
15200 499.2507754544732 0 0.1403533341553515 0.6903343580004911 3.390094263648494 0.14524960065027073 1.4884196570752641 0.9911229348007184 0.8369743444643037 3.4
15250 499.2507754544732 0 0.1403533341553515 0.6903343580004911 3.390094263648494 0.14524960065027073 1.4884196570752641 0.9911229348007184 0.8369743444643037 3.4
15300 499.2507754544732 0 0.1403533341553515 0.6903343580004911 3.390094263648494 0.14524960065027073 1.4884196570752641 0.9911229348007184 0.8369743444643037 3.4
15350 499.2507754544732 0 0.1403533341553515 0.6903343580004911 3.390094263648494 0.14524960065027073 1.4884196570752641 0.9911229348007184 0.8369743444643037 3.4
15400 499.2507754544732 0 0.1403533341553515 0.6903343580004911 3.390094263648494 0.14524960065027073 1.4884196570752641 0.9911229348007184 0.8369743444643037 3.4
15450 499.2507754544732 0 0.1403533341553515 0.6903343580004911 3.390094263648494 0.14524960065027073 1.4884196570752641 0.9911229348007184 0.8369743444643037 3.4
15500 499.2507754544732 0 0.1403533341553515 0.6903343580004911 3.390094263648494 0.14524960065027073 1.4884196570752641 0.9911229348007184 0.8369743444643037 3.4
15550 499.2507754544732 0 0.1403533341553515 0.6903343580004911 3.390094263648494 0.14524960065027073 1.4884196570752641 0.9911229348007184 0.8369743444643037 3.4
15600 499.2507754544732 0 0.1403533341553515 0.6903343580004911 3.390094263648494 0.14524960065027073 1.4884196570752641 0.9911229348007184 0.8369743444643037 3.4
15650 499.2507754544732 0 0.1403533341553515 0.6903343580004911 3.390094263648494 0.14524960065027073 1.4884196570752641 0.9911229348007184 0.8369743444643037 3.4
15700 499.2507754544732 0 0.1403533341553515 0.6903343580004911 3.390094263648494 0.14524960065027073 1.4884196570752641 0.9911229348007184 0.8369743444643037 3.4
15750 499.2507754544732 0 0.1403533341553515 0.6903343580004911 3.390094263648494 0.14524960065027073 1.4884196570752641 0.9911229348007184 0.8369743444643037 3.4
15800 499.2507754544732 0 0.1403533341553515 0.6903343580004911 3.390094263648494 0.14524960065027073 1.4884196570752641 0.9911229348007184 0.8369743444643037 3.4
15850 499.2507754544732 0 0.1403533341553515 0.6903343580004911 3.390094263648494 0.14524960065027073 1.4884196570752641 0.9911229348007184 0.8369743444643037 3.4
15900 499.2507754544732 0 0.1403533341553515 0.6903343580004911 3.390094263648494 0.14524960065027073 1.4884196570752641 0.9911229348007184 0.8369743444643037 3.4
15950 499.2507754544732 0 0.1403533341553515 0.6903343580004911 3.390094263648494 0.14524960065027073 1.4884196570752641 0.9911229348007184 0.8369743444643037 3.4
16000 499.2507754544732 0 0.1403533341553515 0.6903343580004911 3.390094263648494 0.14524960065027073 1.4884196570752641 0.9911229348007184 0.8369743444643037 3.4
16050 499.2507754544732 0 0.1403533341553515 0.6903343580004911 3.390094263648494 0.14524960065027073 1.4884196570752641 0.9911229348007184 0.8369743444643037 3.4
16100 499.2507754544732 0 0.1403533341553515 0.6903343580004911 3.390094263648494 0.14524960065027073 1.4884196570752641 0.9911229348007184 0.8369743444643037 3.4
16150 499.2507754544732 0 0.1403533341553515 0.6903343580004911 3.390094263648494 0.14524960065027073 1.4884196570752641 0.9911229348007184 0.8369743444643037 3.4
16200 499.2507754544732 0 0.1403533341553515 0.6903343580004911 3.390094263648494 0.14524960065027073 1.4884196570752641 0.9911229348007184 0.8369743444643037 3.4
16250 499.2507754544732 0 0.1403533341553515 0.6903343580004911 3.390094263648494 0.14524960065027073 1.4884196570752641 0.9911229348007184 0.8369743444643037 3.4
16300 499.2507754544732 0 0.1403533341553515 0.6903343580004911 3.390094263648494 0.14524960065027073 1.4884196570752641 0.9911229348007184 0.8369743444643037 3.4
16350 499.2507754544732 0 0.1403533341553515 0.6903343580004911 3.390094263648494 0.14524960065027073 1.4884196570752641 0.9911229348007184 0.8369743444643037 3.4
16400 499.2507754544732 0 0.1403533341553515 0.6903343580004911 3.390094263648494 0.14524960065027073 1.4884196570752641 0.9911229348007184 0.8369743444643037 3.4
16450 499.2507754544732 0 0.1403533341553515 0.6903343580004911 3.390094263648494 0.14524960065027073 1.4884196570752641 0.9911229348007184 0.8369743444643037 3.4
16500 499.2507754544732 0 0.1403533341553515 0.6903343580004911 3.390094263648494 0.14524960065027073 1.4884196570752641 0.9911229348007184 0.8369743444643037 3.4
16550 499.2507754544732 0 0.1403533341553515 0.6903343580004911 3.390094263648494 0.14524960065027073 1.4884196570752641 0.9911229348007184 0.8369743444643037 3.4
16600 499.2507754544732 0 0.1403533341553515 0.6903343580004911 3.390094263648494 0.14524960065027073 1.4884196570752641 0.9911229348007184 0.8369743444643037 3.4
16650 499.2507754544732 0 0.1403533341553515 0.6903343580004911 3.390094263648494 0.14524960065027073 1.4884196570752641 0.9911229348007184 0.8369743444643037 3.4
16700 499.2507754544732 0 0.1403533341553515 0.6903343580004911 3.390094263648494 0.14524960065027073 1.4884196570752641 0.9911229348007184 0.8369743444643037 3.4
16750 499.2507754544732 0 0.1403533341553515 0.6903343580004911 3.390094263648494 0.14524960065027073 1.4884196570752641 0.9911229348007184 0.8369743444643037 3.4
16800 499.2507754544732 0 0.1403533341553515 0.6903343580004911 3.390094263648494 0.14524960065027073 1.4884196570752641 0.9911229348007184 0.8369743444643037 3.4
16850 499.2507754544732 0 0.1403533341553515 0.6903343580004911 3.390094263648494 0.14524960065027073 1.4884196570752641 0.9911229348007184 0.8369743444643037 3.4
16900 499.2507754544732 0 0.1403533341553515 0.6903343580004911 3.390094263648494 0.14524960065027073 1.4884196570752641 0.9911229348007184 0.8369743444643037 3.4
16950 499.2507754544732 0 0.1403533341553515 0.6903343580004911 3.390094263648494 0.14524960065027073 1.4884196570752641 0.9911229348007184 0.8369743444643037 3.4
17000 499.2507754544732 0 0.1403533341553515 0.6903343580004911 3.390094263648494 0.14524960065027073 1.4884196570752641 0.9911229348007184 0.8369743444643037 3.4
17050 499.2507754544732 0 0.1403533341553515 0.6903343580004911 3.390094263648494 0.14524960065027073 1.4884196570752641 0.9911229348007184 0.8369743444643037 3.4
17100 499.2507754544732 0 0.1403533341553515 0.6903343580004911 3.390094263648494 0.14524960065027073 1.4884196570752641 0.9911229348007184 0.8369743444643037 3.4
17150 499.2507754544732 0 0.1403533341553515 0.6903343580004911 3.390094263648494 0.14524960065027073 1.4884196570752641 0.9911229348007184 0.8369743444643037 3.4
17200 499.2507754544732 0 0.1403533341553515 0.6903343580004911 3.390094263648494 0.14524960065027073 1.4884196570752641 0.9911229348007184 0.8369743444643037 3.4
17250 499.2507754544732 0 0.1403533341553515 0.6903343580004911 3.390094263648494 0.14524960065027073 1.4884196570752641 0.9911229348007184 0.8369743444643037 3.4
17300 499.2507754544732 0 0.1403533341553515 0.6903343580004911 3.390094263648494 0.14524960065027073 1.4884196570752641 0.9911229348007184 0.8369743444643037 3.4
17350 499.2507754544732 0 0.1403533341553515 0.6903343580004911 3.390094263648494 0.14524960065027073 1.4884196570752641 0.9911229348007184 0.8369743444643037 3.4
17400 499.2507754544732 0 0.1403533341553515 0.6903343580004911 3.390094263648494 0.14524960065027073 1.4884196570752641 0.9911229348007184 0.8369743444643037 3.4
17450 499.2507754544732 0 0.1403533341553515 0.6903343580004911 3.390094263648494 0.14524960065027073 1.4884196570752641 0.9911229348007184 0.8369743444643037 3.4
17500 499.2507754544732 0 0.1403533341553515 0.6903343580004911 3.390094263648494 0.14524960065027073 1.4884196570752641 0.9911229348007184 0.8369743444643037 3.4
17550 499.2507754544732 0 0.1403533341553515 0.6903343580004911 3.390094263648494 0.14524960065027073 1.4884196570752641 0.9911229348007184 0.8369743444643037 3.4
17600 499.2507754544732 0 0.1403533341553515 0.6903343580004911 3.390094263648494 0.14524960065027073 1.4884196570752641 0.9911229348007184 0.8369743444643037 3.4
17650 499.2507754544732 0 0.1403533341553515 0.6903343580004911 3.390094263648494 0.14524960065027073 1.4884196570752641 0.9911229348007184 0.8369743444643037 3.4
17700 499.2507754544732 0 0.1403533341553515 0.6903343580004911 3.390094263648494 0.14524960065027073 1.4884196570752641 0.9911229348007184 0.8369743444643037 3.4
17750 499.2507754544732 0 0.1403533341553515 0.6903343580004911 3.390094263648494 0.14524960065027073 1.4884196570752641 0.9911229348007184 0.8369743444643037 3.4
17800 499.2507754544732 0 0.1403533341553515 0.6903343580004911 3.390094263648494 0.14524960065027073 1.4884196570752641 0.9911229348007184 0.8369743444643037 3.4
17850 499.2507754544732 0 0.1403533341553515 0.6903343580004911 3.390094263648494 0.14524960065027073 1.4884196570752641 0.9911229348007184 0.8369743444643037 3.4
17900 499.2507754544732 0 0.1403533341553515 0.6903343580004911 3.390094263648494 0.14524960065027073 1.4884196570752641 0.9911229348007184 0.8369743444643037 3.4
17950 499.2507754544732 0 0.1403533341553515 0.6903343580004911 3.390094263648494 0.14524960065027073 1.4884196570752641 0.9911229348007184 0.8369743444643037 3.4
18000 499.2507754544732 0 0.1403533341553515 0.6903343580004911 3.390094263648494 0.14524960065027073 1.4884196570752641 0.9911229348007184 0.8369743444643037 3.4
18050 499.2507754544732 0 0.1403533341553515 0.6903343580004911 3.390094263648494 0.14524960065027073 1.4884196570752641 0.9911229348007184 0.8369743444643037 3.4
18100 499.2507754544732 0 0.1403533341553515 0.6903343580004911 3.390094263648494 0.14524960065027073 1.4884196570752641 0.9911229348007184 0.8369743444643037 3.4
18150 499.2507754544732 0 0.1403533341553515 0.6903343580004911 3.390094263648494 0.14524960065027073 1.4884196570752641 0.9911229348007184 0.8369743444643037 3.4
18200 499.2507754544732 0 0.1403533341553515 0.6903343580004911 3.390094263648494 0.14524960065027073 1.4884196570752641 0.9911229348007184 0.8369743444643037 3.4
18250 499.2507754544732 0 0.1403533341553515 0.6903343580004911 3.390094263648494 0.14524960065027073 1.4884196570752641 0.9911229348007184 0.8369743444643037 3.4
18300 499.2507754544732 0 0.1403533341553515 0.6903343580004911 3.390094263648494 0.14524960065027073 1.4884196570752641 0.9911229348007184 0.8369743444643037 3.4
18350 499.2507754544732 0 0.1403533341553515 0.6903343580004911 3.390094263648494 0.14524960065027073 1.4884196570752641 0.9911229348007184 0.8369743444643037 3.4
18400 499.2507754544732 0 0.1403533341553515 0.6903343580004911 3.390094263648494 0.14524960065027073 1.4884196570752641 0.9911229348007184 0.8369743444643037 3.4
18450 499.2507754544732 0 0.1403533341553515 0.6903343580004911 3.390094263648494 0.14524960065027073 1.4884196570752641 0.9911229348007184 0.8369743444643037 3.4
18500 499.2507754544732 0 0.1403533341553515 0.6903343580004911 3.390094263648494 0.14524960065027073 1.4884196570752641 0.9911229348007184 0.8369743444643037 3.4
18550 499.2507754544732 0 0.1403533341553515 0.6903343580004911 3.390094263648494 0.14524960065027073 1.4884196570752641 0.9911229348007184 0.8369743444643037 3.4
18600 499.2507754544732 0 0.1403533341553515 0.6903343580004911 3.390094263648494 0.14524960065027073 1.4884196570752641 0.9911229348007184 0.8369743444643037 3.4
18650 499.2507754544732 0 0.1403533341553515 0.6903343580004911 3.390094263648494 0.14524960065027073 1.4884196570752641 0.9911229348007184 0.8369743444643037 3.4
18700 499.2507754544732 0 0.1403533341553515 0.6903343580004911 3.390094263648494 0.14524960065027073 1.4884196570752641 0.9911229348007184 0.8369743444643037 3.4
18750 499.2507754544732 0 0.1403533341553515 0.6903343580004911 3.390094263648494 0.14524960065027073 1.4884196570752641 0.9911229348007184 0.8369743444643037 3.4
18800 499.2507754544732 0 0.1403533341553515 0.6903343580004911 3.390094263648494 0.14524960065027073 1.4884196570752641 0.9911229348007184 0.8369743444643037 3.4
18850 499.2507754544732 0 0.1403533341553515 0.6903343580004911 3.390094263648494 0.14524960065027073 1.4884196570752641 0.9911229348007184 0.8369743444643037 3.4
18900 499.2507754544732 0 0.1403533341553515 0.6903343580004911 3.390094263648494 0.14524960065027073 1.4884196570752641 0.9911229348007184 0.8369743444643037 3.4
18950 499.2507754544732 0 0.1403533341553515 0.6903343580004911 3.390094263648494 0.14524960065027073 1.4884196570752641 0.9911229348007184 0.8369743444643037 3.4
19000 499.2507754544732 0 0.1403533341553515 0.6903343580004911 3.390094263648494 0.14524960065027073 1.4884196570752641 0.9911229348007184 0.8369743444643037 3.4
19050 499.2507754544732 0 0.1403533341553515 0.6903343580004911 3.390094263648494 0.14524960065027073 1.4884196570752641 0.9911229348007184 0.8369743444643037 3.4
19100 499.2507754544732 0 0.1403533341553515 0.6903343580004911 3.390094263648494 0.14524960065027073 1.4884196570752641 0.9911229348007184 0.8369743444643037 3.4
19150 499.2507754544732 0 0.1403533341553515 0.6903343580004911 3.390094263648494 0.14524960065027073 1.4884196570752641 0.9911229348007184 0.8369743444643037 3.4
19200 499.2507754544732 0 0.1403533341553515 0.6903343580004911 3.390094263648494 0.14524960065027073 1.4884196570752641 0.9911229348007184 0.8369743444643037 3.4
19250 499.2507754544732 0 0.1403533341553515 0.6903343580004911 3.390094263648494 0.14524960065027073 1.4884196570752641 0.9911229348007184 0.8369743444643037 3.4
19300 499.2507754544732 0 0.1403533341553515 0.6903343580004911 3.390094263648494 0.14524960065027073 1.4884196570752641 0.9911229348007184 0.8369743444643037 3.4
19350 499.2507754544732 0 0.1403533341553515 0.6903343580004911 3.390094263648494 0.14524960065027073 1.4884196570752641 0.9911229348007184 0.8369743444643037 3.4
19400 499.2507754544732 0 0.1403533341553515 0.6903343580004911 3.390094263648494 0.14524960065027073 1.4884196570752641 0.9911229348007184 0.8369743444643037 3.4
19450 499.2507754544732 0 0.1403533341553515 0.6903343580004911 3.390094263648494 0.14524960065027073 1.4884196570752641 0.9911229348007184 0.8369743444643037 3.4
19500 499.2507754544732 0 0.1403533341553515 0.6903343580004911 3.390094263648494 0.14524960065027073 1.4884196570752641 0.9911229348007184 0.8369743444643037 3.4
19550 499.2507754544732 0 0.1403533341553515 0.6903343580004911 3.390094263648494 0.14524960065027073 1.4884196570752641 0.9911229348007184 0.8369743444643037 3.4
19600 499.2507754544732 0 0.1403533341553515 0.6903343580004911 3.390094263648494 0.14524960065027073 1.4884196570752641 0.9911229348007184 0.8369743444643037 3.4
19650 499.2507754544732 0 0.1403533341553515 0.6903343580004911 3.390094263648494 0.14524960065027073 1.4884196570752641 0.9911229348007184 0.8369743444643037 3.4
19700 499.2507754544732 0 0.1403533341553515 0.6903343580004911 3.390094263648494 0.14524960065027073 1.4884196570752641 0.9911229348007184 0.8369743444643037 3.4
19750 499.2507754544732 0 0.1403533341553515 0.6903343580004911 3.390094263648494 0.14524960065027073 1.4884196570752641 0.9911229348007184 0.8369743444643037 3.4
19800 499.2507754544732 0 0.1403533341553515 0.6903343580004911 3.390094263648494 0.14524960065027073 1.4884196570752641 0.9911229348007184 0.8369743444643037 3.4
19850 499.2507754544732 0 0.1403533341553515 0.6903343580004911 3.390094263648494 0.14524960065027073 1.4884196570752641 0.9911229348007184 0.8369743444643037 3.4
19900 499.2507754544732 0 0.1403533341553515 0.6903343580004911 3.390094263648494 0.14524960065027073 1.4884196570752641 0.9911229348007184 0.8369743444643037 3.4
19950 499.2507754544732 0 0.1403533341553515 0.6903343580004911 3.390094263648494 0.14524960065027073 1.4884196570752641 0.9911229348007184 0.8369743444643037 3.4
*---*---*---*---*---*---*---*---*---*---*---*---*---*---*---*---*---*---*---*---*
Status: Finished
Last individual
499.2507754544732 0 0.1403533341553515 0.6903343580004911 3.390094263648494 0.14524960065027073 1.4884196570752641 0.9911229348007184 0.8369743444643037 3.4
Hall of fame
499.2507754544732 0 0.1403533341553515 0.7016373859984777 3.3999791658192167 0.14524960065027073 1.5075361715039168 0.9642237759640464 0.8012861881236717 3.2873837429435806
Last factible individual
499.2507754544732 0 0.1403533341553515 0.6903343580004911 3.390094263648494 0.14524960065027073 1.4884196570752641 0.9911229348007184 0.8369743444643037 3.4
CPU time used (seconds)
4.134610577006242
