*---*---*---*---*---*---*---*---*---*---*---*---*---*---*---*---*---*---*---*---*
Algorithm: Differential Evolution
Constrainth handling method: DEB
Function: 125
Case: discrete
Seed: 23
Parents size: 50
Offsprings size: 50
maxFe: 20000
CR: 0.9
F: 0.6
rweights: -
*---*---*---*---*---*---*---*---*---*---*---*---*---*---*---*---*---*---*---*---*
ngen ObjectiveFunction ViolationSum ProjectVariables
50 635.8679894803312 0 0.1 1.5667531577161684 2.273644840138528 1.570123233298164 0.20552974290123083 1.0302860495336654 2.5584958614084297 3.122872680491958
100 635.8679894803312 0 0.1 1.5667531577161684 2.273644840138528 1.570123233298164 0.20552974290123083 1.0302860495336654 2.5584958614084297 3.122872680491958
150 635.8679894803312 0 0.1 1.5667531577161684 2.273644840138528 1.570123233298164 0.20552974290123083 1.0302860495336654 2.5584958614084297 3.122872680491958
200 577.612767762392 0 0.1 2.021928364441844 3.2253384489469066 0.759802322988304 1.5372841489753126 1.3819327415392688 0.3537791697757777 3.4
250 565.2052454236499 0 0.5037834133594628 2.650524791421159 3.4 0.11325605978334796 1.492593986491708 0.7421360887755962 0.6143784520120259 3.4
300 565.2052454236499 0 0.5037834133594628 2.650524791421159 3.4 0.11325605978334796 1.492593986491708 0.7421360887755962 0.6143784520120259 3.4
350 565.2052454236499 0 0.5037834133594628 2.650524791421159 3.4 0.11325605978334796 1.492593986491708 0.7421360887755962 0.6143784520120259 3.4
400 565.2052454236499 0 0.5037834133594628 2.650524791421159 3.4 0.11325605978334796 1.492593986491708 0.7421360887755962 0.6143784520120259 3.4
450 565.2052454236499 0 0.5037834133594628 2.650524791421159 3.4 0.11325605978334796 1.492593986491708 0.7421360887755962 0.6143784520120259 3.4
500 565.2052454236499 0 0.5037834133594628 2.650524791421159 3.4 0.11325605978334796 1.492593986491708 0.7421360887755962 0.6143784520120259 3.4
550 563.3574165759974 0 0.5037834133594628 3.01469957067065 3.4 0.8727268021333936 1.6046523553465015 0.7421360887755962 0.1 3.2487684212376
600 536.9921522006628 0 0.24072579839669567 0.7428777059427971 3.4 1.7947926562811087 1.2586914765179822 1.125138111910549 0.9124849289128343 3.1834961143519034
650 536.9921522006628 0 0.24072579839669567 0.7428777059427971 3.4 1.7947926562811087 1.2586914765179822 1.125138111910549 0.9124849289128343 3.1834961143519034
700 536.9921522006628 0 0.24072579839669567 0.7428777059427971 3.4 1.7947926562811087 1.2586914765179822 1.125138111910549 0.9124849289128343 3.1834961143519034
750 536.9921522006628 0 0.24072579839669567 0.7428777059427971 3.4 1.7947926562811087 1.2586914765179822 1.125138111910549 0.9124849289128343 3.1834961143519034
800 536.9921522006628 0 0.24072579839669567 0.7428777059427971 3.4 1.7947926562811087 1.2586914765179822 1.125138111910549 0.9124849289128343 3.1834961143519034
850 536.9921522006628 0 0.24072579839669567 0.7428777059427971 3.4 1.7947926562811087 1.2586914765179822 1.125138111910549 0.9124849289128343 3.1834961143519034
900 522.6357000991998 0 0.1763895581555565 1.1475246324593393 3.4 0.9959939130631682 1.194144063855087 1.2371547901932065 0.5476570587248946 3.1848793031502978
950 522.6357000991998 0 0.1763895581555565 1.1475246324593393 3.4 0.9959939130631682 1.194144063855087 1.2371547901932065 0.5476570587248946 3.1848793031502978
1000 522.6357000991998 0 0.1763895581555565 1.1475246324593393 3.4 0.9959939130631682 1.194144063855087 1.2371547901932065 0.5476570587248946 3.1848793031502978
1050 522.6357000991998 0 0.1763895581555565 1.1475246324593393 3.4 0.9959939130631682 1.194144063855087 1.2371547901932065 0.5476570587248946 3.1848793031502978
1100 522.6357000991998 0 0.1763895581555565 1.1475246324593393 3.4 0.9959939130631682 1.194144063855087 1.2371547901932065 0.5476570587248946 3.1848793031502978
1150 522.6357000991998 0 0.1763895581555565 1.1475246324593393 3.4 0.9959939130631682 1.194144063855087 1.2371547901932065 0.5476570587248946 3.1848793031502978
1200 522.6357000991998 0 0.1763895581555565 1.1475246324593393 3.4 0.9959939130631682 1.194144063855087 1.2371547901932065 0.5476570587248946 3.1848793031502978
1250 522.6357000991998 0 0.1763895581555565 1.1475246324593393 3.4 0.9959939130631682 1.194144063855087 1.2371547901932065 0.5476570587248946 3.1848793031502978
1300 517.2259068036603 0 0.1 0.3939531985695688 3.4 0.1 1.2427956379652791 0.7732000611530638 1.5868688383066454 3.146812792830922
1350 515.7378405737574 0 0.399266740950865 0.7144553915168794 3.4 0.414707096301445 0.7119357111361673 1.0929421550868628 0.9762857168986727 3.3152574340141316
1400 515.7378405737574 0 0.399266740950865 0.7144553915168794 3.4 0.414707096301445 0.7119357111361673 1.0929421550868628 0.9762857168986727 3.3152574340141316
1450 515.7378405737574 0 0.399266740950865 0.7144553915168794 3.4 0.414707096301445 0.7119357111361673 1.0929421550868628 0.9762857168986727 3.3152574340141316
1500 515.7378405737574 0 0.399266740950865 0.7144553915168794 3.4 0.414707096301445 0.7119357111361673 1.0929421550868628 0.9762857168986727 3.3152574340141316
1550 515.7378405737574 0 0.399266740950865 0.7144553915168794 3.4 0.414707096301445 0.7119357111361673 1.0929421550868628 0.9762857168986727 3.3152574340141316
1600 515.7378405737574 0 0.399266740950865 0.7144553915168794 3.4 0.414707096301445 0.7119357111361673 1.0929421550868628 0.9762857168986727 3.3152574340141316
1650 503.9453935902891 0 0.1 0.8751013843315598 3.28701989173014 0.1 1.5953277847497864 1.0072546368188124 0.723997154009424 3.2101436041701135
1700 503.9453935902891 0 0.1 0.8751013843315598 3.28701989173014 0.1 1.5953277847497864 1.0072546368188124 0.723997154009424 3.2101436041701135
1750 503.9453935902891 0 0.1 0.8751013843315598 3.28701989173014 0.1 1.5953277847497864 1.0072546368188124 0.723997154009424 3.2101436041701135
1800 503.9453935902891 0 0.1 0.8751013843315598 3.28701989173014 0.1 1.5953277847497864 1.0072546368188124 0.723997154009424 3.2101436041701135
1850 503.9453935902891 0 0.1 0.8751013843315598 3.28701989173014 0.1 1.5953277847497864 1.0072546368188124 0.723997154009424 3.2101436041701135
1900 503.9453935902891 0 0.1 0.8751013843315598 3.28701989173014 0.1 1.5953277847497864 1.0072546368188124 0.723997154009424 3.2101436041701135
1950 503.9453935902891 0 0.1 0.8751013843315598 3.28701989173014 0.1 1.5953277847497864 1.0072546368188124 0.723997154009424 3.2101436041701135
2000 503.9453935902891 0 0.1 0.8751013843315598 3.28701989173014 0.1 1.5953277847497864 1.0072546368188124 0.723997154009424 3.2101436041701135
2050 503.9453935902891 0 0.1 0.8751013843315598 3.28701989173014 0.1 1.5953277847497864 1.0072546368188124 0.723997154009424 3.2101436041701135
2100 503.9453935902891 0 0.1 0.8751013843315598 3.28701989173014 0.1 1.5953277847497864 1.0072546368188124 0.723997154009424 3.2101436041701135
2150 503.9453935902891 0 0.1 0.8751013843315598 3.28701989173014 0.1 1.5953277847497864 1.0072546368188124 0.723997154009424 3.2101436041701135
2200 503.9453935902891 0 0.1 0.8751013843315598 3.28701989173014 0.1 1.5953277847497864 1.0072546368188124 0.723997154009424 3.2101436041701135
2250 503.9453935902891 0 0.1 0.8751013843315598 3.28701989173014 0.1 1.5953277847497864 1.0072546368188124 0.723997154009424 3.2101436041701135
2300 503.9453935902891 0 0.1 0.8751013843315598 3.28701989173014 0.1 1.5953277847497864 1.0072546368188124 0.723997154009424 3.2101436041701135
2350 503.9453935902891 0 0.1 0.8751013843315598 3.28701989173014 0.1 1.5953277847497864 1.0072546368188124 0.723997154009424 3.2101436041701135
2400 503.9453935902891 0 0.1 0.8751013843315598 3.28701989173014 0.1 1.5953277847497864 1.0072546368188124 0.723997154009424 3.2101436041701135
2450 503.9453935902891 0 0.1 0.8751013843315598 3.28701989173014 0.1 1.5953277847497864 1.0072546368188124 0.723997154009424 3.2101436041701135
2500 502.9709287089285 0 0.1 0.7711213653186824 3.4 0.1 1.4142534641191595 0.8681646012403366 0.8665263451148578 3.1780005480581943
2550 502.9709287089285 0 0.1 0.7711213653186824 3.4 0.1 1.4142534641191595 0.8681646012403366 0.8665263451148578 3.1780005480581943
2600 502.9709287089285 0 0.1 0.7711213653186824 3.4 0.1 1.4142534641191595 0.8681646012403366 0.8665263451148578 3.1780005480581943
2650 502.9709287089285 0 0.1 0.7711213653186824 3.4 0.1 1.4142534641191595 0.8681646012403366 0.8665263451148578 3.1780005480581943
2700 502.9709287089285 0 0.1 0.7711213653186824 3.4 0.1 1.4142534641191595 0.8681646012403366 0.8665263451148578 3.1780005480581943
2750 502.9709287089285 0 0.1 0.7711213653186824 3.4 0.1 1.4142534641191595 0.8681646012403366 0.8665263451148578 3.1780005480581943
2800 502.9709287089285 0 0.1 0.7711213653186824 3.4 0.1 1.4142534641191595 0.8681646012403366 0.8665263451148578 3.1780005480581943
2850 502.9709287089285 0 0.1 0.7711213653186824 3.4 0.1 1.4142534641191595 0.8681646012403366 0.8665263451148578 3.1780005480581943
2900 502.7166170820232 0 0.1 0.8227320526102142 3.4 0.11682328493764908 0.9272336013242946 1.0940586690117449 0.8058299225403278 3.2217284135736275
2950 502.7166170820232 0 0.1 0.8227320526102142 3.4 0.11682328493764908 0.9272336013242946 1.0940586690117449 0.8058299225403278 3.2217284135736275
3000 502.7166170820232 0 0.1 0.8227320526102142 3.4 0.11682328493764908 0.9272336013242946 1.0940586690117449 0.8058299225403278 3.2217284135736275
3050 501.8018456917521 0 0.1 0.5452606872849443 3.3134964554539272 0.1 1.3807948831157377 1.0368308488651745 0.9777724613346792 3.4
3100 501.8018456917521 0 0.1 0.5452606872849443 3.3134964554539272 0.1 1.3807948831157377 1.0368308488651745 0.9777724613346792 3.4
3150 501.47092870892857 0 0.1 0.7502140808408077 3.1970027567150128 0.1 1.3058821330381507 1.0525317420777995 0.6902982949960771 3.3770084008025503
3200 501.47092870892857 0 0.1 0.7502140808408077 3.1970027567150128 0.1 1.3058821330381507 1.0525317420777995 0.6902982949960771 3.3770084008025503
3250 501.47092870892857 0 0.1 0.7502140808408077 3.1970027567150128 0.1 1.3058821330381507 1.0525317420777995 0.6902982949960771 3.3770084008025503
3300 501.47092870892857 0 0.1 0.7502140808408077 3.1970027567150128 0.1 1.3058821330381507 1.0525317420777995 0.6902982949960771 3.3770084008025503
3350 499.2507754544732 0 0.14639480670552216 0.7445875463594258 3.2840690502592884 0.1 1.4504475166001474 1.0046432245266053 0.8463676764567716 3.3913348901548486
3400 499.2507754544732 0 0.14639480670552216 0.7445875463594258 3.2840690502592884 0.1 1.4504475166001474 1.0046432245266053 0.8463676764567716 3.3913348901548486
3450 499.2507754544732 0 0.14639480670552216 0.7445875463594258 3.2840690502592884 0.1 1.4504475166001474 1.0046432245266053 0.8463676764567716 3.3913348901548486
3500 499.2507754544732 0 0.14639480670552216 0.7445875463594258 3.2840690502592884 0.1 1.4504475166001474 1.0046432245266053 0.8463676764567716 3.3913348901548486
3550 499.2507754544732 0 0.14639480670552216 0.7445875463594258 3.2840690502592884 0.1 1.4504475166001474 1.0046432245266053 0.8463676764567716 3.3913348901548486
3600 499.2507754544732 0 0.14639480670552216 0.7445875463594258 3.2840690502592884 0.1 1.4504475166001474 1.0046432245266053 0.8463676764567716 3.3913348901548486
3650 499.2507754544732 0 0.14639480670552216 0.7445875463594258 3.2840690502592884 0.1 1.4504475166001474 1.0046432245266053 0.8463676764567716 3.3913348901548486
3700 499.2507754544732 0 0.14639480670552216 0.7445875463594258 3.2840690502592884 0.1 1.4504475166001474 1.0046432245266053 0.8463676764567716 3.3913348901548486
3750 499.2507754544732 0 0.14639480670552216 0.7445875463594258 3.2840690502592884 0.1 1.4504475166001474 1.0046432245266053 0.8463676764567716 3.3913348901548486
3800 499.2507754544732 0 0.14639480670552216 0.7445875463594258 3.2840690502592884 0.1 1.4504475166001474 1.0046432245266053 0.8463676764567716 3.3913348901548486
3850 499.2507754544732 0 0.14639480670552216 0.7445875463594258 3.2840690502592884 0.1 1.4504475166001474 1.0046432245266053 0.8463676764567716 3.3913348901548486
3900 499.2507754544732 0 0.14639480670552216 0.7445875463594258 3.2840690502592884 0.1 1.4504475166001474 1.0046432245266053 0.8463676764567716 3.3913348901548486
3950 499.2507754544732 0 0.14639480670552216 0.7445875463594258 3.2840690502592884 0.1 1.4504475166001474 1.0046432245266053 0.8463676764567716 3.3913348901548486
4000 499.2507754544732 0 0.14639480670552216 0.7445875463594258 3.2840690502592884 0.1 1.4504475166001474 1.0046432245266053 0.8463676764567716 3.3913348901548486
4050 499.2507754544732 0 0.14639480670552216 0.7445875463594258 3.2840690502592884 0.1 1.4504475166001474 1.0046432245266053 0.8463676764567716 3.3913348901548486
4100 499.2507754544732 0 0.14639480670552216 0.7445875463594258 3.2840690502592884 0.1 1.4504475166001474 1.0046432245266053 0.8463676764567716 3.3913348901548486
4150 499.2507754544732 0 0.14639480670552216 0.7445875463594258 3.2840690502592884 0.1 1.4504475166001474 1.0046432245266053 0.8463676764567716 3.3913348901548486
4200 499.2507754544732 0 0.14639480670552216 0.7445875463594258 3.2840690502592884 0.1 1.4504475166001474 1.0046432245266053 0.8463676764567716 3.3913348901548486
4250 499.2507754544732 0 0.14639480670552216 0.7445875463594258 3.2840690502592884 0.1 1.4504475166001474 1.0046432245266053 0.8463676764567716 3.3913348901548486
4300 499.2507754544732 0 0.14639480670552216 0.7445875463594258 3.2840690502592884 0.1 1.4504475166001474 1.0046432245266053 0.8463676764567716 3.3913348901548486
4350 499.2507754544732 0 0.14639480670552216 0.7445875463594258 3.2840690502592884 0.1 1.4504475166001474 1.0046432245266053 0.8463676764567716 3.3913348901548486
4400 499.2507754544732 0 0.14639480670552216 0.7445875463594258 3.2840690502592884 0.1 1.4504475166001474 1.0046432245266053 0.8463676764567716 3.3913348901548486
4450 499.2507754544732 0 0.14639480670552216 0.7445875463594258 3.2840690502592884 0.1 1.4504475166001474 1.0046432245266053 0.8463676764567716 3.3913348901548486
4500 499.2507754544732 0 0.14639480670552216 0.7445875463594258 3.2840690502592884 0.1 1.4504475166001474 1.0046432245266053 0.8463676764567716 3.3913348901548486
4550 499.2507754544732 0 0.14639480670552216 0.7445875463594258 3.2840690502592884 0.1 1.4504475166001474 1.0046432245266053 0.8463676764567716 3.3913348901548486
4600 499.2507754544732 0 0.14639480670552216 0.7445875463594258 3.2840690502592884 0.1 1.4504475166001474 1.0046432245266053 0.8463676764567716 3.3913348901548486
4650 499.2507754544732 0 0.14639480670552216 0.7445875463594258 3.2840690502592884 0.1 1.4504475166001474 1.0046432245266053 0.8463676764567716 3.3913348901548486
4700 499.2507754544732 0 0.14639480670552216 0.7445875463594258 3.2840690502592884 0.1 1.4504475166001474 1.0046432245266053 0.8463676764567716 3.3913348901548486
4750 499.2507754544732 0 0.14639480670552216 0.7445875463594258 3.2840690502592884 0.1 1.4504475166001474 1.0046432245266053 0.8463676764567716 3.3913348901548486
4800 499.2507754544732 0 0.1 0.6937060314062452 3.1856680618232014 0.14864652832484057 1.4580279890641057 1.0396198800307985 0.7750270676982085 3.221683778043458
4850 499.2507754544732 0 0.1 0.6937060314062452 3.1856680618232014 0.14864652832484057 1.4580279890641057 1.0396198800307985 0.7750270676982085 3.221683778043458
4900 499.2507754544732 0 0.1 0.6937060314062452 3.1856680618232014 0.14864652832484057 1.4580279890641057 1.0396198800307985 0.7750270676982085 3.221683778043458
4950 499.2507754544732 0 0.1 0.6937060314062452 3.1856680618232014 0.14864652832484057 1.4580279890641057 1.0396198800307985 0.7750270676982085 3.221683778043458
5000 499.2507754544732 0 0.1 0.6937060314062452 3.1856680618232014 0.14864652832484057 1.4580279890641057 1.0396198800307985 0.7750270676982085 3.221683778043458
5050 499.2507754544732 0 0.1 0.6937060314062452 3.1856680618232014 0.14864652832484057 1.4580279890641057 1.0396198800307985 0.7750270676982085 3.221683778043458
5100 499.2507754544732 0 0.1 0.6937060314062452 3.1856680618232014 0.14864652832484057 1.4580279890641057 1.0396198800307985 0.7750270676982085 3.221683778043458
5150 499.2507754544732 0 0.1 0.7146184748832793 3.2601388610729165 0.13333049403736053 1.5053851667526537 0.987063735683652 0.800287886083034 3.3062306864104727
5200 499.2507754544732 0 0.1 0.7146184748832793 3.2601388610729165 0.13333049403736053 1.5053851667526537 0.987063735683652 0.800287886083034 3.3062306864104727
5250 499.2507754544732 0 0.1 0.7146184748832793 3.2601388610729165 0.13333049403736053 1.5053851667526537 0.987063735683652 0.800287886083034 3.3062306864104727
5300 499.2507754544732 0 0.1 0.7146184748832793 3.2601388610729165 0.13333049403736053 1.5053851667526537 0.987063735683652 0.800287886083034 3.3062306864104727
5350 499.2507754544732 0 0.1 0.7146184748832793 3.2601388610729165 0.13333049403736053 1.5053851667526537 0.987063735683652 0.800287886083034 3.3062306864104727
5400 499.2507754544732 0 0.1 0.7146184748832793 3.2601388610729165 0.13333049403736053 1.5053851667526537 0.987063735683652 0.800287886083034 3.3062306864104727
5450 499.2507754544732 0 0.1 0.7146184748832793 3.2601388610729165 0.13333049403736053 1.5053851667526537 0.987063735683652 0.800287886083034 3.3062306864104727
5500 499.2507754544732 0 0.1 0.7146184748832793 3.2601388610729165 0.13333049403736053 1.5053851667526537 0.987063735683652 0.800287886083034 3.3062306864104727
5550 499.2507754544732 0 0.1 0.7146184748832793 3.2601388610729165 0.13333049403736053 1.5053851667526537 0.987063735683652 0.800287886083034 3.3062306864104727
5600 499.2507754544732 0 0.1 0.7146184748832793 3.2601388610729165 0.13333049403736053 1.5053851667526537 0.987063735683652 0.800287886083034 3.3062306864104727
5650 499.2507754544732 0 0.1 0.7146184748832793 3.2601388610729165 0.13333049403736053 1.5053851667526537 0.987063735683652 0.800287886083034 3.3062306864104727
5700 499.2507754544732 0 0.1 0.7146184748832793 3.2601388610729165 0.13333049403736053 1.5053851667526537 0.987063735683652 0.800287886083034 3.3062306864104727
5750 499.2507754544732 0 0.1 0.7146184748832793 3.2601388610729165 0.13333049403736053 1.5053851667526537 0.987063735683652 0.800287886083034 3.3062306864104727
5800 499.2507754544732 0 0.1 0.6905176565161396 3.201453863005301 0.1454676936647765 1.5346437145685536 0.9934162452515087 0.8460420437304685 3.2475817090220414
5850 499.2507754544732 0 0.1 0.6905176565161396 3.201453863005301 0.1454676936647765 1.5346437145685536 0.9934162452515087 0.8460420437304685 3.2475817090220414
5900 499.2507754544732 0 0.1 0.6905176565161396 3.201453863005301 0.1454676936647765 1.5346437145685536 0.9934162452515087 0.8460420437304685 3.2475817090220414
5950 499.2507754544732 0 0.1 0.6905176565161396 3.201453863005301 0.1454676936647765 1.5346437145685536 0.9934162452515087 0.8460420437304685 3.2475817090220414
6000 499.2507754544732 0 0.1 0.6905176565161396 3.201453863005301 0.1454676936647765 1.5346437145685536 0.9934162452515087 0.8460420437304685 3.2475817090220414
6050 499.2507754544732 0 0.1 0.6905176565161396 3.201453863005301 0.1454676936647765 1.5346437145685536 0.9934162452515087 0.8460420437304685 3.2475817090220414
6100 499.2507754544732 0 0.1 0.6905176565161396 3.201453863005301 0.1454676936647765 1.5346437145685536 0.9934162452515087 0.8460420437304685 3.2475817090220414
6150 499.2507754544732 0 0.1 0.6905176565161396 3.201453863005301 0.1454676936647765 1.5346437145685536 0.9934162452515087 0.8460420437304685 3.2475817090220414
6200 499.2507754544732 0 0.1 0.6905176565161396 3.201453863005301 0.1454676936647765 1.5346437145685536 0.9934162452515087 0.8460420437304685 3.2475817090220414
6250 499.2507754544732 0 0.1 0.6905176565161396 3.201453863005301 0.1454676936647765 1.5346437145685536 0.9934162452515087 0.8460420437304685 3.2475817090220414
6300 499.2507754544732 0 0.1 0.6905176565161396 3.201453863005301 0.1454676936647765 1.5346437145685536 0.9934162452515087 0.8460420437304685 3.2475817090220414
6350 499.2507754544732 0 0.1 0.7142387342149998 3.271144251463277 0.13602455721929588 1.541915498535761 0.9813540885415806 0.8366762012753763 3.2961961935299016
6400 499.2507754544732 0 0.1 0.7142387342149998 3.271144251463277 0.13602455721929588 1.541915498535761 0.9813540885415806 0.8366762012753763 3.2961961935299016
6450 499.2507754544732 0 0.1 0.7142387342149998 3.271144251463277 0.13602455721929588 1.541915498535761 0.9813540885415806 0.8366762012753763 3.2961961935299016
6500 499.2507754544732 0 0.1 0.7142387342149998 3.271144251463277 0.13602455721929588 1.541915498535761 0.9813540885415806 0.8366762012753763 3.2961961935299016
6550 499.2507754544732 0 0.1 0.7142387342149998 3.271144251463277 0.13602455721929588 1.541915498535761 0.9813540885415806 0.8366762012753763 3.2961961935299016
6600 499.2507754544732 0 0.1 0.7142387342149998 3.271144251463277 0.13602455721929588 1.541915498535761 0.9813540885415806 0.8366762012753763 3.2961961935299016
6650 499.2507754544732 0 0.1 0.7142387342149998 3.271144251463277 0.13602455721929588 1.541915498535761 0.9813540885415806 0.8366762012753763 3.2961961935299016
6700 499.2507754544732 0 0.1 0.7142387342149998 3.271144251463277 0.13602455721929588 1.541915498535761 0.9813540885415806 0.8366762012753763 3.2961961935299016
6750 499.2507754544732 0 0.1 0.7142387342149998 3.271144251463277 0.13602455721929588 1.541915498535761 0.9813540885415806 0.8366762012753763 3.2961961935299016
6800 499.2507754544732 0 0.1 0.7142387342149998 3.271144251463277 0.13602455721929588 1.541915498535761 0.9813540885415806 0.8366762012753763 3.2961961935299016
6850 499.2507754544732 0 0.1 0.7142387342149998 3.271144251463277 0.13602455721929588 1.541915498535761 0.9813540885415806 0.8366762012753763 3.2961961935299016
6900 499.2507754544732 0 0.1 0.7142387342149998 3.271144251463277 0.13602455721929588 1.541915498535761 0.9813540885415806 0.8366762012753763 3.2961961935299016
6950 499.2507754544732 0 0.1 0.7142387342149998 3.271144251463277 0.13602455721929588 1.541915498535761 0.9813540885415806 0.8366762012753763 3.2961961935299016
7000 499.2507754544732 0 0.1 0.7142387342149998 3.271144251463277 0.13602455721929588 1.541915498535761 0.9813540885415806 0.8366762012753763 3.2961961935299016
7050 499.2507754544732 0 0.1 0.7142387342149998 3.271144251463277 0.13602455721929588 1.541915498535761 0.9813540885415806 0.8366762012753763 3.2961961935299016
7100 499.2507754544732 0 0.12879732862069723 0.6986513695350487 3.224076567235643 0.1294540091433264 1.520256846657036 1.002469370152295 0.8370682419573294 3.318990792118401
7150 499.2507754544732 0 0.12879732862069723 0.6986513695350487 3.224076567235643 0.1294540091433264 1.520256846657036 1.002469370152295 0.8370682419573294 3.318990792118401
7200 499.2507754544732 0 0.12879732862069723 0.6986513695350487 3.224076567235643 0.1294540091433264 1.520256846657036 1.002469370152295 0.8370682419573294 3.318990792118401
7250 499.2507754544732 0 0.12879732862069723 0.6986513695350487 3.224076567235643 0.1294540091433264 1.520256846657036 1.002469370152295 0.8370682419573294 3.318990792118401
7300 499.2507754544732 0 0.12879732862069723 0.6986513695350487 3.224076567235643 0.1294540091433264 1.520256846657036 1.002469370152295 0.8370682419573294 3.318990792118401
7350 499.2507754544732 0 0.12879732862069723 0.6986513695350487 3.224076567235643 0.1294540091433264 1.520256846657036 1.002469370152295 0.8370682419573294 3.318990792118401
7400 499.2507754544732 0 0.12879732862069723 0.6986513695350487 3.224076567235643 0.1294540091433264 1.520256846657036 1.002469370152295 0.8370682419573294 3.318990792118401
7450 499.2507754544732 0 0.12879732862069723 0.6986513695350487 3.224076567235643 0.1294540091433264 1.520256846657036 1.002469370152295 0.8370682419573294 3.318990792118401
7500 499.2507754544732 0 0.12879732862069723 0.6986513695350487 3.224076567235643 0.1294540091433264 1.520256846657036 1.002469370152295 0.8370682419573294 3.318990792118401
7550 499.2507754544732 0 0.12879732862069723 0.6986513695350487 3.224076567235643 0.1294540091433264 1.520256846657036 1.002469370152295 0.8370682419573294 3.318990792118401
7600 499.2507754544732 0 0.12879732862069723 0.6986513695350487 3.224076567235643 0.1294540091433264 1.520256846657036 1.002469370152295 0.8370682419573294 3.318990792118401
7650 499.2507754544732 0 0.12879732862069723 0.6986513695350487 3.224076567235643 0.1294540091433264 1.520256846657036 1.002469370152295 0.8370682419573294 3.318990792118401
7700 499.2507754544732 0 0.12879732862069723 0.6986513695350487 3.224076567235643 0.1294540091433264 1.520256846657036 1.002469370152295 0.8370682419573294 3.318990792118401
7750 499.2507754544732 0 0.12879732862069723 0.6986513695350487 3.224076567235643 0.1294540091433264 1.520256846657036 1.002469370152295 0.8370682419573294 3.318990792118401
7800 499.2507754544732 0 0.12879732862069723 0.6986513695350487 3.224076567235643 0.1294540091433264 1.520256846657036 1.002469370152295 0.8370682419573294 3.318990792118401
7850 499.2507754544732 0 0.12879732862069723 0.6986513695350487 3.224076567235643 0.1294540091433264 1.520256846657036 1.002469370152295 0.8370682419573294 3.318990792118401
7900 499.2507754544732 0 0.12879732862069723 0.6986513695350487 3.224076567235643 0.1294540091433264 1.520256846657036 1.002469370152295 0.8370682419573294 3.318990792118401
7950 499.2507754544732 0 0.12879732862069723 0.6986513695350487 3.224076567235643 0.1294540091433264 1.520256846657036 1.002469370152295 0.8370682419573294 3.318990792118401
8000 499.2507754544732 0 0.12879732862069723 0.6986513695350487 3.224076567235643 0.1294540091433264 1.520256846657036 1.002469370152295 0.8370682419573294 3.318990792118401
8050 499.2507754544732 0 0.12879732862069723 0.6986513695350487 3.224076567235643 0.1294540091433264 1.520256846657036 1.002469370152295 0.8370682419573294 3.318990792118401
8100 499.2507754544732 0 0.12879732862069723 0.6986513695350487 3.224076567235643 0.1294540091433264 1.520256846657036 1.002469370152295 0.8370682419573294 3.318990792118401
8150 499.2507754544732 0 0.12879732862069723 0.6986513695350487 3.224076567235643 0.1294540091433264 1.520256846657036 1.002469370152295 0.8370682419573294 3.318990792118401
8200 499.2507754544732 0 0.12879732862069723 0.6986513695350487 3.224076567235643 0.1294540091433264 1.520256846657036 1.002469370152295 0.8370682419573294 3.318990792118401
8250 499.2507754544732 0 0.12879732862069723 0.6986513695350487 3.224076567235643 0.1294540091433264 1.520256846657036 1.002469370152295 0.8370682419573294 3.318990792118401
8300 499.2507754544732 0 0.12879732862069723 0.6986513695350487 3.224076567235643 0.1294540091433264 1.520256846657036 1.002469370152295 0.8370682419573294 3.318990792118401
8350 499.2507754544732 0 0.12879732862069723 0.6986513695350487 3.224076567235643 0.1294540091433264 1.520256846657036 1.002469370152295 0.8370682419573294 3.318990792118401
8400 499.2507754544732 0 0.12879732862069723 0.6986513695350487 3.224076567235643 0.1294540091433264 1.520256846657036 1.002469370152295 0.8370682419573294 3.318990792118401
8450 499.2507754544732 0 0.12879732862069723 0.6986513695350487 3.224076567235643 0.1294540091433264 1.520256846657036 1.002469370152295 0.8370682419573294 3.318990792118401
8500 499.2507754544732 0 0.12879732862069723 0.6986513695350487 3.224076567235643 0.1294540091433264 1.520256846657036 1.002469370152295 0.8370682419573294 3.318990792118401
8550 499.2507754544732 0 0.12879732862069723 0.6986513695350487 3.224076567235643 0.1294540091433264 1.520256846657036 1.002469370152295 0.8370682419573294 3.318990792118401
8600 499.2507754544732 0 0.12879732862069723 0.6986513695350487 3.224076567235643 0.1294540091433264 1.520256846657036 1.002469370152295 0.8370682419573294 3.318990792118401
8650 499.2507754544732 0 0.12879732862069723 0.6986513695350487 3.224076567235643 0.1294540091433264 1.520256846657036 1.002469370152295 0.8370682419573294 3.318990792118401
8700 499.2507754544732 0 0.12879732862069723 0.6986513695350487 3.224076567235643 0.1294540091433264 1.520256846657036 1.002469370152295 0.8370682419573294 3.318990792118401
8750 499.2507754544732 0 0.12879732862069723 0.6986513695350487 3.224076567235643 0.1294540091433264 1.520256846657036 1.002469370152295 0.8370682419573294 3.318990792118401
8800 499.2507754544732 0 0.12879732862069723 0.6986513695350487 3.224076567235643 0.1294540091433264 1.520256846657036 1.002469370152295 0.8370682419573294 3.318990792118401
8850 499.2507754544732 0 0.12879732862069723 0.6986513695350487 3.224076567235643 0.1294540091433264 1.520256846657036 1.002469370152295 0.8370682419573294 3.318990792118401
8900 499.2507754544732 0 0.12879732862069723 0.6986513695350487 3.224076567235643 0.1294540091433264 1.520256846657036 1.002469370152295 0.8370682419573294 3.318990792118401
8950 499.2507754544732 0 0.12879732862069723 0.6986513695350487 3.224076567235643 0.1294540091433264 1.520256846657036 1.002469370152295 0.8370682419573294 3.318990792118401
9000 499.2507754544732 0 0.12879732862069723 0.6986513695350487 3.224076567235643 0.1294540091433264 1.520256846657036 1.002469370152295 0.8370682419573294 3.318990792118401
9050 499.2507754544732 0 0.12879732862069723 0.6986513695350487 3.224076567235643 0.1294540091433264 1.520256846657036 1.002469370152295 0.8370682419573294 3.318990792118401
9100 499.2507754544732 0 0.12879732862069723 0.6986513695350487 3.224076567235643 0.1294540091433264 1.520256846657036 1.002469370152295 0.8370682419573294 3.318990792118401
9150 499.2507754544732 0 0.12879732862069723 0.6986513695350487 3.224076567235643 0.1294540091433264 1.520256846657036 1.002469370152295 0.8370682419573294 3.318990792118401
9200 499.2507754544732 0 0.12879732862069723 0.6986513695350487 3.224076567235643 0.1294540091433264 1.520256846657036 1.002469370152295 0.8370682419573294 3.318990792118401
9250 499.2507754544732 0 0.12879732862069723 0.6986513695350487 3.224076567235643 0.1294540091433264 1.520256846657036 1.002469370152295 0.8370682419573294 3.318990792118401
9300 499.2507754544732 0 0.12879732862069723 0.6986513695350487 3.224076567235643 0.1294540091433264 1.520256846657036 1.002469370152295 0.8370682419573294 3.318990792118401
9350 499.2507754544732 0 0.12879732862069723 0.6986513695350487 3.224076567235643 0.1294540091433264 1.520256846657036 1.002469370152295 0.8370682419573294 3.318990792118401
9400 499.2507754544732 0 0.12879732862069723 0.6986513695350487 3.224076567235643 0.1294540091433264 1.520256846657036 1.002469370152295 0.8370682419573294 3.318990792118401
9450 499.2507754544732 0 0.12879732862069723 0.6986513695350487 3.224076567235643 0.1294540091433264 1.520256846657036 1.002469370152295 0.8370682419573294 3.318990792118401
9500 499.2507754544732 0 0.12879732862069723 0.6986513695350487 3.224076567235643 0.1294540091433264 1.520256846657036 1.002469370152295 0.8370682419573294 3.318990792118401
9550 499.2507754544732 0 0.12879732862069723 0.6986513695350487 3.224076567235643 0.1294540091433264 1.520256846657036 1.002469370152295 0.8370682419573294 3.318990792118401
9600 499.2507754544732 0 0.12879732862069723 0.6986513695350487 3.224076567235643 0.1294540091433264 1.520256846657036 1.002469370152295 0.8370682419573294 3.318990792118401
9650 499.2507754544732 0 0.12879732862069723 0.6986513695350487 3.224076567235643 0.1294540091433264 1.520256846657036 1.002469370152295 0.8370682419573294 3.318990792118401
9700 499.2507754544732 0 0.12879732862069723 0.6986513695350487 3.224076567235643 0.1294540091433264 1.520256846657036 1.002469370152295 0.8370682419573294 3.318990792118401
9750 499.2507754544732 0 0.12879732862069723 0.6986513695350487 3.224076567235643 0.1294540091433264 1.520256846657036 1.002469370152295 0.8370682419573294 3.318990792118401
9800 499.2507754544732 0 0.12879732862069723 0.6986513695350487 3.224076567235643 0.1294540091433264 1.520256846657036 1.002469370152295 0.8370682419573294 3.318990792118401
9850 499.2507754544732 0 0.12879732862069723 0.6986513695350487 3.224076567235643 0.1294540091433264 1.520256846657036 1.002469370152295 0.8370682419573294 3.318990792118401
9900 499.2507754544732 0 0.12879732862069723 0.6986513695350487 3.224076567235643 0.1294540091433264 1.520256846657036 1.002469370152295 0.8370682419573294 3.318990792118401
9950 499.2507754544732 0 0.12879732862069723 0.6986513695350487 3.224076567235643 0.1294540091433264 1.520256846657036 1.002469370152295 0.8370682419573294 3.318990792118401
10000 499.2507754544732 0 0.12879732862069723 0.6986513695350487 3.224076567235643 0.1294540091433264 1.520256846657036 1.002469370152295 0.8370682419573294 3.318990792118401
10050 499.2507754544732 0 0.12879732862069723 0.6986513695350487 3.224076567235643 0.1294540091433264 1.520256846657036 1.002469370152295 0.8370682419573294 3.318990792118401
10100 499.2507754544732 0 0.12879732862069723 0.6986513695350487 3.224076567235643 0.1294540091433264 1.520256846657036 1.002469370152295 0.8370682419573294 3.318990792118401
10150 499.2507754544732 0 0.12879732862069723 0.6986513695350487 3.224076567235643 0.1294540091433264 1.520256846657036 1.002469370152295 0.8370682419573294 3.318990792118401
10200 499.2507754544732 0 0.12879732862069723 0.6986513695350487 3.224076567235643 0.1294540091433264 1.520256846657036 1.002469370152295 0.8370682419573294 3.318990792118401
10250 499.2507754544732 0 0.12879732862069723 0.6986513695350487 3.224076567235643 0.1294540091433264 1.520256846657036 1.002469370152295 0.8370682419573294 3.318990792118401
10300 499.2507754544732 0 0.12879732862069723 0.6986513695350487 3.224076567235643 0.1294540091433264 1.520256846657036 1.002469370152295 0.8370682419573294 3.318990792118401
10350 499.2507754544732 0 0.12879732862069723 0.6986513695350487 3.224076567235643 0.1294540091433264 1.520256846657036 1.002469370152295 0.8370682419573294 3.318990792118401
10400 499.2507754544732 0 0.12879732862069723 0.6986513695350487 3.224076567235643 0.1294540091433264 1.520256846657036 1.002469370152295 0.8370682419573294 3.318990792118401
10450 499.2507754544732 0 0.12879732862069723 0.6986513695350487 3.224076567235643 0.1294540091433264 1.520256846657036 1.002469370152295 0.8370682419573294 3.318990792118401
10500 499.2507754544732 0 0.12879732862069723 0.6986513695350487 3.224076567235643 0.1294540091433264 1.520256846657036 1.002469370152295 0.8370682419573294 3.318990792118401
10550 499.2507754544732 0 0.12879732862069723 0.6986513695350487 3.224076567235643 0.1294540091433264 1.520256846657036 1.002469370152295 0.8370682419573294 3.318990792118401
10600 499.2507754544732 0 0.12879732862069723 0.6986513695350487 3.224076567235643 0.1294540091433264 1.520256846657036 1.002469370152295 0.8370682419573294 3.318990792118401
10650 499.2507754544732 0 0.12879732862069723 0.6986513695350487 3.224076567235643 0.1294540091433264 1.520256846657036 1.002469370152295 0.8370682419573294 3.318990792118401
10700 499.2507754544732 0 0.12879732862069723 0.6986513695350487 3.224076567235643 0.1294540091433264 1.520256846657036 1.002469370152295 0.8370682419573294 3.318990792118401
10750 499.2507754544732 0 0.12879732862069723 0.6986513695350487 3.224076567235643 0.1294540091433264 1.520256846657036 1.002469370152295 0.8370682419573294 3.318990792118401
10800 499.2507754544732 0 0.12879732862069723 0.6986513695350487 3.224076567235643 0.1294540091433264 1.520256846657036 1.002469370152295 0.8370682419573294 3.318990792118401
10850 499.2507754544732 0 0.12879732862069723 0.6986513695350487 3.224076567235643 0.1294540091433264 1.520256846657036 1.002469370152295 0.8370682419573294 3.318990792118401
10900 499.2507754544732 0 0.12879732862069723 0.6986513695350487 3.224076567235643 0.1294540091433264 1.520256846657036 1.002469370152295 0.8370682419573294 3.318990792118401
10950 499.2507754544732 0 0.12879732862069723 0.6986513695350487 3.224076567235643 0.1294540091433264 1.520256846657036 1.002469370152295 0.8370682419573294 3.318990792118401
11000 499.2507754544732 0 0.12879732862069723 0.6986513695350487 3.224076567235643 0.1294540091433264 1.520256846657036 1.002469370152295 0.8370682419573294 3.318990792118401
11050 499.2507754544732 0 0.12879732862069723 0.6986513695350487 3.224076567235643 0.1294540091433264 1.520256846657036 1.002469370152295 0.8370682419573294 3.318990792118401
11100 499.2507754544732 0 0.12879732862069723 0.6986513695350487 3.224076567235643 0.1294540091433264 1.520256846657036 1.002469370152295 0.8370682419573294 3.318990792118401
11150 499.2507754544732 0 0.12879732862069723 0.6986513695350487 3.224076567235643 0.1294540091433264 1.520256846657036 1.002469370152295 0.8370682419573294 3.318990792118401
11200 499.2507754544732 0 0.12879732862069723 0.6986513695350487 3.224076567235643 0.1294540091433264 1.520256846657036 1.002469370152295 0.8370682419573294 3.318990792118401
11250 499.2507754544732 0 0.12879732862069723 0.6986513695350487 3.224076567235643 0.1294540091433264 1.520256846657036 1.002469370152295 0.8370682419573294 3.318990792118401
11300 499.2507754544732 0 0.12879732862069723 0.6986513695350487 3.224076567235643 0.1294540091433264 1.520256846657036 1.002469370152295 0.8370682419573294 3.318990792118401
11350 499.2507754544732 0 0.12879732862069723 0.6986513695350487 3.224076567235643 0.1294540091433264 1.520256846657036 1.002469370152295 0.8370682419573294 3.318990792118401
11400 499.2507754544732 0 0.12879732862069723 0.6986513695350487 3.224076567235643 0.1294540091433264 1.520256846657036 1.002469370152295 0.8370682419573294 3.318990792118401
11450 499.2507754544732 0 0.12879732862069723 0.6986513695350487 3.224076567235643 0.1294540091433264 1.520256846657036 1.002469370152295 0.8370682419573294 3.318990792118401
11500 499.2507754544732 0 0.12879732862069723 0.6986513695350487 3.224076567235643 0.1294540091433264 1.520256846657036 1.002469370152295 0.8370682419573294 3.318990792118401
11550 499.2507754544732 0 0.12879732862069723 0.6986513695350487 3.224076567235643 0.1294540091433264 1.520256846657036 1.002469370152295 0.8370682419573294 3.318990792118401
11600 499.2507754544732 0 0.12879732862069723 0.6986513695350487 3.224076567235643 0.1294540091433264 1.520256846657036 1.002469370152295 0.8370682419573294 3.318990792118401
11650 499.2507754544732 0 0.12879732862069723 0.6986513695350487 3.224076567235643 0.1294540091433264 1.520256846657036 1.002469370152295 0.8370682419573294 3.318990792118401
11700 499.2507754544732 0 0.12879732862069723 0.6986513695350487 3.224076567235643 0.1294540091433264 1.520256846657036 1.002469370152295 0.8370682419573294 3.318990792118401
11750 499.2507754544732 0 0.12879732862069723 0.6986513695350487 3.224076567235643 0.1294540091433264 1.520256846657036 1.002469370152295 0.8370682419573294 3.318990792118401
11800 499.2507754544732 0 0.12879732862069723 0.6986513695350487 3.224076567235643 0.1294540091433264 1.520256846657036 1.002469370152295 0.8370682419573294 3.318990792118401
11850 499.2507754544732 0 0.12879732862069723 0.6986513695350487 3.224076567235643 0.1294540091433264 1.520256846657036 1.002469370152295 0.8370682419573294 3.318990792118401
11900 499.2507754544732 0 0.12879732862069723 0.6986513695350487 3.224076567235643 0.1294540091433264 1.520256846657036 1.002469370152295 0.8370682419573294 3.318990792118401
11950 499.2507754544732 0 0.12879732862069723 0.6986513695350487 3.224076567235643 0.1294540091433264 1.520256846657036 1.002469370152295 0.8370682419573294 3.318990792118401
12000 499.2507754544732 0 0.12879732862069723 0.6986513695350487 3.224076567235643 0.1294540091433264 1.520256846657036 1.002469370152295 0.8370682419573294 3.318990792118401
12050 499.2507754544732 0 0.12879732862069723 0.6986513695350487 3.224076567235643 0.1294540091433264 1.520256846657036 1.002469370152295 0.8370682419573294 3.318990792118401
12100 499.2507754544732 0 0.12879732862069723 0.6986513695350487 3.224076567235643 0.1294540091433264 1.520256846657036 1.002469370152295 0.8370682419573294 3.318990792118401
12150 499.2507754544732 0 0.12879732862069723 0.6986513695350487 3.224076567235643 0.1294540091433264 1.520256846657036 1.002469370152295 0.8370682419573294 3.318990792118401
12200 499.2507754544732 0 0.12879732862069723 0.6986513695350487 3.224076567235643 0.1294540091433264 1.520256846657036 1.002469370152295 0.8370682419573294 3.318990792118401
12250 499.2507754544732 0 0.12879732862069723 0.6986513695350487 3.224076567235643 0.1294540091433264 1.520256846657036 1.002469370152295 0.8370682419573294 3.318990792118401
12300 499.2507754544732 0 0.12879732862069723 0.6986513695350487 3.224076567235643 0.1294540091433264 1.520256846657036 1.002469370152295 0.8370682419573294 3.318990792118401
12350 499.2507754544732 0 0.12879732862069723 0.6986513695350487 3.224076567235643 0.1294540091433264 1.520256846657036 1.002469370152295 0.8370682419573294 3.318990792118401
12400 499.2507754544732 0 0.12879732862069723 0.6986513695350487 3.224076567235643 0.1294540091433264 1.520256846657036 1.002469370152295 0.8370682419573294 3.318990792118401
12450 499.2507754544732 0 0.12879732862069723 0.6986513695350487 3.224076567235643 0.1294540091433264 1.520256846657036 1.002469370152295 0.8370682419573294 3.318990792118401
12500 499.2507754544732 0 0.12879732862069723 0.6986513695350487 3.224076567235643 0.1294540091433264 1.520256846657036 1.002469370152295 0.8370682419573294 3.318990792118401
12550 499.2507754544732 0 0.12879732862069723 0.6986513695350487 3.224076567235643 0.1294540091433264 1.520256846657036 1.002469370152295 0.8370682419573294 3.318990792118401
12600 499.2507754544732 0 0.12879732862069723 0.6986513695350487 3.224076567235643 0.1294540091433264 1.520256846657036 1.002469370152295 0.8370682419573294 3.318990792118401
12650 499.2507754544732 0 0.12879732862069723 0.6986513695350487 3.224076567235643 0.1294540091433264 1.520256846657036 1.002469370152295 0.8370682419573294 3.318990792118401
12700 499.2507754544732 0 0.12879732862069723 0.6986513695350487 3.224076567235643 0.1294540091433264 1.520256846657036 1.002469370152295 0.8370682419573294 3.318990792118401
12750 499.2507754544732 0 0.12879732862069723 0.6986513695350487 3.224076567235643 0.1294540091433264 1.520256846657036 1.002469370152295 0.8370682419573294 3.318990792118401
12800 499.2507754544732 0 0.12879732862069723 0.6986513695350487 3.224076567235643 0.1294540091433264 1.520256846657036 1.002469370152295 0.8370682419573294 3.318990792118401
12850 499.2507754544732 0 0.12879732862069723 0.6986513695350487 3.224076567235643 0.1294540091433264 1.520256846657036 1.002469370152295 0.8370682419573294 3.318990792118401
12900 499.2507754544732 0 0.12879732862069723 0.6986513695350487 3.224076567235643 0.1294540091433264 1.520256846657036 1.002469370152295 0.8370682419573294 3.318990792118401
12950 499.2507754544732 0 0.12879732862069723 0.6986513695350487 3.224076567235643 0.1294540091433264 1.520256846657036 1.002469370152295 0.8370682419573294 3.318990792118401
13000 499.2507754544732 0 0.12879732862069723 0.6986513695350487 3.224076567235643 0.1294540091433264 1.520256846657036 1.002469370152295 0.8370682419573294 3.318990792118401
13050 499.2507754544732 0 0.12879732862069723 0.6986513695350487 3.224076567235643 0.1294540091433264 1.520256846657036 1.002469370152295 0.8370682419573294 3.318990792118401
13100 499.2507754544732 0 0.12879732862069723 0.6986513695350487 3.224076567235643 0.1294540091433264 1.520256846657036 1.002469370152295 0.8370682419573294 3.318990792118401
13150 499.2507754544732 0 0.12879732862069723 0.6986513695350487 3.224076567235643 0.1294540091433264 1.520256846657036 1.002469370152295 0.8370682419573294 3.318990792118401
13200 499.2507754544732 0 0.12879732862069723 0.6986513695350487 3.224076567235643 0.1294540091433264 1.520256846657036 1.002469370152295 0.8370682419573294 3.318990792118401
13250 499.2507754544732 0 0.12879732862069723 0.6986513695350487 3.224076567235643 0.1294540091433264 1.520256846657036 1.002469370152295 0.8370682419573294 3.318990792118401
13300 499.2507754544732 0 0.12879732862069723 0.6986513695350487 3.224076567235643 0.1294540091433264 1.520256846657036 1.002469370152295 0.8370682419573294 3.318990792118401
13350 499.2507754544732 0 0.12879732862069723 0.6986513695350487 3.224076567235643 0.1294540091433264 1.520256846657036 1.002469370152295 0.8370682419573294 3.318990792118401
13400 499.2507754544732 0 0.12879732862069723 0.6986513695350487 3.224076567235643 0.1294540091433264 1.520256846657036 1.002469370152295 0.8370682419573294 3.318990792118401
13450 499.2507754544732 0 0.12879732862069723 0.6986513695350487 3.224076567235643 0.1294540091433264 1.520256846657036 1.002469370152295 0.8370682419573294 3.318990792118401
13500 499.2507754544732 0 0.12879732862069723 0.6986513695350487 3.224076567235643 0.1294540091433264 1.520256846657036 1.002469370152295 0.8370682419573294 3.318990792118401
13550 499.2507754544732 0 0.12879732862069723 0.6986513695350487 3.224076567235643 0.1294540091433264 1.520256846657036 1.002469370152295 0.8370682419573294 3.318990792118401
13600 499.2507754544732 0 0.12879732862069723 0.6986513695350487 3.224076567235643 0.1294540091433264 1.520256846657036 1.002469370152295 0.8370682419573294 3.318990792118401
13650 499.2507754544732 0 0.12879732862069723 0.6986513695350487 3.224076567235643 0.1294540091433264 1.520256846657036 1.002469370152295 0.8370682419573294 3.318990792118401
13700 499.2507754544732 0 0.12879732862069723 0.6986513695350487 3.224076567235643 0.1294540091433264 1.520256846657036 1.002469370152295 0.8370682419573294 3.318990792118401
13750 499.2507754544732 0 0.12879732862069723 0.6986513695350487 3.224076567235643 0.1294540091433264 1.520256846657036 1.002469370152295 0.8370682419573294 3.318990792118401
13800 499.2507754544732 0 0.12879732862069723 0.6986513695350487 3.224076567235643 0.1294540091433264 1.520256846657036 1.002469370152295 0.8370682419573294 3.318990792118401
13850 499.2507754544732 0 0.12879732862069723 0.6986513695350487 3.224076567235643 0.1294540091433264 1.520256846657036 1.002469370152295 0.8370682419573294 3.318990792118401
13900 499.2507754544732 0 0.12879732862069723 0.6986513695350487 3.224076567235643 0.1294540091433264 1.520256846657036 1.002469370152295 0.8370682419573294 3.318990792118401
13950 499.2507754544732 0 0.12879732862069723 0.6986513695350487 3.224076567235643 0.1294540091433264 1.520256846657036 1.002469370152295 0.8370682419573294 3.318990792118401
14000 499.2507754544732 0 0.12879732862069723 0.6986513695350487 3.224076567235643 0.1294540091433264 1.520256846657036 1.002469370152295 0.8370682419573294 3.318990792118401
14050 499.2507754544732 0 0.12879732862069723 0.6986513695350487 3.224076567235643 0.1294540091433264 1.520256846657036 1.002469370152295 0.8370682419573294 3.318990792118401
14100 499.2507754544732 0 0.12879732862069723 0.6986513695350487 3.224076567235643 0.1294540091433264 1.520256846657036 1.002469370152295 0.8370682419573294 3.318990792118401
14150 499.2507754544732 0 0.12879732862069723 0.6986513695350487 3.224076567235643 0.1294540091433264 1.520256846657036 1.002469370152295 0.8370682419573294 3.318990792118401
14200 499.2507754544732 0 0.12879732862069723 0.6986513695350487 3.224076567235643 0.1294540091433264 1.520256846657036 1.002469370152295 0.8370682419573294 3.318990792118401
14250 499.2507754544732 0 0.12879732862069723 0.6986513695350487 3.224076567235643 0.1294540091433264 1.520256846657036 1.002469370152295 0.8370682419573294 3.318990792118401
14300 499.2507754544732 0 0.12879732862069723 0.6986513695350487 3.224076567235643 0.1294540091433264 1.520256846657036 1.002469370152295 0.8370682419573294 3.318990792118401
14350 499.2507754544732 0 0.12879732862069723 0.6986513695350487 3.224076567235643 0.1294540091433264 1.520256846657036 1.002469370152295 0.8370682419573294 3.318990792118401
14400 499.2507754544732 0 0.12879732862069723 0.6986513695350487 3.224076567235643 0.1294540091433264 1.520256846657036 1.002469370152295 0.8370682419573294 3.318990792118401
14450 499.2507754544732 0 0.12879732862069723 0.6986513695350487 3.224076567235643 0.1294540091433264 1.520256846657036 1.002469370152295 0.8370682419573294 3.318990792118401
14500 499.2507754544732 0 0.12879732862069723 0.6986513695350487 3.224076567235643 0.1294540091433264 1.520256846657036 1.002469370152295 0.8370682419573294 3.318990792118401
14550 499.2507754544732 0 0.12879732862069723 0.6986513695350487 3.224076567235643 0.1294540091433264 1.520256846657036 1.002469370152295 0.8370682419573294 3.318990792118401
14600 499.2507754544732 0 0.12879732862069723 0.6986513695350487 3.224076567235643 0.1294540091433264 1.520256846657036 1.002469370152295 0.8370682419573294 3.318990792118401
14650 499.2507754544732 0 0.12879732862069723 0.6986513695350487 3.224076567235643 0.1294540091433264 1.520256846657036 1.002469370152295 0.8370682419573294 3.318990792118401
14700 499.2507754544732 0 0.12879732862069723 0.6986513695350487 3.224076567235643 0.1294540091433264 1.520256846657036 1.002469370152295 0.8370682419573294 3.318990792118401
14750 499.2507754544732 0 0.12879732862069723 0.6986513695350487 3.224076567235643 0.1294540091433264 1.520256846657036 1.002469370152295 0.8370682419573294 3.318990792118401
14800 499.2507754544732 0 0.12879732862069723 0.6986513695350487 3.224076567235643 0.1294540091433264 1.520256846657036 1.002469370152295 0.8370682419573294 3.318990792118401
14850 499.2507754544732 0 0.12879732862069723 0.6986513695350487 3.224076567235643 0.1294540091433264 1.520256846657036 1.002469370152295 0.8370682419573294 3.318990792118401
14900 499.2507754544732 0 0.12879732862069723 0.6986513695350487 3.224076567235643 0.1294540091433264 1.520256846657036 1.002469370152295 0.8370682419573294 3.318990792118401
14950 499.2507754544732 0 0.12879732862069723 0.6986513695350487 3.224076567235643 0.1294540091433264 1.520256846657036 1.002469370152295 0.8370682419573294 3.318990792118401
15000 499.2507754544732 0 0.12879732862069723 0.6986513695350487 3.224076567235643 0.1294540091433264 1.520256846657036 1.002469370152295 0.8370682419573294 3.318990792118401
15050 499.2507754544732 0 0.12879732862069723 0.6986513695350487 3.224076567235643 0.1294540091433264 1.520256846657036 1.002469370152295 0.8370682419573294 3.318990792118401
15100 499.2507754544732 0 0.12879732862069723 0.6986513695350487 3.224076567235643 0.1294540091433264 1.520256846657036 1.002469370152295 0.8370682419573294 3.318990792118401
15150 499.2507754544732 0 0.12879732862069723 0.6986513695350487 3.224076567235643 0.1294540091433264 1.520256846657036 1.002469370152295 0.8370682419573294 3.318990792118401
15200 499.2507754544732 0 0.12879732862069723 0.6986513695350487 3.224076567235643 0.1294540091433264 1.520256846657036 1.002469370152295 0.8370682419573294 3.318990792118401
15250 499.2507754544732 0 0.12879732862069723 0.6986513695350487 3.224076567235643 0.1294540091433264 1.520256846657036 1.002469370152295 0.8370682419573294 3.318990792118401
15300 499.2507754544732 0 0.12879732862069723 0.6986513695350487 3.224076567235643 0.1294540091433264 1.520256846657036 1.002469370152295 0.8370682419573294 3.318990792118401
15350 499.2507754544732 0 0.12879732862069723 0.6986513695350487 3.224076567235643 0.1294540091433264 1.520256846657036 1.002469370152295 0.8370682419573294 3.318990792118401
15400 499.2507754544732 0 0.12879732862069723 0.6986513695350487 3.224076567235643 0.1294540091433264 1.520256846657036 1.002469370152295 0.8370682419573294 3.318990792118401
15450 499.2507754544732 0 0.12879732862069723 0.6986513695350487 3.224076567235643 0.1294540091433264 1.520256846657036 1.002469370152295 0.8370682419573294 3.318990792118401
15500 499.2507754544732 0 0.12879732862069723 0.6986513695350487 3.224076567235643 0.1294540091433264 1.520256846657036 1.002469370152295 0.8370682419573294 3.318990792118401
15550 499.2507754544732 0 0.12879732862069723 0.6986513695350487 3.224076567235643 0.1294540091433264 1.520256846657036 1.002469370152295 0.8370682419573294 3.318990792118401
15600 499.2507754544732 0 0.12879732862069723 0.6986513695350487 3.224076567235643 0.1294540091433264 1.520256846657036 1.002469370152295 0.8370682419573294 3.318990792118401
15650 499.2507754544732 0 0.12879732862069723 0.6986513695350487 3.224076567235643 0.1294540091433264 1.520256846657036 1.002469370152295 0.8370682419573294 3.318990792118401
15700 499.2507754544732 0 0.12879732862069723 0.6986513695350487 3.224076567235643 0.1294540091433264 1.520256846657036 1.002469370152295 0.8370682419573294 3.318990792118401
15750 499.2507754544732 0 0.12879732862069723 0.6986513695350487 3.224076567235643 0.1294540091433264 1.520256846657036 1.002469370152295 0.8370682419573294 3.318990792118401
15800 499.2507754544732 0 0.12879732862069723 0.6986513695350487 3.224076567235643 0.1294540091433264 1.520256846657036 1.002469370152295 0.8370682419573294 3.318990792118401
15850 499.2507754544732 0 0.12879732862069723 0.6986513695350487 3.224076567235643 0.1294540091433264 1.520256846657036 1.002469370152295 0.8370682419573294 3.318990792118401
15900 499.2507754544732 0 0.12879732862069723 0.6986513695350487 3.224076567235643 0.1294540091433264 1.520256846657036 1.002469370152295 0.8370682419573294 3.318990792118401
15950 499.2507754544732 0 0.12879732862069723 0.6986513695350487 3.224076567235643 0.1294540091433264 1.520256846657036 1.002469370152295 0.8370682419573294 3.318990792118401
16000 499.2507754544732 0 0.12879732862069723 0.6986513695350487 3.224076567235643 0.1294540091433264 1.520256846657036 1.002469370152295 0.8370682419573294 3.318990792118401
16050 499.2507754544732 0 0.12879732862069723 0.6986513695350487 3.224076567235643 0.1294540091433264 1.520256846657036 1.002469370152295 0.8370682419573294 3.318990792118401
16100 499.2507754544732 0 0.12879732862069723 0.6986513695350487 3.224076567235643 0.1294540091433264 1.520256846657036 1.002469370152295 0.8370682419573294 3.318990792118401
16150 499.2507754544732 0 0.12879732862069723 0.6986513695350487 3.224076567235643 0.1294540091433264 1.520256846657036 1.002469370152295 0.8370682419573294 3.318990792118401
16200 499.2507754544732 0 0.12879732862069723 0.6986513695350487 3.224076567235643 0.1294540091433264 1.520256846657036 1.002469370152295 0.8370682419573294 3.318990792118401
16250 499.2507754544732 0 0.12879732862069723 0.6986513695350487 3.224076567235643 0.1294540091433264 1.520256846657036 1.002469370152295 0.8370682419573294 3.318990792118401
16300 499.2507754544732 0 0.12879732862069723 0.6986513695350487 3.224076567235643 0.1294540091433264 1.520256846657036 1.002469370152295 0.8370682419573294 3.318990792118401
16350 499.2507754544732 0 0.12879732862069723 0.6986513695350487 3.224076567235643 0.1294540091433264 1.520256846657036 1.002469370152295 0.8370682419573294 3.318990792118401
16400 499.2507754544732 0 0.12879732862069723 0.6986513695350487 3.224076567235643 0.1294540091433264 1.520256846657036 1.002469370152295 0.8370682419573294 3.318990792118401
16450 499.2507754544732 0 0.12879732862069723 0.6986513695350487 3.224076567235643 0.1294540091433264 1.520256846657036 1.002469370152295 0.8370682419573294 3.318990792118401
16500 499.2507754544732 0 0.12879732862069723 0.6986513695350487 3.224076567235643 0.1294540091433264 1.520256846657036 1.002469370152295 0.8370682419573294 3.318990792118401
16550 499.2507754544732 0 0.12879732862069723 0.6986513695350487 3.224076567235643 0.1294540091433264 1.520256846657036 1.002469370152295 0.8370682419573294 3.318990792118401
16600 499.2507754544732 0 0.12879732862069723 0.6986513695350487 3.224076567235643 0.1294540091433264 1.520256846657036 1.002469370152295 0.8370682419573294 3.318990792118401
16650 499.2507754544732 0 0.12879732862069723 0.6986513695350487 3.224076567235643 0.1294540091433264 1.520256846657036 1.002469370152295 0.8370682419573294 3.318990792118401
16700 499.2507754544732 0 0.12879732862069723 0.6986513695350487 3.224076567235643 0.1294540091433264 1.520256846657036 1.002469370152295 0.8370682419573294 3.318990792118401
16750 499.2507754544732 0 0.12879732862069723 0.6986513695350487 3.224076567235643 0.1294540091433264 1.520256846657036 1.002469370152295 0.8370682419573294 3.318990792118401
16800 499.2507754544732 0 0.12879732862069723 0.6986513695350487 3.224076567235643 0.1294540091433264 1.520256846657036 1.002469370152295 0.8370682419573294 3.318990792118401
16850 499.2507754544732 0 0.12879732862069723 0.6986513695350487 3.224076567235643 0.1294540091433264 1.520256846657036 1.002469370152295 0.8370682419573294 3.318990792118401
16900 499.2507754544732 0 0.12879732862069723 0.6986513695350487 3.224076567235643 0.1294540091433264 1.520256846657036 1.002469370152295 0.8370682419573294 3.318990792118401
16950 499.2507754544732 0 0.12879732862069723 0.6986513695350487 3.224076567235643 0.1294540091433264 1.520256846657036 1.002469370152295 0.8370682419573294 3.318990792118401
17000 499.2507754544732 0 0.12879732862069723 0.6986513695350487 3.224076567235643 0.1294540091433264 1.520256846657036 1.002469370152295 0.8370682419573294 3.318990792118401
17050 499.2507754544732 0 0.12879732862069723 0.6986513695350487 3.224076567235643 0.1294540091433264 1.520256846657036 1.002469370152295 0.8370682419573294 3.318990792118401
17100 499.2507754544732 0 0.12879732862069723 0.6986513695350487 3.224076567235643 0.1294540091433264 1.520256846657036 1.002469370152295 0.8370682419573294 3.318990792118401
17150 499.2507754544732 0 0.12879732862069723 0.6986513695350487 3.224076567235643 0.1294540091433264 1.520256846657036 1.002469370152295 0.8370682419573294 3.318990792118401
17200 499.2507754544732 0 0.12879732862069723 0.6986513695350487 3.224076567235643 0.1294540091433264 1.520256846657036 1.002469370152295 0.8370682419573294 3.318990792118401
17250 499.2507754544732 0 0.12879732862069723 0.6986513695350487 3.224076567235643 0.1294540091433264 1.520256846657036 1.002469370152295 0.8370682419573294 3.318990792118401
17300 499.2507754544732 0 0.12879732862069723 0.6986513695350487 3.224076567235643 0.1294540091433264 1.520256846657036 1.002469370152295 0.8370682419573294 3.318990792118401
17350 499.2507754544732 0 0.12879732862069723 0.6986513695350487 3.224076567235643 0.1294540091433264 1.520256846657036 1.002469370152295 0.8370682419573294 3.318990792118401
17400 499.2507754544732 0 0.12879732862069723 0.6986513695350487 3.224076567235643 0.1294540091433264 1.520256846657036 1.002469370152295 0.8370682419573294 3.318990792118401
17450 499.2507754544732 0 0.12879732862069723 0.6986513695350487 3.224076567235643 0.1294540091433264 1.520256846657036 1.002469370152295 0.8370682419573294 3.318990792118401
17500 499.2507754544732 0 0.12879732862069723 0.6986513695350487 3.224076567235643 0.1294540091433264 1.520256846657036 1.002469370152295 0.8370682419573294 3.318990792118401
17550 499.2507754544732 0 0.12879732862069723 0.6986513695350487 3.224076567235643 0.1294540091433264 1.520256846657036 1.002469370152295 0.8370682419573294 3.318990792118401
17600 499.2507754544732 0 0.12879732862069723 0.6986513695350487 3.224076567235643 0.1294540091433264 1.520256846657036 1.002469370152295 0.8370682419573294 3.318990792118401
17650 499.2507754544732 0 0.12879732862069723 0.6986513695350487 3.224076567235643 0.1294540091433264 1.520256846657036 1.002469370152295 0.8370682419573294 3.318990792118401
17700 499.2507754544732 0 0.12879732862069723 0.6986513695350487 3.224076567235643 0.1294540091433264 1.520256846657036 1.002469370152295 0.8370682419573294 3.318990792118401
17750 499.2507754544732 0 0.12879732862069723 0.6986513695350487 3.224076567235643 0.1294540091433264 1.520256846657036 1.002469370152295 0.8370682419573294 3.318990792118401
17800 499.2507754544732 0 0.12879732862069723 0.6986513695350487 3.224076567235643 0.1294540091433264 1.520256846657036 1.002469370152295 0.8370682419573294 3.318990792118401
17850 499.2507754544732 0 0.12879732862069723 0.6986513695350487 3.224076567235643 0.1294540091433264 1.520256846657036 1.002469370152295 0.8370682419573294 3.318990792118401
17900 499.2507754544732 0 0.12879732862069723 0.6986513695350487 3.224076567235643 0.1294540091433264 1.520256846657036 1.002469370152295 0.8370682419573294 3.318990792118401
17950 499.2507754544732 0 0.12879732862069723 0.6986513695350487 3.224076567235643 0.1294540091433264 1.520256846657036 1.002469370152295 0.8370682419573294 3.318990792118401
18000 499.2507754544732 0 0.12879732862069723 0.6986513695350487 3.224076567235643 0.1294540091433264 1.520256846657036 1.002469370152295 0.8370682419573294 3.318990792118401
18050 499.2507754544732 0 0.12879732862069723 0.6986513695350487 3.224076567235643 0.1294540091433264 1.520256846657036 1.002469370152295 0.8370682419573294 3.318990792118401
18100 499.2507754544732 0 0.12879732862069723 0.6986513695350487 3.224076567235643 0.1294540091433264 1.520256846657036 1.002469370152295 0.8370682419573294 3.318990792118401
18150 499.2507754544732 0 0.12879732862069723 0.6986513695350487 3.224076567235643 0.1294540091433264 1.520256846657036 1.002469370152295 0.8370682419573294 3.318990792118401
18200 499.2507754544732 0 0.12879732862069723 0.6986513695350487 3.224076567235643 0.1294540091433264 1.520256846657036 1.002469370152295 0.8370682419573294 3.318990792118401
18250 499.2507754544732 0 0.12879732862069723 0.6986513695350487 3.224076567235643 0.1294540091433264 1.520256846657036 1.002469370152295 0.8370682419573294 3.318990792118401
18300 499.2507754544732 0 0.12879732862069723 0.6986513695350487 3.224076567235643 0.1294540091433264 1.520256846657036 1.002469370152295 0.8370682419573294 3.318990792118401
18350 499.2507754544732 0 0.12879732862069723 0.6986513695350487 3.224076567235643 0.1294540091433264 1.520256846657036 1.002469370152295 0.8370682419573294 3.318990792118401
18400 499.2507754544732 0 0.12879732862069723 0.6986513695350487 3.224076567235643 0.1294540091433264 1.520256846657036 1.002469370152295 0.8370682419573294 3.318990792118401
18450 499.2507754544732 0 0.12879732862069723 0.6986513695350487 3.224076567235643 0.1294540091433264 1.520256846657036 1.002469370152295 0.8370682419573294 3.318990792118401
18500 499.2507754544732 0 0.12879732862069723 0.6986513695350487 3.224076567235643 0.1294540091433264 1.520256846657036 1.002469370152295 0.8370682419573294 3.318990792118401
18550 499.2507754544732 0 0.12879732862069723 0.6986513695350487 3.224076567235643 0.1294540091433264 1.520256846657036 1.002469370152295 0.8370682419573294 3.318990792118401
18600 499.2507754544732 0 0.12879732862069723 0.6986513695350487 3.224076567235643 0.1294540091433264 1.520256846657036 1.002469370152295 0.8370682419573294 3.318990792118401
18650 499.2507754544732 0 0.12879732862069723 0.6986513695350487 3.224076567235643 0.1294540091433264 1.520256846657036 1.002469370152295 0.8370682419573294 3.318990792118401
18700 499.2507754544732 0 0.12879732862069723 0.6986513695350487 3.224076567235643 0.1294540091433264 1.520256846657036 1.002469370152295 0.8370682419573294 3.318990792118401
18750 499.2507754544732 0 0.12879732862069723 0.6986513695350487 3.224076567235643 0.1294540091433264 1.520256846657036 1.002469370152295 0.8370682419573294 3.318990792118401
18800 499.2507754544732 0 0.12879732862069723 0.6986513695350487 3.224076567235643 0.1294540091433264 1.520256846657036 1.002469370152295 0.8370682419573294 3.318990792118401
18850 499.2507754544732 0 0.12879732862069723 0.6986513695350487 3.224076567235643 0.1294540091433264 1.520256846657036 1.002469370152295 0.8370682419573294 3.318990792118401
18900 499.2507754544732 0 0.12879732862069723 0.6986513695350487 3.224076567235643 0.1294540091433264 1.520256846657036 1.002469370152295 0.8370682419573294 3.318990792118401
18950 499.2507754544732 0 0.12879732862069723 0.6986513695350487 3.224076567235643 0.1294540091433264 1.520256846657036 1.002469370152295 0.8370682419573294 3.318990792118401
19000 499.2507754544732 0 0.12879732862069723 0.6986513695350487 3.224076567235643 0.1294540091433264 1.520256846657036 1.002469370152295 0.8370682419573294 3.318990792118401
19050 499.2507754544732 0 0.12879732862069723 0.6986513695350487 3.224076567235643 0.1294540091433264 1.520256846657036 1.002469370152295 0.8370682419573294 3.318990792118401
19100 499.2507754544732 0 0.12879732862069723 0.6986513695350487 3.224076567235643 0.1294540091433264 1.520256846657036 1.002469370152295 0.8370682419573294 3.318990792118401
19150 499.2507754544732 0 0.12879732862069723 0.6986513695350487 3.224076567235643 0.1294540091433264 1.520256846657036 1.002469370152295 0.8370682419573294 3.318990792118401
19200 499.2507754544732 0 0.12879732862069723 0.6986513695350487 3.224076567235643 0.1294540091433264 1.520256846657036 1.002469370152295 0.8370682419573294 3.318990792118401
19250 499.2507754544732 0 0.12879732862069723 0.6986513695350487 3.224076567235643 0.1294540091433264 1.520256846657036 1.002469370152295 0.8370682419573294 3.318990792118401
19300 499.2507754544732 0 0.12879732862069723 0.6986513695350487 3.224076567235643 0.1294540091433264 1.520256846657036 1.002469370152295 0.8370682419573294 3.318990792118401
19350 499.2507754544732 0 0.12879732862069723 0.6986513695350487 3.224076567235643 0.1294540091433264 1.520256846657036 1.002469370152295 0.8370682419573294 3.318990792118401
19400 499.2507754544732 0 0.12879732862069723 0.6986513695350487 3.224076567235643 0.1294540091433264 1.520256846657036 1.002469370152295 0.8370682419573294 3.318990792118401
19450 499.2507754544732 0 0.12879732862069723 0.6986513695350487 3.224076567235643 0.1294540091433264 1.520256846657036 1.002469370152295 0.8370682419573294 3.318990792118401
19500 499.2507754544732 0 0.12879732862069723 0.6986513695350487 3.224076567235643 0.1294540091433264 1.520256846657036 1.002469370152295 0.8370682419573294 3.318990792118401
19550 499.2507754544732 0 0.12879732862069723 0.6986513695350487 3.224076567235643 0.1294540091433264 1.520256846657036 1.002469370152295 0.8370682419573294 3.318990792118401
19600 499.2507754544732 0 0.12879732862069723 0.6986513695350487 3.224076567235643 0.1294540091433264 1.520256846657036 1.002469370152295 0.8370682419573294 3.318990792118401
19650 499.2507754544732 0 0.12879732862069723 0.6986513695350487 3.224076567235643 0.1294540091433264 1.520256846657036 1.002469370152295 0.8370682419573294 3.318990792118401
19700 499.2507754544732 0 0.12879732862069723 0.6986513695350487 3.224076567235643 0.1294540091433264 1.520256846657036 1.002469370152295 0.8370682419573294 3.318990792118401
19750 499.2507754544732 0 0.12879732862069723 0.6986513695350487 3.224076567235643 0.1294540091433264 1.520256846657036 1.002469370152295 0.8370682419573294 3.318990792118401
19800 499.2507754544732 0 0.12879732862069723 0.6986513695350487 3.224076567235643 0.1294540091433264 1.520256846657036 1.002469370152295 0.8370682419573294 3.318990792118401
19850 499.2507754544732 0 0.12879732862069723 0.6986513695350487 3.224076567235643 0.1294540091433264 1.520256846657036 1.002469370152295 0.8370682419573294 3.318990792118401
19900 499.2507754544732 0 0.12879732862069723 0.6986513695350487 3.224076567235643 0.1294540091433264 1.520256846657036 1.002469370152295 0.8370682419573294 3.318990792118401
19950 499.2507754544732 0 0.12879732862069723 0.6986513695350487 3.224076567235643 0.1294540091433264 1.520256846657036 1.002469370152295 0.8370682419573294 3.318990792118401
*---*---*---*---*---*---*---*---*---*---*---*---*---*---*---*---*---*---*---*---*
Status: Finished
Last individual
499.2507754544732 0 0.12879732862069723 0.6986513695350487 3.224076567235643 0.1294540091433264 1.520256846657036 1.002469370152295 0.8370682419573294 3.318990792118401
Hall of fame
499.2507754544732 0 0.14639480670552216 0.7445875463594258 3.2840690502592884 0.1 1.4504475166001474 1.0046432245266053 0.8463676764567716 3.3913348901548486
Last factible individual
499.2507754544732 0 0.12879732862069723 0.6986513695350487 3.224076567235643 0.1294540091433264 1.520256846657036 1.002469370152295 0.8370682419573294 3.318990792118401
CPU time used (seconds)
4.084804516998702
