*---*---*---*---*---*---*---*---*---*---*---*---*---*---*---*---*---*---*---*---*
Algorithm: Differential Evolution
Constrainth handling method: DEB
Function: 22
Case: continuous
Seed: 20
Parents size: 50
Offsprings size: 50
maxFe: 36000
CR: 0.9
F: 0.6
rweights: -
*---*---*---*---*---*---*---*---*---*---*---*---*---*---*---*---*---*---*---*---*
ngen ObjectiveFunction ViolationSum ProjectVariables
50 3178.5126576930843 0.09340660723510208 3.5622445473420843 0.7260117686937038 17 8.3 7.9179773052626805 3.3579953507710254 5.32174105040194
100 4533.460288795558 0.010762407556007991 3.6 0.7 22.6 7.984520483272755 7.8 3.88126870205297 5.439951617215328
150 3737.846703184652 0 3.5963977073593485 0.7066742894443862 19.36 8.057324233376299 8.112921740386161 3.8331651988049824 5.49095897713412
200 3252.6934640598056 0 3.6 0.7 17 8.3 7.941122826281047 3.7305076390953165 5.432430475250661
250 3187.1727908448643 0 3.6 0.7006089830206287 17 8.277226427216778 7.979179561170022 3.5312530655635452 5.419748961456853
300 3131.1983983117507 0 3.6 0.7 17 8.3 8.06385325693865 3.4295576490207353 5.379207246607249
350 3131.1983983117507 0 3.6 0.7 17 8.3 8.06385325693865 3.4295576490207353 5.379207246607249
400 3131.1983983117507 0 3.6 0.7 17 8.3 8.06385325693865 3.4295576490207353 5.379207246607249
450 3131.177661440456 0 3.6 0.7 17 8.3 7.984100996054535 3.4361486225337545 5.379207246607249
500 3131.177661440456 0 3.6 0.7 17 8.3 7.984100996054535 3.4361486225337545 5.379207246607249
550 3131.177661440456 0 3.6 0.7 17 8.3 7.984100996054535 3.4361486225337545 5.379207246607249
600 3131.177661440456 0 3.6 0.7 17 8.3 7.984100996054535 3.4361486225337545 5.379207246607249
650 3076.2389921457557 0 3.5665334881304673 0.702364484028138 17.0 8.3 7.82927307331375 3.4361486225337545 5.303215794508489
700 3076.2389921457557 0 3.5665334881304673 0.702364484028138 17.0 8.3 7.82927307331375 3.4361486225337545 5.303215794508489
750 3070.340114566442 0 3.522764014936313 0.7026663931579403 17 8.268799168351165 7.8 3.4552871879870657 5.312083928478534
800 3062.8517312642716 0 3.5166713311981015 0.7026686846067985 17.2795553792 8.3 8.115591720493255 3.4544025776916127 5.293183668165616
850 3062.8517312642716 0 3.5166713311981015 0.7026686846067985 17.2795553792 8.3 8.115591720493255 3.4544025776916127 5.293183668165616
900 3062.8517312642716 0 3.5166713311981015 0.7026686846067985 17.2795553792 8.3 8.115591720493255 3.4544025776916127 5.293183668165616
950 3049.713873850746 0 3.531334283082966 0.7 17.2795553792 8.3 8.088125654140633 3.4408794242084064 5.289397106493081
1000 3049.713873850746 0 3.531334283082966 0.7 17.2795553792 8.3 8.088125654140633 3.4408794242084064 5.289397106493081
1050 3049.713873850746 0 3.531334283082966 0.7 17.2795553792 8.3 8.088125654140633 3.4408794242084064 5.289397106493081
1100 3049.713873850746 0 3.531334283082966 0.7 17.2795553792 8.3 8.088125654140633 3.4408794242084064 5.289397106493081
1150 3049.713873850746 0 3.531334283082966 0.7 17.2795553792 8.3 8.088125654140633 3.4408794242084064 5.289397106493081
1200 3049.713873850746 0 3.531334283082966 0.7 17.2795553792 8.3 8.088125654140633 3.4408794242084064 5.289397106493081
1250 3044.942121711654 0 3.5249370951687027 0.702987477513628 17 8.100785538281114 7.8 3.410801965795569 5.290071315366673
1300 3039.94455508339 0 3.5473346902446976 0.7 17 7.775289507698205 7.87650183865555 3.3891418167224914 5.300833387521537
1350 3039.94455508339 0 3.5473346902446976 0.7 17 7.775289507698205 7.87650183865555 3.3891418167224914 5.300833387521537
1400 3039.910244249593 0 3.5370372722527756 0.7 17.175037647336243 8.3 8.023577976177128 3.4077984127749943 5.286810453061689
1450 3039.910244249593 0 3.5370372722527756 0.7 17.175037647336243 8.3 8.023577976177128 3.4077984127749943 5.286810453061689
1500 3031.504198640221 0 3.5339850447325554 0.7012548173841002 17.155316135591942 7.400116993684275 7.8 3.390329654284463 5.294293504888361
1550 3027.379944203601 0 3.5332936038150846 0.7013886970268595 17.381519567958076 7.480027078812134 7.852019210405801 3.378996592443474 5.288994156049517
1600 3027.379944203601 0 3.5332936038150846 0.7013886970268595 17.381519567958076 7.480027078812134 7.852019210405801 3.378996592443474 5.288994156049517
1650 3017.720508706777 0 3.5273233379246967 0.7004535371968169 17.060626699412637 7.785597100100576 7.846580949961584 3.360264278897018 5.287751860032667
1700 3017.720508706777 0 3.5273233379246967 0.7004535371968169 17.060626699412637 7.785597100100576 7.846580949961584 3.360264278897018 5.287751860032667
1750 3017.720508706777 0 3.5273233379246967 0.7004535371968169 17.060626699412637 7.785597100100576 7.846580949961584 3.360264278897018 5.287751860032667
1800 3017.720508706777 0 3.5273233379246967 0.7004535371968169 17.060626699412637 7.785597100100576 7.846580949961584 3.360264278897018 5.287751860032667
1850 3012.6484757700277 0 3.5068122637791426 0.7009729709755236 17.105817734581947 8.06504493335059 7.81748330429932 3.354585344124942 5.288186349035362
1900 3012.6484757700277 0 3.5068122637791426 0.7009729709755236 17.105817734581947 8.06504493335059 7.81748330429932 3.354585344124942 5.288186349035362
1950 3012.6484757700277 0 3.5068122637791426 0.7009729709755236 17.105817734581947 8.06504493335059 7.81748330429932 3.354585344124942 5.288186349035362
2000 3012.6484757700277 0 3.5068122637791426 0.7009729709755236 17.105817734581947 8.06504493335059 7.81748330429932 3.354585344124942 5.288186349035362
2050 3012.291825004405 0 3.508960152171511 0.7009859630063345 17.082031095702412 7.6322214496664715 7.873920307113335 3.3579596712390885 5.2889015309190155
2100 3009.758620570614 0 3.5101169314144864 0.7005357632068014 17.158111132300817 7.683186798861757 7.874600748994983 3.356839266351314 5.287136257463926
2150 3008.9553010042723 0 3.511036400674301 0.7002899192604619 17.441144639841475 7.395082082044231 7.8 3.3689741793186907 5.288735241641054
2200 3008.1788008211893 0 3.503186105256676 0.7000207673566744 17.179809238113638 7.862243443695029 7.870823396993441 3.362824203652188 5.287801457455784
2250 3003.3957662881203 0 3.5050328483982947 0.7 17.291600709134638 7.61559933913293 7.800629849699413 3.3525556820467695 5.289314736601179
2300 3003.3957662881203 0 3.5050328483982947 0.7 17.291600709134638 7.61559933913293 7.800629849699413 3.3525556820467695 5.289314736601179
2350 3003.3957662881203 0 3.5050328483982947 0.7 17.291600709134638 7.61559933913293 7.800629849699413 3.3525556820467695 5.289314736601179
2400 3003.3957662881203 0 3.5050328483982947 0.7 17.291600709134638 7.61559933913293 7.800629849699413 3.3525556820467695 5.289314736601179
2450 3003.3957662881203 0 3.5050328483982947 0.7 17.291600709134638 7.61559933913293 7.800629849699413 3.3525556820467695 5.289314736601179
2500 3003.3957662881203 0 3.5050328483982947 0.7 17.291600709134638 7.61559933913293 7.800629849699413 3.3525556820467695 5.289314736601179
2550 3003.3957662881203 0 3.5050328483982947 0.7 17.291600709134638 7.61559933913293 7.800629849699413 3.3525556820467695 5.289314736601179
2600 3003.3957662881203 0 3.5050328483982947 0.7 17.291600709134638 7.61559933913293 7.800629849699413 3.3525556820467695 5.289314736601179
2650 3003.31598948361 0 3.501813065720091 0.7 17.067220922365184 7.505837589145047 7.819137506783538 3.360711485998397 5.2887679281754085
2700 3003.31598948361 0 3.501813065720091 0.7 17.067220922365184 7.505837589145047 7.819137506783538 3.360711485998397 5.2887679281754085
2750 3001.4408506193345 0 3.5038273531535684 0.7005632714955298 17.135082819604982 7.314240884449556 7.8073993346559245 3.3507977866177843 5.287632593737284
2800 3001.4408506193345 0 3.5038273531535684 0.7005632714955298 17.135082819604982 7.314240884449556 7.8073993346559245 3.3507977866177843 5.287632593737284
2850 2999.5260180959426 0 3.5030508596951653 0.7 17.118558283013073 7.329442422086145 7.850318588563314 3.3507977866177843 5.287416658664769
2900 2999.5260180959426 0 3.5030508596951653 0.7 17.118558283013073 7.329442422086145 7.850318588563314 3.3507977866177843 5.287416658664769
2950 2999.5260180959426 0 3.5030508596951653 0.7 17.118558283013073 7.329442422086145 7.850318588563314 3.3507977866177843 5.287416658664769
3000 2999.5260180959426 0 3.5030508596951653 0.7 17.118558283013073 7.329442422086145 7.850318588563314 3.3507977866177843 5.287416658664769
3050 2999.5260180959426 0 3.5030508596951653 0.7 17.118558283013073 7.329442422086145 7.850318588563314 3.3507977866177843 5.287416658664769
3100 2999.5260180959426 0 3.5030508596951653 0.7 17.118558283013073 7.329442422086145 7.850318588563314 3.3507977866177843 5.287416658664769
3150 2999.5260180959426 0 3.5030508596951653 0.7 17.118558283013073 7.329442422086145 7.850318588563314 3.3507977866177843 5.287416658664769
3200 2999.432584281189 0 3.5014969532925506 0.7000137167641661 17.22826662236439 7.339933939440656 7.8 3.3537525240121906 5.288536882571439
3250 2999.2405684205405 0 3.502379109250904 0.7 17.25750950730022 7.3214112493014705 7.827255786440683 3.350800327022122 5.288288654550746
3300 2999.2405684205405 0 3.502379109250904 0.7 17.25750950730022 7.3214112493014705 7.827255786440683 3.350800327022122 5.288288654550746
3350 2999.2405684205405 0 3.502379109250904 0.7 17.25750950730022 7.3214112493014705 7.827255786440683 3.350800327022122 5.288288654550746
3400 2999.2405684205405 0 3.502379109250904 0.7 17.25750950730022 7.3214112493014705 7.827255786440683 3.350800327022122 5.288288654550746
3450 2998.6657543528913 0 3.5014126787875948 0.7 17.295854053818765 7.349170339695351 7.80570149827696 3.350551775014677 5.288440769626719
3500 2997.304861331339 0 3.5001063057815602 0.7 17.255635005952193 7.3 7.809731262901072 3.35201574853562 5.2870638448527805
3550 2997.304861331339 0 3.5001063057815602 0.7 17.255635005952193 7.3 7.809731262901072 3.35201574853562 5.2870638448527805
3600 2997.304861331339 0 3.5001063057815602 0.7 17.255635005952193 7.3 7.809731262901072 3.35201574853562 5.2870638448527805
3650 2997.304861331339 0 3.5001063057815602 0.7 17.255635005952193 7.3 7.809731262901072 3.35201574853562 5.2870638448527805
3700 2997.304861331339 0 3.5001063057815602 0.7 17.255635005952193 7.3 7.809731262901072 3.35201574853562 5.2870638448527805
3750 2997.304861331339 0 3.5001063057815602 0.7 17.255635005952193 7.3 7.809731262901072 3.35201574853562 5.2870638448527805
3800 2997.304861331339 0 3.5001063057815602 0.7 17.255635005952193 7.3 7.809731262901072 3.35201574853562 5.2870638448527805
3850 2997.304861331339 0 3.5001063057815602 0.7 17.255635005952193 7.3 7.809731262901072 3.35201574853562 5.2870638448527805
3900 2997.304861331339 0 3.5001063057815602 0.7 17.255635005952193 7.3 7.809731262901072 3.35201574853562 5.2870638448527805
3950 2997.304861331339 0 3.5001063057815602 0.7 17.255635005952193 7.3 7.809731262901072 3.35201574853562 5.2870638448527805
4000 2997.304861331339 0 3.5001063057815602 0.7 17.255635005952193 7.3 7.809731262901072 3.35201574853562 5.2870638448527805
4050 2997.304861331339 0 3.5001063057815602 0.7 17.255635005952193 7.3 7.809731262901072 3.35201574853562 5.2870638448527805
4100 2997.2601960435636 0 3.5001063057815602 0.7000017666271396 17.21463715716736 7.3 7.8 3.3525753160882052 5.287092490658596
4150 2997.2601960435636 0 3.5001063057815602 0.7000017666271396 17.21463715716736 7.3 7.8 3.3525753160882052 5.287092490658596
4200 2997.2601960435636 0 3.5001063057815602 0.7000017666271396 17.21463715716736 7.3 7.8 3.3525753160882052 5.287092490658596
4250 2997.2601960435636 0 3.5001063057815602 0.7000017666271396 17.21463715716736 7.3 7.8 3.3525753160882052 5.287092490658596
4300 2997.2601960435636 0 3.5001063057815602 0.7000017666271396 17.21463715716736 7.3 7.8 3.3525753160882052 5.287092490658596
4350 2997.228320071359 0 3.50055400199474 0.700012733900334 17.019483784085818 7.329390293125974 7.804996344634087 3.350668492626235 5.286872716641022
4400 2997.149501889998 0 3.500774940561781 0.7 17 7.314518332978157 7.803525090436505 3.350872726520837 5.286877917803388
4450 2997.0874278991155 0 3.500638474798733 0.7000001390980762 17.091246350838887 7.3 7.806098132159856 3.3503346635948774 5.287191704759185
4500 2997.0874278991155 0 3.500638474798733 0.7000001390980762 17.091246350838887 7.3 7.806098132159856 3.3503346635948774 5.287191704759185
4550 2997.0003188448864 0 3.500575937134158 0.7000197423984283 17.058176522445123 7.30948001349511 7.800220228136644 3.350648830743421 5.286899656108108
4600 2997.0003188448864 0 3.500575937134158 0.7000197423984283 17.058176522445123 7.30948001349511 7.800220228136644 3.350648830743421 5.286899656108108
4650 2996.6922488647992 0 3.50042620948702 0.7000124973452988 17 7.300874064928946 7.801149842507595 3.3503574429281735 5.286763220818682
4700 2996.6690279204636 0 3.500496060630857 0.7000102200169728 17.058176522445123 7.301945752828462 7.8 3.3504125667815585 5.2867024896516925
4750 2996.6690279204636 0 3.500496060630857 0.7000102200169728 17.058176522445123 7.301945752828462 7.8 3.3504125667815585 5.2867024896516925
4800 2996.6188294861604 0 3.5003490990049224 0.7 17.058176522445123 7.3 7.802115054261903 3.3505084413264767 5.2867024896516925
4850 2996.6188294861604 0 3.5003490990049224 0.7 17.058176522445123 7.3 7.802115054261903 3.3505084413264767 5.2867024896516925
4900 2996.5607917330317 0 3.500094482622627 0.7 17.076263560426423 7.3 7.8 3.350591336200703 5.286808261574989
4950 2996.5607917330317 0 3.500094482622627 0.7 17.076263560426423 7.3 7.8 3.350591336200703 5.286808261574989
5000 2996.5607917330317 0 3.500094482622627 0.7 17.076263560426423 7.3 7.8 3.350591336200703 5.286808261574989
5050 2996.5607917330317 0 3.500094482622627 0.7 17.076263560426423 7.3 7.8 3.350591336200703 5.286808261574989
5100 2996.5607917330317 0 3.500094482622627 0.7 17.076263560426423 7.3 7.8 3.350591336200703 5.286808261574989
5150 2996.5519432157635 0 3.500049179332772 0.7 17.021422820543453 7.3 7.8 3.350917750012832 5.286691487434819
5200 2996.5403459585104 0 3.500146358099647 0.7000041627104537 17.100765473828467 7.3 7.8 3.350483960775406 5.286757532644972
5250 2996.5403459585104 0 3.500146358099647 0.7000041627104537 17.100765473828467 7.3 7.8 3.350483960775406 5.286757532644972
5300 2996.5403459585104 0 3.500146358099647 0.7000041627104537 17.100765473828467 7.3 7.8 3.350483960775406 5.286757532644972
5350 2996.5403459585104 0 3.500146358099647 0.7000041627104537 17.100765473828467 7.3 7.8 3.350483960775406 5.286757532644972
5400 2996.5403459585104 0 3.500146358099647 0.7000041627104537 17.100765473828467 7.3 7.8 3.350483960775406 5.286757532644972
5450 2996.5403459585104 0 3.500146358099647 0.7000041627104537 17.100765473828467 7.3 7.8 3.350483960775406 5.286757532644972
5500 2996.488368932246 0 3.5000485130047903 0.7 17.16765456112017 7.3 7.8015569804936025 3.3503179422047724 5.286778598757381
5550 2996.484326829123 0 3.5000239243069493 0.7000018234300128 17.132415793239485 7.3 7.8017013064519265 3.35024575033763 5.286798420244527
5600 2996.4718006502944 0 3.5000568444598654 0.700007067441241 17.01990678081339 7.3 7.8 3.350328995463303 5.286746500388374
5650 2996.4718006502944 0 3.5000568444598654 0.700007067441241 17.01990678081339 7.3 7.8 3.350328995463303 5.286746500388374
5700 2996.4718006502944 0 3.5000568444598654 0.700007067441241 17.01990678081339 7.3 7.8 3.350328995463303 5.286746500388374
5750 2996.4718006502944 0 3.5000568444598654 0.700007067441241 17.01990678081339 7.3 7.8 3.350328995463303 5.286746500388374
5800 2996.4718006502944 0 3.5000568444598654 0.700007067441241 17.01990678081339 7.3 7.8 3.350328995463303 5.286746500388374
5850 2996.4347694989683 0 3.5000854947253837 0.7000034141738773 17.01933503951339 7.30102368850527 7.800694163426113 3.350251923052789 5.286689268787939
5900 2996.42588920204 0 3.500022379950313 0.7000011172486974 17 7.3 7.800596019624538 3.350289463906894 5.286733139300272
5950 2996.3971209742394 0 3.500032186365912 0.7000030164608975 17 7.3 7.8 3.350221446782423 5.2867161819904736
6000 2996.3971209742394 0 3.500032186365912 0.7000030164608975 17 7.3 7.8 3.350221446782423 5.2867161819904736
6050 2996.3971209742394 0 3.500032186365912 0.7000030164608975 17 7.3 7.8 3.350221446782423 5.2867161819904736
6100 2996.3971209742394 0 3.500032186365912 0.7000030164608975 17 7.3 7.8 3.350221446782423 5.2867161819904736
6150 2996.3971209742394 0 3.500032186365912 0.7000030164608975 17 7.3 7.8 3.350221446782423 5.2867161819904736
6200 2996.3821347677526 0 3.5000540389964776 0.7000006042057305 17.11538008672618 7.30005924575958 7.800184673035466 3.3502334596830656 5.2866842504797
6250 2996.3703258299997 0 3.5000460807410847 0.7000004516279646 17.02401237866503 7.3 7.8 3.350221148694577 5.286683809713727
6300 2996.3703258299997 0 3.5000460807410847 0.7000004516279646 17.02401237866503 7.3 7.8 3.350221148694577 5.286683809713727
6350 2996.3703258299997 0 3.5000460807410847 0.7000004516279646 17.02401237866503 7.3 7.8 3.350221148694577 5.286683809713727
6400 2996.3703258299997 0 3.5000460807410847 0.7000004516279646 17.02401237866503 7.3 7.8 3.350221148694577 5.286683809713727
6450 2996.3703258299997 0 3.5000460807410847 0.7000004516279646 17.02401237866503 7.3 7.8 3.350221148694577 5.286683809713727
6500 2996.3703258299997 0 3.5000460807410847 0.7000004516279646 17.02401237866503 7.3 7.8 3.350221148694577 5.286683809713727
6550 2996.3703258299997 0 3.5000460807410847 0.7000004516279646 17.02401237866503 7.3 7.8 3.350221148694577 5.286683809713727
6600 2996.3703258299997 0 3.5000460807410847 0.7000004516279646 17.02401237866503 7.3 7.8 3.350221148694577 5.286683809713727
6650 2996.3703258299997 0 3.5000460807410847 0.7000004516279646 17.02401237866503 7.3 7.8 3.350221148694577 5.286683809713727
6700 2996.3677213239 0 3.500004494362262 0.7000000649787802 17.012248295475622 7.300922377702487 7.800044318936684 3.3502316815899897 5.286689609630992
6750 2996.3677213239 0 3.500004494362262 0.7000000649787802 17.012248295475622 7.300922377702487 7.800044318936684 3.3502316815899897 5.286689609630992
6800 2996.3677213239 0 3.500004494362262 0.7000000649787802 17.012248295475622 7.300922377702487 7.800044318936684 3.3502316815899897 5.286689609630992
6850 2996.3677213239 0 3.500004494362262 0.7000000649787802 17.012248295475622 7.300922377702487 7.800044318936684 3.3502316815899897 5.286689609630992
6900 2996.3641113114113 0 3.500002881775106 0.7 17.01173343437801 7.300716106718814 7.800069018153532 3.350231127409572 5.286687619517477
6950 2996.3641113114113 0 3.500002881775106 0.7 17.01173343437801 7.300716106718814 7.800069018153532 3.350231127409572 5.286687619517477
7000 2996.3641113114113 0 3.500002881775106 0.7 17.01173343437801 7.300716106718814 7.800069018153532 3.350231127409572 5.286687619517477
7050 2996.3641113114113 0 3.500002881775106 0.7 17.01173343437801 7.300716106718814 7.800069018153532 3.350231127409572 5.286687619517477
7100 2996.3641113114113 0 3.500002881775106 0.7 17.01173343437801 7.300716106718814 7.800069018153532 3.350231127409572 5.286687619517477
7150 2996.3641113114113 0 3.500002881775106 0.7 17.01173343437801 7.300716106718814 7.800069018153532 3.350231127409572 5.286687619517477
7200 2996.3626183227293 0 3.5000122197773336 0.7 17.024909468638537 7.3 7.800029721295538 3.3502326631283332 5.286690172036511
7250 2996.3626183227293 0 3.5000122197773336 0.7 17.024909468638537 7.3 7.800029721295538 3.3502326631283332 5.286690172036511
7300 2996.3626183227293 0 3.5000122197773336 0.7 17.024909468638537 7.3 7.800029721295538 3.3502326631283332 5.286690172036511
7350 2996.355941475034 0 3.5000020313786884 0.7 17.02667911556113 7.3002501581464605 7.800086850930855 3.3502177854526622 5.286686487868929
7400 2996.355941475034 0 3.5000020313786884 0.7 17.02667911556113 7.3002501581464605 7.800086850930855 3.3502177854526622 5.286686487868929
7450 2996.355941475034 0 3.5000020313786884 0.7 17.02667911556113 7.3002501581464605 7.800086850930855 3.3502177854526622 5.286686487868929
7500 2996.355941475034 0 3.5000020313786884 0.7 17.02667911556113 7.3002501581464605 7.800086850930855 3.3502177854526622 5.286686487868929
7550 2996.355941475034 0 3.5000020313786884 0.7 17.02667911556113 7.3002501581464605 7.800086850930855 3.3502177854526622 5.286686487868929
7600 2996.3550492570134 0 3.500001184070566 0.7 17.02920108243383 7.3 7.80011950717314 3.350225673833831 5.28668478755312
7650 2996.353704880826 0 3.5000075917988362 0.7000001799164208 17.043214627207128 7.3 7.800034050118269 3.3502181822286143 5.286683389538531
7700 2996.353704880826 0 3.5000075917988362 0.7000001799164208 17.043214627207128 7.3 7.800034050118269 3.3502181822286143 5.286683389538531
7750 2996.353704880826 0 3.5000075917988362 0.7000001799164208 17.043214627207128 7.3 7.800034050118269 3.3502181822286143 5.286683389538531
7800 2996.353704880826 0 3.5000075917988362 0.7000001799164208 17.043214627207128 7.3 7.800034050118269 3.3502181822286143 5.286683389538531
7850 2996.353704880826 0 3.5000075917988362 0.7000001799164208 17.043214627207128 7.3 7.800034050118269 3.3502181822286143 5.286683389538531
7900 2996.3510422164113 0 3.500003216559409 0.7 17.016532207972507 7.300130170773805 7.8 3.3502158694930837 5.286683480879599
7950 2996.3510422164113 0 3.500003216559409 0.7 17.016532207972507 7.300130170773805 7.8 3.3502158694930837 5.286683480879599
8000 2996.3510422164113 0 3.500003216559409 0.7 17.016532207972507 7.300130170773805 7.8 3.3502158694930837 5.286683480879599
8050 2996.3510422164113 0 3.500003216559409 0.7 17.016532207972507 7.300130170773805 7.8 3.3502158694930837 5.286683480879599
8100 2996.3510422164113 0 3.500003216559409 0.7 17.016532207972507 7.300130170773805 7.8 3.3502158694930837 5.286683480879599
8150 2996.3510422164113 0 3.500003216559409 0.7 17.016532207972507 7.300130170773805 7.8 3.3502158694930837 5.286683480879599
8200 2996.3510422164113 0 3.500003216559409 0.7 17.016532207972507 7.300130170773805 7.8 3.3502158694930837 5.286683480879599
8250 2996.350710739505 0 3.5000004181224718 0.7000000604644064 17.02011871743661 7.3 7.800012532228236 3.3502190247006816 5.2866843658439535
8300 2996.350710739505 0 3.5000004181224718 0.7000000604644064 17.02011871743661 7.3 7.800012532228236 3.3502190247006816 5.2866843658439535
8350 2996.350710739505 0 3.5000004181224718 0.7000000604644064 17.02011871743661 7.3 7.800012532228236 3.3502190247006816 5.2866843658439535
8400 2996.350710739505 0 3.5000004181224718 0.7000000604644064 17.02011871743661 7.3 7.800012532228236 3.3502190247006816 5.2866843658439535
8450 2996.350710739505 0 3.5000004181224718 0.7000000604644064 17.02011871743661 7.3 7.800012532228236 3.3502190247006816 5.2866843658439535
8500 2996.350710739505 0 3.5000004181224718 0.7000000604644064 17.02011871743661 7.3 7.800012532228236 3.3502190247006816 5.2866843658439535
8550 2996.350710739505 0 3.5000004181224718 0.7000000604644064 17.02011871743661 7.3 7.800012532228236 3.3502190247006816 5.2866843658439535
8600 2996.350710739505 0 3.5000004181224718 0.7000000604644064 17.02011871743661 7.3 7.800012532228236 3.3502190247006816 5.2866843658439535
8650 2996.3499598576072 0 3.5000009285479456 0.7000000430813088 17.0512139982435 7.3 7.800016391058961 3.350217636322984 5.286683416539901
8700 2996.3499598576072 0 3.5000009285479456 0.7000000430813088 17.0512139982435 7.3 7.800016391058961 3.350217636322984 5.286683416539901
8750 2996.3499598576072 0 3.5000009285479456 0.7000000430813088 17.0512139982435 7.3 7.800016391058961 3.350217636322984 5.286683416539901
8800 2996.3499598576072 0 3.5000009285479456 0.7000000430813088 17.0512139982435 7.3 7.800016391058961 3.350217636322984 5.286683416539901
8850 2996.3496165667225 0 3.5000003172835115 0.7 17.0046005328293 7.3 7.800000774247975 3.3502190521431996 5.286683532051067
8900 2996.3496165667225 0 3.5000003172835115 0.7 17.0046005328293 7.3 7.800000774247975 3.3502190521431996 5.286683532051067
8950 2996.3496165667225 0 3.5000003172835115 0.7 17.0046005328293 7.3 7.800000774247975 3.3502190521431996 5.286683532051067
9000 2996.3496165667225 0 3.5000003172835115 0.7 17.0046005328293 7.3 7.800000774247975 3.3502190521431996 5.286683532051067
9050 2996.3496165667225 0 3.5000003172835115 0.7 17.0046005328293 7.3 7.800000774247975 3.3502190521431996 5.286683532051067
9100 2996.349247574526 0 3.5000001564374363 0.7 17.010325190071484 7.300019091803295 7.8 3.3502167550648445 5.286683733743763
9150 2996.349247574526 0 3.5000001564374363 0.7 17.010325190071484 7.300019091803295 7.8 3.3502167550648445 5.286683733743763
9200 2996.349151699891 0 3.5000001865459125 0.7 17.127755847650324 7.300024777055498 7.800019476560513 3.350215308448605 5.286683393000882
9250 2996.349151699891 0 3.5000001865459125 0.7 17.127755847650324 7.300024777055498 7.800019476560513 3.350215308448605 5.286683393000882
9300 2996.349151699891 0 3.5000001865459125 0.7 17.127755847650324 7.300024777055498 7.800019476560513 3.350215308448605 5.286683393000882
9350 2996.349151699891 0 3.5000001865459125 0.7 17.127755847650324 7.300024777055498 7.800019476560513 3.350215308448605 5.286683393000882
9400 2996.349151699891 0 3.5000001865459125 0.7 17.127755847650324 7.300024777055498 7.800019476560513 3.350215308448605 5.286683393000882
9450 2996.349052888705 0 3.5000002181858925 0.7000000416446945 17.044995602931472 7.300009947131604 7.800013166012467 3.350215093602909 5.286683431677058
9500 2996.348951866861 0 3.5000004962110314 0.7000000363450558 17.07523735814174 7.300021844912855 7.80000463841277 3.350214779495459 5.286683394062001
9550 2996.3489501965464 0 3.5000001122013105 0.7000000158964994 17.030768658307274 7.3 7.8 3.3502162630891137 5.286683642295886
9600 2996.3489501965464 0 3.5000001122013105 0.7000000158964994 17.030768658307274 7.3 7.8 3.3502162630891137 5.286683642295886
9650 2996.3484498273033 0 3.5000001564374363 0.7000000022808232 17.07989556801285 7.300018895338339 7.800000537916166 3.350214786894006 5.286683235967186
9700 2996.3484498273033 0 3.5000001564374363 0.7000000022808232 17.07989556801285 7.300018895338339 7.800000537916166 3.350214786894006 5.286683235967186
9750 2996.3484498273033 0 3.5000001564374363 0.7000000022808232 17.07989556801285 7.300018895338339 7.800000537916166 3.350214786894006 5.286683235967186
9800 2996.3484498273033 0 3.5000001564374363 0.7000000022808232 17.07989556801285 7.300018895338339 7.800000537916166 3.350214786894006 5.286683235967186
9850 2996.3484498273033 0 3.5000001564374363 0.7000000022808232 17.07989556801285 7.300018895338339 7.800000537916166 3.350214786894006 5.286683235967186
9900 2996.3484498273033 0 3.5000001564374363 0.7000000022808232 17.07989556801285 7.300018895338339 7.800000537916166 3.350214786894006 5.286683235967186
9950 2996.3484498273033 0 3.5000001564374363 0.7000000022808232 17.07989556801285 7.300018895338339 7.800000537916166 3.350214786894006 5.286683235967186
10000 2996.3484498273033 0 3.5000001564374363 0.7000000022808232 17.07989556801285 7.300018895338339 7.800000537916166 3.350214786894006 5.286683235967186
10050 2996.3484498273033 0 3.5000001564374363 0.7000000022808232 17.07989556801285 7.300018895338339 7.800000537916166 3.350214786894006 5.286683235967186
10100 2996.3484498273033 0 3.5000001564374363 0.7000000022808232 17.07989556801285 7.300018895338339 7.800000537916166 3.350214786894006 5.286683235967186
10150 2996.3484498273033 0 3.5000001564374363 0.7000000022808232 17.07989556801285 7.300018895338339 7.800000537916166 3.350214786894006 5.286683235967186
10200 2996.3484498273033 0 3.5000001564374363 0.7000000022808232 17.07989556801285 7.300018895338339 7.800000537916166 3.350214786894006 5.286683235967186
10250 2996.3484498273033 0 3.5000001564374363 0.7000000022808232 17.07989556801285 7.300018895338339 7.800000537916166 3.350214786894006 5.286683235967186
10300 2996.3484498273033 0 3.5000001564374363 0.7000000022808232 17.07989556801285 7.300018895338339 7.800000537916166 3.350214786894006 5.286683235967186
10350 2996.3484498273033 0 3.5000001564374363 0.7000000022808232 17.07989556801285 7.300018895338339 7.800000537916166 3.350214786894006 5.286683235967186
10400 2996.3484498273033 0 3.5000001564374363 0.7000000022808232 17.07989556801285 7.300018895338339 7.800000537916166 3.350214786894006 5.286683235967186
10450 2996.3484180228065 0 3.50000003999076 0.7000000059038827 17 7.300006435850647 7.80000035773564 3.350214876919883 5.286683374985829
10500 2996.3484180228065 0 3.50000003999076 0.7000000059038827 17 7.300006435850647 7.80000035773564 3.350214876919883 5.286683374985829
10550 2996.348363669887 0 3.5000000598115735 0.7 17.04720280440264 7.30000378961604 7.800002938235595 3.350214848798318 5.286683278103013
10600 2996.3483350703104 0 3.5000000328078125 0.7000000020570513 17 7.300000875068387 7.8 3.3502148538588723 5.286683374985829
10650 2996.3483350703104 0 3.5000000328078125 0.7000000020570513 17 7.300000875068387 7.8 3.3502148538588723 5.286683374985829
10700 2996.3483350703104 0 3.5000000328078125 0.7000000020570513 17 7.300000875068387 7.8 3.3502148538588723 5.286683374985829
10750 2996.3483350703104 0 3.5000000328078125 0.7000000020570513 17 7.300000875068387 7.8 3.3502148538588723 5.286683374985829
10800 2996.3483000645456 0 3.5000000254664982 0.7 17.166516162804484 7.300005564624423 7.8 3.350214820277991 5.286683287542576
10850 2996.3483000645456 0 3.5000000254664982 0.7 17.166516162804484 7.300005564624423 7.8 3.350214820277991 5.286683287542576
10900 2996.3483000645456 0 3.5000000254664982 0.7 17.166516162804484 7.300005564624423 7.8 3.350214820277991 5.286683287542576
10950 2996.3483000645456 0 3.5000000254664982 0.7 17.166516162804484 7.300005564624423 7.8 3.350214820277991 5.286683287542576
11000 2996.3482945401197 0 3.500000120463829 0.7 17.28063732199089 7.3 7.80000019364982 3.350214753042545 5.286683317576677
11050 2996.348290813541 0 3.5000000032754244 0.7 17.387800459163405 7.30000206526366 7.80000019364982 3.3502147380398037 5.286683361478514
11100 2996.3482444563583 0 3.5000000465318815 0.7000000002375714 17.24543977615933 7.3 7.8 3.350214792714095 5.286683273583179
11150 2996.3482444563583 0 3.5000000465318815 0.7000000002375714 17.24543977615933 7.3 7.8 3.350214792714095 5.286683273583179
11200 2996.3482444563583 0 3.5000000465318815 0.7000000002375714 17.24543977615933 7.3 7.8 3.350214792714095 5.286683273583179
11250 2996.348235224006 0 3.500000065776379 0.700000000164086 17.10628547689556 7.3000011022101665 7.8 3.3502147952410892 5.28668323141116
11300 2996.348235224006 0 3.500000065776379 0.700000000164086 17.10628547689556 7.3000011022101665 7.8 3.3502147952410892 5.28668323141116
11350 2996.348235224006 0 3.500000065776379 0.700000000164086 17.10628547689556 7.3000011022101665 7.8 3.3502147952410892 5.28668323141116
11400 2996.3482257066744 0 3.5000000076542315 0.7 17.307756340125614 7.3 7.800000449749085 3.3502148466600157 5.286683232658395
11450 2996.348215050052 0 3.5000000345170195 0.7 17.400912271732743 7.300000136551176 7.800000449749085 3.350214720803893 5.286683247850947
11500 2996.348215050052 0 3.5000000345170195 0.7 17.400912271732743 7.300000136551176 7.800000449749085 3.350214720803893 5.286683247850947
11550 2996.3482013977086 0 3.5000000345170195 0.7000000002625377 17 7.3 7.800000224874542 3.35021472142207 5.286683233925097
11600 2996.3482013977086 0 3.5000000345170195 0.7000000002625377 17 7.3 7.800000224874542 3.35021472142207 5.286683233925097
11650 2996.3482013977086 0 3.5000000345170195 0.7000000002625377 17 7.3 7.800000224874542 3.35021472142207 5.286683233925097
11700 2996.3482013977086 0 3.5000000345170195 0.7000000002625377 17 7.3 7.800000224874542 3.35021472142207 5.286683233925097
11750 2996.3481893687976 0 3.500000010334708 0.7000000000566947 17.2691426758824 7.300000024132418 7.800000327476056 3.350214714300998 5.286683230385738
11800 2996.3481893687976 0 3.500000010334708 0.7000000000566947 17.2691426758824 7.300000024132418 7.800000327476056 3.350214714300998 5.286683230385738
11850 2996.3481893687976 0 3.500000010334708 0.7000000000566947 17.2691426758824 7.300000024132418 7.800000327476056 3.350214714300998 5.286683230385738
11900 2996.3481876422975 0 3.500000003869074 0.7000000006968105 17 7.3 7.8 3.350214724700711 5.28668323458677
11950 2996.3481876422975 0 3.500000003869074 0.7000000006968105 17 7.3 7.8 3.350214724700711 5.28668323458677
12000 2996.3481811226425 0 3.500000032851275 0.7 17 7.3 7.8 3.3502146739018186 5.2866832317421375
12050 2996.3481811226425 0 3.500000032851275 0.7 17 7.3 7.8 3.3502146739018186 5.2866832317421375
12100 2996.3481811226425 0 3.500000032851275 0.7 17 7.3 7.8 3.3502146739018186 5.2866832317421375
12150 2996.3481811226425 0 3.500000032851275 0.7 17 7.3 7.8 3.3502146739018186 5.2866832317421375
12200 2996.3481811226425 0 3.500000032851275 0.7 17 7.3 7.8 3.3502146739018186 5.2866832317421375
12250 2996.3481811226425 0 3.500000032851275 0.7 17 7.3 7.8 3.3502146739018186 5.2866832317421375
12300 2996.3481811226425 0 3.500000032851275 0.7 17 7.3 7.8 3.3502146739018186 5.2866832317421375
12350 2996.3481811226425 0 3.500000032851275 0.7 17 7.3 7.8 3.3502146739018186 5.2866832317421375
12400 2996.3481811226425 0 3.500000032851275 0.7 17 7.3 7.8 3.3502146739018186 5.2866832317421375
12450 2996.348176941848 0 3.500000017153144 0.7000000000347186 17.207171813174867 7.3 7.80000012223088 3.3502146663165053 5.2866832334373575
12500 2996.348176941848 0 3.500000017153144 0.7000000000347186 17.207171813174867 7.3 7.80000012223088 3.3502146663165053 5.2866832334373575
12550 2996.348176941848 0 3.500000017153144 0.7000000000347186 17.207171813174867 7.3 7.80000012223088 3.3502146663165053 5.2866832334373575
12600 2996.348176941848 0 3.500000017153144 0.7000000000347186 17.207171813174867 7.3 7.80000012223088 3.3502146663165053 5.2866832334373575
12650 2996.348176941848 0 3.500000017153144 0.7000000000347186 17.207171813174867 7.3 7.80000012223088 3.3502146663165053 5.2866832334373575
12700 2996.348176941848 0 3.500000017153144 0.7000000000347186 17.207171813174867 7.3 7.80000012223088 3.3502146663165053 5.2866832334373575
12750 2996.3481759234596 0 3.5000000046312247 0.700000000101393 17.396757697279895 7.3 7.800000093834259 3.3502146856943473 5.286683232311069
12800 2996.3481759234596 0 3.5000000046312247 0.700000000101393 17.396757697279895 7.3 7.800000093834259 3.3502146856943473 5.286683232311069
12850 2996.3481759234596 0 3.5000000046312247 0.700000000101393 17.396757697279895 7.3 7.800000093834259 3.3502146856943473 5.286683232311069
12900 2996.3481751128143 0 3.5000000063260477 0.7 17.39521715762258 7.3 7.800000066159313 3.350214681419806 5.286683233378182
12950 2996.3481746165357 0 3.5000000148569823 0.7000000000247546 17.287962327818047 7.3 7.800000144674675 3.350214667881515 5.286683229868038
13000 2996.3481746165357 0 3.5000000148569823 0.7000000000247546 17.287962327818047 7.3 7.800000144674675 3.350214667881515 5.286683229868038
13050 2996.3481743229213 0 3.5000000050020037 0.7000000006676744 17.221882693675944 7.3 7.8 3.3502146821965044 5.286683230182384
13100 2996.348170249812 0 3.50000000762439 0.7000000000718574 17.09534821935091 7.300000003612925 7.800000019992734 3.350214666996443 5.2866832317421375
13150 2996.348170249812 0 3.50000000762439 0.7000000000718574 17.09534821935091 7.300000003612925 7.800000019992734 3.350214666996443 5.2866832317421375
13200 2996.348170249812 0 3.50000000762439 0.7000000000718574 17.09534821935091 7.300000003612925 7.800000019992734 3.350214666996443 5.2866832317421375
13250 2996.348170249812 0 3.50000000762439 0.7000000000718574 17.09534821935091 7.300000003612925 7.800000019992734 3.350214666996443 5.2866832317421375
13300 2996.348168511789 0 3.5000000033902 0.7000000000695961 17.15157288098908 7.3 7.800000064520228 3.3502146662326866 5.286683230459536
13350 2996.348168511789 0 3.5000000033902 0.7000000000695961 17.15157288098908 7.3 7.800000064520228 3.3502146662326866 5.286683230459536
13400 2996.348168511789 0 3.5000000033902 0.7000000000695961 17.15157288098908 7.3 7.800000064520228 3.3502146662326866 5.286683230459536
13450 2996.348168511789 0 3.5000000033902 0.7000000000695961 17.15157288098908 7.3 7.800000064520228 3.3502146662326866 5.286683230459536
13500 2996.348168511789 0 3.5000000033902 0.7000000000695961 17.15157288098908 7.3 7.800000064520228 3.3502146662326866 5.286683230459536
13550 2996.348168511789 0 3.5000000033902 0.7000000000695961 17.15157288098908 7.3 7.800000064520228 3.3502146662326866 5.286683230459536
13600 2996.348168511789 0 3.5000000033902 0.7000000000695961 17.15157288098908 7.3 7.800000064520228 3.3502146662326866 5.286683230459536
13650 2996.348168511789 0 3.5000000033902 0.7000000000695961 17.15157288098908 7.3 7.800000064520228 3.3502146662326866 5.286683230459536
13700 2996.348168511789 0 3.5000000033902 0.7000000000695961 17.15157288098908 7.3 7.800000064520228 3.3502146662326866 5.286683230459536
13750 2996.3481681106477 0 3.500000001321996 0.7 17.231173736349653 7.300000002167755 7.800000019009272 3.3502146719922683 5.286683230833472
13800 2996.3481672549483 0 3.5000000016845325 0.7000000000916325 17.360062313859927 7.300000002167755 7.800000016807373 3.350214666413804 5.286683230924379
13850 2996.3481672549483 0 3.5000000016845325 0.7000000000916325 17.360062313859927 7.300000002167755 7.800000016807373 3.350214666413804 5.286683230924379
13900 2996.3481672549483 0 3.5000000016845325 0.7000000000916325 17.360062313859927 7.300000002167755 7.800000016807373 3.350214666413804 5.286683230924379
13950 2996.3481672549483 0 3.5000000016845325 0.7000000000916325 17.360062313859927 7.300000002167755 7.800000016807373 3.350214666413804 5.286683230924379
14000 2996.3481672549483 0 3.5000000016845325 0.7000000000916325 17.360062313859927 7.300000002167755 7.800000016807373 3.350214666413804 5.286683230924379
14050 2996.3481672549483 0 3.5000000016845325 0.7000000000916325 17.360062313859927 7.300000002167755 7.800000016807373 3.350214666413804 5.286683230924379
14100 2996.3481669947505 0 3.500000002852515 0.7000000000303064 17.0556226678913 7.300000011760817 7.800000000330222 3.3502146666011265 5.286683230590296
14150 2996.348166255434 0 3.5000000012042762 0.700000000046056 17 7.300000011760817 7.8 3.3502146671003787 5.286683230145174
14200 2996.348166255434 0 3.5000000012042762 0.700000000046056 17 7.300000011760817 7.8 3.3502146671003787 5.286683230145174
14250 2996.348166255434 0 3.5000000012042762 0.700000000046056 17 7.300000011760817 7.8 3.3502146671003787 5.286683230145174
14300 2996.348166255434 0 3.5000000012042762 0.700000000046056 17 7.300000011760817 7.8 3.3502146671003787 5.286683230145174
14350 2996.348166255434 0 3.5000000012042762 0.700000000046056 17 7.300000011760817 7.8 3.3502146671003787 5.286683230145174
14400 2996.348166255434 0 3.5000000012042762 0.700000000046056 17 7.300000011760817 7.8 3.3502146671003787 5.286683230145174
14450 2996.348166255434 0 3.5000000012042762 0.700000000046056 17 7.300000011760817 7.8 3.3502146671003787 5.286683230145174
14500 2996.348166255434 0 3.5000000012042762 0.700000000046056 17 7.300000011760817 7.8 3.3502146671003787 5.286683230145174
14550 2996.348166078682 0 3.5000000005791283 0.7 17.235844314340525 7.300000005080725 7.800000015362655 3.350214666274354 5.286683230473903
14600 2996.348166078682 0 3.5000000005791283 0.7 17.235844314340525 7.300000005080725 7.800000015362655 3.350214666274354 5.286683230473903
14650 2996.3481660357006 0 3.5000000003022946 0.7000000000099228 17.264286160576646 7.300000005080725 7.800000019936587 3.350214666164834 5.2866832303928
14700 2996.348165865847 0 3.5000000006736154 0.7 17.24611654254379 7.3 7.800000008478366 3.350214666408092 5.286683230335334
14750 2996.348165805174 0 3.500000000944245 0.7000000000359311 17.10951486187236 7.300000001339176 7.8 3.3502146664890646 5.286683230059129
14800 2996.348165805174 0 3.500000000944245 0.7000000000359311 17.10951486187236 7.300000001339176 7.8 3.3502146664890646 5.286683230059129
14850 2996.3481656964673 0 3.5000000000434572 0.7000000000002358 17.004136528525166 7.300000008044987 7.8 3.3502146677621276 5.286683230095056
14900 2996.3481656964673 0 3.5000000000434572 0.7000000000002358 17.004136528525166 7.300000008044987 7.8 3.3502146677621276 5.286683230095056
14950 2996.348165617514 0 3.5000000002883955 0.7 17.321711228447526 7.3 7.800000000529973 3.3502146664755013 5.286683230430104
15000 2996.348165617514 0 3.5000000002883955 0.7 17.321711228447526 7.3 7.800000000529973 3.3502146664755013 5.286683230430104
15050 2996.3481655606133 0 3.50000000054157 0.7000000000119073 17.180145111005384 7.30000000537266 7.8 3.350214666159734 5.286683230170018
15100 2996.3481655606133 0 3.50000000054157 0.7000000000119073 17.180145111005384 7.30000000537266 7.8 3.350214666159734 5.286683230170018
15150 2996.3481654114835 0 3.5000000003022946 0.7000000000285288 17.110162456817473 7.3 7.8 3.3502146662783012 5.286683229992164
15200 2996.3481654114835 0 3.5000000003022946 0.7000000000285288 17.110162456817473 7.3 7.8 3.3502146662783012 5.286683229992164
15250 2996.3481654114835 0 3.5000000003022946 0.7000000000285288 17.110162456817473 7.3 7.8 3.3502146662783012 5.286683229992164
15300 2996.3481654114835 0 3.5000000003022946 0.7000000000285288 17.110162456817473 7.3 7.8 3.3502146662783012 5.286683229992164
15350 2996.348165386966 0 3.500000000428378 0.7 17.015518929462182 7.300000000633664 7.8 3.3502146662221475 5.286683230092158
15400 2996.348165386966 0 3.500000000428378 0.7 17.015518929462182 7.300000000633664 7.8 3.3502146662221475 5.286683230092158
15450 2996.3481652858195 0 3.500000000236572 0.7000000000065677 17.433982588942026 7.3 7.8 3.3502146664183465 5.286683229935071
15500 2996.3481652858195 0 3.500000000236572 0.7000000000065677 17.433982588942026 7.3 7.8 3.3502146664183465 5.286683229935071
15550 2996.3481652858195 0 3.500000000236572 0.7000000000065677 17.433982588942026 7.3 7.8 3.3502146664183465 5.286683229935071
15600 2996.3481652102614 0 3.5000000001884053 0.7000000000160537 17 7.3 7.8 3.3502146662013357 5.286683229865571
15650 2996.3481652102614 0 3.5000000001884053 0.7000000000160537 17 7.3 7.8 3.3502146662013357 5.286683229865571
15700 2996.3481651791053 0 3.500000000110568 0.7000000000060229 17 7.300000005107873 7.8 3.3502146664365258 5.286683229770873
15750 2996.3481651791053 0 3.500000000110568 0.7000000000060229 17 7.300000005107873 7.8 3.3502146664365258 5.286683229770873
15800 2996.3481651791053 0 3.500000000110568 0.7000000000060229 17 7.300000005107873 7.8 3.3502146664365258 5.286683229770873
15850 2996.3481651791053 0 3.500000000110568 0.7000000000060229 17 7.300000005107873 7.8 3.3502146664365258 5.286683229770873
15900 2996.3481651791053 0 3.500000000110568 0.7000000000060229 17 7.300000005107873 7.8 3.3502146664365258 5.286683229770873
15950 2996.3481651791053 0 3.500000000110568 0.7000000000060229 17 7.300000005107873 7.8 3.3502146664365258 5.286683229770873
16000 2996.3481650723693 0 3.50000000005078 0.7 17.20248135976787 7.3 7.800000000502012 3.3502146661563117 5.28668322984852
16050 2996.3481650723693 0 3.50000000005078 0.7 17.20248135976787 7.3 7.800000000502012 3.3502146661563117 5.28668322984852
16100 2996.3481650723693 0 3.50000000005078 0.7 17.20248135976787 7.3 7.800000000502012 3.3502146661563117 5.28668322984852
16150 2996.3481650723693 0 3.50000000005078 0.7 17.20248135976787 7.3 7.800000000502012 3.3502146661563117 5.28668322984852
16200 2996.348165064162 0 3.5000000000441656 0.7 17.19267890126563 7.300000001169913 7.800000000381528 3.3502146661009844 5.286683229849812
16250 2996.348165064162 0 3.5000000000441656 0.7 17.19267890126563 7.300000001169913 7.800000000381528 3.3502146661009844 5.286683229849812
16300 2996.348165064162 0 3.5000000000441656 0.7 17.19267890126563 7.300000001169913 7.800000000381528 3.3502146661009844 5.286683229849812
16350 2996.348165064162 0 3.5000000000441656 0.7 17.19267890126563 7.300000001169913 7.800000000381528 3.3502146661009844 5.286683229849812
16400 2996.3481650453814 0 3.5000000000138756 0.7 17.115543342917807 7.3 7.8 3.3502146662421732 5.286683229811796
16450 2996.3481650453814 0 3.5000000000138756 0.7 17.115543342917807 7.3 7.8 3.3502146662421732 5.286683229811796
16500 2996.3481650453814 0 3.5000000000138756 0.7 17.115543342917807 7.3 7.8 3.3502146662421732 5.286683229811796
16550 2996.3481650453814 0 3.5000000000138756 0.7 17.115543342917807 7.3 7.8 3.3502146662421732 5.286683229811796
16600 2996.348165042086 0 3.5000000000291496 0.7 17.024405012942697 7.3 7.800000000192893 3.3502146662939425 5.2866832297697774
16650 2996.348165042086 0 3.5000000000291496 0.7 17.024405012942697 7.3 7.800000000192893 3.3502146662939425 5.2866832297697774
16700 2996.348165042086 0 3.5000000000291496 0.7 17.024405012942697 7.3 7.800000000192893 3.3502146662939425 5.2866832297697774
16750 2996.3481650343956 0 3.500000000024722 0.7000000000018524 17.238294112877668 7.30000000133238 7.800000000155748 3.350214666196361 5.286683229769174
16800 2996.348165019348 0 3.5000000000527582 0.7000000000002923 17.094930142797427 7.3 7.800000000012736 3.350214666151559 5.286683229780641
16850 2996.348165019348 0 3.5000000000527582 0.7000000000002923 17.094930142797427 7.3 7.800000000012736 3.350214666151559 5.286683229780641
16900 2996.348165013607 0 3.500000000071764 0.7 17.03206593205521 7.3 7.8000000001052765 3.35021466614764 5.286683229760328
16950 2996.3481650030008 0 3.5000000000645115 0.7 17.160160829882486 7.300000000425309 7.8 3.350214666111804 5.286683229760227
17000 2996.3481650030008 0 3.5000000000645115 0.7 17.160160829882486 7.300000000425309 7.8 3.350214666111804 5.286683229760227
17050 2996.3481650030008 0 3.5000000000645115 0.7 17.160160829882486 7.300000000425309 7.8 3.350214666111804 5.286683229760227
17100 2996.3481650030008 0 3.5000000000645115 0.7 17.160160829882486 7.300000000425309 7.8 3.350214666111804 5.286683229760227
17150 2996.3481650000203 0 3.5000000000095453 0.7000000000017536 17.01821636590937 7.3000000000022744 7.800000000011133 3.350214666140999 5.28668322977081
17200 2996.3481649990545 0 3.500000000020222 0.700000000001077 17.245280163147356 7.3000000002852214 7.8 3.3502146661145717 5.286683229774558
17250 2996.3481649990545 0 3.500000000020222 0.700000000001077 17.245280163147356 7.3000000002852214 7.8 3.3502146661145717 5.286683229774558
17300 2996.3481649976297 0 3.500000000040432 0.7 17.05669973245357 7.3000000002349745 7.8 3.3502146661188545 5.286683229766466
17350 2996.3481649779387 0 3.5000000000005382 0.7 17.024405012942697 7.3 7.8 3.3502146660994203 5.286683229771188
17400 2996.3481649779387 0 3.5000000000005382 0.7 17.024405012942697 7.3 7.8 3.3502146660994203 5.286683229771188
17450 2996.3481649779387 0 3.5000000000005382 0.7 17.024405012942697 7.3 7.8 3.3502146660994203 5.286683229771188
17500 2996.3481649779387 0 3.5000000000005382 0.7 17.024405012942697 7.3 7.8 3.3502146660994203 5.286683229771188
17550 2996.3481649779387 0 3.5000000000005382 0.7 17.024405012942697 7.3 7.8 3.3502146660994203 5.286683229771188
17600 2996.3481649779387 0 3.5000000000005382 0.7 17.024405012942697 7.3 7.8 3.3502146660994203 5.286683229771188
17650 2996.3481649779387 0 3.5000000000005382 0.7 17.024405012942697 7.3 7.8 3.3502146660994203 5.286683229771188
17700 2996.3481649779387 0 3.5000000000005382 0.7 17.024405012942697 7.3 7.8 3.3502146660994203 5.286683229771188
17750 2996.3481649779387 0 3.5000000000005382 0.7 17.024405012942697 7.3 7.8 3.3502146660994203 5.286683229771188
17800 2996.3481649779387 0 3.5000000000005382 0.7 17.024405012942697 7.3 7.8 3.3502146660994203 5.286683229771188
17850 2996.3481649779387 0 3.5000000000005382 0.7 17.024405012942697 7.3 7.8 3.3502146660994203 5.286683229771188
17900 2996.3481649779387 0 3.5000000000005382 0.7 17.024405012942697 7.3 7.8 3.3502146660994203 5.286683229771188
17950 2996.3481649779387 0 3.5000000000005382 0.7 17.024405012942697 7.3 7.8 3.3502146660994203 5.286683229771188
18000 2996.3481649779387 0 3.5000000000005382 0.7 17.024405012942697 7.3 7.8 3.3502146660994203 5.286683229771188
18050 2996.3481649779387 0 3.5000000000005382 0.7 17.024405012942697 7.3 7.8 3.3502146660994203 5.286683229771188
18100 2996.3481649779387 0 3.5000000000005382 0.7 17.024405012942697 7.3 7.8 3.3502146660994203 5.286683229771188
18150 2996.3481649764144 0 3.5000000000072133 0.7000000000002058 17.199387067414527 7.3 7.8 3.3502146661032777 5.28668322976166
18200 2996.3481649764144 0 3.5000000000072133 0.7000000000002058 17.199387067414527 7.3 7.8 3.3502146661032777 5.28668322976166
18250 2996.3481649764144 0 3.5000000000072133 0.7000000000002058 17.199387067414527 7.3 7.8 3.3502146661032777 5.28668322976166
18300 2996.3481649746254 0 3.500000000007318 0.7 17.0093402013269 7.3 7.800000000117908 3.3502146660969587 5.286683229758706
18350 2996.3481649746254 0 3.500000000007318 0.7 17.0093402013269 7.3 7.800000000117908 3.3502146660969587 5.286683229758706
18400 2996.3481649746254 0 3.500000000007318 0.7 17.0093402013269 7.3 7.800000000117908 3.3502146660969587 5.286683229758706
18450 2996.3481649746254 0 3.500000000007318 0.7 17.0093402013269 7.3 7.800000000117908 3.3502146660969587 5.286683229758706
18500 2996.3481649746254 0 3.500000000007318 0.7 17.0093402013269 7.3 7.800000000117908 3.3502146660969587 5.286683229758706
18550 2996.3481649730097 0 3.500000000002217 0.7000000000002081 17 7.3 7.8 3.3502146661014978 5.286683229760088
18600 2996.3481649730097 0 3.500000000002217 0.7000000000002081 17 7.3 7.8 3.3502146661014978 5.286683229760088
18650 2996.348164972052 0 3.500000000004021 0.7000000000002089 17.0093402013269 7.3 7.8 3.3502146660969587 5.286683229759282
18700 2996.348164971429 0 3.500000000003877 0.7000000000000015 17 7.3 7.8 3.3502146661002477 5.286683229758546
18750 2996.348164971429 0 3.500000000003877 0.7000000000000015 17 7.3 7.8 3.3502146661002477 5.286683229758546
18800 2996.348164971429 0 3.500000000003877 0.7000000000000015 17 7.3 7.8 3.3502146661002477 5.286683229758546
18850 2996.3481649713085 0 3.5000000000017986 0.7000000000000958 17.072102522632203 7.3 7.8 3.350214666097249 5.286683229760174
18900 2996.3481649713085 0 3.5000000000017986 0.7000000000000958 17.072102522632203 7.3 7.8 3.350214666097249 5.286683229760174
18950 2996.3481649708506 0 3.5000000000021805 0.7000000000000011 17.077706643428343 7.300000000031868 7.8000000000103755 3.3502146660998497 5.286683229758048
19000 2996.3481649708506 0 3.5000000000021805 0.7000000000000011 17.077706643428343 7.300000000031868 7.8000000000103755 3.3502146660998497 5.286683229758048
19050 2996.3481649708506 0 3.5000000000021805 0.7000000000000011 17.077706643428343 7.300000000031868 7.8000000000103755 3.3502146660998497 5.286683229758048
19100 2996.3481649702353 0 3.5000000000010356 0.7000000000001738 17.04326151357932 7.3 7.8 3.350214666097687 5.286683229758226
19150 2996.3481649702353 0 3.5000000000010356 0.7000000000001738 17.04326151357932 7.3 7.8 3.350214666097687 5.286683229758226
19200 2996.3481649702353 0 3.5000000000010356 0.7000000000001738 17.04326151357932 7.3 7.8 3.350214666097687 5.286683229758226
19250 2996.3481649702353 0 3.5000000000010356 0.7000000000001738 17.04326151357932 7.3 7.8 3.350214666097687 5.286683229758226
19300 2996.3481649702353 0 3.5000000000010356 0.7000000000001738 17.04326151357932 7.3 7.8 3.350214666097687 5.286683229758226
19350 2996.3481649701102 0 3.5000000000017235 0.7 17.012094387201756 7.3 7.8000000000013925 3.3502146660995256 5.286683229758055
19400 2996.3481649701102 0 3.5000000000017235 0.7 17.012094387201756 7.3 7.8000000000013925 3.3502146660995256 5.286683229758055
19450 2996.3481649701102 0 3.5000000000017235 0.7 17.012094387201756 7.3 7.8000000000013925 3.3502146660995256 5.286683229758055
19500 2996.3481649698615 0 3.500000000001376 0.7000000000000911 17 7.3 7.800000000008103 3.3502146660972105 5.286683229757927
19550 2996.3481649698615 0 3.500000000001376 0.7000000000000911 17 7.3 7.800000000008103 3.3502146660972105 5.286683229757927
19600 2996.3481649698615 0 3.500000000001376 0.7000000000000911 17 7.3 7.800000000008103 3.3502146660972105 5.286683229757927
19650 2996.3481649698615 0 3.500000000001376 0.7000000000000911 17 7.3 7.800000000008103 3.3502146660972105 5.286683229757927
19700 2996.3481649698615 0 3.500000000001376 0.7000000000000911 17 7.3 7.800000000008103 3.3502146660972105 5.286683229757927
19750 2996.348164969699 0 3.5000000000015774 0.7 17 7.300000000008447 7.8 3.3502146660982595 5.286683229757938
19800 2996.3481649696478 0 3.5000000000005764 0.7000000000000264 17.00267962378737 7.3 7.800000000016837 3.350214666097674 5.286683229758058
19850 2996.3481649696478 0 3.5000000000005764 0.7000000000000264 17.00267962378737 7.3 7.800000000016837 3.350214666097674 5.286683229758058
19900 2996.3481649696478 0 3.5000000000005764 0.7000000000000264 17.00267962378737 7.3 7.800000000016837 3.350214666097674 5.286683229758058
19950 2996.3481649696478 0 3.5000000000005764 0.7000000000000264 17.00267962378737 7.3 7.800000000016837 3.350214666097674 5.286683229758058
20000 2996.3481649696478 0 3.5000000000005764 0.7000000000000264 17.00267962378737 7.3 7.800000000016837 3.350214666097674 5.286683229758058
20050 2996.348164969222 0 3.5000000000004343 0.7000000000000264 17 7.3 7.8 3.350214666097643 5.28668322975807
20100 2996.348164969222 0 3.5000000000004343 0.7000000000000264 17 7.3 7.8 3.350214666097643 5.28668322975807
20150 2996.348164969222 0 3.5000000000004343 0.7000000000000264 17 7.3 7.8 3.350214666097643 5.28668322975807
20200 2996.348164969222 0 3.5000000000004343 0.7000000000000264 17 7.3 7.8 3.350214666097643 5.28668322975807
20250 2996.3481649689284 0 3.5000000000006235 0.7 17.31518893092583 7.3 7.800000000000151 3.3502146660968637 5.286683229757986
20300 2996.3481649688465 0 3.500000000000301 0.7000000000000104 17.290172163677966 7.3 7.8 3.3502146660969516 5.286683229757951
20350 2996.3481649688465 0 3.500000000000301 0.7000000000000104 17.290172163677966 7.3 7.8 3.3502146660969516 5.286683229757951
20400 2996.3481649688465 0 3.500000000000301 0.7000000000000104 17.290172163677966 7.3 7.8 3.3502146660969516 5.286683229757951
20450 2996.3481649687496 0 3.5000000000003406 0.7 17 7.3 7.8 3.3502146660965595 5.286683229758007
20500 2996.3481649687496 0 3.5000000000003406 0.7 17 7.3 7.8 3.3502146660965595 5.286683229758007
20550 2996.3481649687496 0 3.5000000000003406 0.7 17 7.3 7.8 3.3502146660965595 5.286683229758007
20600 2996.3481649687496 0 3.5000000000003406 0.7 17 7.3 7.8 3.3502146660965595 5.286683229758007
20650 2996.3481649686505 0 3.500000000000151 0.7 17.224226996667834 7.3 7.8 3.350214666096544 5.2866832297579744
20700 2996.3481649686505 0 3.500000000000151 0.7 17.224226996667834 7.3 7.8 3.350214666096544 5.2866832297579744
20750 2996.3481649686505 0 3.500000000000151 0.7 17.224226996667834 7.3 7.8 3.350214666096544 5.2866832297579744
20800 2996.3481649686505 0 3.500000000000151 0.7 17.224226996667834 7.3 7.8 3.350214666096544 5.2866832297579744
20850 2996.3481649686505 0 3.500000000000151 0.7 17.224226996667834 7.3 7.8 3.350214666096544 5.2866832297579744
20900 2996.3481649686505 0 3.500000000000151 0.7 17.224226996667834 7.3 7.8 3.350214666096544 5.2866832297579744
20950 2996.348164968621 0 3.5000000000000444 0.7 17.130232493477557 7.300000000000034 7.800000000000796 3.350214666096511 5.286683229757979
21000 2996.348164968621 0 3.5000000000000444 0.7 17.130232493477557 7.300000000000034 7.800000000000796 3.350214666096511 5.286683229757979
21050 2996.348164968621 0 3.5000000000000444 0.7 17.130232493477557 7.300000000000034 7.800000000000796 3.350214666096511 5.286683229757979
21100 2996.3481649686155 0 3.5000000000000973 0.7 17.362638278295638 7.300000000000561 7.80000000000053 3.3502146660965106 5.28668322975794
21150 2996.3481649686155 0 3.5000000000000973 0.7 17.362638278295638 7.300000000000561 7.80000000000053 3.3502146660965106 5.28668322975794
21200 2996.3481649686155 0 3.5000000000000973 0.7 17.362638278295638 7.300000000000561 7.80000000000053 3.3502146660965106 5.28668322975794
21250 2996.3481649686155 0 3.5000000000000973 0.7 17.362638278295638 7.300000000000561 7.80000000000053 3.3502146660965106 5.28668322975794
21300 2996.3481649686155 0 3.5000000000000973 0.7 17.362638278295638 7.300000000000561 7.80000000000053 3.3502146660965106 5.28668322975794
21350 2996.3481649686155 0 3.5000000000000973 0.7 17.362638278295638 7.300000000000561 7.80000000000053 3.3502146660965106 5.28668322975794
21400 2996.3481649686155 0 3.5000000000000973 0.7 17.362638278295638 7.300000000000561 7.80000000000053 3.3502146660965106 5.28668322975794
21450 2996.3481649686155 0 3.5000000000000973 0.7 17.362638278295638 7.300000000000561 7.80000000000053 3.3502146660965106 5.28668322975794
21500 2996.3481649686155 0 3.5000000000000973 0.7 17.362638278295638 7.300000000000561 7.80000000000053 3.3502146660965106 5.28668322975794
21550 2996.3481649686046 0 3.5000000000001195 0.7000000000000004 17 7.3 7.800000000000423 3.3502146660965106 5.286683229757918
21600 2996.348164968594 0 3.500000000000026 0.7 17.15334579903555 7.3 7.800000000000143 3.3502146660965675 5.286683229757949
21650 2996.348164968594 0 3.500000000000026 0.7 17.15334579903555 7.3 7.800000000000143 3.3502146660965675 5.286683229757949
21700 2996.348164968593 0 3.5000000000000067 0.7 17.24365730517397 7.3 7.800000000000796 3.350214666096517 5.286683229757957
21750 2996.348164968593 0 3.5000000000000067 0.7 17.24365730517397 7.3 7.800000000000796 3.350214666096517 5.286683229757957
21800 2996.3481649685796 0 3.5000000000000098 0.7 17.372670672548583 7.300000000000222 7.800000000000233 3.3502146660965764 5.286683229757926
21850 2996.3481649685796 0 3.5000000000000098 0.7 17.372670672548583 7.300000000000222 7.800000000000233 3.3502146660965764 5.286683229757926
21900 2996.3481649685777 0 3.500000000000025 0.7000000000000014 17.456069387368174 7.30000000000011 7.8 3.3502146660965635 5.2866832297579185
21950 2996.348164968573 0 3.500000000000026 0.7 17.486485486835562 7.3 7.8 3.3502146660965204 5.28668322975794
22000 2996.348164968573 0 3.500000000000026 0.7 17.486485486835562 7.3 7.8 3.3502146660965204 5.28668322975794
22050 2996.348164968573 0 3.500000000000026 0.7 17.486485486835562 7.3 7.8 3.3502146660965204 5.28668322975794
22100 2996.348164968573 0 3.500000000000026 0.7 17.486485486835562 7.3 7.8 3.3502146660965204 5.28668322975794
22150 2996.348164968573 0 3.500000000000026 0.7 17.486485486835562 7.3 7.8 3.3502146660965204 5.28668322975794
22200 2996.348164968573 0 3.500000000000026 0.7 17.486485486835562 7.3 7.8 3.3502146660965204 5.28668322975794
22250 2996.348164968573 0 3.500000000000026 0.7 17.486485486835562 7.3 7.8 3.3502146660965204 5.28668322975794
22300 2996.348164968573 0 3.500000000000026 0.7 17.486485486835562 7.3 7.8 3.3502146660965204 5.28668322975794
22350 2996.3481649685677 0 3.500000000000047 0.7000000000000004 17.01303204114335 7.3 7.8 3.35021466609645 5.286683229757943
22400 2996.348164968563 0 3.5000000000000124 0.7000000000000013 17.36519769301574 7.3 7.8 3.350214666096515 5.286683229757924
22450 2996.348164968557 0 3.5000000000000187 0.7000000000000004 17.449607931338242 7.300000000000399 7.800000000000297 3.35021466609645 5.286683229757927
22500 2996.348164968557 0 3.5000000000000187 0.7000000000000004 17.449607931338242 7.300000000000399 7.800000000000297 3.35021466609645 5.286683229757927
22550 2996.348164968557 0 3.5000000000000187 0.7000000000000004 17.449607931338242 7.300000000000399 7.800000000000297 3.35021466609645 5.286683229757927
22600 2996.348164968557 0 3.5000000000000187 0.7000000000000004 17.449607931338242 7.300000000000399 7.800000000000297 3.35021466609645 5.286683229757927
22650 2996.348164968557 0 3.5000000000000187 0.7000000000000004 17.449607931338242 7.300000000000399 7.800000000000297 3.35021466609645 5.286683229757927
22700 2996.3481649685527 0 3.4999999999999996 0.7 17.318290186034023 7.3 7.800000000000294 3.3502146660964964 5.286683229757923
22750 2996.348164968552 0 3.5000000000000053 0.7000000000000005 17.28105852713634 7.3 7.8 3.350214666096487 5.286683229757927
22800 2996.348164968543 0 3.500000000000018 0.7 17.021576456625144 7.3 7.800000000000006 3.3502146660964702 5.286683229757917
22850 2996.348164968543 0 3.500000000000018 0.7 17.021576456625144 7.3 7.800000000000006 3.3502146660964702 5.286683229757917
22900 2996.348164968543 0 3.500000000000018 0.7 17.021576456625144 7.3 7.800000000000006 3.3502146660964702 5.286683229757917
22950 2996.3481649685405 0 3.5000000000000115 0.7 17.208371894575155 7.3 7.8 3.350214666096469 5.286683229757917
23000 2996.3481649685405 0 3.5000000000000115 0.7 17.208371894575155 7.3 7.8 3.350214666096469 5.286683229757917
23050 2996.348164968539 0 3.5000000000000053 0.7 17.09348944587098 7.3 7.8000000000000504 3.350214666096463 5.28668322975792
23100 2996.3481649685373 0 3.5 0.7 17.208371894575155 7.3 7.8 3.3502146660964653 5.286683229757921
23150 2996.3481649685373 0 3.5 0.7 17.208371894575155 7.3 7.8 3.3502146660964653 5.286683229757921
23200 2996.348164968536 0 3.4999999999999996 0.7 17.155197371165563 7.3 7.800000000000058 3.3502146660964547 5.286683229757921
23250 2996.348164968536 0 3.4999999999999996 0.7 17.155197371165563 7.3 7.800000000000058 3.3502146660964547 5.286683229757921
23300 2996.348164968536 0 3.4999999999999996 0.7 17.155197371165563 7.3 7.800000000000058 3.3502146660964547 5.286683229757921
23350 2996.348164968536 0 3.4999999999999996 0.7 17.155197371165563 7.3 7.800000000000058 3.3502146660964547 5.286683229757921
23400 2996.3481649685345 0 3.5 0.7 17.264465562097744 7.3 7.80000000000003 3.350214666096455 5.286683229757919
23450 2996.3481649685345 0 3.5 0.7 17.264465562097744 7.3 7.80000000000003 3.350214666096455 5.286683229757919
23500 2996.3481649685345 0 3.5 0.7 17.264465562097744 7.3 7.80000000000003 3.350214666096455 5.286683229757919
23550 2996.3481649685345 0 3.5 0.7 17.264465562097744 7.3 7.80000000000003 3.350214666096455 5.286683229757919
23600 2996.3481649685345 0 3.5 0.7 17.264465562097744 7.3 7.80000000000003 3.350214666096455 5.286683229757919
23650 2996.3481649685327 0 3.500000000000001 0.7 17.03472639739845 7.3000000000000735 7.8 3.3502146660964476 5.2866832297579185
23700 2996.3481649685327 0 3.500000000000001 0.7 17.03472639739845 7.3000000000000735 7.8 3.3502146660964476 5.2866832297579185
23750 2996.3481649685327 0 3.500000000000001 0.7 17.03472639739845 7.3000000000000735 7.8 3.3502146660964476 5.2866832297579185
23800 2996.3481649685327 0 3.500000000000001 0.7 17.03472639739845 7.3000000000000735 7.8 3.3502146660964476 5.2866832297579185
23850 2996.3481649685327 0 3.5000000000000018 0.7 17.222907203298448 7.30000000000002 7.800000000000035 3.3502146660964476 5.2866832297579185
23900 2996.3481649685323 0 3.5 0.7 17.066074552808423 7.3 7.800000000000074 3.3502146660964485 5.286683229757917
23950 2996.3481649685323 0 3.500000000000001 0.7 17.17571051457997 7.300000000000067 7.800000000000002 3.3502146660964525 5.286683229757917
24000 2996.3481649685323 0 3.500000000000001 0.7 17.17571051457997 7.300000000000067 7.800000000000002 3.3502146660964525 5.286683229757917
24050 2996.3481649685323 0 3.500000000000001 0.7 17.17571051457997 7.300000000000067 7.800000000000002 3.3502146660964525 5.286683229757917
24100 2996.3481649685323 0 3.500000000000001 0.7 17.17571051457997 7.300000000000067 7.800000000000002 3.3502146660964525 5.286683229757917
24150 2996.3481649685323 0 3.500000000000001 0.7 17.17571051457997 7.300000000000067 7.800000000000002 3.3502146660964525 5.286683229757917
24200 2996.3481649685314 0 3.4999999999999996 0.7 17 7.3 7.8 3.3502146660964494 5.2866832297579185
24250 2996.3481649685314 0 3.4999999999999996 0.7 17 7.3 7.8 3.3502146660964494 5.2866832297579185
24300 2996.3481649685314 0 3.4999999999999996 0.7 17 7.3 7.8 3.3502146660964494 5.2866832297579185
24350 2996.3481649685314 0 3.4999999999999996 0.7 17 7.3 7.8 3.3502146660964494 5.2866832297579185
24400 2996.3481649685314 0 3.4999999999999996 0.7 17 7.3 7.8 3.3502146660964494 5.2866832297579185
24450 2996.3481649685314 0 3.4999999999999996 0.7 17 7.3 7.8 3.3502146660964494 5.2866832297579185
24500 2996.3481649685314 0 3.4999999999999996 0.7 17 7.3 7.8 3.3502146660964494 5.2866832297579185
24550 2996.3481649685314 0 3.4999999999999996 0.7 17 7.3 7.8 3.3502146660964494 5.2866832297579185
24600 2996.3481649685314 0 3.5000000000000004 0.7 17.163426263395042 7.300000000000099 7.8 3.3502146660964494 5.286683229757917
24650 2996.3481649685314 0 3.5000000000000004 0.7 17.163426263395042 7.300000000000099 7.8 3.3502146660964494 5.286683229757917
24700 2996.348164968531 0 3.4999999999999996 0.7 17.04228524119121 7.300000000000035 7.8 3.350214666096449 5.286683229757918
24750 2996.348164968531 0 3.5 0.7 17 7.30000000000005 7.8 3.3502146660964494 5.286683229757917
24800 2996.348164968531 0 3.4999999999999996 0.7 17.06103014732544 7.300000000000037 7.8 3.35021466609645 5.286683229757917
24850 2996.3481649685305 0 3.4999999999999996 0.7 17 7.300000000000008 7.8 3.35021466609645 5.286683229757917
24900 2996.3481649685305 0 3.4999999999999996 0.7 17.11793830767393 7.300000000000069 7.8 3.350214666096448 5.286683229757917
24950 2996.3481649685305 0 3.4999999999999996 0.7 17.11793830767393 7.300000000000069 7.8 3.350214666096448 5.286683229757917
25000 2996.34816496853 0 3.4999999999999996 0.7 17.113933780060638 7.300000000000017 7.8 3.350214666096448 5.286683229757917
25050 2996.34816496853 0 3.4999999999999996 0.7 17.113933780060638 7.300000000000017 7.8 3.350214666096448 5.286683229757917
25100 2996.34816496853 0 3.4999999999999996 0.7 17.113933780060638 7.300000000000017 7.8 3.350214666096448 5.286683229757917
25150 2996.34816496853 0 3.4999999999999996 0.7 17.113933780060638 7.300000000000017 7.8 3.350214666096448 5.286683229757917
25200 2996.34816496853 0 3.4999999999999996 0.7 17.113933780060638 7.300000000000017 7.8 3.350214666096448 5.286683229757917
25250 2996.34816496853 0 3.4999999999999996 0.7 17.113933780060638 7.300000000000017 7.8 3.350214666096448 5.286683229757917
25300 2996.34816496853 0 3.4999999999999996 0.7 17.113933780060638 7.300000000000017 7.8 3.350214666096448 5.286683229757917
25350 2996.34816496853 0 3.4999999999999996 0.7 17.113933780060638 7.300000000000017 7.8 3.350214666096448 5.286683229757917
25400 2996.34816496853 0 3.4999999999999996 0.7 17.113933780060638 7.300000000000017 7.8 3.350214666096448 5.286683229757917
25450 2996.34816496853 0 3.4999999999999996 0.7 17.113933780060638 7.300000000000017 7.8 3.350214666096448 5.286683229757917
25500 2996.34816496853 0 3.4999999999999996 0.7 17.113933780060638 7.300000000000017 7.8 3.350214666096448 5.286683229757917
25550 2996.34816496853 0 3.4999999999999996 0.7 17.113933780060638 7.300000000000017 7.8 3.350214666096448 5.286683229757917
25600 2996.34816496853 0 3.4999999999999996 0.7 17.113933780060638 7.300000000000017 7.8 3.350214666096448 5.286683229757917
25650 2996.3481649685295 0 3.4999999999999996 0.7 17.371158797847706 7.300000000000013 7.800000000000001 3.3502146660964476 5.286683229757917
25700 2996.3481649685295 0 3.4999999999999996 0.7 17.169033192037286 7.300000000000018 7.800000000000001 3.3502146660964476 5.286683229757917
25750 2996.3481649685295 0 3.4999999999999996 0.7 17.169033192037286 7.300000000000018 7.800000000000001 3.3502146660964476 5.286683229757917
25800 2996.3481649685295 0 3.4999999999999996 0.7 17.169033192037286 7.300000000000018 7.800000000000001 3.3502146660964476 5.286683229757917
25850 2996.3481649685295 0 3.4999999999999996 0.7 17.169033192037286 7.300000000000018 7.800000000000001 3.3502146660964476 5.286683229757917
25900 2996.3481649685295 0 3.4999999999999996 0.7 17.169033192037286 7.300000000000018 7.800000000000001 3.3502146660964476 5.286683229757917
25950 2996.3481649685295 0 3.4999999999999996 0.7 17.169033192037286 7.300000000000018 7.800000000000001 3.3502146660964476 5.286683229757917
26000 2996.3481649685295 0 3.4999999999999996 0.7 17.169033192037286 7.300000000000018 7.800000000000001 3.3502146660964476 5.286683229757917
26050 2996.3481649685295 0 3.4999999999999996 0.7 17.169033192037286 7.300000000000018 7.800000000000001 3.3502146660964476 5.286683229757917
26100 2996.3481649685295 0 3.4999999999999996 0.7 17.169033192037286 7.300000000000018 7.800000000000001 3.3502146660964476 5.286683229757917
26150 2996.3481649685295 0 3.4999999999999996 0.7 17.077418519718602 7.300000000000009 7.8 3.3502146660964476 5.286683229757917
26200 2996.3481649685295 0 3.4999999999999996 0.7 17.077418519718602 7.300000000000009 7.8 3.3502146660964476 5.286683229757917
26250 2996.3481649685295 0 3.4999999999999996 0.7 17.077418519718602 7.300000000000009 7.8 3.3502146660964476 5.286683229757917
26300 2996.3481649685295 0 3.4999999999999996 0.7 17.01068076819298 7.3 7.800000000000001 3.3502146660964476 5.286683229757917
26350 2996.3481649685295 0 3.4999999999999996 0.7 17.01068076819298 7.3 7.800000000000001 3.3502146660964476 5.286683229757917
26400 2996.3481649685295 0 3.4999999999999996 0.7 17.01068076819298 7.3 7.800000000000001 3.3502146660964476 5.286683229757917
26450 2996.3481649685295 0 3.4999999999999996 0.7 17.01068076819298 7.3 7.800000000000001 3.3502146660964476 5.286683229757917
26500 2996.3481649685295 0 3.4999999999999996 0.7 17.01068076819298 7.3 7.800000000000001 3.3502146660964476 5.286683229757917
26550 2996.3481649685295 0 3.4999999999999996 0.7 17.01068076819298 7.3 7.800000000000001 3.3502146660964476 5.286683229757917
26600 2996.3481649685295 0 3.4999999999999996 0.7 17.01068076819298 7.3 7.800000000000001 3.3502146660964476 5.286683229757917
26650 2996.3481649685295 0 3.4999999999999996 0.7 17.01068076819298 7.3 7.800000000000001 3.3502146660964476 5.286683229757917
26700 2996.3481649685295 0 3.4999999999999996 0.7 17.01068076819298 7.3 7.800000000000001 3.3502146660964476 5.286683229757917
26750 2996.3481649685295 0 3.4999999999999996 0.7 17.01068076819298 7.3 7.800000000000001 3.3502146660964476 5.286683229757917
26800 2996.3481649685295 0 3.4999999999999996 0.7 17.01068076819298 7.3 7.800000000000001 3.3502146660964476 5.286683229757917
26850 2996.3481649685295 0 3.4999999999999996 0.7 17.01068076819298 7.3 7.800000000000001 3.3502146660964476 5.286683229757917
26900 2996.3481649685295 0 3.4999999999999996 0.7 17.01068076819298 7.3 7.800000000000001 3.3502146660964476 5.286683229757917
26950 2996.3481649685295 0 3.4999999999999996 0.7 17.01068076819298 7.3 7.800000000000001 3.3502146660964476 5.286683229757917
27000 2996.3481649685295 0 3.4999999999999996 0.7 17.01068076819298 7.3 7.800000000000001 3.3502146660964476 5.286683229757917
27050 2996.3481649685295 0 3.4999999999999996 0.7 17.01068076819298 7.3 7.800000000000001 3.3502146660964476 5.286683229757917
27100 2996.3481649685295 0 3.4999999999999996 0.7 17.01068076819298 7.3 7.800000000000001 3.3502146660964476 5.286683229757917
27150 2996.3481649685295 0 3.4999999999999996 0.7 17.01068076819298 7.3 7.800000000000001 3.3502146660964476 5.286683229757917
27200 2996.3481649685295 0 3.4999999999999996 0.7 17.01068076819298 7.3 7.800000000000001 3.3502146660964476 5.286683229757917
27250 2996.3481649685295 0 3.4999999999999996 0.7 17.01068076819298 7.3 7.800000000000001 3.3502146660964476 5.286683229757917
27300 2996.3481649685295 0 3.4999999999999996 0.7 17.01068076819298 7.3 7.800000000000001 3.3502146660964476 5.286683229757917
27350 2996.3481649685295 0 3.4999999999999996 0.7 17.01068076819298 7.3 7.800000000000001 3.3502146660964476 5.286683229757917
27400 2996.3481649685295 0 3.4999999999999996 0.7 17.01068076819298 7.3 7.800000000000001 3.3502146660964476 5.286683229757917
27450 2996.3481649685295 0 3.4999999999999996 0.7 17.01068076819298 7.3 7.800000000000001 3.3502146660964476 5.286683229757917
27500 2996.3481649685295 0 3.4999999999999996 0.7 17.01068076819298 7.3 7.800000000000001 3.3502146660964476 5.286683229757917
27550 2996.3481649685295 0 3.4999999999999996 0.7 17.01068076819298 7.3 7.800000000000001 3.3502146660964476 5.286683229757917
27600 2996.3481649685295 0 3.4999999999999996 0.7 17.01068076819298 7.3 7.800000000000001 3.3502146660964476 5.286683229757917
27650 2996.3481649685295 0 3.4999999999999996 0.7 17.01068076819298 7.3 7.800000000000001 3.3502146660964476 5.286683229757917
27700 2996.3481649685295 0 3.4999999999999996 0.7 17.01068076819298 7.3 7.800000000000001 3.3502146660964476 5.286683229757917
27750 2996.3481649685295 0 3.4999999999999996 0.7 17.01068076819298 7.3 7.800000000000001 3.3502146660964476 5.286683229757917
27800 2996.3481649685295 0 3.4999999999999996 0.7 17.01068076819298 7.3 7.800000000000001 3.3502146660964476 5.286683229757917
27850 2996.3481649685295 0 3.4999999999999996 0.7 17.01068076819298 7.3 7.800000000000001 3.3502146660964476 5.286683229757917
27900 2996.3481649685295 0 3.4999999999999996 0.7 17.01068076819298 7.3 7.800000000000001 3.3502146660964476 5.286683229757917
27950 2996.3481649685295 0 3.4999999999999996 0.7 17.01068076819298 7.3 7.800000000000001 3.3502146660964476 5.286683229757917
28000 2996.3481649685295 0 3.4999999999999996 0.7 17.01068076819298 7.3 7.800000000000001 3.3502146660964476 5.286683229757917
28050 2996.3481649685295 0 3.4999999999999996 0.7 17.01068076819298 7.3 7.800000000000001 3.3502146660964476 5.286683229757917
28100 2996.3481649685295 0 3.4999999999999996 0.7 17.01068076819298 7.3 7.800000000000001 3.3502146660964476 5.286683229757917
28150 2996.3481649685295 0 3.4999999999999996 0.7 17.01068076819298 7.3 7.800000000000001 3.3502146660964476 5.286683229757917
28200 2996.3481649685295 0 3.4999999999999996 0.7 17.01068076819298 7.3 7.800000000000001 3.3502146660964476 5.286683229757917
28250 2996.3481649685295 0 3.4999999999999996 0.7 17.01068076819298 7.3 7.800000000000001 3.3502146660964476 5.286683229757917
28300 2996.3481649685295 0 3.4999999999999996 0.7 17.01068076819298 7.3 7.800000000000001 3.3502146660964476 5.286683229757917
28350 2996.3481649685295 0 3.4999999999999996 0.7 17.01068076819298 7.3 7.800000000000001 3.3502146660964476 5.286683229757917
28400 2996.3481649685295 0 3.4999999999999996 0.7 17.01068076819298 7.3 7.800000000000001 3.3502146660964476 5.286683229757917
28450 2996.3481649685295 0 3.4999999999999996 0.7 17.01068076819298 7.3 7.800000000000001 3.3502146660964476 5.286683229757917
28500 2996.3481649685295 0 3.4999999999999996 0.7 17.01068076819298 7.3 7.800000000000001 3.3502146660964476 5.286683229757917
28550 2996.3481649685295 0 3.4999999999999996 0.7 17.01068076819298 7.3 7.800000000000001 3.3502146660964476 5.286683229757917
28600 2996.3481649685295 0 3.4999999999999996 0.7 17.01068076819298 7.3 7.800000000000001 3.3502146660964476 5.286683229757917
28650 2996.3481649685295 0 3.4999999999999996 0.7 17.01068076819298 7.3 7.800000000000001 3.3502146660964476 5.286683229757917
28700 2996.3481649685295 0 3.4999999999999996 0.7 17.01068076819298 7.3 7.800000000000001 3.3502146660964476 5.286683229757917
28750 2996.3481649685295 0 3.4999999999999996 0.7 17.01068076819298 7.3 7.800000000000001 3.3502146660964476 5.286683229757917
28800 2996.3481649685295 0 3.4999999999999996 0.7 17.01068076819298 7.3 7.800000000000001 3.3502146660964476 5.286683229757917
28850 2996.3481649685295 0 3.4999999999999996 0.7 17.01068076819298 7.3 7.800000000000001 3.3502146660964476 5.286683229757917
28900 2996.3481649685295 0 3.4999999999999996 0.7 17.01068076819298 7.3 7.800000000000001 3.3502146660964476 5.286683229757917
28950 2996.3481649685295 0 3.4999999999999996 0.7 17.01068076819298 7.3 7.800000000000001 3.3502146660964476 5.286683229757917
29000 2996.3481649685295 0 3.4999999999999996 0.7 17.01068076819298 7.3 7.800000000000001 3.3502146660964476 5.286683229757917
29050 2996.3481649685295 0 3.4999999999999996 0.7 17.01068076819298 7.3 7.800000000000001 3.3502146660964476 5.286683229757917
29100 2996.3481649685295 0 3.4999999999999996 0.7 17.01068076819298 7.3 7.800000000000001 3.3502146660964476 5.286683229757917
29150 2996.3481649685295 0 3.4999999999999996 0.7 17.01068076819298 7.3 7.800000000000001 3.3502146660964476 5.286683229757917
29200 2996.3481649685295 0 3.4999999999999996 0.7 17.01068076819298 7.3 7.800000000000001 3.3502146660964476 5.286683229757917
29250 2996.3481649685295 0 3.4999999999999996 0.7 17.01068076819298 7.3 7.800000000000001 3.3502146660964476 5.286683229757917
29300 2996.3481649685295 0 3.4999999999999996 0.7 17.01068076819298 7.3 7.800000000000001 3.3502146660964476 5.286683229757917
29350 2996.3481649685295 0 3.4999999999999996 0.7 17.01068076819298 7.3 7.800000000000001 3.3502146660964476 5.286683229757917
29400 2996.3481649685295 0 3.4999999999999996 0.7 17.01068076819298 7.3 7.800000000000001 3.3502146660964476 5.286683229757917
29450 2996.3481649685295 0 3.4999999999999996 0.7 17.01068076819298 7.3 7.800000000000001 3.3502146660964476 5.286683229757917
29500 2996.3481649685295 0 3.4999999999999996 0.7 17.01068076819298 7.3 7.800000000000001 3.3502146660964476 5.286683229757917
29550 2996.3481649685295 0 3.4999999999999996 0.7 17.01068076819298 7.3 7.800000000000001 3.3502146660964476 5.286683229757917
29600 2996.3481649685295 0 3.4999999999999996 0.7 17.01068076819298 7.3 7.800000000000001 3.3502146660964476 5.286683229757917
29650 2996.3481649685295 0 3.4999999999999996 0.7 17.01068076819298 7.3 7.800000000000001 3.3502146660964476 5.286683229757917
29700 2996.3481649685295 0 3.4999999999999996 0.7 17.01068076819298 7.3 7.800000000000001 3.3502146660964476 5.286683229757917
29750 2996.3481649685295 0 3.4999999999999996 0.7 17.01068076819298 7.3 7.800000000000001 3.3502146660964476 5.286683229757917
29800 2996.3481649685295 0 3.4999999999999996 0.7 17.01068076819298 7.3 7.800000000000001 3.3502146660964476 5.286683229757917
29850 2996.3481649685295 0 3.4999999999999996 0.7 17.01068076819298 7.3 7.800000000000001 3.3502146660964476 5.286683229757917
29900 2996.3481649685295 0 3.4999999999999996 0.7 17.01068076819298 7.3 7.800000000000001 3.3502146660964476 5.286683229757917
29950 2996.3481649685295 0 3.4999999999999996 0.7 17.01068076819298 7.3 7.800000000000001 3.3502146660964476 5.286683229757917
30000 2996.3481649685295 0 3.4999999999999996 0.7 17.01068076819298 7.3 7.800000000000001 3.3502146660964476 5.286683229757917
30050 2996.3481649685295 0 3.4999999999999996 0.7 17.01068076819298 7.3 7.800000000000001 3.3502146660964476 5.286683229757917
30100 2996.3481649685295 0 3.4999999999999996 0.7 17.01068076819298 7.3 7.800000000000001 3.3502146660964476 5.286683229757917
30150 2996.3481649685295 0 3.4999999999999996 0.7 17.01068076819298 7.3 7.800000000000001 3.3502146660964476 5.286683229757917
30200 2996.3481649685295 0 3.4999999999999996 0.7 17.01068076819298 7.3 7.800000000000001 3.3502146660964476 5.286683229757917
30250 2996.3481649685295 0 3.4999999999999996 0.7 17.01068076819298 7.3 7.800000000000001 3.3502146660964476 5.286683229757917
30300 2996.3481649685295 0 3.4999999999999996 0.7 17.01068076819298 7.3 7.800000000000001 3.3502146660964476 5.286683229757917
30350 2996.3481649685295 0 3.4999999999999996 0.7 17.01068076819298 7.3 7.800000000000001 3.3502146660964476 5.286683229757917
30400 2996.3481649685295 0 3.4999999999999996 0.7 17.01068076819298 7.3 7.800000000000001 3.3502146660964476 5.286683229757917
30450 2996.3481649685295 0 3.4999999999999996 0.7 17.01068076819298 7.3 7.800000000000001 3.3502146660964476 5.286683229757917
30500 2996.3481649685295 0 3.4999999999999996 0.7 17.01068076819298 7.3 7.800000000000001 3.3502146660964476 5.286683229757917
30550 2996.3481649685295 0 3.4999999999999996 0.7 17.01068076819298 7.3 7.800000000000001 3.3502146660964476 5.286683229757917
30600 2996.3481649685295 0 3.4999999999999996 0.7 17.01068076819298 7.3 7.800000000000001 3.3502146660964476 5.286683229757917
30650 2996.3481649685295 0 3.4999999999999996 0.7 17.01068076819298 7.3 7.800000000000001 3.3502146660964476 5.286683229757917
30700 2996.3481649685295 0 3.4999999999999996 0.7 17.01068076819298 7.3 7.800000000000001 3.3502146660964476 5.286683229757917
30750 2996.3481649685295 0 3.4999999999999996 0.7 17.01068076819298 7.3 7.800000000000001 3.3502146660964476 5.286683229757917
30800 2996.3481649685295 0 3.4999999999999996 0.7 17.01068076819298 7.3 7.800000000000001 3.3502146660964476 5.286683229757917
30850 2996.3481649685295 0 3.4999999999999996 0.7 17.01068076819298 7.3 7.800000000000001 3.3502146660964476 5.286683229757917
30900 2996.3481649685295 0 3.4999999999999996 0.7 17.01068076819298 7.3 7.800000000000001 3.3502146660964476 5.286683229757917
30950 2996.3481649685295 0 3.4999999999999996 0.7 17.01068076819298 7.3 7.800000000000001 3.3502146660964476 5.286683229757917
31000 2996.3481649685295 0 3.4999999999999996 0.7 17.01068076819298 7.3 7.800000000000001 3.3502146660964476 5.286683229757917
31050 2996.3481649685295 0 3.4999999999999996 0.7 17.01068076819298 7.3 7.800000000000001 3.3502146660964476 5.286683229757917
31100 2996.3481649685295 0 3.4999999999999996 0.7 17.01068076819298 7.3 7.800000000000001 3.3502146660964476 5.286683229757917
31150 2996.3481649685295 0 3.4999999999999996 0.7 17.01068076819298 7.3 7.800000000000001 3.3502146660964476 5.286683229757917
31200 2996.3481649685295 0 3.4999999999999996 0.7 17.01068076819298 7.3 7.800000000000001 3.3502146660964476 5.286683229757917
31250 2996.3481649685295 0 3.4999999999999996 0.7 17.01068076819298 7.3 7.800000000000001 3.3502146660964476 5.286683229757917
31300 2996.3481649685295 0 3.4999999999999996 0.7 17.01068076819298 7.3 7.800000000000001 3.3502146660964476 5.286683229757917
31350 2996.3481649685295 0 3.4999999999999996 0.7 17.01068076819298 7.3 7.800000000000001 3.3502146660964476 5.286683229757917
31400 2996.3481649685295 0 3.4999999999999996 0.7 17.01068076819298 7.3 7.800000000000001 3.3502146660964476 5.286683229757917
31450 2996.3481649685295 0 3.4999999999999996 0.7 17.01068076819298 7.3 7.800000000000001 3.3502146660964476 5.286683229757917
31500 2996.3481649685295 0 3.4999999999999996 0.7 17.01068076819298 7.3 7.800000000000001 3.3502146660964476 5.286683229757917
31550 2996.3481649685295 0 3.4999999999999996 0.7 17.01068076819298 7.3 7.800000000000001 3.3502146660964476 5.286683229757917
31600 2996.3481649685295 0 3.4999999999999996 0.7 17.01068076819298 7.3 7.800000000000001 3.3502146660964476 5.286683229757917
31650 2996.3481649685295 0 3.4999999999999996 0.7 17.01068076819298 7.3 7.800000000000001 3.3502146660964476 5.286683229757917
31700 2996.3481649685295 0 3.4999999999999996 0.7 17.01068076819298 7.3 7.800000000000001 3.3502146660964476 5.286683229757917
31750 2996.3481649685295 0 3.4999999999999996 0.7 17.01068076819298 7.3 7.800000000000001 3.3502146660964476 5.286683229757917
31800 2996.3481649685295 0 3.4999999999999996 0.7 17.01068076819298 7.3 7.800000000000001 3.3502146660964476 5.286683229757917
31850 2996.3481649685295 0 3.4999999999999996 0.7 17.01068076819298 7.3 7.800000000000001 3.3502146660964476 5.286683229757917
31900 2996.3481649685295 0 3.4999999999999996 0.7 17.01068076819298 7.3 7.800000000000001 3.3502146660964476 5.286683229757917
31950 2996.3481649685295 0 3.4999999999999996 0.7 17.01068076819298 7.3 7.800000000000001 3.3502146660964476 5.286683229757917
32000 2996.3481649685295 0 3.4999999999999996 0.7 17.01068076819298 7.3 7.800000000000001 3.3502146660964476 5.286683229757917
32050 2996.3481649685295 0 3.4999999999999996 0.7 17.01068076819298 7.3 7.800000000000001 3.3502146660964476 5.286683229757917
32100 2996.3481649685295 0 3.4999999999999996 0.7 17.01068076819298 7.3 7.800000000000001 3.3502146660964476 5.286683229757917
32150 2996.3481649685295 0 3.4999999999999996 0.7 17.01068076819298 7.3 7.800000000000001 3.3502146660964476 5.286683229757917
32200 2996.3481649685295 0 3.4999999999999996 0.7 17.01068076819298 7.3 7.800000000000001 3.3502146660964476 5.286683229757917
32250 2996.3481649685295 0 3.4999999999999996 0.7 17.01068076819298 7.3 7.800000000000001 3.3502146660964476 5.286683229757917
32300 2996.3481649685295 0 3.4999999999999996 0.7 17.01068076819298 7.3 7.800000000000001 3.3502146660964476 5.286683229757917
32350 2996.3481649685295 0 3.4999999999999996 0.7 17.01068076819298 7.3 7.800000000000001 3.3502146660964476 5.286683229757917
32400 2996.3481649685295 0 3.4999999999999996 0.7 17.01068076819298 7.3 7.800000000000001 3.3502146660964476 5.286683229757917
32450 2996.3481649685295 0 3.4999999999999996 0.7 17.01068076819298 7.3 7.800000000000001 3.3502146660964476 5.286683229757917
32500 2996.3481649685295 0 3.4999999999999996 0.7 17.01068076819298 7.3 7.800000000000001 3.3502146660964476 5.286683229757917
32550 2996.3481649685295 0 3.4999999999999996 0.7 17.01068076819298 7.3 7.800000000000001 3.3502146660964476 5.286683229757917
32600 2996.3481649685295 0 3.4999999999999996 0.7 17.01068076819298 7.3 7.800000000000001 3.3502146660964476 5.286683229757917
32650 2996.3481649685295 0 3.4999999999999996 0.7 17.01068076819298 7.3 7.800000000000001 3.3502146660964476 5.286683229757917
32700 2996.3481649685295 0 3.4999999999999996 0.7 17.01068076819298 7.3 7.800000000000001 3.3502146660964476 5.286683229757917
32750 2996.3481649685295 0 3.4999999999999996 0.7 17.01068076819298 7.3 7.800000000000001 3.3502146660964476 5.286683229757917
32800 2996.3481649685295 0 3.4999999999999996 0.7 17.01068076819298 7.3 7.800000000000001 3.3502146660964476 5.286683229757917
32850 2996.3481649685295 0 3.4999999999999996 0.7 17.01068076819298 7.3 7.800000000000001 3.3502146660964476 5.286683229757917
32900 2996.3481649685295 0 3.4999999999999996 0.7 17.01068076819298 7.3 7.800000000000001 3.3502146660964476 5.286683229757917
32950 2996.3481649685295 0 3.4999999999999996 0.7 17.01068076819298 7.3 7.800000000000001 3.3502146660964476 5.286683229757917
33000 2996.3481649685295 0 3.4999999999999996 0.7 17.01068076819298 7.3 7.800000000000001 3.3502146660964476 5.286683229757917
33050 2996.3481649685295 0 3.4999999999999996 0.7 17.01068076819298 7.3 7.800000000000001 3.3502146660964476 5.286683229757917
33100 2996.3481649685295 0 3.4999999999999996 0.7 17.01068076819298 7.3 7.800000000000001 3.3502146660964476 5.286683229757917
33150 2996.3481649685295 0 3.4999999999999996 0.7 17.01068076819298 7.3 7.800000000000001 3.3502146660964476 5.286683229757917
33200 2996.3481649685295 0 3.4999999999999996 0.7 17.01068076819298 7.3 7.800000000000001 3.3502146660964476 5.286683229757917
33250 2996.3481649685295 0 3.4999999999999996 0.7 17.01068076819298 7.3 7.800000000000001 3.3502146660964476 5.286683229757917
33300 2996.3481649685295 0 3.4999999999999996 0.7 17.01068076819298 7.3 7.800000000000001 3.3502146660964476 5.286683229757917
33350 2996.3481649685295 0 3.4999999999999996 0.7 17.01068076819298 7.3 7.800000000000001 3.3502146660964476 5.286683229757917
33400 2996.3481649685295 0 3.4999999999999996 0.7 17.01068076819298 7.3 7.800000000000001 3.3502146660964476 5.286683229757917
33450 2996.3481649685295 0 3.4999999999999996 0.7 17.01068076819298 7.3 7.800000000000001 3.3502146660964476 5.286683229757917
33500 2996.3481649685295 0 3.4999999999999996 0.7 17.01068076819298 7.3 7.800000000000001 3.3502146660964476 5.286683229757917
33550 2996.3481649685295 0 3.4999999999999996 0.7 17.01068076819298 7.3 7.800000000000001 3.3502146660964476 5.286683229757917
33600 2996.3481649685295 0 3.4999999999999996 0.7 17.01068076819298 7.3 7.800000000000001 3.3502146660964476 5.286683229757917
33650 2996.3481649685295 0 3.4999999999999996 0.7 17.01068076819298 7.3 7.800000000000001 3.3502146660964476 5.286683229757917
33700 2996.3481649685295 0 3.4999999999999996 0.7 17.01068076819298 7.3 7.800000000000001 3.3502146660964476 5.286683229757917
33750 2996.3481649685295 0 3.4999999999999996 0.7 17.01068076819298 7.3 7.800000000000001 3.3502146660964476 5.286683229757917
33800 2996.3481649685295 0 3.4999999999999996 0.7 17.01068076819298 7.3 7.800000000000001 3.3502146660964476 5.286683229757917
33850 2996.3481649685295 0 3.4999999999999996 0.7 17.01068076819298 7.3 7.800000000000001 3.3502146660964476 5.286683229757917
33900 2996.3481649685295 0 3.4999999999999996 0.7 17.01068076819298 7.3 7.800000000000001 3.3502146660964476 5.286683229757917
33950 2996.3481649685295 0 3.4999999999999996 0.7 17.01068076819298 7.3 7.800000000000001 3.3502146660964476 5.286683229757917
34000 2996.3481649685295 0 3.4999999999999996 0.7 17.01068076819298 7.3 7.800000000000001 3.3502146660964476 5.286683229757917
34050 2996.3481649685295 0 3.4999999999999996 0.7 17.01068076819298 7.3 7.800000000000001 3.3502146660964476 5.286683229757917
34100 2996.3481649685295 0 3.4999999999999996 0.7 17.01068076819298 7.3 7.800000000000001 3.3502146660964476 5.286683229757917
34150 2996.3481649685295 0 3.4999999999999996 0.7 17.01068076819298 7.3 7.800000000000001 3.3502146660964476 5.286683229757917
34200 2996.3481649685295 0 3.4999999999999996 0.7 17.01068076819298 7.3 7.800000000000001 3.3502146660964476 5.286683229757917
34250 2996.3481649685295 0 3.4999999999999996 0.7 17.01068076819298 7.3 7.800000000000001 3.3502146660964476 5.286683229757917
34300 2996.3481649685295 0 3.4999999999999996 0.7 17.01068076819298 7.3 7.800000000000001 3.3502146660964476 5.286683229757917
34350 2996.3481649685295 0 3.4999999999999996 0.7 17.01068076819298 7.3 7.800000000000001 3.3502146660964476 5.286683229757917
34400 2996.3481649685295 0 3.4999999999999996 0.7 17.01068076819298 7.3 7.800000000000001 3.3502146660964476 5.286683229757917
34450 2996.3481649685295 0 3.4999999999999996 0.7 17.01068076819298 7.3 7.800000000000001 3.3502146660964476 5.286683229757917
34500 2996.3481649685295 0 3.4999999999999996 0.7 17.01068076819298 7.3 7.800000000000001 3.3502146660964476 5.286683229757917
34550 2996.3481649685295 0 3.4999999999999996 0.7 17.01068076819298 7.3 7.800000000000001 3.3502146660964476 5.286683229757917
34600 2996.3481649685295 0 3.4999999999999996 0.7 17.01068076819298 7.3 7.800000000000001 3.3502146660964476 5.286683229757917
34650 2996.3481649685295 0 3.4999999999999996 0.7 17.01068076819298 7.3 7.800000000000001 3.3502146660964476 5.286683229757917
34700 2996.3481649685295 0 3.4999999999999996 0.7 17.01068076819298 7.3 7.800000000000001 3.3502146660964476 5.286683229757917
34750 2996.3481649685295 0 3.4999999999999996 0.7 17.01068076819298 7.3 7.800000000000001 3.3502146660964476 5.286683229757917
34800 2996.3481649685295 0 3.4999999999999996 0.7 17.01068076819298 7.3 7.800000000000001 3.3502146660964476 5.286683229757917
34850 2996.3481649685295 0 3.4999999999999996 0.7 17.01068076819298 7.3 7.800000000000001 3.3502146660964476 5.286683229757917
34900 2996.3481649685295 0 3.4999999999999996 0.7 17.01068076819298 7.3 7.800000000000001 3.3502146660964476 5.286683229757917
34950 2996.3481649685295 0 3.4999999999999996 0.7 17.01068076819298 7.3 7.800000000000001 3.3502146660964476 5.286683229757917
35000 2996.3481649685295 0 3.4999999999999996 0.7 17.01068076819298 7.3 7.800000000000001 3.3502146660964476 5.286683229757917
35050 2996.3481649685295 0 3.4999999999999996 0.7 17.01068076819298 7.3 7.800000000000001 3.3502146660964476 5.286683229757917
35100 2996.3481649685295 0 3.4999999999999996 0.7 17.01068076819298 7.3 7.800000000000001 3.3502146660964476 5.286683229757917
35150 2996.3481649685295 0 3.4999999999999996 0.7 17.01068076819298 7.3 7.800000000000001 3.3502146660964476 5.286683229757917
35200 2996.3481649685295 0 3.4999999999999996 0.7 17.01068076819298 7.3 7.800000000000001 3.3502146660964476 5.286683229757917
35250 2996.3481649685295 0 3.4999999999999996 0.7 17.01068076819298 7.3 7.800000000000001 3.3502146660964476 5.286683229757917
35300 2996.3481649685295 0 3.4999999999999996 0.7 17.01068076819298 7.3 7.800000000000001 3.3502146660964476 5.286683229757917
35350 2996.3481649685295 0 3.4999999999999996 0.7 17.01068076819298 7.3 7.800000000000001 3.3502146660964476 5.286683229757917
35400 2996.3481649685295 0 3.4999999999999996 0.7 17.01068076819298 7.3 7.800000000000001 3.3502146660964476 5.286683229757917
35450 2996.3481649685295 0 3.4999999999999996 0.7 17.01068076819298 7.3 7.800000000000001 3.3502146660964476 5.286683229757917
35500 2996.3481649685295 0 3.4999999999999996 0.7 17.01068076819298 7.3 7.800000000000001 3.3502146660964476 5.286683229757917
35550 2996.3481649685295 0 3.4999999999999996 0.7 17.01068076819298 7.3 7.800000000000001 3.3502146660964476 5.286683229757917
35600 2996.3481649685295 0 3.4999999999999996 0.7 17.01068076819298 7.3 7.800000000000001 3.3502146660964476 5.286683229757917
35650 2996.3481649685295 0 3.4999999999999996 0.7 17.01068076819298 7.3 7.800000000000001 3.3502146660964476 5.286683229757917
35700 2996.3481649685295 0 3.4999999999999996 0.7 17.01068076819298 7.3 7.800000000000001 3.3502146660964476 5.286683229757917
35750 2996.3481649685295 0 3.4999999999999996 0.7 17.01068076819298 7.3 7.800000000000001 3.3502146660964476 5.286683229757917
35800 2996.3481649685295 0 3.4999999999999996 0.7 17.01068076819298 7.3 7.800000000000001 3.3502146660964476 5.286683229757917
35850 2996.3481649685295 0 3.4999999999999996 0.7 17.01068076819298 7.3 7.800000000000001 3.3502146660964476 5.286683229757917
35900 2996.3481649685295 0 3.4999999999999996 0.7 17.01068076819298 7.3 7.800000000000001 3.3502146660964476 5.286683229757917
35950 2996.3481649685295 0 3.4999999999999996 0.7 17.01068076819298 7.3 7.800000000000001 3.3502146660964476 5.286683229757917
*---*---*---*---*---*---*---*---*---*---*---*---*---*---*---*---*---*---*---*---*
Status: Finished
Last individual
2996.3481649685295 0 3.4999999999999996 0.7 17.01068076819298 7.3 7.800000000000001 3.3502146660964476 5.286683229757917
Hall of fame
2996.3481649685295 0 3.4999999999999996 0.7 17.371158797847706 7.300000000000013 7.800000000000001 3.3502146660964476 5.286683229757917
Last factible individual
2996.3481649685295 0 3.4999999999999996 0.7 17.01068076819298 7.3 7.800000000000001 3.3502146660964476 5.286683229757917
CPU time used (seconds)
3.557176244999937
