*---*---*---*---*---*---*---*---*---*---*---*---*---*---*---*---*---*---*---*---*
Algorithm: Differential Evolution
Constrainth handling method: DEB
Function: 22
Case: continuous
Seed: 5
Parents size: 50
Offsprings size: 50
maxFe: 36000
CR: 0.9
F: 0.6
rweights: -
*---*---*---*---*---*---*---*---*---*---*---*---*---*---*---*---*---*---*---*---*
ngen ObjectiveFunction ViolationSum ProjectVariables
50 4950.293243835636 0.1885852710978675 3.44551781616381 0.716113245334394 25.0 7.882910815923414 8.185130001485732 3.499993166737686 5.480733742923086
100 3274.456836167795 0.014681917346051954 3.6 0.7065487077211037 17 7.3291115636727175 7.943481167218123 3.6911446492470366 5.453218184942617
150 5740.1508260400105 0 3.6 0.7 28 8.3 8.059311246676922 3.480918527633395 5.5
200 5705.910149913322 0 3.541209148712446 0.7 28 8.3 8.066605028175212 3.7321015026711106 5.43244974879994
250 5487.572570452671 0 3.6 0.7 26.512 8.113757950363992 7.902922020170278 3.6895203511985186 5.450095503606113
300 4608.021047959346 0 3.5946419001555205 0.7119655578123056 22.672 7.963267722971613 8.12794189556496 3.8295202967266704 5.425437187333869
350 3189.131134374757 0 3.6 0.7100226864529349 17 7.3 8.256992208081481 3.4518702455878665 5.3941461860692
400 3189.131134374757 0 3.6 0.7100226864529349 17 7.3 8.256992208081481 3.4518702455878665 5.3941461860692
450 3189.131134374757 0 3.6 0.7100226864529349 17 7.3 8.256992208081481 3.4518702455878665 5.3941461860692
500 3167.2887025336754 0 3.5768517324266327 0.7 17 7.358475952738101 7.956179560667312 3.3692574231498296 5.486533774088425
550 3167.2887025336754 0 3.5768517324266327 0.7 17 7.358475952738101 7.956179560667312 3.3692574231498296 5.486533774088425
600 3161.138871735908 0 3.5933867853754786 0.7 17 7.437298046730106 8.141016610061108 3.356816144807055 5.465361510368938
650 3161.138871735908 0 3.5933867853754786 0.7 17 7.437298046730106 8.141016610061108 3.356816144807055 5.465361510368938
700 3161.138871735908 0 3.5933867853754786 0.7 17 7.437298046730106 8.141016610061108 3.356816144807055 5.465361510368938
750 3152.7244320451737 0 3.5933867853754786 0.7 17.0 7.3 8.171604214345427 3.433001942172282 5.424265288524869
800 3146.566785040456 0 3.6 0.7085830611353293 17.0 7.524795433995623 8.176869735857382 3.3657404032590836 5.373991574578481
850 3146.566785040456 0 3.6 0.7085830611353293 17.0 7.524795433995623 8.176869735857382 3.3657404032590836 5.373991574578481
900 3109.214288699361 0 3.6 0.7 17.201457152 7.72997052066562 8.12077427630388 3.4836356837861775 5.329078365590766
950 3109.214288699361 0 3.6 0.7 17.201457152 7.72997052066562 8.12077427630388 3.4836356837861775 5.329078365590766
1000 3101.465713465236 0 3.6 0.7037632395019304 17.0 7.995876555369223 8.130015165634989 3.42612259980374 5.310027525021835
1050 3098.7060523288465 0 3.5768517324266327 0.7 17 7.3322820486610825 8.020996369019848 3.4672929477981658 5.34299251436112
1100 3081.591827218368 0 3.597540416210673 0.7023977147575909 17.05349888 8.039948776324136 8.3 3.3635957281709836 5.309786164679179
1150 3075.184358180329 0 3.6 0.7002866827778483 17.108490567679997 7.854238017264121 8.138923663727434 3.392379200853485 5.310027525021835
1200 3075.184358180329 0 3.6 0.7002866827778483 17.108490567679997 7.854238017264121 8.138923663727434 3.392379200853485 5.310027525021835
1250 3073.3691435914516 0 3.5890713229808697 0.7 17.127005909811203 8.039948776324136 8.253295907832065 3.4073559787433556 5.303207674077683
1300 3056.477415636977 0 3.5989569821547245 0.7004048437947982 17 7.3 8.192284576747024 3.376101250823806 5.293179291367458
1350 3056.477415636977 0 3.5989569821547245 0.7004048437947982 17 7.3 8.192284576747024 3.376101250823806 5.293179291367458
1400 3056.477415636977 0 3.5989569821547245 0.7004048437947982 17 7.3 8.192284576747024 3.376101250823806 5.293179291367458
1450 3051.0079958042074 0 3.579367743580735 0.7002984934963452 17 7.8343958520423165 8.3 3.3658825697108243 5.29040182625025
1500 3051.0079958042074 0 3.579367743580735 0.7002984934963452 17 7.8343958520423165 8.3 3.3658825697108243 5.29040182625025
1550 3041.279836134389 0 3.561365460027864 0.7 17 7.340163551145541 8.241165165929631 3.376101250823806 5.293179291367458
1600 3040.6996256315606 0 3.575300232841385 0.7 17 7.383770082023833 8.058294842410897 3.351735682358073 5.299183178012837
1650 3040.6996256315606 0 3.575300232841385 0.7 17 7.383770082023833 8.058294842410897 3.351735682358073 5.299183178012837
1700 3040.6996256315606 0 3.575300232841385 0.7 17 7.383770082023833 8.058294842410897 3.351735682358073 5.299183178012837
1750 3039.0739352982664 0 3.547286564480758 0.7013053578455659 17 7.559253441900473 7.82850450508934 3.3980570550711553 5.291163847033332
1800 3039.0739352982664 0 3.547286564480758 0.7013053578455659 17 7.559253441900473 7.82850450508934 3.3980570550711553 5.291163847033332
1850 3030.756313297219 0 3.5461353073799304 0.7000444591123707 17.01674411387059 7.3 8.086456427955557 3.380650937629244 5.2897922402581585
1900 3030.756313297219 0 3.5461353073799304 0.7000444591123707 17.01674411387059 7.3 8.086456427955557 3.380650937629244 5.2897922402581585
1950 3030.756313297219 0 3.5461353073799304 0.7000444591123707 17.01674411387059 7.3 8.086456427955557 3.380650937629244 5.2897922402581585
2000 3027.4624202162818 0 3.560554400415203 0.7001259911017866 17.090223317277957 7.834990257726218 7.8 3.3545368612184223 5.288135413189007
2050 3027.4624202162818 0 3.560554400415203 0.7001259911017866 17.090223317277957 7.834990257726218 7.8 3.3545368612184223 5.288135413189007
2100 3025.0142981323233 0 3.518878215939373 0.700305073967931 17.069602011586113 7.3 8.052852081245524 3.3913504861459027 5.29249589171581
2150 3025.0142981323233 0 3.518878215939373 0.700305073967931 17.069602011586113 7.3 8.052852081245524 3.3913504861459027 5.29249589171581
2200 3020.4083502917374 0 3.530667305967882 0.7003959999982446 17.069602011586113 7.3 7.897375841357295 3.3790883147548936 5.287719500024805
2250 3019.0643287229245 0 3.513326279712833 0.7 17.070632972856448 7.3 7.873463161298178 3.394618778429574 5.293603950571174
2300 3019.0643287229245 0 3.513326279712833 0.7 17.070632972856448 7.3 7.873463161298178 3.394618778429574 5.293603950571174
2350 3016.92679422428 0 3.5087537535810176 0.7002736304940423 17.072291784772336 7.672334454461522 8.078561849106682 3.369469019834902 5.289084015737062
2400 3016.2103824839874 0 3.503384915742704 0.7 17.151497700059878 7.7224659583522826 7.969558330046056 3.3644245095873857 5.298298898558991
2450 3016.2103824839874 0 3.503384915742704 0.7 17.151497700059878 7.7224659583522826 7.969558330046056 3.3644245095873857 5.298298898558991
2500 3009.8749503440513 0 3.5074835336946895 0.7001491508725561 17.038901972081682 7.3 7.861169945289288 3.3638497982907825 5.294656710565537
2550 3008.753209204093 0 3.5035899671738733 0.7 17.091177536949164 7.818079781096232 7.803696945028773 3.3629083575603493 5.291499518047602
2600 3008.753209204093 0 3.5035899671738733 0.7 17.091177536949164 7.818079781096232 7.803696945028773 3.3629083575603493 5.291499518047602
2650 3008.753209204093 0 3.5035899671738733 0.7 17.091177536949164 7.818079781096232 7.803696945028773 3.3629083575603493 5.291499518047602
2700 3008.343246236237 0 3.501095885015146 0.7 17.29534817667842 7.3 8.003646388724848 3.370397040889395 5.289693451613829
2750 3003.8800905944586 0 3.5060626440635474 0.7003970924033629 17.173603977432517 7.3 7.87929546178602 3.3502685027187136 5.2891933316297814
2800 3003.8800905944586 0 3.5060626440635474 0.7003970924033629 17.173603977432517 7.3 7.87929546178602 3.3502685027187136 5.2891933316297814
2850 3003.8800905944586 0 3.5060626440635474 0.7003970924033629 17.173603977432517 7.3 7.87929546178602 3.3502685027187136 5.2891933316297814
2900 3003.8800905944586 0 3.5060626440635474 0.7003970924033629 17.173603977432517 7.3 7.87929546178602 3.3502685027187136 5.2891933316297814
2950 3003.8800905944586 0 3.5060626440635474 0.7003970924033629 17.173603977432517 7.3 7.87929546178602 3.3502685027187136 5.2891933316297814
3000 3003.8800905944586 0 3.5060626440635474 0.7003970924033629 17.173603977432517 7.3 7.87929546178602 3.3502685027187136 5.2891933316297814
3050 3003.8800905944586 0 3.5060626440635474 0.7003970924033629 17.173603977432517 7.3 7.87929546178602 3.3502685027187136 5.2891933316297814
3100 3003.8800905944586 0 3.5060626440635474 0.7003970924033629 17.173603977432517 7.3 7.87929546178602 3.3502685027187136 5.2891933316297814
3150 3002.0178091051894 0 3.5037747732812248 0.7002613964103523 17.090457298976062 7.3056403415658275 7.902453890404732 3.352892608405133 5.286718937986497
3200 3001.872092423881 0 3.503262354207069 0.7003546126573611 17.00556074114218 7.410324016752156 7.817101704859271 3.3536803869467118 5.28731896909004
3250 3001.872092423881 0 3.503262354207069 0.7003546126573611 17.00556074114218 7.410324016752156 7.817101704859271 3.3536803869467118 5.28731896909004
3300 3001.872092423881 0 3.503262354207069 0.7003546126573611 17.00556074114218 7.410324016752156 7.817101704859271 3.3536803869467118 5.28731896909004
3350 3001.872092423881 0 3.503262354207069 0.7003546126573611 17.00556074114218 7.410324016752156 7.817101704859271 3.3536803869467118 5.28731896909004
3400 3001.851946253826 0 3.502436038058493 0.7002785660361089 17.01666094947491 7.300765181380577 7.922693582007682 3.3515475962047407 5.287071545373001
3450 3001.851946253826 0 3.502436038058493 0.7002785660361089 17.01666094947491 7.300765181380577 7.922693582007682 3.3515475962047407 5.287071545373001
3500 3001.851946253826 0 3.502436038058493 0.7002785660361089 17.01666094947491 7.300765181380577 7.922693582007682 3.3515475962047407 5.287071545373001
3550 3001.4617439421363 0 3.502319132407225 0.7000897598437089 17.14403821550792 7.589294516096341 7.8 3.35228504015013 5.287808236341257
3600 3001.056577385465 0 3.5017452387407104 0.7 17.122433762183476 7.3 7.825282213463522 3.35254610571877 5.2911964505189095
3650 3001.056577385465 0 3.5017452387407104 0.7 17.122433762183476 7.3 7.825282213463522 3.35254610571877 5.2911964505189095
3700 3001.056577385465 0 3.5017452387407104 0.7 17.122433762183476 7.3 7.825282213463522 3.35254610571877 5.2911964505189095
3750 3000.127790755555 0 3.5008479062361624 0.7001484537731095 17 7.370591277445648 7.8 3.356317937611175 5.287615395176528
3800 2998.705464558176 0 3.500311699944465 0.7 17.001567500897337 7.3 7.802596246137536 3.356769988656098 5.287475758384109
3850 2998.705464558176 0 3.500311699944465 0.7 17.001567500897337 7.3 7.802596246137536 3.356769988656098 5.287475758384109
3900 2998.705464558176 0 3.500311699944465 0.7 17.001567500897337 7.3 7.802596246137536 3.356769988656098 5.287475758384109
3950 2998.705464558176 0 3.500311699944465 0.7 17.001567500897337 7.3 7.802596246137536 3.356769988656098 5.287475758384109
4000 2998.556138682399 0 3.502072316500311 0.7000004836601221 17 7.3 7.8 3.3523630368110213 5.288010180220488
4050 2998.556138682399 0 3.502072316500311 0.7000004836601221 17 7.3 7.8 3.3523630368110213 5.288010180220488
4100 2998.556138682399 0 3.502072316500311 0.7000004836601221 17 7.3 7.8 3.3523630368110213 5.288010180220488
4150 2998.556138682399 0 3.502072316500311 0.7000004836601221 17 7.3 7.8 3.3523630368110213 5.288010180220488
4200 2998.4783608363696 0 3.50163047494786 0.7000172345531258 17.28482647115047 7.3 7.8 3.351643458348401 5.288330137602883
4250 2998.4783608363696 0 3.50163047494786 0.7000172345531258 17.28482647115047 7.3 7.8 3.351643458348401 5.288330137602883
4300 2998.4783608363696 0 3.50163047494786 0.7000172345531258 17.28482647115047 7.3 7.8 3.351643458348401 5.288330137602883
4350 2998.121280157173 0 3.500385421530512 0.7 17.04582044558965 7.35610811088001 7.815636935019579 3.3526765918748707 5.286927376573805
4400 2998.121280157173 0 3.500385421530512 0.7 17.04582044558965 7.35610811088001 7.815636935019579 3.3526765918748707 5.286927376573805
4450 2998.121280157173 0 3.500385421530512 0.7 17.04582044558965 7.35610811088001 7.815636935019579 3.3526765918748707 5.286927376573805
4500 2997.897379698583 0 3.501409095568705 0.7000304972923277 17.258046255702162 7.325027526869791 7.8 3.351582752430098 5.287136591132648
4550 2997.897379698583 0 3.501409095568705 0.7000304972923277 17.258046255702162 7.325027526869791 7.8 3.351582752430098 5.287136591132648
4600 2997.7046879205354 0 3.5022786233235363 0.7000002901960732 17 7.3 7.8 3.3514449025493316 5.286913797860443
4650 2997.501538381529 0 3.500982916421695 0.7 17 7.3 7.8190838263051345 3.351522658908406 5.286706736991297
4700 2997.48185877934 0 3.5023243557912305 0.7 17.06659489101384 7.3 7.8 3.35068695428896 5.286841082430894
4750 2996.9310933560455 0 3.5003705010309383 0.7 17.096317074625553 7.3 7.8 3.3514373345788826 5.286880901218045
4800 2996.9310933560455 0 3.5003705010309383 0.7 17.096317074625553 7.3 7.8 3.3514373345788826 5.286880901218045
4850 2996.9310933560455 0 3.5003705010309383 0.7 17.096317074625553 7.3 7.8 3.3514373345788826 5.286880901218045
4900 2996.9310933560455 0 3.5003705010309383 0.7 17.096317074625553 7.3 7.8 3.3514373345788826 5.286880901218045
4950 2996.9310933560455 0 3.5003705010309383 0.7 17.096317074625553 7.3 7.8 3.3514373345788826 5.286880901218045
5000 2996.9310933560455 0 3.5003705010309383 0.7 17.096317074625553 7.3 7.8 3.3514373345788826 5.286880901218045
5050 2996.9310933560455 0 3.5003705010309383 0.7 17.096317074625553 7.3 7.8 3.3514373345788826 5.286880901218045
5100 2996.9310933560455 0 3.5003705010309383 0.7 17.096317074625553 7.3 7.8 3.3514373345788826 5.286880901218045
5150 2996.9310933560455 0 3.5003705010309383 0.7 17.096317074625553 7.3 7.8 3.3514373345788826 5.286880901218045
5200 2996.9310933560455 0 3.5003705010309383 0.7 17.096317074625553 7.3 7.8 3.3514373345788826 5.286880901218045
5250 2996.9310933560455 0 3.5003705010309383 0.7 17.096317074625553 7.3 7.8 3.3514373345788826 5.286880901218045
5300 2996.80144938186 0 3.5001074341427802 0.7 17.171383180722618 7.3 7.8 3.3503702348849345 5.287267238339687
5350 2996.80144938186 0 3.5001074341427802 0.7 17.171383180722618 7.3 7.8 3.3503702348849345 5.287267238339687
5400 2996.8003284726706 0 3.5001813307581497 0.7 17 7.316119643814466 7.80723691469058 3.350302954399334 5.28677359875559
5450 2996.8003284726706 0 3.5001813307581497 0.7 17 7.316119643814466 7.80723691469058 3.350302954399334 5.28677359875559
5500 2996.8003284726706 0 3.5001813307581497 0.7 17 7.316119643814466 7.80723691469058 3.350302954399334 5.28677359875559
5550 2996.707842868472 0 3.5001658812947465 0.7000028253838051 17.09357105684035 7.322207170440953 7.8 3.350367449445087 5.286757196993329
5600 2996.7010589185543 0 3.500374440745073 0.7000101310122214 17 7.3 7.800648707094505 3.3503485627757943 5.286858832978211
5650 2996.7010589185543 0 3.500374440745073 0.7000101310122214 17 7.3 7.800648707094505 3.3503485627757943 5.286858832978211
5700 2996.7010589185543 0 3.500374440745073 0.7000101310122214 17 7.3 7.800648707094505 3.3503485627757943 5.286858832978211
5750 2996.7010589185543 0 3.500374440745073 0.7000101310122214 17 7.3 7.800648707094505 3.3503485627757943 5.286858832978211
5800 2996.7010589185543 0 3.500374440745073 0.7000101310122214 17 7.3 7.800648707094505 3.3503485627757943 5.286858832978211
5850 2996.613732416757 0 3.5001062750277794 0.7000119639526038 17.425453725629563 7.312907227655977 7.800169308845358 3.3503141113982435 5.286725555335215
5900 2996.613732416757 0 3.5001062750277794 0.7000119639526038 17.425453725629563 7.312907227655977 7.800169308845358 3.3503141113982435 5.286725555335215
5950 2996.6022742977793 0 3.5002428508018304 0.7000010788107142 17.103537896606014 7.3 7.80080562321612 3.350302954399334 5.28686195513956
6000 2996.5572786325615 0 3.5001048832277966 0.7000040294836067 17.327154850837882 7.310279860501813 7.8 3.3503204111790357 5.286733762007364
6050 2996.5572786325615 0 3.5001048832277966 0.7000040294836067 17.327154850837882 7.310279860501813 7.8 3.3503204111790357 5.286733762007364
6100 2996.468889148335 0 3.500077468064326 0.7 17 7.3 7.800606091183945 3.350324380637216 5.286760328392949
6150 2996.468889148335 0 3.500077468064326 0.7 17 7.3 7.800606091183945 3.350324380637216 5.286760328392949
6200 2996.468889148335 0 3.500077468064326 0.7 17 7.3 7.800606091183945 3.350324380637216 5.286760328392949
6250 2996.468889148335 0 3.500077468064326 0.7 17 7.3 7.800606091183945 3.350324380637216 5.286760328392949
6300 2996.468889148335 0 3.500077468064326 0.7 17 7.3 7.800606091183945 3.350324380637216 5.286760328392949
6350 2996.468889148335 0 3.500077468064326 0.7 17 7.3 7.800606091183945 3.350324380637216 5.286760328392949
6400 2996.4515857895585 0 3.500079118507157 0.7 17.164852810193324 7.3 7.8 3.3503294742268053 5.2867509805092885
6450 2996.406746742937 0 3.500097650525159 0.7 17.49891957687048 7.3 7.8 3.3502325525742203 5.286707868394513
6500 2996.406746742937 0 3.500097650525159 0.7 17.49891957687048 7.3 7.8 3.3502325525742203 5.286707868394513
6550 2996.406746742937 0 3.500097650525159 0.7 17.49891957687048 7.3 7.8 3.3502325525742203 5.286707868394513
6600 2996.406746742937 0 3.500097650525159 0.7 17.49891957687048 7.3 7.8 3.3502325525742203 5.286707868394513
6650 2996.39736990655 0 3.5000641026387975 0.7 17.48819217089642 7.3 7.8 3.3502465614739374 5.286708229780573
6700 2996.39736990655 0 3.5000641026387975 0.7 17.48819217089642 7.3 7.8 3.3502465614739374 5.286708229780573
6750 2996.39736990655 0 3.5000641026387975 0.7 17.48819217089642 7.3 7.8 3.3502465614739374 5.286708229780573
6800 2996.39736990655 0 3.5000641026387975 0.7 17.48819217089642 7.3 7.8 3.3502465614739374 5.286708229780573
6850 2996.39736990655 0 3.5000641026387975 0.7 17.48819217089642 7.3 7.8 3.3502465614739374 5.286708229780573
6900 2996.39736990655 0 3.5000641026387975 0.7 17.48819217089642 7.3 7.8 3.3502465614739374 5.286708229780573
6950 2996.39736990655 0 3.5000641026387975 0.7 17.48819217089642 7.3 7.8 3.3502465614739374 5.286708229780573
7000 2996.39736990655 0 3.5000641026387975 0.7 17.48819217089642 7.3 7.8 3.3502465614739374 5.286708229780573
7050 2996.39736990655 0 3.5000641026387975 0.7 17.48819217089642 7.3 7.8 3.3502465614739374 5.286708229780573
7100 2996.390868743761 0 3.5000198031516683 0.7 17.115431243176705 7.3 7.800413087427892 3.350305954947444 5.286687307516664
7150 2996.390868743761 0 3.5000198031516683 0.7 17.115431243176705 7.3 7.800413087427892 3.350305954947444 5.286687307516664
7200 2996.390868743761 0 3.5000198031516683 0.7 17.115431243176705 7.3 7.800413087427892 3.350305954947444 5.286687307516664
7250 2996.390868743761 0 3.5000198031516683 0.7 17.115431243176705 7.3 7.800413087427892 3.350305954947444 5.286687307516664
7300 2996.380706442047 0 3.500024819227537 0.7000028658930461 17 7.3 7.8 3.350227328442468 5.2866936341403
7350 2996.368676841083 0 3.500006395609686 0.7 17 7.300208114802822 7.800059903267673 3.350263141056587 5.2866871557745085
7400 2996.368676841083 0 3.500006395609686 0.7 17 7.300208114802822 7.800059903267673 3.350263141056587 5.2866871557745085
7450 2996.368676841083 0 3.500006395609686 0.7 17 7.300208114802822 7.800059903267673 3.350263141056587 5.2866871557745085
7500 2996.368676841083 0 3.500006395609686 0.7 17 7.300208114802822 7.800059903267673 3.350263141056587 5.2866871557745085
7550 2996.368676841083 0 3.500006395609686 0.7 17 7.300208114802822 7.800059903267673 3.350263141056587 5.2866871557745085
7600 2996.368676841083 0 3.500006395609686 0.7 17 7.300208114802822 7.800059903267673 3.350263141056587 5.2866871557745085
7650 2996.368676841083 0 3.500006395609686 0.7 17 7.300208114802822 7.800059903267673 3.350263141056587 5.2866871557745085
7700 2996.3628436233766 0 3.50000701702859 0.7 17.03186821235035 7.300377360602545 7.8002714606482835 3.3502164877815632 5.2866866465046805
7750 2996.3628436233766 0 3.50000701702859 0.7 17.03186821235035 7.300377360602545 7.8002714606482835 3.3502164877815632 5.2866866465046805
7800 2996.3628436233766 0 3.50000701702859 0.7 17.03186821235035 7.300377360602545 7.8002714606482835 3.3502164877815632 5.2866866465046805
7850 2996.3628436233766 0 3.50000701702859 0.7 17.03186821235035 7.300377360602545 7.8002714606482835 3.3502164877815632 5.2866866465046805
7900 2996.362414000436 0 3.500001631827667 0.7 17.01001687976584 7.300211900280314 7.800125614488881 3.3502398726365445 5.286687253734771
7950 2996.362414000436 0 3.500001631827667 0.7 17.01001687976584 7.300211900280314 7.800125614488881 3.3502398726365445 5.286687253734771
8000 2996.362414000436 0 3.500001631827667 0.7 17.01001687976584 7.300211900280314 7.800125614488881 3.3502398726365445 5.286687253734771
8050 2996.362414000436 0 3.500001631827667 0.7 17.01001687976584 7.300211900280314 7.800125614488881 3.3502398726365445 5.286687253734771
8100 2996.362414000436 0 3.500001631827667 0.7 17.01001687976584 7.300211900280314 7.800125614488881 3.3502398726365445 5.286687253734771
8150 2996.362414000436 0 3.500001631827667 0.7 17.01001687976584 7.300211900280314 7.800125614488881 3.3502398726365445 5.286687253734771
8200 2996.360128808229 0 3.500010464848191 0.700000004976692 17 7.3 7.800076424544546 3.350232256774431 5.286685856699053
8250 2996.3586873817962 0 3.5000091804895925 0.7 17.00289144175499 7.300084457438305 7.800064287416456 3.3502216157675124 5.286687931059167
8300 2996.3586873817962 0 3.5000091804895925 0.7 17.00289144175499 7.300084457438305 7.800064287416456 3.3502216157675124 5.286687931059167
8350 2996.3586873817962 0 3.5000091804895925 0.7 17.00289144175499 7.300084457438305 7.800064287416456 3.3502216157675124 5.286687931059167
8400 2996.358542448109 0 3.5000020537235286 0.7000000436727856 17.0 7.3 7.800121214736577 3.3502319387764152 5.286686863542785
8450 2996.358542448109 0 3.5000020537235286 0.7000000436727856 17.0 7.3 7.800121214736577 3.3502319387764152 5.286686863542785
8500 2996.3576025281836 0 3.500010847504882 0.7 17.046024446164303 7.3 7.800056300921867 3.350229262146983 5.286683577911814
8550 2996.3576025281836 0 3.500010847504882 0.7 17.046024446164303 7.3 7.800056300921867 3.350229262146983 5.286683577911814
8600 2996.3576025281836 0 3.500010847504882 0.7 17.046024446164303 7.3 7.800056300921867 3.350229262146983 5.286683577911814
8650 2996.357176992468 0 3.5000077967118175 0.7 17.046024446164303 7.3 7.800206789443326 3.3502150512061863 5.286685293226544
8700 2996.356670808525 0 3.5000042393304516 0.7 17.024002583284787 7.3 7.800034380989542 3.350227559884826 5.286687632897654
8750 2996.355184492675 0 3.5000102393867825 0.7000000314538238 17.005951680991835 7.3 7.800001199137016 3.3502174923086456 5.286686546180333
8800 2996.355184492675 0 3.5000102393867825 0.7000000314538238 17.005951680991835 7.3 7.800001199137016 3.3502174923086456 5.286686546180333
8850 2996.355184492675 0 3.5000102393867825 0.7000000314538238 17.005951680991835 7.3 7.800001199137016 3.3502174923086456 5.286686546180333
8900 2996.355184492675 0 3.5000102393867825 0.7000000314538238 17.005951680991835 7.3 7.800001199137016 3.3502174923086456 5.286686546180333
8950 2996.3538148468724 0 3.5000002107963453 0.7 17.07765551171672 7.3 7.800148439785854 3.350218044895122 5.286685506039544
9000 2996.3538148468724 0 3.5000002107963453 0.7 17.07765551171672 7.3 7.800148439785854 3.350218044895122 5.286685506039544
9050 2996.35173740368 0 3.5000018654980174 0.7 17 7.3 7.8000672535867785 3.3502160947629878 5.286684801169173
9100 2996.35173740368 0 3.5000018654980174 0.7 17 7.3 7.8000672535867785 3.3502160947629878 5.286684801169173
9150 2996.35173740368 0 3.5000018654980174 0.7 17 7.3 7.8000672535867785 3.3502160947629878 5.286684801169173
9200 2996.3513810131335 0 3.5000019908626285 0.7000000141560668 17.02071363934076 7.300138563334455 7.8 3.3502173812637968 5.286683947915865
9250 2996.3513810131335 0 3.5000019908626285 0.7000000141560668 17.02071363934076 7.300138563334455 7.8 3.3502173812637968 5.286683947915865
9300 2996.350841805211 0 3.500000081879927 0.7 17.0 7.30002969920058 7.800083753796155 3.3502159183498157 5.286683583956339
9350 2996.350841805211 0 3.500000081879927 0.7 17.0 7.30002969920058 7.800083753796155 3.3502159183498157 5.286683583956339
9400 2996.350841805211 0 3.500000081879927 0.7 17.0 7.30002969920058 7.800083753796155 3.3502159183498157 5.286683583956339
9450 2996.3506723312958 0 3.5000033434595754 0.7 17.175789732943752 7.300010632604374 7.800017709528951 3.3502157983853826 5.286683895080515
9500 2996.3506723312958 0 3.5000033434595754 0.7 17.175789732943752 7.300010632604374 7.800017709528951 3.3502157983853826 5.286683895080515
9550 2996.350561049604 0 3.5000039910422145 0.7 17.256192296846514 7.300032180384124 7.8 3.3502150653489173 5.286683926476313
9600 2996.350561049604 0 3.5000039910422145 0.7 17.256192296846514 7.300032180384124 7.8 3.3502150653489173 5.286683926476313
9650 2996.3505394704202 0 3.50000388321482 0.7 17.12555936266233 7.30000677187981 7.8 3.3502168827952223 5.2866835830515795
9700 2996.349886147684 0 3.50000316339767 0.7 17.128801846762656 7.3 7.8 3.35021541389295 5.286683682796936
9750 2996.349886147684 0 3.50000316339767 0.7 17.128801846762656 7.3 7.8 3.35021541389295 5.286683682796936
9800 2996.349886147684 0 3.50000316339767 0.7 17.128801846762656 7.3 7.8 3.35021541389295 5.286683682796936
9850 2996.349886147684 0 3.50000316339767 0.7 17.128801846762656 7.3 7.8 3.35021541389295 5.286683682796936
9900 2996.349886147684 0 3.50000316339767 0.7 17.128801846762656 7.3 7.8 3.35021541389295 5.286683682796936
9950 2996.349708673011 0 3.5000022294194935 0.7000000188951535 17.175254015974506 7.30000641493862 7.8 3.3502160341154408 5.286683508858773
10000 2996.3492628063113 0 3.500000081879927 0.7000000144940504 17.43841020820751 7.300042027991525 7.800013271568064 3.350214819737414 5.286683700262675
10050 2996.3492628063113 0 3.500000081879927 0.7000000144940504 17.43841020820751 7.300042027991525 7.800013271568064 3.350214819737414 5.286683700262675
10100 2996.3492628063113 0 3.500000081879927 0.7000000144940504 17.43841020820751 7.300042027991525 7.800013271568064 3.350214819737414 5.286683700262675
10150 2996.3492628063113 0 3.500000081879927 0.7000000144940504 17.43841020820751 7.300042027991525 7.800013271568064 3.350214819737414 5.286683700262675
10200 2996.3492628063113 0 3.500000081879927 0.7000000144940504 17.43841020820751 7.300042027991525 7.800013271568064 3.350214819737414 5.286683700262675
10250 2996.3492628063113 0 3.500000081879927 0.7000000144940504 17.43841020820751 7.300042027991525 7.800013271568064 3.350214819737414 5.286683700262675
10300 2996.3492628063113 0 3.500000081879927 0.7000000144940504 17.43841020820751 7.300042027991525 7.800013271568064 3.350214819737414 5.286683700262675
10350 2996.3492628063113 0 3.500000081879927 0.7000000144940504 17.43841020820751 7.300042027991525 7.800013271568064 3.350214819737414 5.286683700262675
10400 2996.3490101415155 0 3.5000001556400577 0.700000016624032 17.211646609986982 7.300000437078021 7.800008450524087 3.3502154654721448 5.286683726435195
10450 2996.348602330414 0 3.500000320131854 0.7 17 7.3 7.8000007951838555 3.3502148483259098 5.286683619297468
10500 2996.348602330414 0 3.500000320131854 0.7 17 7.3 7.8000007951838555 3.3502148483259098 5.286683619297468
10550 2996.348602330414 0 3.500000320131854 0.7 17 7.3 7.8000007951838555 3.3502148483259098 5.286683619297468
10600 2996.348602330414 0 3.500000320131854 0.7 17 7.3 7.8000007951838555 3.3502148483259098 5.286683619297468
10650 2996.348602330414 0 3.500000320131854 0.7 17 7.3 7.8000007951838555 3.3502148483259098 5.286683619297468
10700 2996.348602330414 0 3.500000320131854 0.7 17 7.3 7.8000007951838555 3.3502148483259098 5.286683619297468
10750 2996.348602330414 0 3.500000320131854 0.7 17 7.3 7.8000007951838555 3.3502148483259098 5.286683619297468
10800 2996.348602330414 0 3.500000320131854 0.7 17 7.3 7.8000007951838555 3.3502148483259098 5.286683619297468
10850 2996.348602330414 0 3.500000320131854 0.7 17 7.3 7.8000007951838555 3.3502148483259098 5.286683619297468
10900 2996.348602330414 0 3.500000320131854 0.7 17 7.3 7.8000007951838555 3.3502148483259098 5.286683619297468
10950 2996.348602330414 0 3.500000320131854 0.7 17 7.3 7.8000007951838555 3.3502148483259098 5.286683619297468
11000 2996.3485109451094 0 3.500000175552106 0.7000000151462242 17.29974395259541 7.3 7.800001735398665 3.350215009763042 5.286683360133973
11050 2996.3485109451094 0 3.500000175552106 0.7000000151462242 17.29974395259541 7.3 7.800001735398665 3.350215009763042 5.286683360133973
11100 2996.3485109451094 0 3.500000175552106 0.7000000151462242 17.29974395259541 7.3 7.800001735398665 3.350215009763042 5.286683360133973
11150 2996.3484892188403 0 3.5000004119868215 0.7000000192777767 17 7.300001726537947 7.80000008262649 3.3502148883652976 5.2866832323524395
11200 2996.3484892188403 0 3.5000004119868215 0.7000000192777767 17 7.300001726537947 7.80000008262649 3.3502148883652976 5.2866832323524395
11250 2996.3484892188403 0 3.5000004119868215 0.7000000192777767 17 7.300001726537947 7.80000008262649 3.3502148883652976 5.2866832323524395
11300 2996.3484892188403 0 3.5000004119868215 0.7000000192777767 17 7.300001726537947 7.80000008262649 3.3502148883652976 5.2866832323524395
11350 2996.3484460305026 0 3.5000002330427438 0.7000000048312017 17 7.300006278284158 7.8 3.3502147102362896 5.286683388741581
11400 2996.34838399389 0 3.5000002540973365 0.7000000081360012 17.201641466633756 7.300001627602602 7.8 3.3502147837588803 5.286683289711375
11450 2996.34838399389 0 3.5000002540973365 0.7000000081360012 17.201641466633756 7.300001627602602 7.8 3.3502147837588803 5.286683289711375
11500 2996.34838399389 0 3.5000002540973365 0.7000000081360012 17.201641466633756 7.300001627602602 7.8 3.3502147837588803 5.286683289711375
11550 2996.34838399389 0 3.5000002540973365 0.7000000081360012 17.201641466633756 7.300001627602602 7.8 3.3502147837588803 5.286683289711375
11600 2996.34838399389 0 3.5000002540973365 0.7000000081360012 17.201641466633756 7.300001627602602 7.8 3.3502147837588803 5.286683289711375
11650 2996.34838399389 0 3.5000002540973365 0.7000000081360012 17.201641466633756 7.300001627602602 7.8 3.3502147837588803 5.286683289711375
11700 2996.3483774754404 0 3.5000002382274054 0.7 17.034004350204107 7.300007184648377 7.8000005956336125 3.350214759394672 5.286683259244089
11750 2996.3483058857805 0 3.5000001313412774 0.700000001561987 17.137696326731795 7.3 7.800000035581629 3.3502148494371533 5.286683284429668
11800 2996.3482684609444 0 3.500000063277035 0.7 17.30529928026474 7.3 7.800000728022288 3.3502148918745775 5.286683237810062
11850 2996.3482684609444 0 3.500000063277035 0.7 17.30529928026474 7.3 7.800000728022288 3.3502148918745775 5.286683237810062
11900 2996.3482208243136 0 3.5000000881871736 0.7000000001820381 17.295249873972722 7.3 7.800000035581629 3.3502147207968234 5.286683238681169
11950 2996.3482208243136 0 3.5000000881871736 0.7000000001820381 17.295249873972722 7.3 7.800000035581629 3.3502147207968234 5.286683238681169
12000 2996.3482208243136 0 3.5000000881871736 0.7000000001820381 17.295249873972722 7.3 7.800000035581629 3.3502147207968234 5.286683238681169
12050 2996.3482208243136 0 3.5000000881871736 0.7000000001820381 17.295249873972722 7.3 7.800000035581629 3.3502147207968234 5.286683238681169
12100 2996.3482208243136 0 3.5000000881871736 0.7000000001820381 17.295249873972722 7.3 7.800000035581629 3.3502147207968234 5.286683238681169
12150 2996.3482208243136 0 3.5000000881871736 0.7000000001820381 17.295249873972722 7.3 7.800000035581629 3.3502147207968234 5.286683238681169
12200 2996.3482208243136 0 3.5000000881871736 0.7000000001820381 17.295249873972722 7.3 7.800000035581629 3.3502147207968234 5.286683238681169
12250 2996.3482208243136 0 3.5000000881871736 0.7000000001820381 17.295249873972722 7.3 7.800000035581629 3.3502147207968234 5.286683238681169
12300 2996.3482208243136 0 3.5000000881871736 0.7000000001820381 17.295249873972722 7.3 7.800000035581629 3.3502147207968234 5.286683238681169
12350 2996.3481993832725 0 3.500000001144673 0.700000000148543 17.177149924383635 7.3 7.8 3.350214686237047 5.286683274040193
12400 2996.3481993832725 0 3.500000001144673 0.700000000148543 17.177149924383635 7.3 7.8 3.350214686237047 5.286683274040193
12450 2996.348194747081 0 3.500000001144673 0.7 17.204719401636073 7.300001318298447 7.8 3.350214703116109 5.286683242767918
12500 2996.348194747081 0 3.500000001144673 0.7 17.204719401636073 7.300001318298447 7.8 3.350214703116109 5.286683242767918
12550 2996.348194747081 0 3.500000001144673 0.7 17.204719401636073 7.300001318298447 7.8 3.350214703116109 5.286683242767918
12600 2996.348194747081 0 3.500000001144673 0.7 17.204719401636073 7.300001318298447 7.8 3.350214703116109 5.286683242767918
12650 2996.348194747081 0 3.500000001144673 0.7 17.204719401636073 7.300001318298447 7.8 3.350214703116109 5.286683242767918
12700 2996.348185861042 0 3.500000035720786 0.7000000013635583 17.07415946411666 7.3 7.8 3.3502146674851994 5.28668323030388
12750 2996.348185861042 0 3.500000035720786 0.7000000013635583 17.07415946411666 7.3 7.8 3.3502146674851994 5.28668323030388
12800 2996.348185861042 0 3.500000035720786 0.7000000013635583 17.07415946411666 7.3 7.8 3.3502146674851994 5.28668323030388
12850 2996.348185861042 0 3.500000035720786 0.7000000013635583 17.07415946411666 7.3 7.8 3.3502146674851994 5.28668323030388
12900 2996.348185861042 0 3.500000035720786 0.7000000013635583 17.07415946411666 7.3 7.8 3.3502146674851994 5.28668323030388
12950 2996.348185861042 0 3.500000035720786 0.7000000013635583 17.07415946411666 7.3 7.8 3.3502146674851994 5.28668323030388
13000 2996.348178350934 0 3.500000010927555 0.7000000013635583 17.05565116618681 7.3 7.8 3.3502146714813934 5.286683232205985
13050 2996.348178350934 0 3.500000010927555 0.7000000013635583 17.05565116618681 7.3 7.8 3.3502146714813934 5.286683232205985
13100 2996.3481763262903 0 3.5000000048792645 0.7 17.109509916599706 7.300000565296542 7.8 3.350214668804406 5.286683235682857
13150 2996.3481763262903 0 3.5000000048792645 0.7 17.109509916599706 7.300000565296542 7.8 3.350214668804406 5.286683235682857
13200 2996.3481763262903 0 3.5000000048792645 0.7 17.109509916599706 7.300000565296542 7.8 3.350214668804406 5.286683235682857
13250 2996.3481763262903 0 3.5000000048792645 0.7 17.109509916599706 7.300000565296542 7.8 3.350214668804406 5.286683235682857
13300 2996.3481763262903 0 3.5000000048792645 0.7 17.109509916599706 7.300000565296542 7.8 3.350214668804406 5.286683235682857
13350 2996.3481763262903 0 3.5000000048792645 0.7 17.109509916599706 7.300000565296542 7.8 3.350214668804406 5.286683235682857
13400 2996.3481763262903 0 3.5000000048792645 0.7 17.109509916599706 7.300000565296542 7.8 3.350214668804406 5.286683235682857
13450 2996.3481763262903 0 3.5000000048792645 0.7 17.109509916599706 7.300000565296542 7.8 3.350214668804406 5.286683235682857
13500 2996.3481745755075 0 3.500000005426166 0.7 17.191904972065963 7.3 7.8 3.3502146881728185 5.286683232666624
13550 2996.3481745755075 0 3.500000005426166 0.7 17.191904972065963 7.3 7.8 3.3502146881728185 5.286683232666624
13600 2996.3481745755075 0 3.500000005426166 0.7 17.191904972065963 7.3 7.8 3.3502146881728185 5.286683232666624
13650 2996.3481745755075 0 3.500000005426166 0.7 17.191904972065963 7.3 7.8 3.3502146881728185 5.286683232666624
13700 2996.3481745755075 0 3.500000005426166 0.7 17.191904972065963 7.3 7.8 3.3502146881728185 5.286683232666624
13750 2996.3481738914643 0 3.500000003710313 0.7000000001011041 17.2904535070477 7.3 7.800000014218608 3.350214683825951 5.28668323318349
13800 2996.3481730100384 0 3.500000005401206 0.7 17.47309886914848 7.3 7.8 3.350214675026352 5.286683235488494
13850 2996.3481730100384 0 3.500000005401206 0.7 17.47309886914848 7.3 7.8 3.350214675026352 5.286683235488494
13900 2996.348171669899 0 3.5000000032829366 0.7 17.324265257563994 7.3000001022565035 7.800000014218608 3.3502146776054476 5.286683231747752
13950 2996.348171669899 0 3.5000000032829366 0.7 17.324265257563994 7.3000001022565035 7.800000014218608 3.3502146776054476 5.286683231747752
14000 2996.348171598547 0 3.500000002795914 0.7 17.139467649442246 7.300000024285159 7.8 3.350214684977128 5.286683230553947
14050 2996.348170763608 0 3.500000001264812 0.7 17.29115921959837 7.300000014571095 7.800000010743863 3.350214674334946 5.286683234215041
14100 2996.348170763608 0 3.500000001264812 0.7 17.29115921959837 7.300000014571095 7.800000010743863 3.350214674334946 5.286683234215041
14150 2996.348170763608 0 3.500000001264812 0.7 17.29115921959837 7.300000014571095 7.800000010743863 3.350214674334946 5.286683234215041
14200 2996.348170763608 0 3.500000001264812 0.7 17.29115921959837 7.300000014571095 7.800000010743863 3.350214674334946 5.286683234215041
14250 2996.348170544731 0 3.5000000040747277 0.7 17.39974880004512 7.300000114774743 7.8 3.350214672070626 5.286683232024645
14300 2996.3481695558025 0 3.500000002773217 0.7000000001104749 17.087056645994032 7.300000014571095 7.800000008531165 3.3502146708214506 5.28668323208359
14350 2996.3481688272163 0 3.500000002354728 0.7000000000838857 17.046632324319507 7.300000053708227 7.8000000197875545 3.3502146662430428 5.2866832322889366
14400 2996.3481688272163 0 3.500000002354728 0.7000000000838857 17.046632324319507 7.300000053708227 7.8000000197875545 3.3502146662430428 5.2866832322889366
14450 2996.3481682194956 0 3.500000003224969 0.7000000001426749 17.050246144939766 7.300000049565384 7.8 3.350214669023121 5.286683230004547
14500 2996.3481682194956 0 3.500000003224969 0.7000000001426749 17.050246144939766 7.300000049565384 7.8 3.350214669023121 5.286683230004547
14550 2996.3481682194956 0 3.500000003224969 0.7000000001426749 17.050246144939766 7.300000049565384 7.8 3.350214669023121 5.286683230004547
14600 2996.348168018307 0 3.5000000019963458 0.700000000093732 17.21322351738222 7.3 7.8 3.350214669023121 5.286683231481804
14650 2996.348168018307 0 3.5000000019963458 0.700000000093732 17.21322351738222 7.3 7.8 3.350214669023121 5.286683231481804
14700 2996.3481678707503 0 3.5000000015044805 0.7 17.14209901671714 7.300000091970411 7.800000010329118 3.350214670395753 5.286683230038105
14750 2996.3481678707503 0 3.5000000015044805 0.7 17.14209901671714 7.300000091970411 7.800000010329118 3.350214670395753 5.286683230038105
14800 2996.3481674802906 0 3.5000000013895027 0.7000000000470841 17.26070475627685 7.300000037544844 7.800000004103161 3.350214666473038 5.286683231701848
14850 2996.3481674802906 0 3.5000000013895027 0.7000000000470841 17.26070475627685 7.300000037544844 7.800000004103161 3.350214666473038 5.286683231701848
14900 2996.3481674802906 0 3.5000000013895027 0.7000000000470841 17.26070475627685 7.300000037544844 7.800000004103161 3.350214666473038 5.286683231701848
14950 2996.348167268541 0 3.5000000005357945 0.7000000000416619 17.205501747334637 7.3000000409300245 7.800000012376257 3.3502146688555996 5.286683230647442
15000 2996.3481667624064 0 3.500000000058393 0.7 17 7.300000000656436 7.8 3.350214672558536 5.286683229944033
15050 2996.3481666499747 0 3.5000000005960623 0.7000000000099627 17.37235138671183 7.3 7.8 3.350214668881014 5.286683230847142
15100 2996.3481666499747 0 3.5000000005960623 0.7000000000099627 17.37235138671183 7.3 7.8 3.350214668881014 5.286683230847142
15150 2996.348166537712 0 3.500000000899154 0.7 17.19825995657749 7.3000000412817 7.80000000493954 3.3502146667149018 5.286683230679487
15200 2996.348166537712 0 3.500000000899154 0.7 17.19825995657749 7.3000000412817 7.80000000493954 3.3502146667149018 5.286683230679487
15250 2996.348166537712 0 3.500000000899154 0.7 17.19825995657749 7.3000000412817 7.80000000493954 3.3502146667149018 5.286683230679487
15300 2996.3481662666595 0 3.5000000007717884 0.7000000001015032 17.320292146393047 7.3000000133976455 7.800000000608033 3.350214666249403 5.28668323033331
15350 2996.3481662666595 0 3.5000000007717884 0.7000000001015032 17.320292146393047 7.3000000133976455 7.800000000608033 3.350214666249403 5.28668323033331
15400 2996.3481662666595 0 3.5000000007717884 0.7000000001015032 17.320292146393047 7.3000000133976455 7.800000000608033 3.350214666249403 5.28668323033331
15450 2996.34816623959 0 3.5000000019035764 0.7000000000016169 17.194172039785894 7.300000007679055 7.800000002393142 3.3502146676230993 5.286683229768613
15500 2996.3481659427384 0 3.500000000173236 0.7 17 7.3 7.800000012119394 3.3502146671733684 5.286683230332945
15550 2996.3481659427384 0 3.500000000173236 0.7 17 7.3 7.800000012119394 3.3502146671733684 5.286683230332945
15600 2996.3481659427384 0 3.500000000173236 0.7 17 7.3 7.800000012119394 3.3502146671733684 5.286683230332945
15650 2996.348165865716 0 3.5000000014199455 0.7 17.04316479029583 7.300000004607433 7.800000006159611 3.3502146661217407 5.286683230005099
15700 2996.348165865716 0 3.5000000014199455 0.7 17.04316479029583 7.300000004607433 7.800000006159611 3.3502146661217407 5.286683230005099
15750 2996.348165865716 0 3.5000000014199455 0.7 17.04316479029583 7.300000004607433 7.800000006159611 3.3502146661217407 5.286683230005099
15800 2996.34816579213 0 3.5000000001597 0.7 17 7.3 7.800000004281414 3.350214667442626 5.286683230267128
15850 2996.3481655737846 0 3.5000000002982197 0.7000000000095669 17 7.3 7.800000006598686 3.350214666249403 5.286683230168429
15900 2996.3481655737846 0 3.5000000002982197 0.7000000000095669 17 7.3 7.800000006598686 3.350214666249403 5.286683230168429
15950 2996.3481655737846 0 3.5000000002982197 0.7000000000095669 17 7.3 7.800000006598686 3.350214666249403 5.286683230168429
16000 2996.3481654797347 0 3.5000000005610956 0.7 17 7.3 7.80000000775829 3.3502146661968553 5.286683229907188
16050 2996.3481654797347 0 3.5000000005610956 0.7 17 7.3 7.80000000775829 3.3502146661968553 5.286683229907188
16100 2996.3481654797347 0 3.5000000005610956 0.7 17 7.3 7.80000000775829 3.3502146661968553 5.286683229907188
16150 2996.3481654797347 0 3.5000000005610956 0.7 17 7.3 7.80000000775829 3.3502146661968553 5.286683229907188
16200 2996.3481654797347 0 3.5000000005610956 0.7 17 7.3 7.80000000775829 3.3502146661968553 5.286683229907188
16250 2996.3481652778623 0 3.5000000002477516 0.7000000000402108 17.02962787904157 7.3 7.8 3.350214666110827 5.286683229799848
16300 2996.3481652778623 0 3.5000000002477516 0.7000000000402108 17.02962787904157 7.3 7.8 3.350214666110827 5.286683229799848
16350 2996.3481652778623 0 3.5000000002477516 0.7000000000402108 17.02962787904157 7.3 7.8 3.350214666110827 5.286683229799848
16400 2996.3481652778623 0 3.5000000002477516 0.7000000000402108 17.02962787904157 7.3 7.8 3.350214666110827 5.286683229799848
16450 2996.3481652475457 0 3.5000000002575704 0.7000000000058406 17 7.300000000498512 7.8 3.350214666462091 5.286683229842645
16500 2996.348165160174 0 3.5000000001309317 0.7 17 7.300000001725186 7.8 3.35021466649159 5.286683229796146
16550 2996.348165160174 0 3.5000000001309317 0.7 17 7.300000001725186 7.8 3.35021466649159 5.286683229796146
16600 2996.348165160174 0 3.5000000001309317 0.7 17 7.300000001725186 7.8 3.35021466649159 5.286683229796146
16650 2996.3481651366615 0 3.5000000000208957 0.7 17.150439338190186 7.300000001337524 7.8 3.3502146666124637 5.28668322978407
16700 2996.3481651366615 0 3.5000000000208957 0.7 17.150439338190186 7.300000001337524 7.8 3.3502146666124637 5.28668322978407
16750 2996.3481651291577 0 3.500000000027762 0.7000000000022167 17.09557742699058 7.300000000946556 7.8 3.3502146664792654 5.286683229811074
16800 2996.3481651291577 0 3.500000000027762 0.7000000000022167 17.09557742699058 7.300000000946556 7.8 3.3502146664792654 5.286683229811074
16850 2996.3481651072852 0 3.5000000001714047 0.7000000000027817 17.023834822934194 7.300000000372945 7.8 3.3502146662281986 5.28668322979251
16900 2996.3481651072852 0 3.5000000001714047 0.7000000000027817 17.023834822934194 7.300000000372945 7.8 3.3502146662281986 5.28668322979251
16950 2996.3481651072852 0 3.5000000001714047 0.7000000000027817 17.023834822934194 7.300000000372945 7.8 3.3502146662281986 5.28668322979251
17000 2996.348165085728 0 3.5000000001082667 0.7 17.052658472915482 7.3 7.8 3.3502146661451517 5.28668322985582
17050 2996.348165085728 0 3.5000000001082667 0.7 17.052658472915482 7.3 7.8 3.3502146661451517 5.28668322985582
17100 2996.3481650833023 0 3.500000000069245 0.7000000000038861 17.023834822934194 7.3 7.8 3.3502146661969294 5.286683229827747
17150 2996.3481650478343 0 3.500000000089072 0.7000000000006243 17.024277149116003 7.3 7.800000000200784 3.35021466612824 5.2866832298035
17200 2996.3481650478343 0 3.500000000089072 0.7000000000006243 17.024277149116003 7.3 7.800000000200784 3.35021466612824 5.2866832298035
17250 2996.3481650478343 0 3.500000000089072 0.7000000000006243 17.024277149116003 7.3 7.800000000200784 3.35021466612824 5.2866832298035
17300 2996.348165034065 0 3.5000000000490017 0.7 17.16152415354429 7.300000001782536 7.8 3.3502146662031507 5.286683229763236
17350 2996.3481650330573 0 3.5000000000638143 0.7 17.118742267905564 7.300000000946556 7.8 3.3502146661179006 5.2866832297982524
17400 2996.3481650198396 0 3.5000000000535594 0.7000000000012584 17.020424456836718 7.300000000343632 7.800000000035871 3.350214666173501 5.2866832297597
17450 2996.3481650198396 0 3.5000000000535594 0.7000000000012584 17.020424456836718 7.300000000343632 7.800000000035871 3.350214666173501 5.2866832297597
17500 2996.3481650198396 0 3.5000000000535594 0.7000000000012584 17.020424456836718 7.300000000343632 7.800000000035871 3.350214666173501 5.2866832297597
17550 2996.3481650198396 0 3.5000000000535594 0.7000000000012584 17.020424456836718 7.300000000343632 7.800000000035871 3.350214666173501 5.2866832297597
17600 2996.348164990113 0 3.500000000000492 0.7 17.14107282462625 7.3000000012173745 7.8 3.35021466611282 5.286683229768116
17650 2996.348164990113 0 3.500000000000492 0.7 17.14107282462625 7.3000000012173745 7.8 3.35021466611282 5.286683229768116
17700 2996.348164990113 0 3.500000000000492 0.7 17.14107282462625 7.3000000012173745 7.8 3.35021466611282 5.286683229768116
17750 2996.348164990113 0 3.500000000000492 0.7 17.14107282462625 7.3000000012173745 7.8 3.35021466611282 5.286683229768116
17800 2996.348164990113 0 3.500000000000492 0.7 17.14107282462625 7.3000000012173745 7.8 3.35021466611282 5.286683229768116
17850 2996.348164990113 0 3.500000000000492 0.7 17.14107282462625 7.3000000012173745 7.8 3.35021466611282 5.286683229768116
17900 2996.348164990113 0 3.500000000000492 0.7 17.14107282462625 7.3000000012173745 7.8 3.35021466611282 5.286683229768116
17950 2996.348164990113 0 3.500000000000492 0.7 17.14107282462625 7.3000000012173745 7.8 3.35021466611282 5.286683229768116
18000 2996.348164990113 0 3.500000000000492 0.7 17.14107282462625 7.3000000012173745 7.8 3.35021466611282 5.286683229768116
18050 2996.348164990113 0 3.500000000000492 0.7 17.14107282462625 7.3000000012173745 7.8 3.35021466611282 5.286683229768116
18100 2996.348164990113 0 3.500000000000492 0.7 17.14107282462625 7.3000000012173745 7.8 3.35021466611282 5.286683229768116
18150 2996.348164990113 0 3.500000000000492 0.7 17.14107282462625 7.3000000012173745 7.8 3.35021466611282 5.286683229768116
18200 2996.348164990113 0 3.500000000000492 0.7 17.14107282462625 7.3000000012173745 7.8 3.35021466611282 5.286683229768116
18250 2996.348164990113 0 3.500000000000492 0.7 17.14107282462625 7.3000000012173745 7.8 3.35021466611282 5.286683229768116
18300 2996.3481649856894 0 3.500000000000117 0.7 17.187179133428575 7.300000000300984 7.800000000057284 3.350214666117952 5.28668322977006
18350 2996.3481649856894 0 3.500000000000117 0.7 17.187179133428575 7.300000000300984 7.800000000057284 3.350214666117952 5.28668322977006
18400 2996.3481649856894 0 3.500000000000117 0.7 17.187179133428575 7.300000000300984 7.800000000057284 3.350214666117952 5.28668322977006
18450 2996.3481649856894 0 3.500000000000117 0.7 17.187179133428575 7.300000000300984 7.800000000057284 3.350214666117952 5.28668322977006
18500 2996.3481649856894 0 3.500000000000117 0.7 17.187179133428575 7.300000000300984 7.800000000057284 3.350214666117952 5.28668322977006
18550 2996.3481649856894 0 3.500000000000117 0.7 17.187179133428575 7.300000000300984 7.800000000057284 3.350214666117952 5.28668322977006
18600 2996.348164979578 0 3.500000000001652 0.7 17.244623760355104 7.3000000000285645 7.800000000097904 3.350214666102186 5.286683229768195
18650 2996.348164979578 0 3.500000000001652 0.7 17.244623760355104 7.3000000000285645 7.800000000097904 3.350214666102186 5.286683229768195
18700 2996.3481649755017 0 3.5000000000035763 0.7000000000004083 17 7.3 7.8000000000381196 3.3502146661006837 5.286683229760756
18750 2996.3481649755017 0 3.5000000000035763 0.7000000000004083 17 7.3 7.8000000000381196 3.3502146661006837 5.286683229760756
18800 2996.3481649755017 0 3.5000000000035763 0.7000000000004083 17 7.3 7.8000000000381196 3.3502146661006837 5.286683229760756
18850 2996.3481649755017 0 3.5000000000035763 0.7000000000004083 17 7.3 7.8000000000381196 3.3502146661006837 5.286683229760756
18900 2996.3481649755017 0 3.5000000000035763 0.7000000000004083 17 7.3 7.8000000000381196 3.3502146661006837 5.286683229760756
18950 2996.3481649755017 0 3.5000000000035763 0.7000000000004083 17 7.3 7.8000000000381196 3.3502146661006837 5.286683229760756
19000 2996.3481649755017 0 3.5000000000035763 0.7000000000004083 17 7.3 7.8000000000381196 3.3502146661006837 5.286683229760756
19050 2996.3481649750756 0 3.5000000000039693 0.7000000000004595 17.090303654876514 7.300000000186474 7.8 3.350214666098958 5.286683229758903
19100 2996.3481649750756 0 3.5000000000039693 0.7000000000004595 17.090303654876514 7.300000000186474 7.8 3.350214666098958 5.286683229758903
19150 2996.3481649750756 0 3.5000000000039693 0.7000000000004595 17.090303654876514 7.300000000186474 7.8 3.350214666098958 5.286683229758903
19200 2996.3481649737264 0 3.5000000000035763 0.7000000000000436 17 7.3 7.800000000049044 3.3502146660992427 5.286683229760756
19250 2996.3481649733903 0 3.5000000000015383 0.7000000000000436 17 7.3 7.800000000009578 3.3502146660982954 5.286683229763228
19300 2996.3481649733903 0 3.5000000000015383 0.7000000000000436 17 7.3 7.800000000009578 3.3502146660982954 5.286683229763228
19350 2996.3481649733903 0 3.5000000000015383 0.7000000000000436 17 7.3 7.800000000009578 3.3502146660982954 5.286683229763228
19400 2996.348164972377 0 3.500000000001738 0.7 17.269020483717465 7.3 7.8 3.3502146660975485 5.286683229762451
19450 2996.348164972377 0 3.500000000001738 0.7 17.269020483717465 7.3 7.8 3.3502146660975485 5.286683229762451
19500 2996.348164972377 0 3.500000000001738 0.7 17.269020483717465 7.3 7.8 3.3502146660975485 5.286683229762451
19550 2996.348164972377 0 3.500000000001738 0.7 17.269020483717465 7.3 7.8 3.3502146660975485 5.286683229762451
19600 2996.348164971123 0 3.5000000000011426 0.7 17 7.3 7.8000000000349665 3.3502146661016963 5.286683229757978
19650 2996.348164971123 0 3.5000000000011426 0.7 17 7.3 7.8000000000349665 3.3502146661016963 5.286683229757978
19700 2996.348164971123 0 3.5000000000011426 0.7 17 7.3 7.8000000000349665 3.3502146661016963 5.286683229757978
19750 2996.348164971123 0 3.5000000000011426 0.7 17 7.3 7.8000000000349665 3.3502146661016963 5.286683229757978
19800 2996.348164971123 0 3.5000000000011426 0.7 17 7.3 7.8000000000349665 3.3502146661016963 5.286683229757978
19850 2996.348164970987 0 3.5000000000010782 0.7 17.025539230300904 7.3 7.80000000002802 3.3502146660973904 5.286683229759769
19900 2996.3481649708397 0 3.500000000001464 0.7 17.230177914179045 7.3 7.800000000003418 3.350214666100654 5.28668322975884
19950 2996.3481649708397 0 3.500000000001464 0.7 17.230177914179045 7.3 7.800000000003418 3.350214666100654 5.28668322975884
20000 2996.3481649701503 0 3.5000000000000258 0.7 17.048375575549716 7.3 7.800000000015633 3.35021466609972 5.286683229758598
20050 2996.3481649701503 0 3.5000000000000258 0.7 17.048375575549716 7.3 7.800000000015633 3.35021466609972 5.286683229758598
20100 2996.3481649701503 0 3.5000000000000258 0.7 17.048375575549716 7.3 7.800000000015633 3.35021466609972 5.286683229758598
20150 2996.348164970137 0 3.5000000000010627 0.7 17.32860872893078 7.300000000001628 7.800000000000259 3.350214666100055 5.286683229758309
20200 2996.348164970137 0 3.5000000000010627 0.7 17.32860872893078 7.300000000001628 7.800000000000259 3.350214666100055 5.286683229758309
20250 2996.348164969799 0 3.5000000000002536 0.7 17.446435606340895 7.300000000001628 7.8 3.350214666100261 5.2866832297582045
20300 2996.348164969799 0 3.5000000000002536 0.7 17.446435606340895 7.300000000001628 7.8 3.350214666100261 5.2866832297582045
20350 2996.348164969799 0 3.5000000000002536 0.7 17.446435606340895 7.300000000001628 7.8 3.350214666100261 5.2866832297582045
20400 2996.3481649696087 0 3.5000000000004454 0.7000000000000403 17.282310803833422 7.3 7.800000000003364 3.350214666098819 5.286683229757985
20450 2996.3481649696087 0 3.5000000000004454 0.7000000000000403 17.282310803833422 7.3 7.800000000003364 3.350214666098819 5.286683229757985
20500 2996.3481649696087 0 3.5000000000004454 0.7000000000000403 17.282310803833422 7.3 7.800000000003364 3.350214666098819 5.286683229757985
20550 2996.3481649696087 0 3.5000000000004454 0.7000000000000403 17.282310803833422 7.3 7.800000000003364 3.350214666098819 5.286683229757985
20600 2996.3481649696087 0 3.5000000000004454 0.7000000000000403 17.282310803833422 7.3 7.800000000003364 3.350214666098819 5.286683229757985
20650 2996.348164969463 0 3.500000000000236 0.7 17.35372325426016 7.3 7.8 3.350214666098104 5.286683229758574
20700 2996.348164969315 0 3.5000000000002403 0.7 17.340774627105286 7.3 7.800000000005999 3.350214666098455 5.28668322975799
20750 2996.3481649692108 0 3.5000000000001483 0.7 17.113913249605236 7.300000000028568 7.800000000011546 3.350214666096784 5.2866832297579665
20800 2996.348164969205 0 3.5000000000000226 0.7 17 7.3 7.8 3.3502146660982803 5.28668322975823
20850 2996.348164969205 0 3.5000000000000226 0.7 17 7.3 7.8 3.3502146660982803 5.28668322975823
20900 2996.348164969083 0 3.500000000000388 0.700000000000005 17.31141429191279 7.3 7.800000000007565 3.3502146660970435 5.286683229758012
20950 2996.348164969002 0 3.5000000000004237 0.7000000000000047 17.164535771003365 7.300000000010841 7.8 3.3502146660969094 5.286683229758029
21000 2996.348164969002 0 3.5000000000004237 0.7000000000000047 17.164535771003365 7.300000000010841 7.8 3.3502146660969094 5.286683229758029
21050 2996.348164969002 0 3.5000000000004237 0.7000000000000047 17.164535771003365 7.300000000010841 7.8 3.3502146660969094 5.286683229758029
21100 2996.348164969002 0 3.5000000000004237 0.7000000000000047 17.164535771003365 7.300000000010841 7.8 3.3502146660969094 5.286683229758029
21150 2996.34816496895 0 3.500000000000297 0.7000000000000047 17 7.300000000010149 7.800000000003599 3.3502146660967407 5.286683229757977
21200 2996.34816496895 0 3.500000000000297 0.7000000000000047 17 7.300000000010149 7.800000000003599 3.3502146660967407 5.286683229757977
21250 2996.3481649688792 0 3.500000000000055 0.7000000000000053 17.126767037951996 7.3 7.800000000008706 3.350214666096522 5.286683229758064
21300 2996.3481649688792 0 3.500000000000055 0.7000000000000053 17.126767037951996 7.3 7.800000000008706 3.350214666096522 5.286683229758064
21350 2996.3481649688792 0 3.500000000000055 0.7000000000000053 17.126767037951996 7.3 7.800000000008706 3.350214666096522 5.286683229758064
21400 2996.3481649688238 0 3.500000000000258 0.700000000000003 17 7.3 7.8 3.350214666096491 5.2866832297581805
21450 2996.348164968821 0 3.5000000000000973 0.700000000000003 17.216463134345254 7.300000000001265 7.800000000001057 3.3502146660966674 5.286683229758151
21500 2996.348164968821 0 3.5000000000000973 0.700000000000003 17.216463134345254 7.300000000001265 7.800000000001057 3.3502146660966674 5.286683229758151
21550 2996.348164968821 0 3.5000000000000973 0.700000000000003 17.216463134345254 7.300000000001265 7.800000000001057 3.3502146660966674 5.286683229758151
21600 2996.348164968772 0 3.500000000000124 0.700000000000003 17.285588050622263 7.3 7.800000000001057 3.3502146660964853 5.286683229758148
21650 2996.348164968772 0 3.500000000000124 0.700000000000003 17.285588050622263 7.3 7.800000000001057 3.3502146660964853 5.286683229758148
21700 2996.3481649687296 0 3.5000000000001323 0.7000000000000096 17 7.3 7.8 3.3502146660965497 5.286683229758039
21750 2996.3481649687296 0 3.5000000000001323 0.7000000000000096 17 7.3 7.8 3.3502146660965497 5.286683229758039
21800 2996.3481649687296 0 3.5000000000001323 0.7000000000000096 17 7.3 7.8 3.3502146660965497 5.286683229758039
21850 2996.3481649687296 0 3.5000000000001323 0.7000000000000096 17 7.3 7.8 3.3502146660965497 5.286683229758039
21900 2996.3481649686773 0 3.5000000000000875 0.7000000000000073 17.124037235419067 7.300000000000302 7.800000000002639 3.3502146660964915 5.286683229757929
21950 2996.3481649686773 0 3.5000000000000875 0.7000000000000073 17.124037235419067 7.300000000000302 7.800000000002639 3.3502146660964915 5.286683229757929
22000 2996.3481649686773 0 3.5000000000000875 0.7000000000000073 17.124037235419067 7.300000000000302 7.800000000002639 3.3502146660964915 5.286683229757929
22050 2996.3481649686773 0 3.5000000000000875 0.7000000000000073 17.124037235419067 7.300000000000302 7.800000000002639 3.3502146660964915 5.286683229757929
22100 2996.3481649686773 0 3.5000000000000875 0.7000000000000073 17.124037235419067 7.300000000000302 7.800000000002639 3.3502146660964915 5.286683229757929
22150 2996.3481649686487 0 3.500000000000047 0.7000000000000013 17.18535010243241 7.3 7.800000000002138 3.3502146660965897 5.286683229757934
22200 2996.3481649686487 0 3.500000000000047 0.7000000000000013 17.18535010243241 7.3 7.800000000002138 3.3502146660965897 5.286683229757934
22250 2996.3481649686487 0 3.500000000000047 0.7000000000000013 17.18535010243241 7.3 7.800000000002138 3.3502146660965897 5.286683229757934
22300 2996.3481649686487 0 3.500000000000047 0.7000000000000013 17.18535010243241 7.3 7.800000000002138 3.3502146660965897 5.286683229757934
22350 2996.3481649686432 0 3.5000000000000857 0.7000000000000074 17.0 7.3 7.8 3.3502146660965932 5.28668322975793
22400 2996.3481649686432 0 3.5000000000000857 0.7000000000000074 17.0 7.3 7.8 3.3502146660965932 5.28668322975793
22450 2996.3481649686432 0 3.5000000000000857 0.7000000000000074 17.0 7.3 7.8 3.3502146660965932 5.28668322975793
22500 2996.3481649686432 0 3.5000000000000857 0.7000000000000074 17.0 7.3 7.8 3.3502146660965932 5.28668322975793
22550 2996.3481649686414 0 3.5000000000000964 0.7000000000000076 17 7.3 7.800000000000384 3.3502146660964844 5.28668322975795
22600 2996.348164968633 0 3.5000000000000995 0.7000000000000026 17 7.300000000001222 7.800000000000225 3.350214666096458 5.286683229757969
22650 2996.348164968607 0 3.500000000000055 0.7000000000000024 17.157821173949632 7.300000000001222 7.8 3.35021466609656 5.286683229757925
22700 2996.348164968607 0 3.500000000000055 0.7000000000000024 17.157821173949632 7.300000000001222 7.8 3.35021466609656 5.286683229757925
22750 2996.348164968592 0 3.5000000000000226 0.7000000000000006 17.29875529584591 7.300000000000781 7.800000000000999 3.3502146660964787 5.286683229757938
22800 2996.3481649685687 0 3.500000000000011 0.7 17.215173709508456 7.300000000000469 7.800000000000599 3.350214666096483 5.286683229757929
22850 2996.3481649685687 0 3.500000000000011 0.7 17.215173709508456 7.300000000000469 7.800000000000599 3.350214666096483 5.286683229757929
22900 2996.3481649685687 0 3.500000000000011 0.7 17.215173709508456 7.300000000000469 7.800000000000599 3.350214666096483 5.286683229757929
22950 2996.3481649685687 0 3.500000000000011 0.7 17.215173709508456 7.300000000000469 7.800000000000599 3.350214666096483 5.286683229757929
23000 2996.3481649685687 0 3.500000000000011 0.7 17.215173709508456 7.300000000000469 7.800000000000599 3.350214666096483 5.286683229757929
23050 2996.3481649685546 0 3.4999999999999996 0.7 17.29395169707626 7.300000000000705 7.8 3.350214666096471 5.286683229757936
23100 2996.3481649685546 0 3.4999999999999996 0.7 17.29395169707626 7.300000000000705 7.8 3.350214666096471 5.286683229757936
23150 2996.3481649685546 0 3.4999999999999996 0.7 17.29395169707626 7.300000000000705 7.8 3.350214666096471 5.286683229757936
23200 2996.3481649685546 0 3.4999999999999996 0.7 17.29395169707626 7.300000000000705 7.8 3.350214666096471 5.286683229757936
23250 2996.3481649685546 0 3.4999999999999996 0.7 17.29395169707626 7.300000000000705 7.8 3.350214666096471 5.286683229757936
23300 2996.348164968553 0 3.500000000000004 0.7 17.372045532215065 7.300000000000203 7.8 3.350214666096477 5.286683229757936
23350 2996.348164968553 0 3.500000000000004 0.7 17.372045532215065 7.300000000000203 7.8 3.350214666096477 5.286683229757936
23400 2996.348164968553 0 3.500000000000004 0.7 17.372045532215065 7.300000000000203 7.8 3.350214666096477 5.286683229757936
23450 2996.348164968553 0 3.500000000000004 0.7 17.372045532215065 7.300000000000203 7.8 3.350214666096477 5.286683229757936
23500 2996.348164968553 0 3.500000000000004 0.7 17.372045532215065 7.300000000000203 7.8 3.350214666096477 5.286683229757936
23550 2996.348164968553 0 3.500000000000004 0.7 17.372045532215065 7.300000000000203 7.8 3.350214666096477 5.286683229757936
23600 2996.348164968553 0 3.500000000000004 0.7 17.372045532215065 7.300000000000203 7.8 3.350214666096477 5.286683229757936
23650 2996.348164968552 0 3.500000000000011 0.7 17.44893914219535 7.300000000000069 7.800000000000008 3.3502146660964565 5.286683229757939
23700 2996.348164968547 0 3.5000000000000013 0.7000000000000003 17.4090159660546 7.300000000000849 7.8 3.3502146660964534 5.2866832297579265
23750 2996.348164968547 0 3.5000000000000013 0.7000000000000003 17.4090159660546 7.300000000000849 7.8 3.3502146660964534 5.2866832297579265
23800 2996.348164968547 0 3.5000000000000013 0.7000000000000003 17.4090159660546 7.300000000000849 7.8 3.3502146660964534 5.2866832297579265
23850 2996.3481649685446 0 3.500000000000011 0.7 17.48402557772345 7.3 7.800000000000187 3.3502146660964605 5.28668322975792
23900 2996.3481649685446 0 3.500000000000011 0.7 17.48402557772345 7.3 7.800000000000187 3.3502146660964605 5.28668322975792
23950 2996.3481649685423 0 3.500000000000018 0.7000000000000001 17.288398782082588 7.300000000000169 7.8 3.35021466609645 5.286683229757921
24000 2996.3481649685423 0 3.500000000000018 0.7000000000000001 17.288398782082588 7.300000000000169 7.8 3.35021466609645 5.286683229757921
24050 2996.3481649685423 0 3.500000000000018 0.7000000000000001 17.288398782082588 7.300000000000169 7.8 3.35021466609645 5.286683229757921
24100 2996.3481649685414 0 3.500000000000012 0.7 17.134242977166387 7.3 7.8 3.3502146660964534 5.286683229757925
24150 2996.3481649685414 0 3.500000000000012 0.7 17.134242977166387 7.3 7.8 3.3502146660964534 5.286683229757925
24200 2996.3481649685414 0 3.5000000000000084 0.7000000000000003 17.322633301167578 7.300000000000028 7.8 3.35021466609645 5.2866832297579265
24250 2996.3481649685386 0 3.5000000000000013 0.7 17.037038198559067 7.300000000000069 7.800000000000008 3.3502146660964573 5.286683229757925
24300 2996.3481649685386 0 3.5000000000000013 0.7 17.037038198559067 7.300000000000069 7.800000000000008 3.3502146660964573 5.286683229757925
24350 2996.3481649685364 0 3.500000000000007 0.7 17 7.3 7.8 3.350214666096458 5.2866832297579185
24400 2996.3481649685364 0 3.500000000000007 0.7 17 7.3 7.8 3.350214666096458 5.2866832297579185
24450 2996.3481649685364 0 3.5000000000000027 0.7000000000000001 17.186648506314402 7.3 7.800000000000085 3.350214666096458 5.286683229757918
24500 2996.3481649685364 0 3.5000000000000027 0.7000000000000001 17.186648506314402 7.3 7.800000000000085 3.350214666096458 5.286683229757918
24550 2996.3481649685364 0 3.5000000000000027 0.7000000000000001 17.186648506314402 7.3 7.800000000000085 3.350214666096458 5.286683229757918
24600 2996.348164968535 0 3.5000000000000075 0.7000000000000001 17 7.3 7.8 3.350214666096451 5.286683229757918
24650 2996.348164968535 0 3.5000000000000075 0.7000000000000001 17 7.3 7.8 3.350214666096451 5.286683229757918
24700 2996.348164968535 0 3.5000000000000075 0.7000000000000001 17 7.3 7.8 3.350214666096451 5.286683229757918
24750 2996.348164968535 0 3.5000000000000075 0.7000000000000001 17 7.3 7.8 3.350214666096451 5.286683229757918
24800 2996.348164968535 0 3.5000000000000075 0.7000000000000001 17 7.3 7.8 3.350214666096451 5.286683229757918
24850 2996.348164968534 0 3.5000000000000018 0.7000000000000001 17 7.3 7.80000000000004 3.35021466609645 5.2866832297579185
24900 2996.348164968534 0 3.5000000000000018 0.7000000000000001 17 7.3 7.80000000000004 3.35021466609645 5.2866832297579185
24950 2996.348164968534 0 3.5000000000000018 0.7000000000000001 17 7.3 7.80000000000004 3.35021466609645 5.2866832297579185
25000 2996.348164968534 0 3.5000000000000018 0.7000000000000001 17 7.3 7.80000000000004 3.35021466609645 5.2866832297579185
25050 2996.348164968534 0 3.5000000000000018 0.7000000000000001 17 7.3 7.80000000000004 3.35021466609645 5.2866832297579185
25100 2996.3481649685336 0 3.500000000000001 0.7 17.0 7.3 7.800000000000004 3.350214666096457 5.286683229757917
25150 2996.3481649685336 0 3.500000000000001 0.7 17.0 7.3 7.800000000000004 3.350214666096457 5.286683229757917
25200 2996.3481649685336 0 3.500000000000001 0.7 17.0 7.3 7.800000000000004 3.350214666096457 5.286683229757917
25250 2996.3481649685336 0 3.500000000000001 0.7 17.0 7.3 7.800000000000004 3.350214666096457 5.286683229757917
25300 2996.3481649685327 0 3.5000000000000018 0.7000000000000001 17.0 7.300000000000034 7.800000000000051 3.3502146660964476 5.286683229757918
25350 2996.3481649685327 0 3.5000000000000018 0.7000000000000001 17.0 7.300000000000034 7.800000000000051 3.3502146660964476 5.286683229757918
25400 2996.3481649685323 0 3.5000000000000018 0.7 17 7.30000000000004 7.800000000000051 3.350214666096448 5.286683229757917
25450 2996.3481649685323 0 3.5000000000000018 0.7 17 7.30000000000004 7.800000000000051 3.350214666096448 5.286683229757917
25500 2996.3481649685323 0 3.5000000000000018 0.7 17 7.30000000000004 7.800000000000051 3.350214666096448 5.286683229757917
25550 2996.3481649685323 0 3.5000000000000018 0.7 17 7.30000000000004 7.800000000000051 3.350214666096448 5.286683229757917
25600 2996.3481649685314 0 3.4999999999999996 0.7 17 7.30000000000009 7.80000000000001 3.3502146660964485 5.286683229757917
25650 2996.3481649685314 0 3.4999999999999996 0.7 17 7.30000000000009 7.80000000000001 3.3502146660964485 5.286683229757917
25700 2996.3481649685314 0 3.4999999999999996 0.7 17.0 7.300000000000107 7.8 3.3502146660964507 5.286683229757917
25750 2996.3481649685314 0 3.4999999999999996 0.7 17.0 7.300000000000107 7.8 3.3502146660964507 5.286683229757917
25800 2996.3481649685314 0 3.4999999999999996 0.7 17.0 7.300000000000107 7.8 3.3502146660964507 5.286683229757917
25850 2996.3481649685314 0 3.4999999999999996 0.7 17.0 7.300000000000107 7.8 3.3502146660964507 5.286683229757917
25900 2996.3481649685314 0 3.4999999999999996 0.7 17.0 7.300000000000107 7.8 3.3502146660964507 5.286683229757917
25950 2996.348164968531 0 3.5000000000000018 0.7 17.0 7.3 7.8 3.350214666096448 5.286683229757917
26000 2996.348164968531 0 3.5000000000000018 0.7 17.0 7.3 7.8 3.350214666096448 5.286683229757917
26050 2996.348164968531 0 3.5000000000000018 0.7 17.0 7.3 7.8 3.350214666096448 5.286683229757917
26100 2996.3481649685305 0 3.5000000000000013 0.7 17.103636957443445 7.3 7.80000000000001 3.3502146660964476 5.286683229757917
26150 2996.3481649685305 0 3.5000000000000013 0.7 17.103636957443445 7.3 7.80000000000001 3.3502146660964476 5.286683229757917
26200 2996.3481649685305 0 3.5000000000000013 0.7 17.103636957443445 7.3 7.80000000000001 3.3502146660964476 5.286683229757917
26250 2996.3481649685305 0 3.5000000000000013 0.7 17.103636957443445 7.3 7.80000000000001 3.3502146660964476 5.286683229757917
26300 2996.34816496853 0 3.4999999999999996 0.7 17.003854176233805 7.300000000000045 7.800000000000011 3.3502146660964476 5.286683229757917
26350 2996.34816496853 0 3.4999999999999996 0.7 17.003854176233805 7.300000000000045 7.800000000000011 3.3502146660964476 5.286683229757917
26400 2996.34816496853 0 3.4999999999999996 0.7 17.003854176233805 7.300000000000045 7.800000000000011 3.3502146660964476 5.286683229757917
26450 2996.34816496853 0 3.4999999999999996 0.7 17.003854176233805 7.300000000000045 7.800000000000011 3.3502146660964476 5.286683229757917
26500 2996.34816496853 0 3.4999999999999996 0.7 17.003854176233805 7.300000000000045 7.800000000000011 3.3502146660964476 5.286683229757917
26550 2996.34816496853 0 3.4999999999999996 0.7 17.003854176233805 7.300000000000045 7.800000000000011 3.3502146660964476 5.286683229757917
26600 2996.34816496853 0 3.4999999999999996 0.7 17.003854176233805 7.300000000000045 7.800000000000011 3.3502146660964476 5.286683229757917
26650 2996.34816496853 0 3.4999999999999996 0.7 17.003854176233805 7.300000000000045 7.800000000000011 3.3502146660964476 5.286683229757917
26700 2996.34816496853 0 3.4999999999999996 0.7 17.003854176233805 7.300000000000045 7.800000000000011 3.3502146660964476 5.286683229757917
26750 2996.34816496853 0 3.4999999999999996 0.7 17.003854176233805 7.300000000000045 7.800000000000011 3.3502146660964476 5.286683229757917
26800 2996.34816496853 0 3.4999999999999996 0.7 17.003854176233805 7.300000000000045 7.800000000000011 3.3502146660964476 5.286683229757917
26850 2996.34816496853 0 3.4999999999999996 0.7 17.003854176233805 7.300000000000045 7.800000000000011 3.3502146660964476 5.286683229757917
26900 2996.34816496853 0 3.4999999999999996 0.7 17.003854176233805 7.300000000000045 7.800000000000011 3.3502146660964476 5.286683229757917
26950 2996.3481649685295 0 3.4999999999999996 0.7 17.090299292074132 7.3 7.800000000000002 3.3502146660964476 5.286683229757917
27000 2996.3481649685295 0 3.4999999999999996 0.7 17.090299292074132 7.3 7.800000000000002 3.3502146660964476 5.286683229757917
27050 2996.3481649685295 0 3.4999999999999996 0.7 17.090299292074132 7.3 7.800000000000002 3.3502146660964476 5.286683229757917
27100 2996.3481649685295 0 3.4999999999999996 0.7 17.090299292074132 7.3 7.800000000000002 3.3502146660964476 5.286683229757917
27150 2996.3481649685295 0 3.4999999999999996 0.7 17.090299292074132 7.3 7.800000000000002 3.3502146660964476 5.286683229757917
27200 2996.3481649685295 0 3.4999999999999996 0.7 17.096186900431675 7.3 7.800000000000003 3.3502146660964476 5.286683229757917
27250 2996.3481649685295 0 3.4999999999999996 0.7 17.096186900431675 7.3 7.800000000000003 3.3502146660964476 5.286683229757917
27300 2996.3481649685295 0 3.4999999999999996 0.7 17.096186900431675 7.3 7.800000000000003 3.3502146660964476 5.286683229757917
27350 2996.3481649685295 0 3.4999999999999996 0.7 17.096186900431675 7.3 7.800000000000003 3.3502146660964476 5.286683229757917
27400 2996.3481649685295 0 3.4999999999999996 0.7 17.096186900431675 7.3 7.800000000000003 3.3502146660964476 5.286683229757917
27450 2996.3481649685295 0 3.4999999999999996 0.7 17.096186900431675 7.3 7.800000000000003 3.3502146660964476 5.286683229757917
27500 2996.3481649685295 0 3.4999999999999996 0.7 17.096186900431675 7.3 7.800000000000003 3.3502146660964476 5.286683229757917
27550 2996.3481649685295 0 3.4999999999999996 0.7 17.096186900431675 7.3 7.800000000000003 3.3502146660964476 5.286683229757917
27600 2996.3481649685295 0 3.4999999999999996 0.7 17.011609936404312 7.300000000000004 7.8 3.3502146660964476 5.286683229757917
27650 2996.3481649685295 0 3.4999999999999996 0.7 17.011609936404312 7.300000000000004 7.8 3.3502146660964476 5.286683229757917
27700 2996.3481649685295 0 3.4999999999999996 0.7 17.011609936404312 7.300000000000004 7.8 3.3502146660964476 5.286683229757917
27750 2996.3481649685295 0 3.4999999999999996 0.7 17.011609936404312 7.300000000000004 7.8 3.3502146660964476 5.286683229757917
27800 2996.3481649685295 0 3.4999999999999996 0.7 17.011609936404312 7.300000000000004 7.8 3.3502146660964476 5.286683229757917
27850 2996.3481649685295 0 3.4999999999999996 0.7 17.011609936404312 7.300000000000004 7.8 3.3502146660964476 5.286683229757917
27900 2996.3481649685295 0 3.4999999999999996 0.7 17.011609936404312 7.300000000000004 7.8 3.3502146660964476 5.286683229757917
27950 2996.3481649685295 0 3.4999999999999996 0.7 17.011609936404312 7.300000000000004 7.8 3.3502146660964476 5.286683229757917
28000 2996.3481649685295 0 3.4999999999999996 0.7 17.011609936404312 7.300000000000004 7.8 3.3502146660964476 5.286683229757917
28050 2996.3481649685295 0 3.4999999999999996 0.7 17.011609936404312 7.300000000000004 7.8 3.3502146660964476 5.286683229757917
28100 2996.3481649685295 0 3.4999999999999996 0.7 17.011609936404312 7.300000000000004 7.8 3.3502146660964476 5.286683229757917
28150 2996.3481649685295 0 3.4999999999999996 0.7 17.011609936404312 7.300000000000004 7.8 3.3502146660964476 5.286683229757917
28200 2996.3481649685295 0 3.4999999999999996 0.7 17.011609936404312 7.300000000000004 7.8 3.3502146660964476 5.286683229757917
28250 2996.3481649685295 0 3.4999999999999996 0.7 17.011609936404312 7.300000000000004 7.8 3.3502146660964476 5.286683229757917
28300 2996.3481649685295 0 3.4999999999999996 0.7 17.011609936404312 7.300000000000004 7.8 3.3502146660964476 5.286683229757917
28350 2996.3481649685295 0 3.4999999999999996 0.7 17.011609936404312 7.300000000000004 7.8 3.3502146660964476 5.286683229757917
28400 2996.3481649685295 0 3.4999999999999996 0.7 17.011609936404312 7.300000000000004 7.8 3.3502146660964476 5.286683229757917
28450 2996.3481649685295 0 3.4999999999999996 0.7 17.011609936404312 7.300000000000004 7.8 3.3502146660964476 5.286683229757917
28500 2996.3481649685295 0 3.4999999999999996 0.7 17.011609936404312 7.300000000000004 7.8 3.3502146660964476 5.286683229757917
28550 2996.3481649685295 0 3.4999999999999996 0.7 17.011609936404312 7.300000000000004 7.8 3.3502146660964476 5.286683229757917
28600 2996.3481649685295 0 3.4999999999999996 0.7 17.011609936404312 7.300000000000004 7.8 3.3502146660964476 5.286683229757917
28650 2996.3481649685295 0 3.4999999999999996 0.7 17.011609936404312 7.300000000000004 7.8 3.3502146660964476 5.286683229757917
28700 2996.3481649685295 0 3.4999999999999996 0.7 17.011609936404312 7.300000000000004 7.8 3.3502146660964476 5.286683229757917
28750 2996.3481649685295 0 3.4999999999999996 0.7 17.011609936404312 7.300000000000004 7.8 3.3502146660964476 5.286683229757917
28800 2996.3481649685295 0 3.4999999999999996 0.7 17.011609936404312 7.300000000000004 7.8 3.3502146660964476 5.286683229757917
28850 2996.3481649685295 0 3.4999999999999996 0.7 17.011609936404312 7.300000000000004 7.8 3.3502146660964476 5.286683229757917
28900 2996.3481649685295 0 3.4999999999999996 0.7 17.011609936404312 7.300000000000004 7.8 3.3502146660964476 5.286683229757917
28950 2996.3481649685295 0 3.4999999999999996 0.7 17.011609936404312 7.300000000000004 7.8 3.3502146660964476 5.286683229757917
29000 2996.3481649685295 0 3.4999999999999996 0.7 17.011609936404312 7.300000000000004 7.8 3.3502146660964476 5.286683229757917
29050 2996.3481649685295 0 3.4999999999999996 0.7 17.011609936404312 7.300000000000004 7.8 3.3502146660964476 5.286683229757917
29100 2996.3481649685295 0 3.4999999999999996 0.7 17.011609936404312 7.300000000000004 7.8 3.3502146660964476 5.286683229757917
29150 2996.3481649685295 0 3.4999999999999996 0.7 17.011609936404312 7.300000000000004 7.8 3.3502146660964476 5.286683229757917
29200 2996.3481649685295 0 3.4999999999999996 0.7 17.011609936404312 7.300000000000004 7.8 3.3502146660964476 5.286683229757917
29250 2996.3481649685295 0 3.4999999999999996 0.7 17.011609936404312 7.300000000000004 7.8 3.3502146660964476 5.286683229757917
29300 2996.3481649685295 0 3.4999999999999996 0.7 17.011609936404312 7.300000000000004 7.8 3.3502146660964476 5.286683229757917
29350 2996.3481649685295 0 3.4999999999999996 0.7 17.011609936404312 7.300000000000004 7.8 3.3502146660964476 5.286683229757917
29400 2996.3481649685295 0 3.4999999999999996 0.7 17.011609936404312 7.300000000000004 7.8 3.3502146660964476 5.286683229757917
29450 2996.3481649685295 0 3.4999999999999996 0.7 17.011609936404312 7.300000000000004 7.8 3.3502146660964476 5.286683229757917
29500 2996.3481649685295 0 3.4999999999999996 0.7 17.011609936404312 7.300000000000004 7.8 3.3502146660964476 5.286683229757917
29550 2996.3481649685295 0 3.4999999999999996 0.7 17.011609936404312 7.300000000000004 7.8 3.3502146660964476 5.286683229757917
29600 2996.3481649685295 0 3.4999999999999996 0.7 17.011609936404312 7.300000000000004 7.8 3.3502146660964476 5.286683229757917
29650 2996.3481649685295 0 3.4999999999999996 0.7 17.011609936404312 7.300000000000004 7.8 3.3502146660964476 5.286683229757917
29700 2996.3481649685295 0 3.4999999999999996 0.7 17.011609936404312 7.300000000000004 7.8 3.3502146660964476 5.286683229757917
29750 2996.3481649685295 0 3.4999999999999996 0.7 17.011609936404312 7.300000000000004 7.8 3.3502146660964476 5.286683229757917
29800 2996.3481649685295 0 3.4999999999999996 0.7 17.011609936404312 7.300000000000004 7.8 3.3502146660964476 5.286683229757917
29850 2996.3481649685295 0 3.4999999999999996 0.7 17.011609936404312 7.300000000000004 7.8 3.3502146660964476 5.286683229757917
29900 2996.3481649685295 0 3.4999999999999996 0.7 17.011609936404312 7.300000000000004 7.8 3.3502146660964476 5.286683229757917
29950 2996.3481649685295 0 3.4999999999999996 0.7 17.011609936404312 7.300000000000004 7.8 3.3502146660964476 5.286683229757917
30000 2996.3481649685295 0 3.4999999999999996 0.7 17.011609936404312 7.300000000000004 7.8 3.3502146660964476 5.286683229757917
30050 2996.3481649685295 0 3.4999999999999996 0.7 17.011609936404312 7.300000000000004 7.8 3.3502146660964476 5.286683229757917
30100 2996.3481649685295 0 3.4999999999999996 0.7 17.011609936404312 7.300000000000004 7.8 3.3502146660964476 5.286683229757917
30150 2996.3481649685295 0 3.4999999999999996 0.7 17.011609936404312 7.300000000000004 7.8 3.3502146660964476 5.286683229757917
30200 2996.3481649685295 0 3.4999999999999996 0.7 17.011609936404312 7.300000000000004 7.8 3.3502146660964476 5.286683229757917
30250 2996.3481649685295 0 3.4999999999999996 0.7 17.011609936404312 7.300000000000004 7.8 3.3502146660964476 5.286683229757917
30300 2996.3481649685295 0 3.4999999999999996 0.7 17.011609936404312 7.300000000000004 7.8 3.3502146660964476 5.286683229757917
30350 2996.3481649685295 0 3.4999999999999996 0.7 17.011609936404312 7.300000000000004 7.8 3.3502146660964476 5.286683229757917
30400 2996.3481649685295 0 3.4999999999999996 0.7 17.011609936404312 7.300000000000004 7.8 3.3502146660964476 5.286683229757917
30450 2996.3481649685295 0 3.4999999999999996 0.7 17.011609936404312 7.300000000000004 7.8 3.3502146660964476 5.286683229757917
30500 2996.3481649685295 0 3.4999999999999996 0.7 17.011609936404312 7.300000000000004 7.8 3.3502146660964476 5.286683229757917
30550 2996.3481649685295 0 3.4999999999999996 0.7 17.011609936404312 7.300000000000004 7.8 3.3502146660964476 5.286683229757917
30600 2996.3481649685295 0 3.4999999999999996 0.7 17.011609936404312 7.300000000000004 7.8 3.3502146660964476 5.286683229757917
30650 2996.3481649685295 0 3.4999999999999996 0.7 17.011609936404312 7.300000000000004 7.8 3.3502146660964476 5.286683229757917
30700 2996.3481649685295 0 3.4999999999999996 0.7 17.011609936404312 7.300000000000004 7.8 3.3502146660964476 5.286683229757917
30750 2996.3481649685295 0 3.4999999999999996 0.7 17.011609936404312 7.300000000000004 7.8 3.3502146660964476 5.286683229757917
30800 2996.3481649685295 0 3.4999999999999996 0.7 17.011609936404312 7.300000000000004 7.8 3.3502146660964476 5.286683229757917
30850 2996.3481649685295 0 3.4999999999999996 0.7 17.011609936404312 7.300000000000004 7.8 3.3502146660964476 5.286683229757917
30900 2996.3481649685295 0 3.4999999999999996 0.7 17.011609936404312 7.300000000000004 7.8 3.3502146660964476 5.286683229757917
30950 2996.3481649685295 0 3.4999999999999996 0.7 17.011609936404312 7.300000000000004 7.8 3.3502146660964476 5.286683229757917
31000 2996.3481649685295 0 3.4999999999999996 0.7 17.011609936404312 7.300000000000004 7.8 3.3502146660964476 5.286683229757917
31050 2996.3481649685295 0 3.4999999999999996 0.7 17.011609936404312 7.300000000000004 7.8 3.3502146660964476 5.286683229757917
31100 2996.3481649685295 0 3.4999999999999996 0.7 17.011609936404312 7.300000000000004 7.8 3.3502146660964476 5.286683229757917
31150 2996.3481649685295 0 3.4999999999999996 0.7 17.011609936404312 7.300000000000004 7.8 3.3502146660964476 5.286683229757917
31200 2996.3481649685295 0 3.4999999999999996 0.7 17.011609936404312 7.300000000000004 7.8 3.3502146660964476 5.286683229757917
31250 2996.3481649685295 0 3.4999999999999996 0.7 17.011609936404312 7.300000000000004 7.8 3.3502146660964476 5.286683229757917
31300 2996.3481649685295 0 3.4999999999999996 0.7 17.011609936404312 7.300000000000004 7.8 3.3502146660964476 5.286683229757917
31350 2996.3481649685295 0 3.4999999999999996 0.7 17.011609936404312 7.300000000000004 7.8 3.3502146660964476 5.286683229757917
31400 2996.3481649685295 0 3.4999999999999996 0.7 17.011609936404312 7.300000000000004 7.8 3.3502146660964476 5.286683229757917
31450 2996.3481649685295 0 3.4999999999999996 0.7 17.011609936404312 7.300000000000004 7.8 3.3502146660964476 5.286683229757917
31500 2996.3481649685295 0 3.4999999999999996 0.7 17.011609936404312 7.300000000000004 7.8 3.3502146660964476 5.286683229757917
31550 2996.3481649685295 0 3.4999999999999996 0.7 17.011609936404312 7.300000000000004 7.8 3.3502146660964476 5.286683229757917
31600 2996.3481649685295 0 3.4999999999999996 0.7 17.011609936404312 7.300000000000004 7.8 3.3502146660964476 5.286683229757917
31650 2996.3481649685295 0 3.4999999999999996 0.7 17.011609936404312 7.300000000000004 7.8 3.3502146660964476 5.286683229757917
31700 2996.3481649685295 0 3.4999999999999996 0.7 17.011609936404312 7.300000000000004 7.8 3.3502146660964476 5.286683229757917
31750 2996.3481649685295 0 3.4999999999999996 0.7 17.011609936404312 7.300000000000004 7.8 3.3502146660964476 5.286683229757917
31800 2996.3481649685295 0 3.4999999999999996 0.7 17.011609936404312 7.300000000000004 7.8 3.3502146660964476 5.286683229757917
31850 2996.3481649685295 0 3.4999999999999996 0.7 17.011609936404312 7.300000000000004 7.8 3.3502146660964476 5.286683229757917
31900 2996.3481649685295 0 3.4999999999999996 0.7 17.011609936404312 7.300000000000004 7.8 3.3502146660964476 5.286683229757917
31950 2996.3481649685295 0 3.4999999999999996 0.7 17.011609936404312 7.300000000000004 7.8 3.3502146660964476 5.286683229757917
32000 2996.3481649685295 0 3.4999999999999996 0.7 17.011609936404312 7.300000000000004 7.8 3.3502146660964476 5.286683229757917
32050 2996.3481649685295 0 3.4999999999999996 0.7 17.011609936404312 7.300000000000004 7.8 3.3502146660964476 5.286683229757917
32100 2996.3481649685295 0 3.4999999999999996 0.7 17.011609936404312 7.300000000000004 7.8 3.3502146660964476 5.286683229757917
32150 2996.3481649685295 0 3.4999999999999996 0.7 17.011609936404312 7.300000000000004 7.8 3.3502146660964476 5.286683229757917
32200 2996.3481649685295 0 3.4999999999999996 0.7 17.011609936404312 7.300000000000004 7.8 3.3502146660964476 5.286683229757917
32250 2996.3481649685295 0 3.4999999999999996 0.7 17.011609936404312 7.300000000000004 7.8 3.3502146660964476 5.286683229757917
32300 2996.3481649685295 0 3.4999999999999996 0.7 17.011609936404312 7.300000000000004 7.8 3.3502146660964476 5.286683229757917
32350 2996.3481649685295 0 3.4999999999999996 0.7 17.011609936404312 7.300000000000004 7.8 3.3502146660964476 5.286683229757917
32400 2996.3481649685295 0 3.4999999999999996 0.7 17.011609936404312 7.300000000000004 7.8 3.3502146660964476 5.286683229757917
32450 2996.3481649685295 0 3.4999999999999996 0.7 17.011609936404312 7.300000000000004 7.8 3.3502146660964476 5.286683229757917
32500 2996.3481649685295 0 3.4999999999999996 0.7 17.011609936404312 7.300000000000004 7.8 3.3502146660964476 5.286683229757917
32550 2996.3481649685295 0 3.4999999999999996 0.7 17.011609936404312 7.300000000000004 7.8 3.3502146660964476 5.286683229757917
32600 2996.3481649685295 0 3.4999999999999996 0.7 17.011609936404312 7.300000000000004 7.8 3.3502146660964476 5.286683229757917
32650 2996.3481649685295 0 3.4999999999999996 0.7 17.011609936404312 7.300000000000004 7.8 3.3502146660964476 5.286683229757917
32700 2996.3481649685295 0 3.4999999999999996 0.7 17.011609936404312 7.300000000000004 7.8 3.3502146660964476 5.286683229757917
32750 2996.3481649685295 0 3.4999999999999996 0.7 17.011609936404312 7.300000000000004 7.8 3.3502146660964476 5.286683229757917
32800 2996.3481649685295 0 3.4999999999999996 0.7 17.011609936404312 7.300000000000004 7.8 3.3502146660964476 5.286683229757917
32850 2996.3481649685295 0 3.4999999999999996 0.7 17.011609936404312 7.300000000000004 7.8 3.3502146660964476 5.286683229757917
32900 2996.3481649685295 0 3.4999999999999996 0.7 17.011609936404312 7.300000000000004 7.8 3.3502146660964476 5.286683229757917
32950 2996.3481649685295 0 3.4999999999999996 0.7 17.011609936404312 7.300000000000004 7.8 3.3502146660964476 5.286683229757917
33000 2996.3481649685295 0 3.4999999999999996 0.7 17.011609936404312 7.300000000000004 7.8 3.3502146660964476 5.286683229757917
33050 2996.3481649685295 0 3.4999999999999996 0.7 17.011609936404312 7.300000000000004 7.8 3.3502146660964476 5.286683229757917
33100 2996.3481649685295 0 3.4999999999999996 0.7 17.011609936404312 7.300000000000004 7.8 3.3502146660964476 5.286683229757917
33150 2996.3481649685295 0 3.4999999999999996 0.7 17.011609936404312 7.300000000000004 7.8 3.3502146660964476 5.286683229757917
33200 2996.3481649685295 0 3.4999999999999996 0.7 17.011609936404312 7.300000000000004 7.8 3.3502146660964476 5.286683229757917
33250 2996.3481649685295 0 3.4999999999999996 0.7 17.011609936404312 7.300000000000004 7.8 3.3502146660964476 5.286683229757917
33300 2996.3481649685295 0 3.4999999999999996 0.7 17.011609936404312 7.300000000000004 7.8 3.3502146660964476 5.286683229757917
33350 2996.3481649685295 0 3.4999999999999996 0.7 17.011609936404312 7.300000000000004 7.8 3.3502146660964476 5.286683229757917
33400 2996.3481649685295 0 3.4999999999999996 0.7 17.011609936404312 7.300000000000004 7.8 3.3502146660964476 5.286683229757917
33450 2996.3481649685295 0 3.4999999999999996 0.7 17.011609936404312 7.300000000000004 7.8 3.3502146660964476 5.286683229757917
33500 2996.3481649685295 0 3.4999999999999996 0.7 17.011609936404312 7.300000000000004 7.8 3.3502146660964476 5.286683229757917
33550 2996.3481649685295 0 3.4999999999999996 0.7 17.011609936404312 7.300000000000004 7.8 3.3502146660964476 5.286683229757917
33600 2996.3481649685295 0 3.4999999999999996 0.7 17.011609936404312 7.300000000000004 7.8 3.3502146660964476 5.286683229757917
33650 2996.3481649685295 0 3.4999999999999996 0.7 17.011609936404312 7.300000000000004 7.8 3.3502146660964476 5.286683229757917
33700 2996.3481649685295 0 3.4999999999999996 0.7 17.011609936404312 7.300000000000004 7.8 3.3502146660964476 5.286683229757917
33750 2996.3481649685295 0 3.4999999999999996 0.7 17.011609936404312 7.300000000000004 7.8 3.3502146660964476 5.286683229757917
33800 2996.3481649685295 0 3.4999999999999996 0.7 17.011609936404312 7.300000000000004 7.8 3.3502146660964476 5.286683229757917
33850 2996.3481649685295 0 3.4999999999999996 0.7 17.011609936404312 7.300000000000004 7.8 3.3502146660964476 5.286683229757917
33900 2996.3481649685295 0 3.4999999999999996 0.7 17.011609936404312 7.300000000000004 7.8 3.3502146660964476 5.286683229757917
33950 2996.3481649685295 0 3.4999999999999996 0.7 17.011609936404312 7.300000000000004 7.8 3.3502146660964476 5.286683229757917
34000 2996.3481649685295 0 3.4999999999999996 0.7 17.011609936404312 7.300000000000004 7.8 3.3502146660964476 5.286683229757917
34050 2996.3481649685295 0 3.4999999999999996 0.7 17.011609936404312 7.300000000000004 7.8 3.3502146660964476 5.286683229757917
34100 2996.3481649685295 0 3.4999999999999996 0.7 17.011609936404312 7.300000000000004 7.8 3.3502146660964476 5.286683229757917
34150 2996.3481649685295 0 3.4999999999999996 0.7 17.011609936404312 7.300000000000004 7.8 3.3502146660964476 5.286683229757917
34200 2996.3481649685295 0 3.4999999999999996 0.7 17.011609936404312 7.300000000000004 7.8 3.3502146660964476 5.286683229757917
34250 2996.3481649685295 0 3.4999999999999996 0.7 17.011609936404312 7.300000000000004 7.8 3.3502146660964476 5.286683229757917
34300 2996.3481649685295 0 3.4999999999999996 0.7 17.011609936404312 7.300000000000004 7.8 3.3502146660964476 5.286683229757917
34350 2996.3481649685295 0 3.4999999999999996 0.7 17.011609936404312 7.300000000000004 7.8 3.3502146660964476 5.286683229757917
34400 2996.3481649685295 0 3.4999999999999996 0.7 17.011609936404312 7.300000000000004 7.8 3.3502146660964476 5.286683229757917
34450 2996.3481649685295 0 3.4999999999999996 0.7 17.011609936404312 7.300000000000004 7.8 3.3502146660964476 5.286683229757917
34500 2996.3481649685295 0 3.4999999999999996 0.7 17.011609936404312 7.300000000000004 7.8 3.3502146660964476 5.286683229757917
34550 2996.3481649685295 0 3.4999999999999996 0.7 17.011609936404312 7.300000000000004 7.8 3.3502146660964476 5.286683229757917
34600 2996.3481649685295 0 3.4999999999999996 0.7 17.011609936404312 7.300000000000004 7.8 3.3502146660964476 5.286683229757917
34650 2996.3481649685295 0 3.4999999999999996 0.7 17.011609936404312 7.300000000000004 7.8 3.3502146660964476 5.286683229757917
34700 2996.3481649685295 0 3.4999999999999996 0.7 17.011609936404312 7.300000000000004 7.8 3.3502146660964476 5.286683229757917
34750 2996.3481649685295 0 3.4999999999999996 0.7 17.011609936404312 7.300000000000004 7.8 3.3502146660964476 5.286683229757917
34800 2996.3481649685295 0 3.4999999999999996 0.7 17.011609936404312 7.300000000000004 7.8 3.3502146660964476 5.286683229757917
34850 2996.3481649685295 0 3.4999999999999996 0.7 17.011609936404312 7.300000000000004 7.8 3.3502146660964476 5.286683229757917
34900 2996.3481649685295 0 3.4999999999999996 0.7 17.011609936404312 7.300000000000004 7.8 3.3502146660964476 5.286683229757917
34950 2996.3481649685295 0 3.4999999999999996 0.7 17.011609936404312 7.300000000000004 7.8 3.3502146660964476 5.286683229757917
35000 2996.3481649685295 0 3.4999999999999996 0.7 17.011609936404312 7.300000000000004 7.8 3.3502146660964476 5.286683229757917
35050 2996.3481649685295 0 3.4999999999999996 0.7 17.011609936404312 7.300000000000004 7.8 3.3502146660964476 5.286683229757917
35100 2996.3481649685295 0 3.4999999999999996 0.7 17.011609936404312 7.300000000000004 7.8 3.3502146660964476 5.286683229757917
35150 2996.3481649685295 0 3.4999999999999996 0.7 17.011609936404312 7.300000000000004 7.8 3.3502146660964476 5.286683229757917
35200 2996.3481649685295 0 3.4999999999999996 0.7 17.011609936404312 7.300000000000004 7.8 3.3502146660964476 5.286683229757917
35250 2996.3481649685295 0 3.4999999999999996 0.7 17.011609936404312 7.300000000000004 7.8 3.3502146660964476 5.286683229757917
35300 2996.3481649685295 0 3.4999999999999996 0.7 17.011609936404312 7.300000000000004 7.8 3.3502146660964476 5.286683229757917
35350 2996.3481649685295 0 3.4999999999999996 0.7 17.011609936404312 7.300000000000004 7.8 3.3502146660964476 5.286683229757917
35400 2996.3481649685295 0 3.4999999999999996 0.7 17.011609936404312 7.300000000000004 7.8 3.3502146660964476 5.286683229757917
35450 2996.3481649685295 0 3.4999999999999996 0.7 17.011609936404312 7.300000000000004 7.8 3.3502146660964476 5.286683229757917
35500 2996.3481649685295 0 3.4999999999999996 0.7 17.011609936404312 7.300000000000004 7.8 3.3502146660964476 5.286683229757917
35550 2996.3481649685295 0 3.4999999999999996 0.7 17.011609936404312 7.300000000000004 7.8 3.3502146660964476 5.286683229757917
35600 2996.3481649685295 0 3.4999999999999996 0.7 17.011609936404312 7.300000000000004 7.8 3.3502146660964476 5.286683229757917
35650 2996.3481649685295 0 3.4999999999999996 0.7 17.011609936404312 7.300000000000004 7.8 3.3502146660964476 5.286683229757917
35700 2996.3481649685295 0 3.4999999999999996 0.7 17.011609936404312 7.300000000000004 7.8 3.3502146660964476 5.286683229757917
35750 2996.3481649685295 0 3.4999999999999996 0.7 17.011609936404312 7.300000000000004 7.8 3.3502146660964476 5.286683229757917
35800 2996.3481649685295 0 3.4999999999999996 0.7 17.011609936404312 7.300000000000004 7.8 3.3502146660964476 5.286683229757917
35850 2996.3481649685295 0 3.4999999999999996 0.7 17.011609936404312 7.300000000000004 7.8 3.3502146660964476 5.286683229757917
35900 2996.3481649685295 0 3.4999999999999996 0.7 17.011609936404312 7.300000000000004 7.8 3.3502146660964476 5.286683229757917
35950 2996.3481649685295 0 3.4999999999999996 0.7 17.011609936404312 7.300000000000004 7.8 3.3502146660964476 5.286683229757917
*---*---*---*---*---*---*---*---*---*---*---*---*---*---*---*---*---*---*---*---*
Status: Finished
Last individual
2996.3481649685295 0 3.4999999999999996 0.7 17.011609936404312 7.300000000000004 7.8 3.3502146660964476 5.286683229757917
Hall of fame
2996.3481649685295 0 3.4999999999999996 0.7 17.090299292074132 7.3 7.800000000000002 3.3502146660964476 5.286683229757917
Last factible individual
2996.3481649685295 0 3.4999999999999996 0.7 17.011609936404312 7.300000000000004 7.8 3.3502146660964476 5.286683229757917
CPU time used (seconds)
3.56854370200017
