*---*---*---*---*---*---*---*---*---*---*---*---*---*---*---*---*---*---*---*---*
Algorithm: Differential Evolution
Constrainth handling method: DEB
Function: 22
Case: continuous
Seed: 11
Parents size: 50
Offsprings size: 50
maxFe: 36000
CR: 0.9
F: 0.6
rweights: -
*---*---*---*---*---*---*---*---*---*---*---*---*---*---*---*---*---*---*---*---*
ngen ObjectiveFunction ViolationSum ProjectVariables
50 3594.854234082065 0.18502583299831254 3.6 0.7476675627196026 18.2 7.6293234816207445 8.038963069967766 3.5918783468918662 5.360629593230782
100 4213.923898372464 0.08148540716614239 3.4429602149837 0.7 22.84 7.829618672298605 7.842959939199744 3.4159828720864414 5.346178976067957
150 5268.266299742287 0 3.595561152118385 0.7012967862595095 26.12 7.677128963627079 8.227682972715403 3.6979434244022795 5.496093041819482
200 5268.266299742287 0 3.595561152118385 0.7012967862595095 26.12 7.677128963627079 8.227682972715403 3.6979434244022795 5.496093041819482
250 4775.561861574415 0 3.5698015306718016 0.7 24.639999999999997 7.8046086625566495 8.042244426684709 3.4658314209224654 5.30003145431129
300 3442.808814109753 0 3.5418972680013607 0.7 18.439999999999998 7.730436273175203 8.157980523632268 3.69331717085132 5.5
350 3442.808814109753 0 3.5418972680013607 0.7 18.439999999999998 7.730436273175203 8.157980523632268 3.69331717085132 5.5
400 3442.808814109753 0 3.5418972680013607 0.7 18.439999999999998 7.730436273175203 8.157980523632268 3.69331717085132 5.5
450 3155.041510481361 0 3.6 0.7 17 7.592550710068014 7.8084690144058335 3.6552170487198277 5.335893046289063
500 3155.041510481361 0 3.6 0.7 17 7.592550710068014 7.8084690144058335 3.6552170487198277 5.335893046289063
550 3155.041510481361 0 3.6 0.7 17 7.592550710068014 7.8084690144058335 3.6552170487198277 5.335893046289063
600 3145.537010035535 0 3.5104520107799555 0.7 17 8.25919385586235 8.090390887193067 3.4217594147510795 5.455632281732622
650 3145.537010035535 0 3.5104520107799555 0.7 17 8.25919385586235 8.090390887193067 3.4217594147510795 5.455632281732622
700 3145.537010035535 0 3.5104520107799555 0.7 17 8.25919385586235 8.090390887193067 3.4217594147510795 5.455632281732622
750 3145.537010035535 0 3.5104520107799555 0.7 17 8.25919385586235 8.090390887193067 3.4217594147510795 5.455632281732622
800 3123.6111487028097 0 3.516425479144668 0.7 17.412896768000003 7.318588301341704 8.3 3.3959049619761674 5.435464214704226
850 3123.6111487028097 0 3.516425479144668 0.7 17.412896768000003 7.318588301341704 8.3 3.3959049619761674 5.435464214704226
900 3070.291440980749 0 3.531040011768891 0.7020290751633314 17 8.04979623398365 8.054787583468174 3.464225464346389 5.302035670331907
950 3070.291440980749 0 3.531040011768891 0.7020290751633314 17 8.04979623398365 8.054787583468174 3.464225464346389 5.302035670331907
1000 3070.291440980749 0 3.531040011768891 0.7020290751633314 17 8.04979623398365 8.054787583468174 3.464225464346389 5.302035670331907
1050 3070.291440980749 0 3.531040011768891 0.7020290751633314 17 8.04979623398365 8.054787583468174 3.464225464346389 5.302035670331907
1100 3063.9705590403364 0 3.5851306915341308 0.7000218016442262 17 7.82773597398873 7.9715033412038565 3.422909988743627 5.297037910701156
1150 3063.9705590403364 0 3.5851306915341308 0.7000218016442262 17 7.82773597398873 7.9715033412038565 3.422909988743627 5.297037910701156
1200 3063.9705590403364 0 3.5851306915341308 0.7000218016442262 17 7.82773597398873 7.9715033412038565 3.422909988743627 5.297037910701156
1250 3056.261052457861 0 3.5132938088664005 0.7 17.0 8.3 8.197817167522363 3.4494385997451738 5.303202688224934
1300 3049.023285224178 0 3.544114582169261 0.7022847519066743 17.38413291519999 7.931297081510471 8.15083633261891 3.364099568254763 5.2992178683125974
1350 3040.3411935585586 0 3.526039850484902 0.7 17.0 7.968203057986797 8.080405291548093 3.3769695453621416 5.3097229168478774
1400 3040.3411935585586 0 3.526039850484902 0.7 17.0 7.968203057986797 8.080405291548093 3.3769695453621416 5.3097229168478774
1450 3038.687346356163 0 3.54003951788691 0.7 17.040225162493954 7.442796585856057 7.988729743486373 3.3826068307459143 5.306807788840704
1500 3038.687346356163 0 3.54003951788691 0.7 17.040225162493954 7.442796585856057 7.988729743486373 3.3826068307459143 5.306807788840704
1550 3034.5609187372534 0 3.543239552096084 0.7 17.22777269105328 7.327110518151746 8.002267577057195 3.3915487582580135 5.295929196489919
1600 3029.2911794849447 0 3.5285338855786414 0.7 17 7.56196337557538 8.190284663928903 3.381693919165254 5.290949760581588
1650 3028.8779867057456 0 3.5286144420512944 0.7003710719775047 17.0 7.3 7.831634993677726 3.354661261306113 5.314492054748166
1700 3028.3379468431717 0 3.5257023208279286 0.7005476678417104 17 7.3 7.8 3.352387120206526 5.316175182090961
1750 3026.6555429525033 0 3.5240271266517813 0.7010825750636648 17.406717613368922 7.337566057072788 7.886950662653918 3.3719231489540196 5.299436857033355
1800 3021.5477421729074 0 3.5217820890585867 0.7000275438133016 17.028482529190214 7.763379582277271 7.896046669182719 3.386231192783583 5.288204728630689
1850 3020.014466444647 0 3.5212715273506006 0.7005180119872806 17 7.547051983937682 7.909372454525303 3.36592146751923 5.293490522770475
1900 3007.138767817374 0 3.5032504678983187 0.7001901366672775 17 7.3 7.8 3.3522714528755246 5.299436857033355
1950 3007.138767817374 0 3.5032504678983187 0.7001901366672775 17 7.3 7.8 3.3522714528755246 5.299436857033355
2000 3007.138767817374 0 3.5032504678983187 0.7001901366672775 17 7.3 7.8 3.3522714528755246 5.299436857033355
2050 3007.138767817374 0 3.5032504678983187 0.7001901366672775 17 7.3 7.8 3.3522714528755246 5.299436857033355
2100 3007.138767817374 0 3.5032504678983187 0.7001901366672775 17 7.3 7.8 3.3522714528755246 5.299436857033355
2150 3007.138767817374 0 3.5032504678983187 0.7001901366672775 17 7.3 7.8 3.3522714528755246 5.299436857033355
2200 3007.138767817374 0 3.5032504678983187 0.7001901366672775 17 7.3 7.8 3.3522714528755246 5.299436857033355
2250 3007.138767817374 0 3.5032504678983187 0.7001901366672775 17 7.3 7.8 3.3522714528755246 5.299436857033355
2300 3003.9348746277756 0 3.507589022387328 0.7 17 7.360945277938396 7.8 3.3510033485657766 5.292758836970098
2350 3003.9348746277756 0 3.507589022387328 0.7 17 7.360945277938396 7.8 3.3510033485657766 5.292758836970098
2400 3003.9348746277756 0 3.507589022387328 0.7 17 7.360945277938396 7.8 3.3510033485657766 5.292758836970098
2450 3003.9348746277756 0 3.507589022387328 0.7 17 7.360945277938396 7.8 3.3510033485657766 5.292758836970098
2500 3003.9348746277756 0 3.507589022387328 0.7 17 7.360945277938396 7.8 3.3510033485657766 5.292758836970098
2550 3003.9348746277756 0 3.507589022387328 0.7 17 7.360945277938396 7.8 3.3510033485657766 5.292758836970098
2600 3003.9348746277756 0 3.507589022387328 0.7 17 7.360945277938396 7.8 3.3510033485657766 5.292758836970098
2650 3003.692403081954 0 3.5040321868313504 0.7 17.194661381889002 7.403543133320634 7.893955463440193 3.3514147048337115 5.290573752484597
2700 3003.692403081954 0 3.5040321868313504 0.7 17.194661381889002 7.403543133320634 7.893955463440193 3.3514147048337115 5.290573752484597
2750 3003.692403081954 0 3.5040321868313504 0.7 17.194661381889002 7.403543133320634 7.893955463440193 3.3514147048337115 5.290573752484597
2800 3002.424517237365 0 3.5068962048071812 0.7 17.042991946637635 7.3 7.8 3.350831662724157 5.291727638927432
2850 3002.424517237365 0 3.5068962048071812 0.7 17.042991946637635 7.3 7.8 3.350831662724157 5.291727638927432
2900 3001.3638877737635 0 3.502861198552707 0.7 17 7.34857639694508 7.8 3.35901898302564 5.288588733372209
2950 3001.3638877737635 0 3.502861198552707 0.7 17 7.34857639694508 7.8 3.35901898302564 5.288588733372209
3000 3001.3638877737635 0 3.502861198552707 0.7 17 7.34857639694508 7.8 3.35901898302564 5.288588733372209
3050 3001.2259559220774 0 3.5028724686571455 0.7 17 7.416932917332383 7.842545245613794 3.351536941265814 5.288956446686191
3100 3000.0472497535743 0 3.506564397689867 0.7000635003454859 17 7.3 7.8 3.3533356676738997 5.286742048856698
3150 2999.7131177541482 0 3.5022626272744697 0.7 17.11889706990724 7.3 7.826701551359123 3.3506822728239865 5.289465692981728
3200 2999.7131177541482 0 3.5022626272744697 0.7 17.11889706990724 7.3 7.826701551359123 3.3506822728239865 5.289465692981728
3250 2999.6990183470743 0 3.5009409133581695 0.7 17 7.3 7.8 3.356002399567368 5.289046988937899
3300 2999.6990183470743 0 3.5009409133581695 0.7 17 7.3 7.8 3.356002399567368 5.289046988937899
3350 2998.770745520147 0 3.5006731940647797 0.7000088130819737 17.16313704927063 7.3 7.810680620543649 3.354090946979771 5.288089944411266
3400 2998.770745520147 0 3.5006731940647797 0.7000088130819737 17.16313704927063 7.3 7.810680620543649 3.354090946979771 5.288089944411266
3450 2998.770745520147 0 3.5006731940647797 0.7000088130819737 17.16313704927063 7.3 7.810680620543649 3.354090946979771 5.288089944411266
3500 2998.770745520147 0 3.5006731940647797 0.7000088130819737 17.16313704927063 7.3 7.810680620543649 3.354090946979771 5.288089944411266
3550 2998.770745520147 0 3.5006731940647797 0.7000088130819737 17.16313704927063 7.3 7.810680620543649 3.354090946979771 5.288089944411266
3600 2998.770745520147 0 3.5006731940647797 0.7000088130819737 17.16313704927063 7.3 7.810680620543649 3.354090946979771 5.288089944411266
3650 2998.770745520147 0 3.5006731940647797 0.7000088130819737 17.16313704927063 7.3 7.810680620543649 3.354090946979771 5.288089944411266
3700 2998.5803270640463 0 3.5016165912154222 0.7 17.237175963971342 7.382093080714742 7.8 3.3525772188403944 5.28710786492014
3750 2998.5803270640463 0 3.5016165912154222 0.7 17.237175963971342 7.382093080714742 7.8 3.3525772188403944 5.28710786492014
3800 2998.4837602846223 0 3.5045105196397914 0.700019877228973 17.237957498025033 7.3 7.805086328432495 3.3506754752084356 5.286753945271402
3850 2998.4837602846223 0 3.5045105196397914 0.700019877228973 17.237957498025033 7.3 7.805086328432495 3.3506754752084356 5.286753945271402
3900 2997.9370221084855 0 3.5004062754409784 0.7000182814305465 17 7.3790144936864985 7.8 3.3514080164069258 5.287226337369712
3950 2997.9370221084855 0 3.5004062754409784 0.7000182814305465 17 7.3790144936864985 7.8 3.3514080164069258 5.287226337369712
4000 2997.6341304771504 0 3.5002246567370574 0.7000028522090394 17.118029634681236 7.3 7.8303944594031245 3.3514518120440324 5.28700112644783
4050 2997.6341304771504 0 3.5002246567370574 0.7000028522090394 17.118029634681236 7.3 7.8303944594031245 3.3514518120440324 5.28700112644783
4100 2997.6341304771504 0 3.5002246567370574 0.7000028522090394 17.118029634681236 7.3 7.8303944594031245 3.3514518120440324 5.28700112644783
4150 2997.6341304771504 0 3.5002246567370574 0.7000028522090394 17.118029634681236 7.3 7.8303944594031245 3.3514518120440324 5.28700112644783
4200 2997.6341304771504 0 3.5002246567370574 0.7000028522090394 17.118029634681236 7.3 7.8303944594031245 3.3514518120440324 5.28700112644783
4250 2997.562573959322 0 3.500501072702225 0.7 17.284551456618612 7.307933625299463 7.8 3.353242745598388 5.286958688974461
4300 2997.562573959322 0 3.500501072702225 0.7 17.284551456618612 7.307933625299463 7.8 3.353242745598388 5.286958688974461
4350 2997.4448420035196 0 3.5008168014658128 0.7000022279430036 17.253609738257797 7.304514586895368 7.802865021024615 3.352799429087294 5.286689294558392
4400 2997.332605826428 0 3.501276041570759 0.7000053582012001 17.43343239744464 7.3 7.800218725227495 3.350292380902771 5.287366264476704
4450 2997.2484574320315 0 3.500354554626475 0.7 17.170452103617425 7.312599245657942 7.804739739657688 3.3516356135868244 5.2869718515511765
4500 2997.2058673007728 0 3.5002609296808553 0.7 17.217712048168497 7.321917575333182 7.804950557874063 3.3516284493156725 5.286829042854543
4550 2997.2058673007728 0 3.5002609296808553 0.7 17.217712048168497 7.321917575333182 7.804950557874063 3.3516284493156725 5.286829042854543
4600 2997.2058673007728 0 3.5002609296808553 0.7 17.217712048168497 7.321917575333182 7.804950557874063 3.3516284493156725 5.286829042854543
4650 2996.952204255058 0 3.5003398040009546 0.7000010291464791 17.24544571328745 7.3193075766164535 7.809460349187347 3.3504297650328168 5.2867354518551695
4700 2996.952204255058 0 3.5003398040009546 0.7000010291464791 17.24544571328745 7.3193075766164535 7.809460349187347 3.3504297650328168 5.2867354518551695
4750 2996.8599262887556 0 3.5006910760414693 0.7 17.30688820321984 7.305326731599795 7.800675107934606 3.350349963548749 5.286909757168295
4800 2996.8599262887556 0 3.5006910760414693 0.7 17.30688820321984 7.305326731599795 7.800675107934606 3.350349963548749 5.286909757168295
4850 2996.8599262887556 0 3.5006910760414693 0.7 17.30688820321984 7.305326731599795 7.800675107934606 3.350349963548749 5.286909757168295
4900 2996.639606438122 0 3.5003398040009546 0.7 17.25267077367181 7.307933625299463 7.8 3.3504297650328168 5.2867354518551695
4950 2996.639606438122 0 3.5003398040009546 0.7 17.25267077367181 7.307933625299463 7.8 3.3504297650328168 5.2867354518551695
5000 2996.639606438122 0 3.5003398040009546 0.7 17.25267077367181 7.307933625299463 7.8 3.3504297650328168 5.2867354518551695
5050 2996.639606438122 0 3.5003398040009546 0.7 17.25267077367181 7.307933625299463 7.8 3.3504297650328168 5.2867354518551695
5100 2996.639606438122 0 3.5003398040009546 0.7 17.25267077367181 7.307933625299463 7.8 3.3504297650328168 5.2867354518551695
5150 2996.6108009038207 0 3.500151207159476 0.7000021838227121 17.3272770360568 7.306984242432257 7.8004050647607635 3.3502314359119447 5.286869784237573
5200 2996.6108009038207 0 3.500151207159476 0.7000021838227121 17.3272770360568 7.306984242432257 7.8004050647607635 3.3502314359119447 5.286869784237573
5250 2996.5993536020956 0 3.500226630578386 0.7 17.294304082093586 7.307933625299463 7.8 3.350263418086507 5.2868087260001735
5300 2996.592864460151 0 3.5001822454200444 0.7000002022563624 17.305233425429993 7.304190545459354 7.8005802791067085 3.350447550431457 5.286782557259859
5350 2996.573433776936 0 3.5001715326695773 0.7000003024922031 17.278239802092383 7.304190545459354 7.8005802791067085 3.3503635350296648 5.286791580514772
5400 2996.573433776936 0 3.5001715326695773 0.7000003024922031 17.278239802092383 7.304190545459354 7.8005802791067085 3.3503635350296648 5.286791580514772
5450 2996.5119551956664 0 3.500084519423324 0.7 17.227877301050558 7.3 7.801616180573713 3.3502747161601727 5.2868087260001735
5500 2996.5119551956664 0 3.500084519423324 0.7 17.227877301050558 7.3 7.801616180573713 3.3502747161601727 5.2868087260001735
5550 2996.5119551956664 0 3.500084519423324 0.7 17.227877301050558 7.3 7.801616180573713 3.3502747161601727 5.2868087260001735
5600 2996.5119551956664 0 3.500084519423324 0.7 17.227877301050558 7.3 7.801616180573713 3.3502747161601727 5.2868087260001735
5650 2996.5119551956664 0 3.500084519423324 0.7 17.227877301050558 7.3 7.801616180573713 3.3502747161601727 5.2868087260001735
5700 2996.5119551956664 0 3.500084519423324 0.7 17.227877301050558 7.3 7.801616180573713 3.3502747161601727 5.2868087260001735
5750 2996.478130121964 0 3.500060775668964 0.7000002690055481 17.46860754137642 7.3 7.800085392457446 3.3502868981439144 5.286816249634844
5800 2996.478130121964 0 3.500060775668964 0.7000002690055481 17.46860754137642 7.3 7.800085392457446 3.3502868981439144 5.286816249634844
5850 2996.4536245697072 0 3.500088489150605 0.7 17.296754469502943 7.3 7.8 3.3503618525759085 5.28673542359319
5900 2996.4536245697072 0 3.500088489150605 0.7 17.296754469502943 7.3 7.8 3.3503618525759085 5.28673542359319
5950 2996.437703538976 0 3.500010792619979 0.7 17.175153312324763 7.30092134975441 7.8 3.3503131906735937 5.286765103464159
6000 2996.4259796022393 0 3.5000473399990866 0.700001055002755 17.22348402844437 7.301859985937654 7.800455712453319 3.350274749644364 5.286703264863182
6050 2996.4259796022393 0 3.5000473399990866 0.700001055002755 17.22348402844437 7.301859985937654 7.800455712453319 3.350274749644364 5.286703264863182
6100 2996.4259796022393 0 3.5000473399990866 0.700001055002755 17.22348402844437 7.301859985937654 7.800455712453319 3.350274749644364 5.286703264863182
6150 2996.4259796022393 0 3.5000473399990866 0.700001055002755 17.22348402844437 7.301859985937654 7.800455712453319 3.350274749644364 5.286703264863182
6200 2996.414535574706 0 3.5000161360669964 0.7000002599258747 17.233107716557406 7.300619368577017 7.800473881849628 3.350323028893597 5.28670741349679
6250 2996.414535574706 0 3.5000161360669964 0.7000002599258747 17.233107716557406 7.300619368577017 7.800473881849628 3.350323028893597 5.28670741349679
6300 2996.406649084036 0 3.500007756996735 0.7000013547788394 17.255139817229793 7.302256141031194 7.8 3.350279470538803 5.286703532372145
6350 2996.404313739196 0 3.500096256009056 0.7000007555764605 17.374346304413965 7.301049432838221 7.8 3.3502244402003 5.286688239324563
6400 2996.404313739196 0 3.500096256009056 0.7000007555764605 17.374346304413965 7.301049432838221 7.8 3.3502244402003 5.286688239324563
6450 2996.4024392745905 0 3.500062619254135 0.7000000600307077 17.2309614707894 7.301780637745939 7.8 3.35025596540145 5.286688239324563
6500 2996.3955590063756 0 3.5000137350499774 0.7 17.23827596409876 7.300195043019251 7.80033063416497 3.3502422353315 5.286724107137093
6550 2996.3955590063756 0 3.5000137350499774 0.7 17.23827596409876 7.300195043019251 7.80033063416497 3.3502422353315 5.286724107137093
6600 2996.3955590063756 0 3.5000137350499774 0.7 17.23827596409876 7.300195043019251 7.80033063416497 3.3502422353315 5.286724107137093
6650 2996.3955590063756 0 3.5000137350499774 0.7 17.23827596409876 7.300195043019251 7.80033063416497 3.3502422353315 5.286724107137093
6700 2996.3932277901476 0 3.5000397289404375 0.7 17.391031712264954 7.3 7.80019093319383 3.350258133168924 5.286705542487301
6750 2996.388808262675 0 3.500021709805902 0.7000015514073118 17.145174633595207 7.300038285598762 7.800012332387401 3.350304051576368 5.286685931959565
6800 2996.388808262675 0 3.500021709805902 0.7000015514073118 17.145174633595207 7.300038285598762 7.800012332387401 3.350304051576368 5.286685931959565
6850 2996.385707001897 0 3.5000041524676044 0.7000000728998679 17.475263887914053 7.3009956687440924 7.800028343888134 3.3502427012427747 5.2867131654171375
6900 2996.3763036331725 0 3.5000079409205007 0.700000888782391 17.451831415353976 7.300175051481587 7.8 3.350259002538783 5.286696063664969
6950 2996.3763036331725 0 3.5000079409205007 0.700000888782391 17.451831415353976 7.300175051481587 7.8 3.350259002538783 5.286696063664969
7000 2996.3721701551426 0 3.5000204958986743 0.7000010374040151 17.16056159649518 7.3 7.800245170521564 3.3502194120929527 5.286690582773729
7050 2996.370432933335 0 3.5000106723612485 0.7000005316569052 17.297451728770625 7.300645493750153 7.800106030489868 3.350217845214714 5.286693994674632
7100 2996.370432933335 0 3.5000106723612485 0.7000005316569052 17.297451728770625 7.300645493750153 7.800106030489868 3.350217845214714 5.286693994674632
7150 2996.370432933335 0 3.5000106723612485 0.7000005316569052 17.297451728770625 7.300645493750153 7.800106030489868 3.350217845214714 5.286693994674632
7200 2996.370432933335 0 3.5000106723612485 0.7000005316569052 17.297451728770625 7.300645493750153 7.800106030489868 3.350217845214714 5.286693994674632
7250 2996.3642284221187 0 3.500005809158511 0.7000009741601886 17.09468835187296 7.300216000571623 7.800017834791895 3.3502194120929527 5.286692467831917
7300 2996.3642284221187 0 3.500005809158511 0.7000009741601886 17.09468835187296 7.300216000571623 7.800017834791895 3.3502194120929527 5.286692467831917
7350 2996.3642284221187 0 3.500005809158511 0.7000009741601886 17.09468835187296 7.300216000571623 7.800017834791895 3.3502194120929527 5.286692467831917
7400 2996.3642284221187 0 3.500005809158511 0.7000009741601886 17.09468835187296 7.300216000571623 7.800017834791895 3.3502194120929527 5.286692467831917
7450 2996.3642284221187 0 3.500005809158511 0.7000009741601886 17.09468835187296 7.300216000571623 7.800017834791895 3.3502194120929527 5.286692467831917
7500 2996.357522553447 0 3.5000087332134218 0.700000788393737 17.355937405125253 7.3 7.800056105218285 3.3502189369158675 5.28668330069506
7550 2996.357522553447 0 3.5000087332134218 0.700000788393737 17.355937405125253 7.3 7.800056105218285 3.3502189369158675 5.28668330069506
7600 2996.3567136685383 0 3.5000090764860152 0.7000002066444365 17.189754177984305 7.300169181437381 7.800068984858815 3.350218586903291 5.28668330069506
7650 2996.3567136685383 0 3.5000090764860152 0.7000002066444365 17.189754177984305 7.300169181437381 7.800068984858815 3.350218586903291 5.28668330069506
7700 2996.3567136685383 0 3.5000090764860152 0.7000002066444365 17.189754177984305 7.300169181437381 7.800068984858815 3.350218586903291 5.28668330069506
7750 2996.3567136685383 0 3.5000090764860152 0.7000002066444365 17.189754177984305 7.300169181437381 7.800068984858815 3.350218586903291 5.28668330069506
7800 2996.3567136685383 0 3.5000090764860152 0.7000002066444365 17.189754177984305 7.300169181437381 7.800068984858815 3.350218586903291 5.28668330069506
7850 2996.3567136685383 0 3.5000090764860152 0.7000002066444365 17.189754177984305 7.300169181437381 7.800068984858815 3.350218586903291 5.28668330069506
7900 2996.3567136685383 0 3.5000090764860152 0.7000002066444365 17.189754177984305 7.300169181437381 7.800068984858815 3.350218586903291 5.28668330069506
7950 2996.3567136685383 0 3.5000090764860152 0.7000002066444365 17.189754177984305 7.300169181437381 7.800068984858815 3.350218586903291 5.28668330069506
8000 2996.355701251519 0 3.500008345268507 0.7000000091482775 17.356550464843586 7.300020519961287 7.800122943390551 3.350214725221424 5.286685309214999
8050 2996.355701251519 0 3.500008345268507 0.7000000091482775 17.356550464843586 7.300020519961287 7.800122943390551 3.350214725221424 5.286685309214999
8100 2996.355498056716 0 3.5000026850862587 0.7 17.129203455982154 7.3002460903400355 7.800085224529125 3.3502224376802014 5.286683635141164
8150 2996.355498056716 0 3.5000026850862587 0.7 17.129203455982154 7.3002460903400355 7.800085224529125 3.3502224376802014 5.286683635141164
8200 2996.355498056716 0 3.5000026850862587 0.7 17.129203455982154 7.3002460903400355 7.800085224529125 3.3502224376802014 5.286683635141164
8250 2996.3543087470875 0 3.500001117000398 0.7 17.267071678966087 7.300071313328485 7.800044698106576 3.350221942541905 5.2866867534498985
8300 2996.3543087470875 0 3.500001117000398 0.7 17.267071678966087 7.300071313328485 7.800044698106576 3.350221942541905 5.2866867534498985
8350 2996.3535668858335 0 3.500000347308586 0.7000000091482775 17.486662732956187 7.300023437875379 7.80017448781995 3.3502147280103243 5.286685071983593
8400 2996.3535668858335 0 3.500000347308586 0.7000000091482775 17.486662732956187 7.300023437875379 7.80017448781995 3.3502147280103243 5.286685071983593
8450 2996.3532191585186 0 3.500001117000398 0.7 17.179154291384833 7.300120861436545 7.8 3.3502268786226903 5.2866839181505325
8500 2996.3520712234476 0 3.5000018663210746 0.7000001334211785 17.184500900923073 7.300071804432807 7.80000167404713 3.3502220014884974 5.286683278938429
8550 2996.3520712234476 0 3.5000018663210746 0.7000001334211785 17.184500900923073 7.300071804432807 7.80000167404713 3.3502220014884974 5.286683278938429
8600 2996.3520712234476 0 3.5000018663210746 0.7000001334211785 17.184500900923073 7.300071804432807 7.80000167404713 3.3502220014884974 5.286683278938429
8650 2996.3520712234476 0 3.5000018663210746 0.7000001334211785 17.184500900923073 7.300071804432807 7.80000167404713 3.3502220014884974 5.286683278938429
8700 2996.3520712234476 0 3.5000018663210746 0.7000001334211785 17.184500900923073 7.300071804432807 7.80000167404713 3.3502220014884974 5.286683278938429
8750 2996.3516331451146 0 3.5000035680386747 0.7000000029111308 17.160506064168057 7.300107625279057 7.8 3.3502159052896716 5.286684470493158
8800 2996.3511039313985 0 3.50000106347262 0.7000000029111308 17.24041309832831 7.30010134343383 7.8 3.3502197959286795 5.28668371320168
8850 2996.3505353558644 0 3.500000676875571 0.7 17.292608201673 7.3 7.8 3.3502225225005966 5.286683390782112
8900 2996.3505353558644 0 3.500000676875571 0.7 17.292608201673 7.3 7.8 3.3502225225005966 5.286683390782112
8950 2996.3505353558644 0 3.500000676875571 0.7 17.292608201673 7.3 7.8 3.3502225225005966 5.286683390782112
9000 2996.34976018853 0 3.500001477209997 0.7000000707504863 17.31346364125374 7.3 7.8 3.350215733429152 5.286683895419152
9050 2996.34976018853 0 3.500001477209997 0.7000000707504863 17.31346364125374 7.3 7.8 3.350215733429152 5.286683895419152
9100 2996.34976018853 0 3.500001477209997 0.7000000707504863 17.31346364125374 7.3 7.8 3.350215733429152 5.286683895419152
9150 2996.34976018853 0 3.500001477209997 0.7000000707504863 17.31346364125374 7.3 7.8 3.350215733429152 5.286683895419152
9200 2996.34976018853 0 3.500001477209997 0.7000000707504863 17.31346364125374 7.3 7.8 3.350215733429152 5.286683895419152
9250 2996.349565003461 0 3.500002654012121 0.7 17.49871431973268 7.3 7.8 3.3502151052830778 5.286683616086046
9300 2996.349565003461 0 3.500002654012121 0.7 17.49871431973268 7.3 7.8 3.3502151052830778 5.286683616086046
9350 2996.3493613040514 0 3.5000002658351828 0.7000000493306642 17.119560089549836 7.3 7.8 3.350215501511272 5.286684261483525
9400 2996.3493613040514 0 3.5000002658351828 0.7000000493306642 17.119560089549836 7.3 7.8 3.350215501511272 5.286684261483525
9450 2996.3493613040514 0 3.5000002658351828 0.7000000493306642 17.119560089549836 7.3 7.8 3.350215501511272 5.286684261483525
9500 2996.3493613040514 0 3.5000002658351828 0.7000000493306642 17.119560089549836 7.3 7.8 3.350215501511272 5.286684261483525
9550 2996.3493613040514 0 3.5000002658351828 0.7000000493306642 17.119560089549836 7.3 7.8 3.350215501511272 5.286684261483525
9600 2996.3493613040514 0 3.5000002658351828 0.7000000493306642 17.119560089549836 7.3 7.8 3.350215501511272 5.286684261483525
9650 2996.3493613040514 0 3.5000002658351828 0.7000000493306642 17.119560089549836 7.3 7.8 3.350215501511272 5.286684261483525
9700 2996.3492287633244 0 3.5000015702541054 0.7 17.206824701181247 7.3 7.800000061683638 3.350215598396892 5.286683556982646
9750 2996.3492053555165 0 3.500001597074994 0.7000000039308075 17.182676742605366 7.3 7.8 3.350215029756832 5.28668370567699
9800 2996.3488067030407 0 3.5000007309775025 0.7000000098101925 17.21714410559465 7.3 7.8 3.35021480616152 5.286683661559189
9850 2996.3488067030407 0 3.5000007309775025 0.7000000098101925 17.21714410559465 7.3 7.8 3.35021480616152 5.286683661559189
9900 2996.3488067030407 0 3.5000007309775025 0.7000000098101925 17.21714410559465 7.3 7.8 3.35021480616152 5.286683661559189
9950 2996.3488067030407 0 3.5000007309775025 0.7000000098101925 17.21714410559465 7.3 7.8 3.35021480616152 5.286683661559189
10000 2996.3487615181616 0 3.5000001744622016 0.7000000257930571 17.18992609839578 7.3000025755145135 7.800000365964998 3.350215122796047 5.28668364544738
10050 2996.3487101665246 0 3.500000544372002 0.7 17.25172838484546 7.3 7.800000037010182 3.3502150287599677 5.286683604235752
10100 2996.3487101665246 0 3.500000544372002 0.7 17.25172838484546 7.3 7.800000037010182 3.3502150287599677 5.286683604235752
10150 2996.3486331131007 0 3.5000004679866423 0.7000000042384218 17.28757602081566 7.300002882273592 7.800005944981971 3.3502147886246125 5.2866833524844905
10200 2996.348586398584 0 3.500000482135328 0.7 17.23978409747404 7.300001582537076 7.8 3.350215245652498 5.286683340482872
10250 2996.348551170784 0 3.5000002412101936 0.700000001259434 17.28004192845493 7.3 7.8 3.35021542258388 5.286683375976323
10300 2996.348380671377 0 3.5000002330878552 0.7 17.26799430487017 7.300002882273592 7.8000015141757615 3.350214915083871 5.286683232988082
10350 2996.348380671377 0 3.5000002330878552 0.7 17.26799430487017 7.300002882273592 7.8000015141757615 3.350214915083871 5.286683232988082
10400 2996.348380671377 0 3.5000002330878552 0.7 17.26799430487017 7.300002882273592 7.8000015141757615 3.350214915083871 5.286683232988082
10450 2996.348380671377 0 3.5000002330878552 0.7 17.26799430487017 7.300002882273592 7.8000015141757615 3.350214915083871 5.286683232988082
10500 2996.348380671377 0 3.5000002330878552 0.7 17.26799430487017 7.300002882273592 7.8000015141757615 3.350214915083871 5.286683232988082
10550 2996.348380671377 0 3.5000002330878552 0.7 17.26799430487017 7.300002882273592 7.8000015141757615 3.350214915083871 5.286683232988082
10600 2996.348380671377 0 3.5000002330878552 0.7 17.26799430487017 7.300002882273592 7.8000015141757615 3.350214915083871 5.286683232988082
10650 2996.348380671377 0 3.5000002330878552 0.7 17.26799430487017 7.300002882273592 7.8000015141757615 3.350214915083871 5.286683232988082
10700 2996.348380671377 0 3.5000002330878552 0.7 17.26799430487017 7.300002882273592 7.8000015141757615 3.350214915083871 5.286683232988082
10750 2996.3483464014753 0 3.500000039758685 0.7 17.223258610500505 7.300000826585001 7.8 3.350214906677623 5.286683382632441
10800 2996.3483464014753 0 3.500000039758685 0.7 17.223258610500505 7.300000826585001 7.8 3.350214906677623 5.286683382632441
10850 2996.3483464014753 0 3.500000039758685 0.7 17.223258610500505 7.300000826585001 7.8 3.350214906677623 5.286683382632441
10900 2996.348340017308 0 3.5000003139903395 0.7 17.0699802972465 7.300001818932404 7.8 3.3502147186551063 5.286683264812656
10950 2996.3483235315007 0 3.5000000266347318 0.7 17.157625273598047 7.300000828417862 7.800001624427992 3.3502148023592593 5.286683340482872
11000 2996.3483235315007 0 3.5000000266347318 0.7 17.157625273598047 7.300000828417862 7.800001624427992 3.3502148023592593 5.286683340482872
11050 2996.3483194535656 0 3.5000001431348395 0.7 17.19260231832773 7.300002986878036 7.8 3.350214905876735 5.286683246787178
11100 2996.348281463232 0 3.500000083118107 0.7000000004836225 17.076978144301556 7.300002670560147 7.800002003972306 3.3502147113103553 5.286683233860894
11150 2996.348281463232 0 3.500000083118107 0.7000000004836225 17.076978144301556 7.300002670560147 7.800002003972306 3.3502147113103553 5.286683233860894
11200 2996.348281463232 0 3.500000083118107 0.7000000004836225 17.076978144301556 7.300002670560147 7.800002003972306 3.3502147113103553 5.286683233860894
11250 2996.348274386507 0 3.5000001167046086 0.7 17.365093415171224 7.3 7.8000005220907855 3.3502147831343176 5.286683264812656
11300 2996.3482452394405 0 3.500000083118107 0.7 17.294167073986845 7.300000336488305 7.80000034184227 3.350214704998609 5.286683272592053
11350 2996.3482452394405 0 3.500000083118107 0.7 17.294167073986845 7.300000336488305 7.80000034184227 3.350214704998609 5.286683272592053
11400 2996.3482452394405 0 3.500000083118107 0.7 17.294167073986845 7.300000336488305 7.80000034184227 3.350214704998609 5.286683272592053
11450 2996.3482452394405 0 3.500000083118107 0.7 17.294167073986845 7.300000336488305 7.80000034184227 3.350214704998609 5.286683272592053
11500 2996.3482262102825 0 3.5000000618908866 0.7 17.17146519208328 7.300000236496672 7.8 3.3502147780424676 5.286683239695148
11550 2996.3482262102825 0 3.5000000618908866 0.7 17.17146519208328 7.300000236496672 7.8 3.3502147780424676 5.286683239695148
11600 2996.3482262102825 0 3.5000000618908866 0.7 17.17146519208328 7.300000236496672 7.8 3.3502147780424676 5.286683239695148
11650 2996.3482262102825 0 3.5000000618908866 0.7 17.17146519208328 7.300000236496672 7.8 3.3502147780424676 5.286683239695148
11700 2996.3482262102825 0 3.5000000618908866 0.7 17.17146519208328 7.300000236496672 7.8 3.3502147780424676 5.286683239695148
11750 2996.3482194398125 0 3.500000017254632 0.7 17.079946207773133 7.300000690831149 7.800000167696957 3.350214718823539 5.286683268261162
11800 2996.3482194398125 0 3.500000017254632 0.7 17.079946207773133 7.300000690831149 7.800000167696957 3.350214718823539 5.286683268261162
11850 2996.3482194398125 0 3.500000017254632 0.7 17.079946207773133 7.300000690831149 7.800000167696957 3.350214718823539 5.286683268261162
11900 2996.3482194398125 0 3.500000017254632 0.7 17.079946207773133 7.300000690831149 7.800000167696957 3.350214718823539 5.286683268261162
11950 2996.348205317864 0 3.5000000699766907 0.7 17.37752467014802 7.3 7.8000002068576455 3.350214684251206 5.286683235571245
12000 2996.348205317864 0 3.5000000699766907 0.7 17.37752467014802 7.3 7.8000002068576455 3.350214684251206 5.286683235571245
12050 2996.348205317864 0 3.5000000699766907 0.7 17.37752467014802 7.3 7.8000002068576455 3.350214684251206 5.286683235571245
12100 2996.348196689508 0 3.500000014629245 0.7000000000171387 17.455896353688484 7.3000000958481595 7.8000002624665195 3.3502147333823626 5.286683233129377
12150 2996.348196689508 0 3.500000014629245 0.7000000000171387 17.455896353688484 7.3000000958481595 7.8000002624665195 3.3502147333823626 5.286683233129377
12200 2996.348196689508 0 3.500000014629245 0.7000000000171387 17.455896353688484 7.3000000958481595 7.8000002624665195 3.3502147333823626 5.286683233129377
12250 2996.348196689508 0 3.500000014629245 0.7000000000171387 17.455896353688484 7.3000000958481595 7.8000002624665195 3.3502147333823626 5.286683233129377
12300 2996.348196689508 0 3.500000014629245 0.7000000000171387 17.455896353688484 7.3000000958481595 7.8000002624665195 3.3502147333823626 5.286683233129377
12350 2996.348193726726 0 3.500000031220266 0.7 17.018075018267382 7.3 7.8 3.350214718813404 5.286683234571708
12400 2996.348193726726 0 3.500000031220266 0.7 17.018075018267382 7.3 7.8 3.350214718813404 5.286683234571708
12450 2996.3481871258537 0 3.5000000015029578 0.7 17.193457636788885 7.300000419363595 7.80000012591518 3.3502147056249147 5.286683237671745
12500 2996.3481871258537 0 3.5000000015029578 0.7 17.193457636788885 7.300000419363595 7.80000012591518 3.3502147056249147 5.286683237671745
12550 2996.3481871258537 0 3.5000000015029578 0.7 17.193457636788885 7.300000419363595 7.80000012591518 3.3502147056249147 5.286683237671745
12600 2996.3481871258537 0 3.5000000015029578 0.7 17.193457636788885 7.300000419363595 7.80000012591518 3.3502147056249147 5.286683237671745
12650 2996.3481871258537 0 3.5000000015029578 0.7 17.193457636788885 7.300000419363595 7.80000012591518 3.3502147056249147 5.286683237671745
12700 2996.34818618051 0 3.500000012371897 0.7000000002029015 17 7.300000338349979 7.800000006881815 3.350214674144562 5.286683245877288
12750 2996.3481827032065 0 3.500000014900817 0.700000000072394 17.212921308378995 7.3000002405605535 7.800000130365898 3.3502146679207487 5.286683239361988
12800 2996.3481827032065 0 3.500000014900817 0.700000000072394 17.212921308378995 7.3000002405605535 7.800000130365898 3.3502146679207487 5.286683239361988
12850 2996.3481827032065 0 3.500000014900817 0.700000000072394 17.212921308378995 7.3000002405605535 7.800000130365898 3.3502146679207487 5.286683239361988
12900 2996.348182555141 0 3.500000012659548 0.7000000002029015 17.135924993173028 7.300000020098015 7.80000014574849 3.3502146931696144 5.286683231993373
12950 2996.3481787236374 0 3.5000000257758037 0.7 17.125226049594165 7.3 7.8 3.3502146745371935 5.2866832320851485
13000 2996.3481754538557 0 3.500000008398037 0.7 17.028253059244626 7.3 7.800000006903821 3.3502146837429976 5.2866832337491285
13050 2996.3481754538557 0 3.500000008398037 0.7 17.028253059244626 7.3 7.800000006903821 3.3502146837429976 5.2866832337491285
13100 2996.3481754538557 0 3.500000008398037 0.7 17.028253059244626 7.3 7.800000006903821 3.3502146837429976 5.2866832337491285
13150 2996.3481754538557 0 3.500000008398037 0.7 17.028253059244626 7.3 7.800000006903821 3.3502146837429976 5.2866832337491285
13200 2996.348174974646 0 3.5000000171558674 0.7 17.138967556091522 7.3 7.8 3.3502146734895777 5.286683231933676
13250 2996.34817429942 0 3.5000000071369683 0.7000000005024188 17.313991202054726 7.3000000921888235 7.8 3.3502146702708813 5.286683233501964
13300 2996.34817429942 0 3.5000000071369683 0.7000000005024188 17.313991202054726 7.3000000921888235 7.8 3.3502146702708813 5.286683233501964
13350 2996.34817429942 0 3.5000000071369683 0.7000000005024188 17.313991202054726 7.3000000921888235 7.8 3.3502146702708813 5.286683233501964
13400 2996.34817429942 0 3.5000000071369683 0.7000000005024188 17.313991202054726 7.3000000921888235 7.8 3.3502146702708813 5.286683233501964
13450 2996.34817429942 0 3.5000000071369683 0.7000000005024188 17.313991202054726 7.3000000921888235 7.8 3.3502146702708813 5.286683233501964
13500 2996.3481735474206 0 3.500000001187471 0.7 17.166387257012683 7.300000307419676 7.8 3.3502146708763907 5.286683236337633
13550 2996.348173091935 0 3.5000000016499815 0.7 17.07807259077294 7.3 7.8 3.3502146784157625 5.286683236575883
13600 2996.348171593724 0 3.5000000016986093 0.7000000002088443 17.206266399485468 7.3000002397651 7.8 3.35021466725142 5.286683233856408
13650 2996.348171593724 0 3.5000000016986093 0.7000000002088443 17.206266399485468 7.3000002397651 7.8 3.35021466725142 5.286683233856408
13700 2996.348170853296 0 3.500000003192145 0.7000000001103751 17.03255809688143 7.3 7.8 3.350214671659917 5.2866832340262615
13750 2996.3481691522675 0 3.5000000033310688 0.7000000000507496 17.316594496517045 7.3 7.800000023851777 3.35021467280544 5.286683230406994
13800 2996.3481691305515 0 3.500000001784695 0.7 17.228952341984492 7.3 7.800000023851777 3.3502146722723842 5.2866832319020975
13850 2996.3481691305515 0 3.500000001784695 0.7 17.228952341984492 7.3 7.800000023851777 3.3502146722723842 5.2866832319020975
13900 2996.3481685007496 0 3.5000000031130574 0.7 17.163600842738024 7.300000042377128 7.800000051592759 3.3502146679610756 5.286683230274031
13950 2996.3481685007496 0 3.5000000031130574 0.7 17.163600842738024 7.300000042377128 7.800000051592759 3.3502146679610756 5.286683230274031
14000 2996.3481685007496 0 3.5000000031130574 0.7 17.163600842738024 7.300000042377128 7.800000051592759 3.3502146679610756 5.286683230274031
14050 2996.3481685007496 0 3.5000000031130574 0.7 17.163600842738024 7.300000042377128 7.800000051592759 3.3502146679610756 5.286683230274031
14100 2996.3481685007496 0 3.5000000031130574 0.7 17.163600842738024 7.300000042377128 7.800000051592759 3.3502146679610756 5.286683230274031
14150 2996.3481680821915 0 3.5000000018063178 0.7 17.250537151161122 7.3 7.800000046810358 3.350214670853181 5.286683230016494
14200 2996.3481680821915 0 3.5000000018063178 0.7 17.250537151161122 7.3 7.800000046810358 3.350214670853181 5.286683230016494
14250 2996.348167167134 0 3.500000001433068 0.7 17.27840952345462 7.30000000915346 7.800000019367073 3.3502146699904722 5.2866832299742255
14300 2996.348167167134 0 3.500000001433068 0.7 17.27840952345462 7.30000000915346 7.800000019367073 3.3502146699904722 5.2866832299742255
14350 2996.348167167134 0 3.500000001433068 0.7 17.27840952345462 7.30000000915346 7.800000019367073 3.3502146699904722 5.2866832299742255
14400 2996.3481670953493 0 3.50000000018038 0.7 17.361910254423943 7.300000039894331 7.800000002646281 3.3502146697885564 5.286683230866977
14450 2996.3481666737503 0 3.50000000116395 0.7 17.132342220819112 7.300000048078992 7.8 3.350214667280238 5.286683230579592
14500 2996.348166473479 0 3.5000000008349375 0.7 17.29929950683934 7.300000013377555 7.8 3.3502146676341416 5.286683230807078
14550 2996.348166473479 0 3.5000000008349375 0.7 17.29929950683934 7.300000013377555 7.8 3.3502146676341416 5.286683230807078
14600 2996.348166473479 0 3.5000000008349375 0.7 17.29929950683934 7.300000013377555 7.8 3.3502146676341416 5.286683230807078
14650 2996.3481664008023 0 3.500000000013954 0.7 17.336461541350506 7.3 7.8 3.3502146701778686 5.286683230365959
14700 2996.348165731397 0 3.5000000009206347 0.7000000000125404 17.341872932339992 7.3 7.800000002011811 3.35021466704191 5.2866832298514765
14750 2996.348165731397 0 3.5000000009206347 0.7000000000125404 17.341872932339992 7.3 7.800000002011811 3.35021466704191 5.2866832298514765
14800 2996.348165731397 0 3.5000000009206347 0.7000000000125404 17.341872932339992 7.3 7.800000002011811 3.35021466704191 5.2866832298514765
14850 2996.348165731397 0 3.5000000009206347 0.7000000000125404 17.341872932339992 7.3 7.800000002011811 3.35021466704191 5.2866832298514765
14900 2996.348165731397 0 3.5000000009206347 0.7000000000125404 17.341872932339992 7.3 7.800000002011811 3.35021466704191 5.2866832298514765
14950 2996.3481656159984 0 3.500000000374281 0.7000000000059103 17.345780862016017 7.300000020722279 7.8 3.3502146669070783 5.28668322989079
15000 2996.3481656159984 0 3.500000000374281 0.7000000000059103 17.345780862016017 7.300000020722279 7.8 3.3502146669070783 5.28668322989079
15050 2996.3481656159984 0 3.500000000374281 0.7000000000059103 17.345780862016017 7.300000020722279 7.8 3.3502146669070783 5.28668322989079
15100 2996.3481656159984 0 3.500000000374281 0.7000000000059103 17.345780862016017 7.300000020722279 7.8 3.3502146669070783 5.28668322989079
15150 2996.3481656159984 0 3.500000000374281 0.7000000000059103 17.345780862016017 7.300000020722279 7.8 3.3502146669070783 5.28668322989079
15200 2996.3481656093277 0 3.500000000928388 0.7000000000081728 17.221987396357424 7.3 7.8 3.3502146667170245 5.286683229885403
15250 2996.3481656093277 0 3.500000000928388 0.7000000000081728 17.221987396357424 7.3 7.8 3.3502146667170245 5.286683229885403
15300 2996.3481654810585 0 3.500000000052555 0.7000000000090176 17.369302800143373 7.3 7.8000000046358515 3.3502146668691726 5.286683229997648
15350 2996.3481654810585 0 3.500000000052555 0.7000000000090176 17.369302800143373 7.3 7.8000000046358515 3.3502146668691726 5.286683229997648
15400 2996.3481654810585 0 3.500000000052555 0.7000000000090176 17.369302800143373 7.3 7.8000000046358515 3.3502146668691726 5.286683229997648
15450 2996.3481654810585 0 3.500000000052555 0.7000000000090176 17.369302800143373 7.3 7.8000000046358515 3.3502146668691726 5.286683229997648
15500 2996.3481654810585 0 3.500000000052555 0.7000000000090176 17.369302800143373 7.3 7.8000000046358515 3.3502146668691726 5.286683229997648
15550 2996.3481654810585 0 3.500000000052555 0.7000000000090176 17.369302800143373 7.3 7.8000000046358515 3.3502146668691726 5.286683229997648
15600 2996.3481653811314 0 3.500000000188014 0.7000000000144779 17.378712564374126 7.300000006812752 7.800000002347365 3.3502146662210386 5.286683229962337
15650 2996.3481653811314 0 3.500000000188014 0.7000000000144779 17.378712564374126 7.300000006812752 7.800000002347365 3.3502146662210386 5.286683229962337
15700 2996.3481653287085 0 3.500000000139341 0.7000000000096229 17.19413888245833 7.3 7.8 3.350214666209272 5.286683230124636
15750 2996.3481653287085 0 3.500000000139341 0.7000000000096229 17.19413888245833 7.3 7.8 3.350214666209272 5.286683230124636
15800 2996.3481653287085 0 3.500000000139341 0.7000000000096229 17.19413888245833 7.3 7.8 3.350214666209272 5.286683230124636
15850 2996.3481653287085 0 3.500000000139341 0.7000000000096229 17.19413888245833 7.3 7.8 3.350214666209272 5.286683230124636
15900 2996.348165274468 0 3.5000000002680536 0.7000000000229358 17.288715787536393 7.30000000108039 7.8 3.3502146661253627 5.28668322988391
15950 2996.348165274468 0 3.5000000002680536 0.7000000000229358 17.288715787536393 7.30000000108039 7.8 3.3502146661253627 5.28668322988391
16000 2996.348165274468 0 3.5000000002680536 0.7000000000229358 17.288715787536393 7.30000000108039 7.8 3.3502146661253627 5.28668322988391
16050 2996.348165263964 0 3.5000000001036238 0.70000000001489 17.22361902281249 7.3 7.800000003264576 3.350214666268039 5.286683229871232
16100 2996.348165263964 0 3.5000000001036238 0.70000000001489 17.22361902281249 7.3 7.800000003264576 3.350214666268039 5.286683229871232
16150 2996.34816524801 0 3.5000000002136895 0.7000000000120412 17.0835623575118 7.3000000024572556 7.800000001501199 3.3502146662504764 5.286683229832251
16200 2996.3481651887396 0 3.500000000290812 0.7 17.496475396859694 7.300000002452591 7.8000000021537845 3.350214666125591 5.286683229804558
16250 2996.3481651887396 0 3.500000000290812 0.7 17.496475396859694 7.300000002452591 7.8000000021537845 3.350214666125591 5.286683229804558
16300 2996.3481651887396 0 3.500000000290812 0.7 17.496475396859694 7.300000002452591 7.8000000021537845 3.350214666125591 5.286683229804558
16350 2996.3481651386383 0 3.5000000000163185 0.7000000000000617 17.346756842133363 7.300000003167508 7.8 3.350214666383485 5.286683229855957
16400 2996.3481651386383 0 3.5000000000163185 0.7000000000000617 17.346756842133363 7.300000003167508 7.8 3.350214666383485 5.286683229855957
16450 2996.3481651386383 0 3.5000000000163185 0.7000000000000617 17.346756842133363 7.300000003167508 7.8 3.350214666383485 5.286683229855957
16500 2996.3481651165907 0 3.5000000001085096 0.7000000000044102 17.051302463987092 7.3 7.800000001639227 3.350214666137876 5.286683229819199
16550 2996.3481651165907 0 3.5000000001085096 0.7000000000044102 17.051302463987092 7.3 7.800000001639227 3.350214666137876 5.286683229819199
16600 2996.34816509521 0 3.500000000019369 0.7 17.272911858644026 7.300000003167508 7.800000000473617 3.3502146662936534 5.286683229805872
16650 2996.3481650723047 0 3.5000000000687956 0.7000000000015214 17.10274027909337 7.3000000019005045 7.800000001687864 3.3502146661490464 5.286683229762116
16700 2996.3481650723047 0 3.5000000000687956 0.7000000000015214 17.10274027909337 7.3000000019005045 7.800000001687864 3.3502146661490464 5.286683229762116
16750 2996.3481650678905 0 3.5000000000855405 0.7000000000022195 17.156028224968765 7.3 7.800000000775363 3.350214666111773 5.28668322981265
16800 2996.3481650678905 0 3.5000000000855405 0.7000000000022195 17.156028224968765 7.3 7.800000000775363 3.350214666111773 5.28668322981265
16850 2996.3481650678905 0 3.5000000000855405 0.7000000000022195 17.156028224968765 7.3 7.800000000775363 3.350214666111773 5.28668322981265
16900 2996.3481650678905 0 3.5000000000855405 0.7000000000022195 17.156028224968765 7.3 7.800000000775363 3.350214666111773 5.28668322981265
16950 2996.3481650678905 0 3.5000000000855405 0.7000000000022195 17.156028224968765 7.3 7.800000000775363 3.350214666111773 5.28668322981265
17000 2996.3481650586396 0 3.500000000048407 0.7000000000018061 17.11646452757303 7.30000000063744 7.800000000629631 3.3502146661962375 5.286683229786322
17050 2996.3481650568483 0 3.500000000037428 0.7 17.31267040726956 7.3 7.800000000940294 3.3502146661755843 5.286683229809508
17100 2996.3481650568483 0 3.500000000037428 0.7 17.31267040726956 7.3 7.800000000940294 3.3502146661755843 5.286683229809508
17150 2996.348165046913 0 3.5000000001550253 0.7 17.181768623734023 7.30000000163039 7.8 3.350214666108086 5.286683229758161
17200 2996.348165020532 0 3.5000000000549036 0.7 17.141687062313554 7.300000000295051 7.8 3.3502146661347916 5.286683229786322
17250 2996.348165020532 0 3.5000000000549036 0.7 17.141687062313554 7.300000000295051 7.8 3.3502146661347916 5.286683229786322
17300 2996.348165006064 0 3.500000000004467 0.7 17.25138999895869 7.3 7.800000000166028 3.3502146661375845 5.286683229791963
17350 2996.348165006064 0 3.500000000004467 0.7 17.25138999895869 7.3 7.800000000166028 3.3502146661375845 5.286683229791963
17400 2996.3481650015774 0 3.500000000044972 0.7 17.102218966457706 7.3 7.8 3.350214666125157 5.286683229770603
17450 2996.3481650015774 0 3.500000000044972 0.7 17.102218966457706 7.3 7.8 3.350214666125157 5.286683229770603
17500 2996.3481649983837 0 3.500000000024218 0.7 17.09156735348545 7.3 7.8 3.350214666132556 5.286683229775433
17550 2996.348164992549 0 3.50000000000274 0.7 17 7.300000000295051 7.8 3.350214666132556 5.286683229775433
17600 2996.348164992549 0 3.50000000000274 0.7 17 7.300000000295051 7.8 3.350214666132556 5.286683229775433
17650 2996.348164992549 0 3.50000000000274 0.7 17 7.300000000295051 7.8 3.350214666132556 5.286683229775433
17700 2996.348164992549 0 3.50000000000274 0.7 17 7.300000000295051 7.8 3.350214666132556 5.286683229775433
17750 2996.3481649885425 0 3.5000000000067355 0.7 17.19283439279528 7.3 7.8 3.350214666118469 5.286683229776401
17800 2996.3481649885425 0 3.5000000000067355 0.7 17.19283439279528 7.3 7.8 3.350214666118469 5.286683229776401
17850 2996.3481649885425 0 3.5000000000067355 0.7 17.19283439279528 7.3 7.8 3.350214666118469 5.286683229776401
17900 2996.3481649885425 0 3.5000000000067355 0.7 17.19283439279528 7.3 7.8 3.350214666118469 5.286683229776401
17950 2996.3481649803043 0 3.5000000000194236 0.7 17.026500338217826 7.3 7.800000000076028 3.3502146660997365 5.286683229760492
18000 2996.3481649803043 0 3.5000000000194236 0.7 17.026500338217826 7.3 7.800000000076028 3.3502146660997365 5.286683229760492
18050 2996.3481649803043 0 3.5000000000194236 0.7 17.026500338217826 7.3 7.800000000076028 3.3502146660997365 5.286683229760492
18100 2996.3481649803043 0 3.5000000000194236 0.7 17.026500338217826 7.3 7.800000000076028 3.3502146660997365 5.286683229760492
18150 2996.3481649803043 0 3.5000000000194236 0.7 17.026500338217826 7.3 7.800000000076028 3.3502146660997365 5.286683229760492
18200 2996.348164977255 0 3.5000000000067355 0.7 17 7.3 7.8 3.350214666118469 5.286683229758652
18250 2996.348164977255 0 3.5000000000067355 0.7 17 7.3 7.8 3.350214666118469 5.286683229758652
18300 2996.348164977255 0 3.5000000000067355 0.7 17 7.3 7.8 3.350214666118469 5.286683229758652
18350 2996.348164977255 0 3.5000000000067355 0.7 17 7.3 7.8 3.350214666118469 5.286683229758652
18400 2996.348164975461 0 3.500000000003899 0.7 17 7.3 7.8 3.3502146661093875 5.286683229761222
18450 2996.348164975461 0 3.500000000003899 0.7 17 7.3 7.8 3.3502146661093875 5.286683229761222
18500 2996.348164971682 0 3.500000000000527 0.7 17 7.3 7.8 3.3502146661000998 5.286683229761084
18550 2996.348164971682 0 3.500000000000527 0.7 17 7.3 7.8 3.3502146661000998 5.286683229761084
18600 2996.348164971682 0 3.500000000000527 0.7 17 7.3 7.8 3.3502146661000998 5.286683229761084
18650 2996.348164971682 0 3.500000000000527 0.7 17 7.3 7.8 3.3502146661000998 5.286683229761084
18700 2996.348164971682 0 3.500000000000527 0.7 17 7.3 7.8 3.3502146661000998 5.286683229761084
18750 2996.348164971682 0 3.500000000000527 0.7 17 7.3 7.8 3.3502146661000998 5.286683229761084
18800 2996.348164971682 0 3.500000000000527 0.7 17 7.3 7.8 3.3502146661000998 5.286683229761084
18850 2996.348164971682 0 3.500000000000527 0.7 17 7.3 7.8 3.3502146661000998 5.286683229761084
18900 2996.348164971682 0 3.500000000000527 0.7 17 7.3 7.8 3.3502146661000998 5.286683229761084
18950 2996.348164971682 0 3.500000000000527 0.7 17 7.3 7.8 3.3502146661000998 5.286683229761084
19000 2996.3481649699634 0 3.5000000000001963 0.7 17 7.3 7.8 3.350214666097451 5.286683229759648
19050 2996.3481649699634 0 3.5000000000001963 0.7 17 7.3 7.8 3.350214666097451 5.286683229759648
19100 2996.3481649699634 0 3.5000000000001963 0.7 17 7.3 7.8 3.350214666097451 5.286683229759648
19150 2996.3481649699634 0 3.5000000000001963 0.7 17 7.3 7.8 3.350214666097451 5.286683229759648
19200 2996.3481649699634 0 3.5000000000001963 0.7 17 7.3 7.8 3.350214666097451 5.286683229759648
19250 2996.348164969776 0 3.500000000001213 0.7 17.015278731689474 7.300000000018045 7.800000000023625 3.3502146660966035 5.286683229757998
19300 2996.348164969776 0 3.500000000001213 0.7 17.015278731689474 7.300000000018045 7.800000000023625 3.3502146660966035 5.286683229757998
19350 2996.348164969776 0 3.500000000001213 0.7 17.015278731689474 7.300000000018045 7.800000000023625 3.3502146660966035 5.286683229757998
19400 2996.348164969776 0 3.500000000001213 0.7 17.015278731689474 7.300000000018045 7.800000000023625 3.3502146660966035 5.286683229757998
19450 2996.348164969776 0 3.500000000001213 0.7 17.015278731689474 7.300000000018045 7.800000000023625 3.3502146660966035 5.286683229757998
19500 2996.348164969776 0 3.500000000001213 0.7 17.015278731689474 7.300000000018045 7.800000000023625 3.3502146660966035 5.286683229757998
19550 2996.348164969776 0 3.500000000001213 0.7 17.015278731689474 7.300000000018045 7.800000000023625 3.3502146660966035 5.286683229757998
19600 2996.348164969776 0 3.500000000001213 0.7 17.015278731689474 7.300000000018045 7.800000000023625 3.3502146660966035 5.286683229757998
19650 2996.348164969776 0 3.500000000001213 0.7 17.015278731689474 7.300000000018045 7.800000000023625 3.3502146660966035 5.286683229757998
19700 2996.348164969776 0 3.500000000001213 0.7 17.015278731689474 7.300000000018045 7.800000000023625 3.3502146660966035 5.286683229757998
19750 2996.3481649694363 0 3.5000000000003944 0.7 17.136456912291358 7.3 7.800000000010025 3.3502146660975045 5.286683229758328
19800 2996.3481649691603 0 3.50000000000065 0.7 17 7.3000000000101615 7.800000000001181 3.3502146660973393 5.2866832297579665
19850 2996.3481649691603 0 3.50000000000065 0.7 17 7.3000000000101615 7.800000000001181 3.3502146660973393 5.2866832297579665
19900 2996.3481649691603 0 3.50000000000065 0.7 17 7.3000000000101615 7.800000000001181 3.3502146660973393 5.2866832297579665
19950 2996.3481649689343 0 3.5000000000003997 0.7 17.118130390190604 7.3000000000201055 7.8 3.3502146660966896 5.28668322975793
20000 2996.3481649689343 0 3.5000000000003997 0.7 17.118130390190604 7.3000000000201055 7.8 3.3502146660966896 5.28668322975793
20050 2996.3481649689343 0 3.5000000000003997 0.7 17.118130390190604 7.3000000000201055 7.8 3.3502146660966896 5.28668322975793
20100 2996.3481649689343 0 3.5000000000003997 0.7 17.118130390190604 7.3000000000201055 7.8 3.3502146660966896 5.28668322975793
20150 2996.3481649689343 0 3.5000000000003997 0.7 17.118130390190604 7.3000000000201055 7.8 3.3502146660966896 5.28668322975793
20200 2996.3481649689343 0 3.5000000000003997 0.7 17.118130390190604 7.3000000000201055 7.8 3.3502146660966896 5.28668322975793
20250 2996.3481649689343 0 3.5000000000003997 0.7 17.118130390190604 7.3000000000201055 7.8 3.3502146660966896 5.28668322975793
20300 2996.3481649689343 0 3.5000000000003997 0.7 17.118130390190604 7.3000000000201055 7.8 3.3502146660966896 5.28668322975793
20350 2996.3481649689343 0 3.5000000000003997 0.7 17.118130390190604 7.3000000000201055 7.8 3.3502146660966896 5.28668322975793
20400 2996.3481649689343 0 3.5000000000003997 0.7 17.118130390190604 7.3000000000201055 7.8 3.3502146660966896 5.28668322975793
20450 2996.348164968903 0 3.5000000000000444 0.7 17.327333787453355 7.3 7.800000000007599 3.35021466609694 5.286683229758015
20500 2996.348164968903 0 3.5000000000000444 0.7 17.327333787453355 7.3 7.800000000007599 3.35021466609694 5.286683229758015
20550 2996.3481649687383 0 3.500000000000008 0.7 17.298304415686296 7.3 7.8 3.3502146660967194 5.286683229758131
20600 2996.3481649687383 0 3.500000000000008 0.7 17.298304415686296 7.3 7.8 3.3502146660967194 5.286683229758131
20650 2996.3481649687383 0 3.500000000000008 0.7 17.298304415686296 7.3 7.8 3.3502146660967194 5.286683229758131
20700 2996.3481649687383 0 3.500000000000008 0.7 17.298304415686296 7.3 7.8 3.3502146660967194 5.286683229758131
20750 2996.3481649687383 0 3.500000000000008 0.7 17.298304415686296 7.3 7.8 3.3502146660967194 5.286683229758131
20800 2996.3481649687383 0 3.500000000000008 0.7 17.298304415686296 7.3 7.8 3.3502146660967194 5.286683229758131
20850 2996.348164968702 0 3.5000000000002993 0.7 17 7.3000000000029095 7.8 3.3502146660964836 5.286683229757947
20900 2996.348164968702 0 3.5000000000002993 0.7 17 7.3000000000029095 7.8 3.3502146660964836 5.286683229757947
20950 2996.348164968702 0 3.5000000000002993 0.7 17 7.3000000000029095 7.8 3.3502146660964836 5.286683229757947
21000 2996.348164968702 0 3.5000000000002993 0.7 17 7.3000000000029095 7.8 3.3502146660964836 5.286683229757947
21050 2996.348164968654 0 3.5000000000000733 0.7 17.068211876681854 7.300000000000967 7.8000000000031475 3.350214666096492 5.2866832297579265
21100 2996.3481649686532 0 3.5000000000000058 0.7 17.264877986713877 7.3 7.8 3.3502146660968104 5.286683229757962
21150 2996.348164968631 0 3.500000000000015 0.7 17.244916977371734 7.3 7.800000000001771 3.3502146660964476 5.286683229758005
21200 2996.348164968631 0 3.500000000000015 0.7 17.244916977371734 7.3 7.800000000001771 3.3502146660964476 5.286683229758005
21250 2996.3481649686214 0 3.5000000000000413 0.7 17.09410879273694 7.3 7.8 3.350214666096693 5.286683229757936
21300 2996.3481649686214 0 3.5000000000000413 0.7 17.09410879273694 7.3 7.8 3.350214666096693 5.286683229757936
21350 2996.3481649686214 0 3.5000000000000413 0.7 17.09410879273694 7.3 7.8 3.350214666096693 5.286683229757936
21400 2996.3481649686214 0 3.5000000000000413 0.7 17.09410879273694 7.3 7.8 3.350214666096693 5.286683229757936
21450 2996.3481649686214 0 3.5000000000000413 0.7 17.09410879273694 7.3 7.8 3.350214666096693 5.286683229757936
21500 2996.3481649686214 0 3.5000000000000413 0.7 17.09410879273694 7.3 7.8 3.350214666096693 5.286683229757936
21550 2996.3481649685973 0 3.5000000000000058 0.7 17.052719436617803 7.300000000003357 7.8 3.3502146660965657 5.286683229757926
21600 2996.3481649685973 0 3.5000000000000058 0.7 17.052719436617803 7.300000000003357 7.8 3.3502146660965657 5.286683229757926
21650 2996.3481649685973 0 3.5000000000000058 0.7 17.052719436617803 7.300000000003357 7.8 3.3502146660965657 5.286683229757926
21700 2996.3481649685973 0 3.5000000000000058 0.7 17.052719436617803 7.300000000003357 7.8 3.3502146660965657 5.286683229757926
21750 2996.3481649685973 0 3.5000000000000058 0.7 17.052719436617803 7.300000000003357 7.8 3.3502146660965657 5.286683229757926
21800 2996.3481649685955 0 3.500000000000071 0.7 17 7.3 7.800000000001147 3.350214666096481 5.286683229757923
21850 2996.348164968573 0 3.500000000000003 0.7 17.0 7.3 7.8 3.350214666096541 5.286683229757944
21900 2996.348164968573 0 3.500000000000003 0.7 17.0 7.3 7.8 3.350214666096541 5.286683229757944
21950 2996.348164968573 0 3.500000000000003 0.7 17.0 7.3 7.8 3.350214666096541 5.286683229757944
22000 2996.348164968573 0 3.500000000000003 0.7 17.0 7.3 7.8 3.350214666096541 5.286683229757944
22050 2996.348164968573 0 3.500000000000003 0.7 17.0 7.3 7.8 3.350214666096541 5.286683229757944
22100 2996.348164968573 0 3.500000000000003 0.7 17.0 7.3 7.8 3.350214666096541 5.286683229757944
22150 2996.348164968565 0 3.500000000000043 0.7 17.21409631668433 7.300000000000222 7.8 3.3502146660964613 5.286683229757936
22200 2996.348164968565 0 3.500000000000043 0.7 17.21409631668433 7.300000000000222 7.8 3.3502146660964613 5.286683229757936
22250 2996.348164968565 0 3.500000000000043 0.7 17.21409631668433 7.300000000000222 7.8 3.3502146660964613 5.286683229757936
22300 2996.348164968565 0 3.500000000000043 0.7 17.21409631668433 7.300000000000222 7.8 3.3502146660964613 5.286683229757936
22350 2996.348164968565 0 3.500000000000043 0.7 17.21409631668433 7.300000000000222 7.8 3.3502146660964613 5.286683229757936
22400 2996.348164968561 0 3.500000000000022 0.7 17.215788152354413 7.300000000000385 7.8 3.350214666096496 5.2866832297579265
22450 2996.3481649685555 0 3.4999999999999996 0.7 17 7.3 7.8 3.350214666096497 5.286683229757937
22500 2996.3481649685555 0 3.4999999999999996 0.7 17 7.3 7.8 3.350214666096497 5.286683229757937
22550 2996.3481649685555 0 3.4999999999999996 0.7 17 7.3 7.8 3.350214666096497 5.286683229757937
22600 2996.3481649685555 0 3.4999999999999996 0.7 17 7.3 7.8 3.350214666096497 5.286683229757937
22650 2996.348164968553 0 3.50000000000004 0.7 17.10288794535376 7.3 7.8 3.350214666096456 5.286683229757925
22700 2996.348164968553 0 3.50000000000004 0.7 17.10288794535376 7.3 7.8 3.350214666096456 5.286683229757925
22750 2996.34816496855 0 3.5000000000000013 0.7 17.011564673218373 7.300000000000035 7.8 3.35021466609652 5.2866832297579185
22800 2996.34816496855 0 3.5000000000000013 0.7 17.011564673218373 7.300000000000035 7.8 3.35021466609652 5.2866832297579185
22850 2996.348164968549 0 3.5000000000000067 0.7 17.015677996810943 7.3 7.8 3.3502146660964587 5.286683229757939
22900 2996.3481649685446 0 3.5000000000000004 0.7 17.12676079618785 7.300000000000121 7.800000000000049 3.3502146660964685 5.286683229757927
22950 2996.3481649685446 0 3.500000000000005 0.7 17.18908561624325 7.300000000000035 7.8 3.3502146660964933 5.286683229757918
23000 2996.3481649685377 0 3.500000000000001 0.7 17 7.3 7.8 3.3502146660964525 5.286683229757926
23050 2996.3481649685377 0 3.500000000000001 0.7 17 7.3 7.8 3.3502146660964525 5.286683229757926
23100 2996.3481649685377 0 3.5000000000000036 0.7 17 7.3000000000000735 7.800000000000077 3.3502146660964605 5.286683229757918
23150 2996.3481649685377 0 3.5000000000000036 0.7 17 7.3000000000000735 7.800000000000077 3.3502146660964605 5.286683229757918
23200 2996.3481649685377 0 3.5000000000000036 0.7 17 7.3000000000000735 7.800000000000077 3.3502146660964605 5.286683229757918
23250 2996.3481649685377 0 3.5000000000000036 0.7 17 7.3000000000000735 7.800000000000077 3.3502146660964605 5.286683229757918
23300 2996.3481649685377 0 3.5000000000000036 0.7 17 7.3000000000000735 7.800000000000077 3.3502146660964605 5.286683229757918
23350 2996.3481649685345 0 3.4999999999999996 0.7 17 7.300000000000081 7.8 3.350214666096463 5.286683229757917
23400 2996.3481649685345 0 3.4999999999999996 0.7 17 7.300000000000081 7.8 3.350214666096463 5.286683229757917
23450 2996.3481649685345 0 3.4999999999999996 0.7 17 7.300000000000081 7.8 3.350214666096463 5.286683229757917
23500 2996.3481649685345 0 3.4999999999999996 0.7 17 7.300000000000081 7.8 3.350214666096463 5.286683229757917
23550 2996.3481649685345 0 3.4999999999999996 0.7 17 7.300000000000081 7.8 3.350214666096463 5.286683229757917
23600 2996.3481649685336 0 3.5000000000000013 0.7 17.013451864648523 7.300000000000049 7.800000000000067 3.3502146660964494 5.286683229757918
23650 2996.3481649685336 0 3.4999999999999996 0.7 17 7.3 7.800000000000045 3.350214666096452 5.286683229757919
23700 2996.3481649685336 0 3.4999999999999996 0.7 17 7.3 7.800000000000045 3.350214666096452 5.286683229757919
23750 2996.3481649685336 0 3.4999999999999996 0.7 17 7.3 7.800000000000045 3.350214666096452 5.286683229757919
23800 2996.348164968533 0 3.5000000000000044 0.7 17 7.3 7.800000000000047 3.35021466609645 5.286683229757917
23850 2996.348164968533 0 3.5 0.7 17.098126280067095 7.3000000000000895 7.8 3.3502146660964507 5.286683229757919
23900 2996.348164968533 0 3.5 0.7 17.098126280067095 7.3000000000000895 7.8 3.3502146660964507 5.286683229757919
23950 2996.348164968533 0 3.5 0.7 17.098126280067095 7.3000000000000895 7.8 3.3502146660964507 5.286683229757919
24000 2996.348164968533 0 3.5 0.7 17.098126280067095 7.3000000000000895 7.8 3.3502146660964507 5.286683229757919
24050 2996.348164968532 0 3.4999999999999996 0.7 17.098126280067095 7.3 7.8 3.3502146660964547 5.286683229757917
24100 2996.348164968532 0 3.4999999999999996 0.7 17.098126280067095 7.3 7.8 3.3502146660964547 5.286683229757917
24150 2996.348164968532 0 3.4999999999999996 0.7 17 7.300000000000048 7.800000000000045 3.350214666096449 5.286683229757918
24200 2996.348164968532 0 3.4999999999999996 0.7 17 7.300000000000048 7.800000000000045 3.350214666096449 5.286683229757918
24250 2996.348164968532 0 3.4999999999999996 0.7 17 7.300000000000048 7.800000000000045 3.350214666096449 5.286683229757918
24300 2996.3481649685314 0 3.5 0.7 17.049357340716316 7.300000000000036 7.8 3.3502146660964485 5.286683229757918
24350 2996.3481649685314 0 3.5 0.7 17.049357340716316 7.300000000000036 7.8 3.3502146660964485 5.286683229757918
24400 2996.3481649685314 0 3.5 0.7 17.049357340716316 7.300000000000036 7.8 3.3502146660964485 5.286683229757918
24450 2996.348164968531 0 3.5000000000000004 0.7 17.096348824187718 7.3 7.8 3.35021466609645 5.286683229757917
24500 2996.348164968531 0 3.5000000000000004 0.7 17.096348824187718 7.3 7.8 3.35021466609645 5.286683229757917
24550 2996.348164968531 0 3.5000000000000004 0.7 17.096348824187718 7.3 7.8 3.35021466609645 5.286683229757917
24600 2996.348164968531 0 3.5000000000000004 0.7 17.096348824187718 7.3 7.8 3.35021466609645 5.286683229757917
24650 2996.3481649685305 0 3.5000000000000004 0.7 17.09517231990096 7.3000000000000025 7.800000000000001 3.350214666096449 5.286683229757917
24700 2996.3481649685305 0 3.5000000000000004 0.7 17.14941764685279 7.300000000000014 7.8 3.3502146660964485 5.286683229757917
24750 2996.3481649685305 0 3.5000000000000004 0.7 17.14941764685279 7.300000000000014 7.8 3.3502146660964485 5.286683229757917
24800 2996.3481649685305 0 3.5 0.7 17.048850466852496 7.3000000000000025 7.8 3.3502146660964494 5.286683229757917
24850 2996.34816496853 0 3.4999999999999996 0.7 17 7.30000000000007 7.8 3.3502146660964476 5.286683229757917
24900 2996.34816496853 0 3.4999999999999996 0.7 17 7.30000000000007 7.8 3.3502146660964476 5.286683229757917
24950 2996.34816496853 0 3.4999999999999996 0.7 17 7.30000000000007 7.8 3.3502146660964476 5.286683229757917
25000 2996.34816496853 0 3.4999999999999996 0.7 17 7.30000000000007 7.8 3.3502146660964476 5.286683229757917
25050 2996.34816496853 0 3.4999999999999996 0.7 17 7.30000000000007 7.8 3.3502146660964476 5.286683229757917
25100 2996.3481649685295 0 3.4999999999999996 0.7 17.019437470976328 7.3 7.8 3.3502146660964476 5.286683229757917
25150 2996.3481649685295 0 3.4999999999999996 0.7 17.019437470976328 7.3 7.8 3.3502146660964476 5.286683229757917
25200 2996.3481649685295 0 3.4999999999999996 0.7 17.019437470976328 7.3 7.8 3.3502146660964476 5.286683229757917
25250 2996.3481649685295 0 3.4999999999999996 0.7 17.064036994693865 7.3 7.8 3.3502146660964476 5.286683229757917
25300 2996.3481649685295 0 3.4999999999999996 0.7 17.064036994693865 7.3 7.8 3.3502146660964476 5.286683229757917
25350 2996.3481649685295 0 3.4999999999999996 0.7 17.064036994693865 7.3 7.8 3.3502146660964476 5.286683229757917
25400 2996.3481649685295 0 3.4999999999999996 0.7 17.064036994693865 7.3 7.8 3.3502146660964476 5.286683229757917
25450 2996.3481649685295 0 3.4999999999999996 0.7 17 7.3 7.800000000000005 3.3502146660964476 5.286683229757917
25500 2996.3481649685295 0 3.4999999999999996 0.7 17 7.3 7.800000000000005 3.3502146660964476 5.286683229757917
25550 2996.3481649685295 0 3.4999999999999996 0.7 17.214019041851046 7.3 7.8 3.3502146660964476 5.286683229757917
25600 2996.3481649685295 0 3.4999999999999996 0.7 17.214019041851046 7.3 7.8 3.3502146660964476 5.286683229757917
25650 2996.3481649685295 0 3.4999999999999996 0.7 17.214019041851046 7.3 7.8 3.3502146660964476 5.286683229757917
25700 2996.3481649685295 0 3.4999999999999996 0.7 17.214019041851046 7.3 7.8 3.3502146660964476 5.286683229757917
25750 2996.3481649685295 0 3.4999999999999996 0.7 17.214019041851046 7.3 7.8 3.3502146660964476 5.286683229757917
25800 2996.3481649685295 0 3.4999999999999996 0.7 17.280092561840306 7.3 7.8 3.3502146660964476 5.286683229757917
25850 2996.3481649685295 0 3.4999999999999996 0.7 17.280092561840306 7.3 7.8 3.3502146660964476 5.286683229757917
25900 2996.3481649685295 0 3.4999999999999996 0.7 17.280092561840306 7.3 7.8 3.3502146660964476 5.286683229757917
25950 2996.3481649685295 0 3.4999999999999996 0.7 17.280092561840306 7.3 7.8 3.3502146660964476 5.286683229757917
26000 2996.3481649685295 0 3.4999999999999996 0.7 17.280092561840306 7.3 7.8 3.3502146660964476 5.286683229757917
26050 2996.3481649685295 0 3.4999999999999996 0.7 17.280092561840306 7.3 7.8 3.3502146660964476 5.286683229757917
26100 2996.3481649685295 0 3.4999999999999996 0.7 17.280092561840306 7.3 7.8 3.3502146660964476 5.286683229757917
26150 2996.3481649685295 0 3.4999999999999996 0.7 17.280092561840306 7.3 7.8 3.3502146660964476 5.286683229757917
26200 2996.3481649685295 0 3.4999999999999996 0.7 17.14912323798811 7.3 7.800000000000006 3.3502146660964476 5.286683229757917
26250 2996.3481649685295 0 3.4999999999999996 0.7 17.43648807535732 7.300000000000001 7.8 3.3502146660964476 5.286683229757917
26300 2996.3481649685295 0 3.4999999999999996 0.7 17.43648807535732 7.300000000000001 7.8 3.3502146660964476 5.286683229757917
26350 2996.3481649685295 0 3.4999999999999996 0.7 17.43648807535732 7.300000000000001 7.8 3.3502146660964476 5.286683229757917
26400 2996.3481649685295 0 3.4999999999999996 0.7 17.43648807535732 7.300000000000001 7.8 3.3502146660964476 5.286683229757917
26450 2996.3481649685295 0 3.4999999999999996 0.7 17.43648807535732 7.300000000000001 7.8 3.3502146660964476 5.286683229757917
26500 2996.3481649685295 0 3.4999999999999996 0.7 17.43648807535732 7.300000000000001 7.8 3.3502146660964476 5.286683229757917
26550 2996.3481649685295 0 3.4999999999999996 0.7 17.43648807535732 7.300000000000001 7.8 3.3502146660964476 5.286683229757917
26600 2996.3481649685295 0 3.4999999999999996 0.7 17.43648807535732 7.300000000000001 7.8 3.3502146660964476 5.286683229757917
26650 2996.3481649685295 0 3.4999999999999996 0.7 17.43648807535732 7.300000000000001 7.8 3.3502146660964476 5.286683229757917
26700 2996.3481649685295 0 3.4999999999999996 0.7 17.43648807535732 7.300000000000001 7.8 3.3502146660964476 5.286683229757917
26750 2996.3481649685295 0 3.4999999999999996 0.7 17.43648807535732 7.300000000000001 7.8 3.3502146660964476 5.286683229757917
26800 2996.3481649685295 0 3.4999999999999996 0.7 17.43648807535732 7.300000000000001 7.8 3.3502146660964476 5.286683229757917
26850 2996.3481649685295 0 3.4999999999999996 0.7 17.43648807535732 7.300000000000001 7.8 3.3502146660964476 5.286683229757917
26900 2996.3481649685295 0 3.4999999999999996 0.7 17.43648807535732 7.300000000000001 7.8 3.3502146660964476 5.286683229757917
26950 2996.3481649685295 0 3.4999999999999996 0.7 17.43648807535732 7.300000000000001 7.8 3.3502146660964476 5.286683229757917
27000 2996.3481649685295 0 3.4999999999999996 0.7 17.43648807535732 7.300000000000001 7.8 3.3502146660964476 5.286683229757917
27050 2996.3481649685295 0 3.4999999999999996 0.7 17.43648807535732 7.300000000000001 7.8 3.3502146660964476 5.286683229757917
27100 2996.3481649685295 0 3.4999999999999996 0.7 17.43648807535732 7.300000000000001 7.8 3.3502146660964476 5.286683229757917
27150 2996.3481649685295 0 3.4999999999999996 0.7 17.43648807535732 7.300000000000001 7.8 3.3502146660964476 5.286683229757917
27200 2996.3481649685295 0 3.4999999999999996 0.7 17.43648807535732 7.300000000000001 7.8 3.3502146660964476 5.286683229757917
27250 2996.3481649685295 0 3.4999999999999996 0.7 17.43648807535732 7.300000000000001 7.8 3.3502146660964476 5.286683229757917
27300 2996.3481649685295 0 3.4999999999999996 0.7 17.43648807535732 7.300000000000001 7.8 3.3502146660964476 5.286683229757917
27350 2996.3481649685295 0 3.4999999999999996 0.7 17.43648807535732 7.300000000000001 7.8 3.3502146660964476 5.286683229757917
27400 2996.3481649685295 0 3.4999999999999996 0.7 17.43648807535732 7.300000000000001 7.8 3.3502146660964476 5.286683229757917
27450 2996.3481649685295 0 3.4999999999999996 0.7 17.43648807535732 7.300000000000001 7.8 3.3502146660964476 5.286683229757917
27500 2996.3481649685295 0 3.4999999999999996 0.7 17.43648807535732 7.300000000000001 7.8 3.3502146660964476 5.286683229757917
27550 2996.3481649685295 0 3.4999999999999996 0.7 17.43648807535732 7.300000000000001 7.8 3.3502146660964476 5.286683229757917
27600 2996.3481649685295 0 3.4999999999999996 0.7 17.43648807535732 7.300000000000001 7.8 3.3502146660964476 5.286683229757917
27650 2996.3481649685295 0 3.4999999999999996 0.7 17.43648807535732 7.300000000000001 7.8 3.3502146660964476 5.286683229757917
27700 2996.3481649685295 0 3.4999999999999996 0.7 17.43648807535732 7.300000000000001 7.8 3.3502146660964476 5.286683229757917
27750 2996.3481649685295 0 3.4999999999999996 0.7 17.43648807535732 7.300000000000001 7.8 3.3502146660964476 5.286683229757917
27800 2996.3481649685295 0 3.4999999999999996 0.7 17.43648807535732 7.300000000000001 7.8 3.3502146660964476 5.286683229757917
27850 2996.3481649685295 0 3.4999999999999996 0.7 17.43648807535732 7.300000000000001 7.8 3.3502146660964476 5.286683229757917
27900 2996.3481649685295 0 3.4999999999999996 0.7 17.43648807535732 7.300000000000001 7.8 3.3502146660964476 5.286683229757917
27950 2996.3481649685295 0 3.4999999999999996 0.7 17.43648807535732 7.300000000000001 7.8 3.3502146660964476 5.286683229757917
28000 2996.3481649685295 0 3.4999999999999996 0.7 17.43648807535732 7.300000000000001 7.8 3.3502146660964476 5.286683229757917
28050 2996.3481649685295 0 3.4999999999999996 0.7 17.43648807535732 7.300000000000001 7.8 3.3502146660964476 5.286683229757917
28100 2996.3481649685295 0 3.4999999999999996 0.7 17.43648807535732 7.300000000000001 7.8 3.3502146660964476 5.286683229757917
28150 2996.3481649685295 0 3.4999999999999996 0.7 17.43648807535732 7.300000000000001 7.8 3.3502146660964476 5.286683229757917
28200 2996.3481649685295 0 3.4999999999999996 0.7 17.43648807535732 7.300000000000001 7.8 3.3502146660964476 5.286683229757917
28250 2996.3481649685295 0 3.4999999999999996 0.7 17.43648807535732 7.300000000000001 7.8 3.3502146660964476 5.286683229757917
28300 2996.3481649685295 0 3.4999999999999996 0.7 17.43648807535732 7.300000000000001 7.8 3.3502146660964476 5.286683229757917
28350 2996.3481649685295 0 3.4999999999999996 0.7 17.43648807535732 7.300000000000001 7.8 3.3502146660964476 5.286683229757917
28400 2996.3481649685295 0 3.4999999999999996 0.7 17.43648807535732 7.300000000000001 7.8 3.3502146660964476 5.286683229757917
28450 2996.3481649685295 0 3.4999999999999996 0.7 17.43648807535732 7.300000000000001 7.8 3.3502146660964476 5.286683229757917
28500 2996.3481649685295 0 3.4999999999999996 0.7 17.43648807535732 7.300000000000001 7.8 3.3502146660964476 5.286683229757917
28550 2996.3481649685295 0 3.4999999999999996 0.7 17.43648807535732 7.300000000000001 7.8 3.3502146660964476 5.286683229757917
28600 2996.3481649685295 0 3.4999999999999996 0.7 17.43648807535732 7.300000000000001 7.8 3.3502146660964476 5.286683229757917
28650 2996.3481649685295 0 3.4999999999999996 0.7 17.43648807535732 7.300000000000001 7.8 3.3502146660964476 5.286683229757917
28700 2996.3481649685295 0 3.4999999999999996 0.7 17.43648807535732 7.300000000000001 7.8 3.3502146660964476 5.286683229757917
28750 2996.3481649685295 0 3.4999999999999996 0.7 17.43648807535732 7.300000000000001 7.8 3.3502146660964476 5.286683229757917
28800 2996.3481649685295 0 3.4999999999999996 0.7 17.43648807535732 7.300000000000001 7.8 3.3502146660964476 5.286683229757917
28850 2996.3481649685295 0 3.4999999999999996 0.7 17.43648807535732 7.300000000000001 7.8 3.3502146660964476 5.286683229757917
28900 2996.3481649685295 0 3.4999999999999996 0.7 17.43648807535732 7.300000000000001 7.8 3.3502146660964476 5.286683229757917
28950 2996.3481649685295 0 3.4999999999999996 0.7 17.43648807535732 7.300000000000001 7.8 3.3502146660964476 5.286683229757917
29000 2996.3481649685295 0 3.4999999999999996 0.7 17.43648807535732 7.300000000000001 7.8 3.3502146660964476 5.286683229757917
29050 2996.3481649685295 0 3.4999999999999996 0.7 17.43648807535732 7.300000000000001 7.8 3.3502146660964476 5.286683229757917
29100 2996.3481649685295 0 3.4999999999999996 0.7 17.43648807535732 7.300000000000001 7.8 3.3502146660964476 5.286683229757917
29150 2996.3481649685295 0 3.4999999999999996 0.7 17.43648807535732 7.300000000000001 7.8 3.3502146660964476 5.286683229757917
29200 2996.3481649685295 0 3.4999999999999996 0.7 17.43648807535732 7.300000000000001 7.8 3.3502146660964476 5.286683229757917
29250 2996.3481649685295 0 3.4999999999999996 0.7 17.43648807535732 7.300000000000001 7.8 3.3502146660964476 5.286683229757917
29300 2996.3481649685295 0 3.4999999999999996 0.7 17.43648807535732 7.300000000000001 7.8 3.3502146660964476 5.286683229757917
29350 2996.3481649685295 0 3.4999999999999996 0.7 17.43648807535732 7.300000000000001 7.8 3.3502146660964476 5.286683229757917
29400 2996.3481649685295 0 3.4999999999999996 0.7 17.43648807535732 7.300000000000001 7.8 3.3502146660964476 5.286683229757917
29450 2996.3481649685295 0 3.4999999999999996 0.7 17.43648807535732 7.300000000000001 7.8 3.3502146660964476 5.286683229757917
29500 2996.3481649685295 0 3.4999999999999996 0.7 17.43648807535732 7.300000000000001 7.8 3.3502146660964476 5.286683229757917
29550 2996.3481649685295 0 3.4999999999999996 0.7 17.43648807535732 7.300000000000001 7.8 3.3502146660964476 5.286683229757917
29600 2996.3481649685295 0 3.4999999999999996 0.7 17.43648807535732 7.300000000000001 7.8 3.3502146660964476 5.286683229757917
29650 2996.3481649685295 0 3.4999999999999996 0.7 17.43648807535732 7.300000000000001 7.8 3.3502146660964476 5.286683229757917
29700 2996.3481649685295 0 3.4999999999999996 0.7 17.43648807535732 7.300000000000001 7.8 3.3502146660964476 5.286683229757917
29750 2996.3481649685295 0 3.4999999999999996 0.7 17.43648807535732 7.300000000000001 7.8 3.3502146660964476 5.286683229757917
29800 2996.3481649685295 0 3.4999999999999996 0.7 17.43648807535732 7.300000000000001 7.8 3.3502146660964476 5.286683229757917
29850 2996.3481649685295 0 3.4999999999999996 0.7 17.43648807535732 7.300000000000001 7.8 3.3502146660964476 5.286683229757917
29900 2996.3481649685295 0 3.4999999999999996 0.7 17.43648807535732 7.300000000000001 7.8 3.3502146660964476 5.286683229757917
29950 2996.3481649685295 0 3.4999999999999996 0.7 17.43648807535732 7.300000000000001 7.8 3.3502146660964476 5.286683229757917
30000 2996.3481649685295 0 3.4999999999999996 0.7 17.43648807535732 7.300000000000001 7.8 3.3502146660964476 5.286683229757917
30050 2996.3481649685295 0 3.4999999999999996 0.7 17.43648807535732 7.300000000000001 7.8 3.3502146660964476 5.286683229757917
30100 2996.3481649685295 0 3.4999999999999996 0.7 17.43648807535732 7.300000000000001 7.8 3.3502146660964476 5.286683229757917
30150 2996.3481649685295 0 3.4999999999999996 0.7 17.43648807535732 7.300000000000001 7.8 3.3502146660964476 5.286683229757917
30200 2996.3481649685295 0 3.4999999999999996 0.7 17.43648807535732 7.300000000000001 7.8 3.3502146660964476 5.286683229757917
30250 2996.3481649685295 0 3.4999999999999996 0.7 17.43648807535732 7.300000000000001 7.8 3.3502146660964476 5.286683229757917
30300 2996.3481649685295 0 3.4999999999999996 0.7 17.43648807535732 7.300000000000001 7.8 3.3502146660964476 5.286683229757917
30350 2996.3481649685295 0 3.4999999999999996 0.7 17.43648807535732 7.300000000000001 7.8 3.3502146660964476 5.286683229757917
30400 2996.3481649685295 0 3.4999999999999996 0.7 17.43648807535732 7.300000000000001 7.8 3.3502146660964476 5.286683229757917
30450 2996.3481649685295 0 3.4999999999999996 0.7 17.43648807535732 7.300000000000001 7.8 3.3502146660964476 5.286683229757917
30500 2996.3481649685295 0 3.4999999999999996 0.7 17.43648807535732 7.300000000000001 7.8 3.3502146660964476 5.286683229757917
30550 2996.3481649685295 0 3.4999999999999996 0.7 17.43648807535732 7.300000000000001 7.8 3.3502146660964476 5.286683229757917
30600 2996.3481649685295 0 3.4999999999999996 0.7 17.43648807535732 7.300000000000001 7.8 3.3502146660964476 5.286683229757917
30650 2996.3481649685295 0 3.4999999999999996 0.7 17.43648807535732 7.300000000000001 7.8 3.3502146660964476 5.286683229757917
30700 2996.3481649685295 0 3.4999999999999996 0.7 17.43648807535732 7.300000000000001 7.8 3.3502146660964476 5.286683229757917
30750 2996.3481649685295 0 3.4999999999999996 0.7 17.43648807535732 7.300000000000001 7.8 3.3502146660964476 5.286683229757917
30800 2996.3481649685295 0 3.4999999999999996 0.7 17.43648807535732 7.300000000000001 7.8 3.3502146660964476 5.286683229757917
30850 2996.3481649685295 0 3.4999999999999996 0.7 17.43648807535732 7.300000000000001 7.8 3.3502146660964476 5.286683229757917
30900 2996.3481649685295 0 3.4999999999999996 0.7 17.43648807535732 7.300000000000001 7.8 3.3502146660964476 5.286683229757917
30950 2996.3481649685295 0 3.4999999999999996 0.7 17.43648807535732 7.300000000000001 7.8 3.3502146660964476 5.286683229757917
31000 2996.3481649685295 0 3.4999999999999996 0.7 17.43648807535732 7.300000000000001 7.8 3.3502146660964476 5.286683229757917
31050 2996.3481649685295 0 3.4999999999999996 0.7 17.43648807535732 7.300000000000001 7.8 3.3502146660964476 5.286683229757917
31100 2996.3481649685295 0 3.4999999999999996 0.7 17.43648807535732 7.300000000000001 7.8 3.3502146660964476 5.286683229757917
31150 2996.3481649685295 0 3.4999999999999996 0.7 17.43648807535732 7.300000000000001 7.8 3.3502146660964476 5.286683229757917
31200 2996.3481649685295 0 3.4999999999999996 0.7 17.43648807535732 7.300000000000001 7.8 3.3502146660964476 5.286683229757917
31250 2996.3481649685295 0 3.4999999999999996 0.7 17.43648807535732 7.300000000000001 7.8 3.3502146660964476 5.286683229757917
31300 2996.3481649685295 0 3.4999999999999996 0.7 17.43648807535732 7.300000000000001 7.8 3.3502146660964476 5.286683229757917
31350 2996.3481649685295 0 3.4999999999999996 0.7 17.43648807535732 7.300000000000001 7.8 3.3502146660964476 5.286683229757917
31400 2996.3481649685295 0 3.4999999999999996 0.7 17.43648807535732 7.300000000000001 7.8 3.3502146660964476 5.286683229757917
31450 2996.3481649685295 0 3.4999999999999996 0.7 17.43648807535732 7.300000000000001 7.8 3.3502146660964476 5.286683229757917
31500 2996.3481649685295 0 3.4999999999999996 0.7 17.43648807535732 7.300000000000001 7.8 3.3502146660964476 5.286683229757917
31550 2996.3481649685295 0 3.4999999999999996 0.7 17.43648807535732 7.300000000000001 7.8 3.3502146660964476 5.286683229757917
31600 2996.3481649685295 0 3.4999999999999996 0.7 17.43648807535732 7.300000000000001 7.8 3.3502146660964476 5.286683229757917
31650 2996.3481649685295 0 3.4999999999999996 0.7 17.43648807535732 7.300000000000001 7.8 3.3502146660964476 5.286683229757917
31700 2996.3481649685295 0 3.4999999999999996 0.7 17.43648807535732 7.300000000000001 7.8 3.3502146660964476 5.286683229757917
31750 2996.3481649685295 0 3.4999999999999996 0.7 17.43648807535732 7.300000000000001 7.8 3.3502146660964476 5.286683229757917
31800 2996.3481649685295 0 3.4999999999999996 0.7 17.43648807535732 7.300000000000001 7.8 3.3502146660964476 5.286683229757917
31850 2996.3481649685295 0 3.4999999999999996 0.7 17.43648807535732 7.300000000000001 7.8 3.3502146660964476 5.286683229757917
31900 2996.3481649685295 0 3.4999999999999996 0.7 17.43648807535732 7.300000000000001 7.8 3.3502146660964476 5.286683229757917
31950 2996.3481649685295 0 3.4999999999999996 0.7 17.43648807535732 7.300000000000001 7.8 3.3502146660964476 5.286683229757917
32000 2996.3481649685295 0 3.4999999999999996 0.7 17.43648807535732 7.300000000000001 7.8 3.3502146660964476 5.286683229757917
32050 2996.3481649685295 0 3.4999999999999996 0.7 17.43648807535732 7.300000000000001 7.8 3.3502146660964476 5.286683229757917
32100 2996.3481649685295 0 3.4999999999999996 0.7 17.43648807535732 7.300000000000001 7.8 3.3502146660964476 5.286683229757917
32150 2996.3481649685295 0 3.4999999999999996 0.7 17.43648807535732 7.300000000000001 7.8 3.3502146660964476 5.286683229757917
32200 2996.3481649685295 0 3.4999999999999996 0.7 17.43648807535732 7.300000000000001 7.8 3.3502146660964476 5.286683229757917
32250 2996.3481649685295 0 3.4999999999999996 0.7 17.43648807535732 7.300000000000001 7.8 3.3502146660964476 5.286683229757917
32300 2996.3481649685295 0 3.4999999999999996 0.7 17.43648807535732 7.300000000000001 7.8 3.3502146660964476 5.286683229757917
32350 2996.3481649685295 0 3.4999999999999996 0.7 17.43648807535732 7.300000000000001 7.8 3.3502146660964476 5.286683229757917
32400 2996.3481649685295 0 3.4999999999999996 0.7 17.43648807535732 7.300000000000001 7.8 3.3502146660964476 5.286683229757917
32450 2996.3481649685295 0 3.4999999999999996 0.7 17.43648807535732 7.300000000000001 7.8 3.3502146660964476 5.286683229757917
32500 2996.3481649685295 0 3.4999999999999996 0.7 17.43648807535732 7.300000000000001 7.8 3.3502146660964476 5.286683229757917
32550 2996.3481649685295 0 3.4999999999999996 0.7 17.43648807535732 7.300000000000001 7.8 3.3502146660964476 5.286683229757917
32600 2996.3481649685295 0 3.4999999999999996 0.7 17.43648807535732 7.300000000000001 7.8 3.3502146660964476 5.286683229757917
32650 2996.3481649685295 0 3.4999999999999996 0.7 17.43648807535732 7.300000000000001 7.8 3.3502146660964476 5.286683229757917
32700 2996.3481649685295 0 3.4999999999999996 0.7 17.43648807535732 7.300000000000001 7.8 3.3502146660964476 5.286683229757917
32750 2996.3481649685295 0 3.4999999999999996 0.7 17.43648807535732 7.300000000000001 7.8 3.3502146660964476 5.286683229757917
32800 2996.3481649685295 0 3.4999999999999996 0.7 17.43648807535732 7.300000000000001 7.8 3.3502146660964476 5.286683229757917
32850 2996.3481649685295 0 3.4999999999999996 0.7 17.43648807535732 7.300000000000001 7.8 3.3502146660964476 5.286683229757917
32900 2996.3481649685295 0 3.4999999999999996 0.7 17.43648807535732 7.300000000000001 7.8 3.3502146660964476 5.286683229757917
32950 2996.3481649685295 0 3.4999999999999996 0.7 17.43648807535732 7.300000000000001 7.8 3.3502146660964476 5.286683229757917
33000 2996.3481649685295 0 3.4999999999999996 0.7 17.43648807535732 7.300000000000001 7.8 3.3502146660964476 5.286683229757917
33050 2996.3481649685295 0 3.4999999999999996 0.7 17.43648807535732 7.300000000000001 7.8 3.3502146660964476 5.286683229757917
33100 2996.3481649685295 0 3.4999999999999996 0.7 17.43648807535732 7.300000000000001 7.8 3.3502146660964476 5.286683229757917
33150 2996.3481649685295 0 3.4999999999999996 0.7 17.43648807535732 7.300000000000001 7.8 3.3502146660964476 5.286683229757917
33200 2996.3481649685295 0 3.4999999999999996 0.7 17.43648807535732 7.300000000000001 7.8 3.3502146660964476 5.286683229757917
33250 2996.3481649685295 0 3.4999999999999996 0.7 17.43648807535732 7.300000000000001 7.8 3.3502146660964476 5.286683229757917
33300 2996.3481649685295 0 3.4999999999999996 0.7 17.43648807535732 7.300000000000001 7.8 3.3502146660964476 5.286683229757917
33350 2996.3481649685295 0 3.4999999999999996 0.7 17.43648807535732 7.300000000000001 7.8 3.3502146660964476 5.286683229757917
33400 2996.3481649685295 0 3.4999999999999996 0.7 17.43648807535732 7.300000000000001 7.8 3.3502146660964476 5.286683229757917
33450 2996.3481649685295 0 3.4999999999999996 0.7 17.43648807535732 7.300000000000001 7.8 3.3502146660964476 5.286683229757917
33500 2996.3481649685295 0 3.4999999999999996 0.7 17.43648807535732 7.300000000000001 7.8 3.3502146660964476 5.286683229757917
33550 2996.3481649685295 0 3.4999999999999996 0.7 17.43648807535732 7.300000000000001 7.8 3.3502146660964476 5.286683229757917
33600 2996.3481649685295 0 3.4999999999999996 0.7 17.43648807535732 7.300000000000001 7.8 3.3502146660964476 5.286683229757917
33650 2996.3481649685295 0 3.4999999999999996 0.7 17.43648807535732 7.300000000000001 7.8 3.3502146660964476 5.286683229757917
33700 2996.3481649685295 0 3.4999999999999996 0.7 17.43648807535732 7.300000000000001 7.8 3.3502146660964476 5.286683229757917
33750 2996.3481649685295 0 3.4999999999999996 0.7 17.43648807535732 7.300000000000001 7.8 3.3502146660964476 5.286683229757917
33800 2996.3481649685295 0 3.4999999999999996 0.7 17.43648807535732 7.300000000000001 7.8 3.3502146660964476 5.286683229757917
33850 2996.3481649685295 0 3.4999999999999996 0.7 17.43648807535732 7.300000000000001 7.8 3.3502146660964476 5.286683229757917
33900 2996.3481649685295 0 3.4999999999999996 0.7 17.43648807535732 7.300000000000001 7.8 3.3502146660964476 5.286683229757917
33950 2996.3481649685295 0 3.4999999999999996 0.7 17.43648807535732 7.300000000000001 7.8 3.3502146660964476 5.286683229757917
34000 2996.3481649685295 0 3.4999999999999996 0.7 17.43648807535732 7.300000000000001 7.8 3.3502146660964476 5.286683229757917
34050 2996.3481649685295 0 3.4999999999999996 0.7 17.43648807535732 7.300000000000001 7.8 3.3502146660964476 5.286683229757917
34100 2996.3481649685295 0 3.4999999999999996 0.7 17.43648807535732 7.300000000000001 7.8 3.3502146660964476 5.286683229757917
34150 2996.3481649685295 0 3.4999999999999996 0.7 17.43648807535732 7.300000000000001 7.8 3.3502146660964476 5.286683229757917
34200 2996.3481649685295 0 3.4999999999999996 0.7 17.43648807535732 7.300000000000001 7.8 3.3502146660964476 5.286683229757917
34250 2996.3481649685295 0 3.4999999999999996 0.7 17.43648807535732 7.300000000000001 7.8 3.3502146660964476 5.286683229757917
34300 2996.3481649685295 0 3.4999999999999996 0.7 17.43648807535732 7.300000000000001 7.8 3.3502146660964476 5.286683229757917
34350 2996.3481649685295 0 3.4999999999999996 0.7 17.43648807535732 7.300000000000001 7.8 3.3502146660964476 5.286683229757917
34400 2996.3481649685295 0 3.4999999999999996 0.7 17.43648807535732 7.300000000000001 7.8 3.3502146660964476 5.286683229757917
34450 2996.3481649685295 0 3.4999999999999996 0.7 17.43648807535732 7.300000000000001 7.8 3.3502146660964476 5.286683229757917
34500 2996.3481649685295 0 3.4999999999999996 0.7 17.43648807535732 7.300000000000001 7.8 3.3502146660964476 5.286683229757917
34550 2996.3481649685295 0 3.4999999999999996 0.7 17.43648807535732 7.300000000000001 7.8 3.3502146660964476 5.286683229757917
34600 2996.3481649685295 0 3.4999999999999996 0.7 17.43648807535732 7.300000000000001 7.8 3.3502146660964476 5.286683229757917
34650 2996.3481649685295 0 3.4999999999999996 0.7 17.43648807535732 7.300000000000001 7.8 3.3502146660964476 5.286683229757917
34700 2996.3481649685295 0 3.4999999999999996 0.7 17.43648807535732 7.300000000000001 7.8 3.3502146660964476 5.286683229757917
34750 2996.3481649685295 0 3.4999999999999996 0.7 17.43648807535732 7.300000000000001 7.8 3.3502146660964476 5.286683229757917
34800 2996.3481649685295 0 3.4999999999999996 0.7 17.43648807535732 7.300000000000001 7.8 3.3502146660964476 5.286683229757917
34850 2996.3481649685295 0 3.4999999999999996 0.7 17.43648807535732 7.300000000000001 7.8 3.3502146660964476 5.286683229757917
34900 2996.3481649685295 0 3.4999999999999996 0.7 17.43648807535732 7.300000000000001 7.8 3.3502146660964476 5.286683229757917
34950 2996.3481649685295 0 3.4999999999999996 0.7 17.43648807535732 7.300000000000001 7.8 3.3502146660964476 5.286683229757917
35000 2996.3481649685295 0 3.4999999999999996 0.7 17.43648807535732 7.300000000000001 7.8 3.3502146660964476 5.286683229757917
35050 2996.3481649685295 0 3.4999999999999996 0.7 17.43648807535732 7.300000000000001 7.8 3.3502146660964476 5.286683229757917
35100 2996.3481649685295 0 3.4999999999999996 0.7 17.43648807535732 7.300000000000001 7.8 3.3502146660964476 5.286683229757917
35150 2996.3481649685295 0 3.4999999999999996 0.7 17.43648807535732 7.300000000000001 7.8 3.3502146660964476 5.286683229757917
35200 2996.3481649685295 0 3.4999999999999996 0.7 17.43648807535732 7.300000000000001 7.8 3.3502146660964476 5.286683229757917
35250 2996.3481649685295 0 3.4999999999999996 0.7 17.43648807535732 7.300000000000001 7.8 3.3502146660964476 5.286683229757917
35300 2996.3481649685295 0 3.4999999999999996 0.7 17.43648807535732 7.300000000000001 7.8 3.3502146660964476 5.286683229757917
35350 2996.3481649685295 0 3.4999999999999996 0.7 17.43648807535732 7.300000000000001 7.8 3.3502146660964476 5.286683229757917
35400 2996.3481649685295 0 3.4999999999999996 0.7 17.43648807535732 7.300000000000001 7.8 3.3502146660964476 5.286683229757917
35450 2996.3481649685295 0 3.4999999999999996 0.7 17.43648807535732 7.300000000000001 7.8 3.3502146660964476 5.286683229757917
35500 2996.3481649685295 0 3.4999999999999996 0.7 17.43648807535732 7.300000000000001 7.8 3.3502146660964476 5.286683229757917
35550 2996.3481649685295 0 3.4999999999999996 0.7 17.43648807535732 7.300000000000001 7.8 3.3502146660964476 5.286683229757917
35600 2996.3481649685295 0 3.4999999999999996 0.7 17.43648807535732 7.300000000000001 7.8 3.3502146660964476 5.286683229757917
35650 2996.3481649685295 0 3.4999999999999996 0.7 17.43648807535732 7.300000000000001 7.8 3.3502146660964476 5.286683229757917
35700 2996.3481649685295 0 3.4999999999999996 0.7 17.43648807535732 7.300000000000001 7.8 3.3502146660964476 5.286683229757917
35750 2996.3481649685295 0 3.4999999999999996 0.7 17.43648807535732 7.300000000000001 7.8 3.3502146660964476 5.286683229757917
35800 2996.3481649685295 0 3.4999999999999996 0.7 17.43648807535732 7.300000000000001 7.8 3.3502146660964476 5.286683229757917
35850 2996.3481649685295 0 3.4999999999999996 0.7 17.43648807535732 7.300000000000001 7.8 3.3502146660964476 5.286683229757917
35900 2996.3481649685295 0 3.4999999999999996 0.7 17.43648807535732 7.300000000000001 7.8 3.3502146660964476 5.286683229757917
35950 2996.3481649685295 0 3.4999999999999996 0.7 17.43648807535732 7.300000000000001 7.8 3.3502146660964476 5.286683229757917
*---*---*---*---*---*---*---*---*---*---*---*---*---*---*---*---*---*---*---*---*
Status: Finished
Last individual
2996.3481649685295 0 3.4999999999999996 0.7 17.43648807535732 7.300000000000001 7.8 3.3502146660964476 5.286683229757917
Hall of fame
2996.3481649685295 0 3.4999999999999996 0.7 17.019437470976328 7.3 7.8 3.3502146660964476 5.286683229757917
Last factible individual
2996.3481649685295 0 3.4999999999999996 0.7 17.43648807535732 7.300000000000001 7.8 3.3502146660964476 5.286683229757917
CPU time used (seconds)
3.50229592299911
