*---*---*---*---*---*---*---*---*---*---*---*---*---*---*---*---*---*---*---*---*
Algorithm: Differential Evolution
Constrainth handling method: DEB
Function: 22
Case: continuous
Seed: 15
Parents size: 50
Offsprings size: 50
maxFe: 36000
CR: 0.9
F: 0.6
rweights: -
*---*---*---*---*---*---*---*---*---*---*---*---*---*---*---*---*---*---*---*---*
ngen ObjectiveFunction ViolationSum ProjectVariables
50 3342.2216344731546 0.13055691184557094 3.515932461756889 0.7220399536673638 17 7.8308533348699 8.072883623579408 3.9 5.38148350860234
100 3342.2216344731546 0.13055691184557094 3.515932461756889 0.7220399536673638 17 7.8308533348699 8.072883623579408 3.9 5.38148350860234
150 3558.1060617033413 0.09790956921338534 3.6 0.7343805771902754 18.352 7.4076924509130215 8.13534272049853 3.4278196713148916 5.482767439475781
200 5108.285393464257 0.025969588402012356 3.6 0.7237591454217591 24.736 7.474278706741801 8.25644701930295 3.3616274388204768 5.4539808334791715
250 4122.05549845477 0 3.6 0.7095997138371932 21.44 7.688249924150982 8.29262323276859 3.8587242121722527 5.394452311803929
300 4081.2493085383994 0 3.6 0.7 21.44 7.7681951005930525 8.202445079436377 3.9 5.4136109857513715
350 4081.2493085383994 0 3.6 0.7 21.44 7.7681951005930525 8.202445079436377 3.9 5.4136109857513715
400 3349.5644575849033 0 3.6 0.718869119729616 17.100224 7.6587057641141945 8.112184921684115 3.6166918027889348 5.5
450 3349.5644575849033 0 3.6 0.718869119729616 17.100224 7.6587057641141945 8.112184921684115 3.6166918027889348 5.5
500 3349.5644575849033 0 3.6 0.718869119729616 17.100224 7.6587057641141945 8.112184921684115 3.6166918027889348 5.5
550 3349.5644575849033 0 3.6 0.718869119729616 17.100224 7.6587057641141945 8.112184921684115 3.6166918027889348 5.5
600 3242.9087419446996 0 3.6 0.7012909865659566 17 7.96288315545724 7.9253419094967725 3.7677236544386647 5.396854699286797
650 3125.3016523444635 0 3.5956707710320064 0.7072875878847724 17 7.5487360466277575 7.926712048068089 3.3754755782171153 5.357958152033611
700 3105.161284065787 0 3.6 0.7 17 7.386159470494863 8.184380127493604 3.4236845224874815 5.350608116767595
750 3105.161284065787 0 3.6 0.7 17 7.386159470494863 8.184380127493604 3.4236845224874815 5.350608116767595
800 3105.161284065787 0 3.6 0.7 17 7.386159470494863 8.184380127493604 3.4236845224874815 5.350608116767595
850 3105.161284065787 0 3.6 0.7 17 7.386159470494863 8.184380127493604 3.4236845224874815 5.350608116767595
900 3084.7965689764246 0 3.6 0.7 17 7.3 8.3 3.351676711472406 5.345275640847174
950 3084.7965689764246 0 3.6 0.7 17 7.3 8.3 3.351676711472406 5.345275640847174
1000 3084.7965689764246 0 3.6 0.7 17 7.3 8.3 3.351676711472406 5.345275640847174
1050 3084.7965689764246 0 3.6 0.7 17 7.3 8.3 3.351676711472406 5.345275640847174
1100 3084.7965689764246 0 3.6 0.7 17 7.3 8.3 3.351676711472406 5.345275640847174
1150 3069.9171894617675 0 3.6 0.7000481411094293 17.0 7.3 8.138405519656956 3.3946927695128064 5.31043239504283
1200 3069.9171894617675 0 3.6 0.7000481411094293 17.0 7.3 8.138405519656956 3.3946927695128064 5.31043239504283
1250 3069.9171894617675 0 3.6 0.7000481411094293 17.0 7.3 8.138405519656956 3.3946927695128064 5.31043239504283
1300 3061.128715738352 0 3.5959437133153265 0.7033850293645685 17.007965359568324 7.817286908324932 7.899115873033336 3.363801051450085 5.288426862931934
1350 3061.128715738352 0 3.5959437133153265 0.7033850293645685 17.007965359568324 7.817286908324932 7.899115873033336 3.363801051450085 5.288426862931934
1400 3061.128715738352 0 3.5959437133153265 0.7033850293645685 17.007965359568324 7.817286908324932 7.899115873033336 3.363801051450085 5.288426862931934
1450 3060.0408459345576 0 3.5959437133153265 0.7005230215300894 17.007965359568324 7.7783138333836765 7.931533679952173 3.3757209708496383 5.3021951519379265
1500 3060.0408459345576 0 3.5959437133153265 0.7005230215300894 17.007965359568324 7.7783138333836765 7.931533679952173 3.3757209708496383 5.3021951519379265
1550 3050.8684182458087 0 3.5857039526291783 0.7002135269511436 17.007965359568324 8.3 7.8 3.374111765388919 5.294260777477906
1600 3049.8955551362096 0 3.57688834761903 0.7002213286942018 17 8.26932900212584 7.883193200811724 3.382956170060676 5.292008162694877
1650 3046.199081010112 0 3.5841867174280084 0.7001048307480464 17.01274457530932 8.3 7.8 3.364075663550634 5.2927839540460475
1700 3046.199081010112 0 3.5841867174280084 0.7001048307480464 17.01274457530932 8.3 7.8 3.364075663550634 5.2927839540460475
1750 3042.082355472782 0 3.5797591930066957 0.7 17.005811526341052 8.3 7.8 3.366351126696378 5.2888685573492555
1800 3036.170702458095 0 3.569813206879794 0.7 17.00838083272341 7.919605237677334 7.903680842443631 3.3644169221739717 5.288244634925174
1850 3036.170702458095 0 3.569813206879794 0.7 17.00838083272341 7.919605237677334 7.903680842443631 3.3644169221739717 5.288244634925174
1900 3035.963746180352 0 3.536308822942801 0.700149696987165 17.001720517666758 8.3 7.971186743645848 3.384131797023504 5.291704176452808
1950 3031.0853663579232 0 3.516565773797456 0.7002824942036862 17.00006882070667 8.3 7.971186743645848 3.38603486255739 5.294465807744295
2000 3026.0115049336314 0 3.536308822942801 0.7003395542822775 17 8.3 7.941294266859756 3.3546642734734964 5.287904435480473
2050 3025.1425501893636 0 3.5069111230082157 0.7 17 8.26932900212584 7.834789853211782 3.3927265248030163 5.295448659012515
2100 3019.1167039315865 0 3.5041258860055184 0.7 17.00171519553211 7.669329002125839 7.931509652795681 3.3918542521616852 5.293241707573907
2150 3017.849185883564 0 3.511662547542908 0.700346604479801 17 8.163487253008796 7.941294266859756 3.364688720030358 5.288043241012809
2200 3017.849185883564 0 3.511662547542908 0.700346604479801 17 8.163487253008796 7.941294266859756 3.364688720030358 5.288043241012809
2250 3013.716717653243 0 3.5054399583921323 0.7 17.00250971609239 7.9432490961454745 7.8 3.3606563612026066 5.297445877914799
2300 3013.716717653243 0 3.5054399583921323 0.7 17.00250971609239 7.9432490961454745 7.8 3.3606563612026066 5.297445877914799
2350 3013.716717653243 0 3.5054399583921323 0.7 17.00250971609239 7.9432490961454745 7.8 3.3606563612026066 5.297445877914799
2400 3013.716717653243 0 3.5054399583921323 0.7 17.00250971609239 7.9432490961454745 7.8 3.3606563612026066 5.297445877914799
2450 3013.716717653243 0 3.5054399583921323 0.7 17.00250971609239 7.9432490961454745 7.8 3.3606563612026066 5.297445877914799
2500 3009.2038245123795 0 3.5066141370129063 0.7000633723061023 17.00488435009423 7.509982818026439 7.922110151371422 3.3621743915016697 5.2903993658694075
2550 3009.2038245123795 0 3.5066141370129063 0.7000633723061023 17.00488435009423 7.509982818026439 7.922110151371422 3.3621743915016697 5.2903993658694075
2600 3007.30803335784 0 3.5056470259564296 0.7 17.009011339236444 7.7716457063168605 7.9153332634977485 3.355004727117732 5.287968088365549
2650 3007.30803335784 0 3.5056470259564296 0.7 17.009011339236444 7.7716457063168605 7.9153332634977485 3.355004727117732 5.287968088365549
2700 3006.5187770662524 0 3.5141345835382305 0.7001739170742882 17.00992567530686 7.3839908801182945 7.8 3.3513249735357467 5.291093469158645
2750 3004.908822117207 0 3.5107274774575647 0.7000998253072193 17.009671572729946 7.3 7.869199958098649 3.35878356128083 5.286977660281108
2800 3004.908822117207 0 3.5107274774575647 0.7000998253072193 17.009671572729946 7.3 7.869199958098649 3.35878356128083 5.286977660281108
2850 3004.908822117207 0 3.5107274774575647 0.7000998253072193 17.009671572729946 7.3 7.869199958098649 3.35878356128083 5.286977660281108
2900 3004.6925749785105 0 3.5014555420127635 0.7000409072866818 17.009499752548987 7.332643377878518 7.900751596976774 3.3569137162780325 5.291980999937746
2950 3004.6925749785105 0 3.5014555420127635 0.7000409072866818 17.009499752548987 7.332643377878518 7.900751596976774 3.3569137162780325 5.291980999937746
3000 3003.458651723631 0 3.5041822320085827 0.7001297585689339 17.005458022003182 7.557127685529317 7.8076384084381765 3.354912286151981 5.288634648712532
3050 3003.458651723631 0 3.5041822320085827 0.7001297585689339 17.005458022003182 7.557127685529317 7.8076384084381765 3.354912286151981 5.288634648712532
3100 3002.664123503346 0 3.5084400040047363 0.7002455657531572 17.00944591302998 7.398025185009102 7.8 3.3513249735357467 5.287848170684916
3150 3002.664123503346 0 3.5084400040047363 0.7002455657531572 17.00944591302998 7.398025185009102 7.8 3.3513249735357467 5.287848170684916
3200 3002.653943236822 0 3.503929030570719 0.7001712759884082 17.009791765546456 7.393915632710483 7.821885797785354 3.353326181970845 5.289643983003313
3250 3002.212667904982 0 3.5078127428872503 0.7002233773992107 17.01100962100343 7.3607657657740315 7.810629328727536 3.3519104853443853 5.287598825337849
3300 3001.798700024934 0 3.501732548004729 0.7002372173683061 17.00781323055103 7.314103807923376 7.8045830450629055 3.3564179716578124 5.289650973769867
3350 3001.798700024934 0 3.501732548004729 0.7002372173683061 17.00781323055103 7.314103807923376 7.8045830450629055 3.3564179716578124 5.289650973769867
3400 3001.5866745546355 0 3.5076666043271123 0.7001224241449386 17.00897219757525 7.3265519329009665 7.8 3.352085771182768 5.288195096288958
3450 3001.1158411873753 0 3.5024293003048124 0.7000071482568775 17.010259922867014 7.3 7.874047569982032 3.356841850200177 5.28741166402975
3500 3001.0300022680512 0 3.5018807820843376 0.7001186461686266 17.025782262783636 7.344214356300809 7.8 3.355440623666741 5.289326834134395
3550 3000.0728417289292 0 3.5019217931554403 0.7000035484753349 17.02462999517864 7.344214356300809 7.804727332321636 3.3521474330367624 5.289774449699554
3600 3000.0728417289292 0 3.5019217931554403 0.7000035484753349 17.02462999517864 7.344214356300809 7.804727332321636 3.3521474330367624 5.289774449699554
3650 2998.8676847857946 0 3.501310347951122 0.7 17.013116867831805 7.3 7.8 3.3574958680571845 5.286911858543283
3700 2998.8676847857946 0 3.501310347951122 0.7 17.013116867831805 7.3 7.8 3.3574958680571845 5.286911858543283
3750 2998.8645887619423 0 3.5043343883783007 0.7000386681754847 17.01540522154205 7.3095586958443475 7.8 3.350285327815492 5.287527239285709
3800 2998.1286184949954 0 3.5021108454120315 0.7 17.02464586983964 7.3 7.816747601153985 3.351295220294802 5.287167900648666
3850 2998.1286184949954 0 3.5021108454120315 0.7 17.02464586983964 7.3 7.816747601153985 3.351295220294802 5.287167900648666
3900 2998.1286184949954 0 3.5021108454120315 0.7 17.02464586983964 7.3 7.816747601153985 3.351295220294802 5.287167900648666
3950 2998.1286184949954 0 3.5021108454120315 0.7 17.02464586983964 7.3 7.816747601153985 3.351295220294802 5.287167900648666
4000 2998.1286184949954 0 3.5021108454120315 0.7 17.02464586983964 7.3 7.816747601153985 3.351295220294802 5.287167900648666
4050 2998.1286184949954 0 3.5021108454120315 0.7 17.02464586983964 7.3 7.816747601153985 3.351295220294802 5.287167900648666
4100 2998.0717029755915 0 3.5025460796033885 0.7000169835522 17.00934648435955 7.304875736727189 7.805158367980476 3.350285327815492 5.287426084406414
4150 2997.934883222577 0 3.5016147425168342 0.7 17 7.3 7.834165034347464 3.350612765308183 5.286842088372841
4200 2997.8350153967403 0 3.5010172903679124 0.7000202729039638 17.031831012057264 7.308103857674158 7.814650340254254 3.3525614583686036 5.286689640534698
4250 2997.8350153967403 0 3.5010172903679124 0.7000202729039638 17.031831012057264 7.308103857674158 7.814650340254254 3.3525614583686036 5.286689640534698
4300 2997.8350153967403 0 3.5010172903679124 0.7000202729039638 17.031831012057264 7.308103857674158 7.814650340254254 3.3525614583686036 5.286689640534698
4350 2997.8350153967403 0 3.5010172903679124 0.7000202729039638 17.031831012057264 7.308103857674158 7.814650340254254 3.3525614583686036 5.286689640534698
4400 2997.568560941954 0 3.5021759070327 0.7000029265056408 17.03021115558977 7.313401441939351 7.8 3.3505726335287735 5.2869083061225055
4450 2997.568560941954 0 3.5021759070327 0.7000029265056408 17.03021115558977 7.313401441939351 7.8 3.3505726335287735 5.2869083061225055
4500 2997.403590866039 0 3.50105954760278 0.7000401026547227 17.012549839131296 7.308174187293279 7.8 3.3508655070067617 5.28702920197931
4550 2997.380021119429 0 3.5003282101087447 0.7 17 7.304824519098166 7.807582890538464 3.351284830501197 5.287345294156962
4600 2997.380021119429 0 3.5003282101087447 0.7 17 7.304824519098166 7.807582890538464 3.351284830501197 5.287345294156962
4650 2997.368342100276 0 3.5000302215234984 0.7 17.00376538235183 7.300821941748348 7.815403183674865 3.3514800428207825 5.287218251341979
4700 2997.1269798589924 0 3.5008260638891313 0.7 17.006975203692207 7.311032612999172 7.8086399464445035 3.350475180479595 5.286842088372841
4750 2997.1269798589924 0 3.5008260638891313 0.7 17.006975203692207 7.311032612999172 7.8086399464445035 3.350475180479595 5.286842088372841
4800 2997.1269798589924 0 3.5008260638891313 0.7 17.006975203692207 7.311032612999172 7.8086399464445035 3.350475180479595 5.286842088372841
4850 2997.044060841407 0 3.5002728508452012 0.7000290159760005 17.00630398705798 7.30574742466522 7.8 3.351025841331271 5.28699793879417
4900 2997.044060841407 0 3.5002728508452012 0.7000290159760005 17.00630398705798 7.30574742466522 7.8 3.351025841331271 5.28699793879417
4950 2996.9391929044027 0 3.500547841459523 0.7 17.017441107623956 7.306460682561464 7.8 3.3509037807542317 5.286908442480727
5000 2996.9391929044027 0 3.500547841459523 0.7 17.017441107623956 7.306460682561464 7.8 3.3509037807542317 5.286908442480727
5050 2996.9391929044027 0 3.500547841459523 0.7 17.017441107623956 7.306460682561464 7.8 3.3509037807542317 5.286908442480727
5100 2996.9391929044027 0 3.500547841459523 0.7 17.017441107623956 7.306460682561464 7.8 3.3509037807542317 5.286908442480727
5150 2996.9040852705593 0 3.500641272038521 0.700028706215865 17.013098967759728 7.312316402277157 7.8 3.3503612144504236 5.286727858800141
5200 2996.838777464494 0 3.5003352872494182 0.7 17.00607449057806 7.30291245688004 7.8 3.3506842978450777 5.28701899741721
5250 2996.7171431255524 0 3.5001376179626127 0.7000072720579424 17 7.303722420901599 7.801036411518892 3.3508311586985 5.286792282465044
5300 2996.7171431255524 0 3.5001376179626127 0.7000072720579424 17 7.303722420901599 7.801036411518892 3.3508311586985 5.286792282465044
5350 2996.7171431255524 0 3.5001376179626127 0.7000072720579424 17 7.303722420901599 7.801036411518892 3.3508311586985 5.286792282465044
5400 2996.7171431255524 0 3.5001376179626127 0.7000072720579424 17 7.303722420901599 7.801036411518892 3.3508311586985 5.286792282465044
5450 2996.614240584974 0 3.5002602325953442 0.7000124274267461 17.017177021135698 7.301050627986423 7.8 3.350492339802908 5.286726747195472
5500 2996.614240584974 0 3.5002602325953442 0.7000124274267461 17.017177021135698 7.301050627986423 7.8 3.350492339802908 5.286726747195472
5550 2996.5878805349776 0 3.5001930432539647 0.7000124274267461 17.003360106405022 7.3 7.8 3.350426148308623 5.28676788899065
5600 2996.5878805349776 0 3.5001930432539647 0.7000124274267461 17.003360106405022 7.3 7.8 3.350426148308623 5.28676788899065
5650 2996.5878805349776 0 3.5001930432539647 0.7000124274267461 17.003360106405022 7.3 7.8 3.350426148308623 5.28676788899065
5700 2996.5878805349776 0 3.5001930432539647 0.7000124274267461 17.003360106405022 7.3 7.8 3.350426148308623 5.28676788899065
5750 2996.5878805349776 0 3.5001930432539647 0.7000124274267461 17.003360106405022 7.3 7.8 3.350426148308623 5.28676788899065
5800 2996.5878805349776 0 3.5001930432539647 0.7000124274267461 17.003360106405022 7.3 7.8 3.350426148308623 5.28676788899065
5850 2996.58050895282 0 3.5003549871736395 0.7000091783511224 17 7.3 7.800779868233245 3.3503146731656943 5.286697118344255
5900 2996.58050895282 0 3.5003549871736395 0.7000091783511224 17 7.3 7.800779868233245 3.3503146731656943 5.286697118344255
5950 2996.551674996317 0 3.500224339982029 0.7000051335922992 17.010924290144334 7.304112564519994 7.801169911680424 3.350231328418752 5.286724138897337
6000 2996.551674996317 0 3.500224339982029 0.7000051335922992 17.010924290144334 7.304112564519994 7.801169911680424 3.350231328418752 5.286724138897337
6050 2996.5452250120466 0 3.500113410459347 0.7000080550246881 17.01696679744278 7.3 7.8 3.3506356067902545 5.286697118344255
6100 2996.5452250120466 0 3.500113410459347 0.7000080550246881 17.01696679744278 7.3 7.8 3.3506356067902545 5.286697118344255
6150 2996.5452250120466 0 3.500113410459347 0.7000080550246881 17.01696679744278 7.3 7.8 3.3506356067902545 5.286697118344255
6200 2996.517809735356 0 3.500141760681215 0.7000037629230724 17.003385531579912 7.300377766010053 7.8007190855860955 3.350223270840026 5.286802188055862
6250 2996.517809735356 0 3.500141760681215 0.7000037629230724 17.003385531579912 7.300377766010053 7.8007190855860955 3.350223270840026 5.286802188055862
6300 2996.517809735356 0 3.500141760681215 0.7000037629230724 17.003385531579912 7.300377766010053 7.8007190855860955 3.350223270840026 5.286802188055862
6350 2996.5087458900784 0 3.5001162248576136 0.7000042430627875 17.000057889598573 7.304222098221836 7.800430181439181 3.3502502493455033 5.286746169485986
6400 2996.5087458900784 0 3.5001162248576136 0.7000042430627875 17.000057889598573 7.304222098221836 7.800430181439181 3.3502502493455033 5.286746169485986
6450 2996.4858093339303 0 3.5000824950075917 0.7000056839717045 17.017158191123674 7.3 7.800333885452463 3.3502960446313064 5.286764195077411
6500 2996.4858093339303 0 3.5000824950075917 0.7000056839717045 17.017158191123674 7.3 7.800333885452463 3.3502960446313064 5.286764195077411
6550 2996.485129487533 0 3.5001722549501997 0.7 17.011223992507972 7.30017797564576 7.8 3.3502838308256995 5.286762027707263
6600 2996.473985840884 0 3.500051136971507 0.7000074173027471 17.018236001101947 7.3 7.800333885452463 3.3503235471820756 5.286741634229107
6650 2996.4621221155294 0 3.500065448613701 0.7 17.010723357305878 7.301821137403257 7.800258108863509 3.3503677701318293 5.286726488888333
6700 2996.4234950572513 0 3.500110858472715 0.7000032035309041 17.01649493201872 7.3 7.8 3.350235521203928 5.286702095185793
6750 2996.3940595406493 0 3.500006579038422 0.7 17.01314729385513 7.3 7.800429425691905 3.350322749690711 5.286693197890773
6800 2996.3940595406493 0 3.500006579038422 0.7 17.01314729385513 7.3 7.800429425691905 3.350322749690711 5.286693197890773
6850 2996.3940595406493 0 3.500006579038422 0.7 17.01314729385513 7.3 7.800429425691905 3.350322749690711 5.286693197890773
6900 2996.3940595406493 0 3.500006579038422 0.7 17.01314729385513 7.3 7.800429425691905 3.350322749690711 5.286693197890773
6950 2996.3940595406493 0 3.500006579038422 0.7 17.01314729385513 7.3 7.800429425691905 3.350322749690711 5.286693197890773
7000 2996.3940595406493 0 3.500006579038422 0.7 17.01314729385513 7.3 7.800429425691905 3.350322749690711 5.286693197890773
7050 2996.3940595406493 0 3.500006579038422 0.7 17.01314729385513 7.3 7.800429425691905 3.350322749690711 5.286693197890773
7100 2996.3940595406493 0 3.500006579038422 0.7 17.01314729385513 7.3 7.800429425691905 3.350322749690711 5.286693197890773
7150 2996.3940595406493 0 3.500006579038422 0.7 17.01314729385513 7.3 7.800429425691905 3.350322749690711 5.286693197890773
7200 2996.390922051169 0 3.500050494023051 0.7 17.023768584801292 7.300432235721266 7.800217098385081 3.3502488011841316 5.286692113103257
7250 2996.3816641851117 0 3.500035256611834 0.7 17.01785480671704 7.300183815910481 7.800230651251708 3.3502430695186396 5.286692239062671
7300 2996.3816641851117 0 3.500035256611834 0.7 17.01785480671704 7.300183815910481 7.800230651251708 3.3502430695186396 5.286692239062671
7350 2996.379180102934 0 3.5000556465127723 0.7 17.0234443363673 7.3 7.8 3.350245061538207 5.286685451032084
7400 2996.379180102934 0 3.5000556465127723 0.7 17.0234443363673 7.3 7.8 3.350245061538207 5.286685451032084
7450 2996.3636079972507 0 3.50000708841432 0.7 17.0255428609698 7.300078463881592 7.8 3.350254474646176 5.286686095211624
7500 2996.3636079972507 0 3.50000708841432 0.7 17.0255428609698 7.300078463881592 7.8 3.350254474646176 5.286686095211624
7550 2996.3636079972507 0 3.50000708841432 0.7 17.0255428609698 7.300078463881592 7.8 3.350254474646176 5.286686095211624
7600 2996.3636079972507 0 3.50000708841432 0.7 17.0255428609698 7.300078463881592 7.8 3.350254474646176 5.286686095211624
7650 2996.3636079972507 0 3.50000708841432 0.7 17.0255428609698 7.300078463881592 7.8 3.350254474646176 5.286686095211624
7700 2996.3636079972507 0 3.50000708841432 0.7 17.0255428609698 7.300078463881592 7.8 3.350254474646176 5.286686095211624
7750 2996.3636079972507 0 3.50000708841432 0.7 17.0255428609698 7.300078463881592 7.8 3.350254474646176 5.286686095211624
7800 2996.3636079972507 0 3.50000708841432 0.7 17.0255428609698 7.300078463881592 7.8 3.350254474646176 5.286686095211624
7850 2996.3625472222275 0 3.500008172899782 0.7 17.02422250811261 7.3 7.800088205129878 3.3502429511995246 5.2866864182595865
7900 2996.3625472222275 0 3.500008172899782 0.7 17.02422250811261 7.3 7.800088205129878 3.3502429511995246 5.2866864182595865
7950 2996.3625472222275 0 3.500008172899782 0.7 17.02422250811261 7.3 7.800088205129878 3.3502429511995246 5.2866864182595865
8000 2996.3625472222275 0 3.500008172899782 0.7 17.02422250811261 7.3 7.800088205129878 3.3502429511995246 5.2866864182595865
8050 2996.361003202987 0 3.5000092912179404 0.7 17.01379527673672 7.300193808989957 7.800051751756492 3.3502156001562766 5.286692831671104
8100 2996.3560558505123 0 3.5000164988839586 0.7 17.000815192470554 7.3 7.8 3.3502180801214245 5.286684079697112
8150 2996.3560558505123 0 3.5000164988839586 0.7 17.000815192470554 7.3 7.8 3.3502180801214245 5.286684079697112
8200 2996.3560558505123 0 3.5000164988839586 0.7 17.000815192470554 7.3 7.8 3.3502180801214245 5.286684079697112
8250 2996.3560558505123 0 3.5000164988839586 0.7 17.000815192470554 7.3 7.8 3.3502180801214245 5.286684079697112
8300 2996.3560558505123 0 3.5000164988839586 0.7 17.000815192470554 7.3 7.8 3.3502180801214245 5.286684079697112
8350 2996.3547229383166 0 3.500006775567882 0.7 17.003028242428847 7.300008492551805 7.8 3.3502193768471433 5.2866873516980615
8400 2996.3547229383166 0 3.500006775567882 0.7 17.003028242428847 7.300008492551805 7.8 3.3502193768471433 5.2866873516980615
8450 2996.3547229383166 0 3.500006775567882 0.7 17.003028242428847 7.300008492551805 7.8 3.3502193768471433 5.2866873516980615
8500 2996.3547229383166 0 3.500006775567882 0.7 17.003028242428847 7.300008492551805 7.8 3.3502193768471433 5.2866873516980615
8550 2996.3544060828845 0 3.500004608255668 0.7 17.029021890372153 7.3 7.8 3.3502199665446417 5.286688073442365
8600 2996.3544060828845 0 3.500004608255668 0.7 17.029021890372153 7.3 7.8 3.3502199665446417 5.286688073442365
8650 2996.3533070105273 0 3.5000026145978027 0.7 17.0390852261471 7.3001528271899465 7.800017024065758 3.350221030269084 5.286684444213402
8700 2996.352408685323 0 3.5000017605414158 0.7 17 7.300016058999923 7.8 3.3502171599676087 5.286687593489766
8750 2996.3506922645984 0 3.5000008155053792 0.7 17.025718232392055 7.3 7.800018406838032 3.3502178943726117 5.286684771139343
8800 2996.3506922645984 0 3.5000008155053792 0.7 17.025718232392055 7.3 7.800018406838032 3.3502178943726117 5.286684771139343
8850 2996.3506922645984 0 3.5000008155053792 0.7 17.025718232392055 7.3 7.800018406838032 3.3502178943726117 5.286684771139343
8900 2996.3506922645984 0 3.5000008155053792 0.7 17.025718232392055 7.3 7.800018406838032 3.3502178943726117 5.286684771139343
8950 2996.3506922645984 0 3.5000008155053792 0.7 17.025718232392055 7.3 7.800018406838032 3.3502178943726117 5.286684771139343
9000 2996.3506922645984 0 3.5000008155053792 0.7 17.025718232392055 7.3 7.800018406838032 3.3502178943726117 5.286684771139343
9050 2996.3506922645984 0 3.5000008155053792 0.7 17.025718232392055 7.3 7.800018406838032 3.3502178943726117 5.286684771139343
9100 2996.3503587242753 0 3.500001580925163 0.7 17 7.300001130238659 7.8 3.350219365439827 5.286683804121861
9150 2996.3503587242753 0 3.500001580925163 0.7 17 7.300001130238659 7.8 3.350219365439827 5.286683804121861
9200 2996.349749170364 0 3.500000757544369 0.7 17.0 7.3 7.800009833541312 3.350217613459109 5.286683732463602
9250 2996.349749170364 0 3.500000757544369 0.7 17.0 7.3 7.800009833541312 3.350217613459109 5.286683732463602
9300 2996.349529888779 0 3.50000021722197 0.7 17.01788741104094 7.3 7.800011601274904 3.350215344380835 5.286684569619441
9350 2996.349529888779 0 3.50000021722197 0.7 17.01788741104094 7.3 7.800011601274904 3.350215344380835 5.286684569619441
9400 2996.3491720826937 0 3.500000052178569 0.7 17 7.300014593491383 7.800016729192493 3.350216195028104 5.286683388758877
9450 2996.3491720826937 0 3.500000052178569 0.7 17 7.300014593491383 7.800016729192493 3.350216195028104 5.286683388758877
9500 2996.349013638056 0 3.5000000058813234 0.7 17.007436962292942 7.300005145703099 7.80001057912098 3.3502150221601936 5.286683981444454
9550 2996.349013638056 0 3.5000000058813234 0.7 17.007436962292942 7.300005145703099 7.80001057912098 3.3502150221601936 5.286683981444454
9600 2996.349013638056 0 3.5000000058813234 0.7 17.007436962292942 7.300005145703099 7.80001057912098 3.3502150221601936 5.286683981444454
9650 2996.349013638056 0 3.5000000058813234 0.7 17.007436962292942 7.300005145703099 7.80001057912098 3.3502150221601936 5.286683981444454
9700 2996.349013638056 0 3.5000000058813234 0.7 17.007436962292942 7.300005145703099 7.80001057912098 3.3502150221601936 5.286683981444454
9750 2996.349013638056 0 3.5000000058813234 0.7 17.007436962292942 7.300005145703099 7.80001057912098 3.3502150221601936 5.286683981444454
9800 2996.3486944794477 0 3.500000348455161 0.7 17.015408279882443 7.3 7.8 3.35021560598867 5.286683470539583
9850 2996.3486944794477 0 3.500000348455161 0.7 17.015408279882443 7.3 7.8 3.35021560598867 5.286683470539583
9900 2996.3486944794477 0 3.500000348455161 0.7 17.015408279882443 7.3 7.8 3.35021560598867 5.286683470539583
9950 2996.3486944794477 0 3.500000348455161 0.7 17.015408279882443 7.3 7.8 3.35021560598867 5.286683470539583
10000 2996.3486944794477 0 3.500000348455161 0.7 17.015408279882443 7.3 7.8 3.35021560598867 5.286683470539583
10050 2996.3486944794477 0 3.500000348455161 0.7 17.015408279882443 7.3 7.8 3.35021560598867 5.286683470539583
10100 2996.348586695346 0 3.5000004389239034 0.7 17.016223437227012 7.3 7.800000501325807 3.350215007283031 5.2866834677896515
10150 2996.348586695346 0 3.5000004389239034 0.7 17.016223437227012 7.3 7.800000501325807 3.350215007283031 5.2866834677896515
10200 2996.3484051559026 0 3.500000122036753 0.7 17.03162994934565 7.3 7.8 3.3502146908231296 5.286683522159786
10250 2996.3484051559026 0 3.500000122036753 0.7 17.03162994934565 7.3 7.8 3.3502146908231296 5.286683522159786
10300 2996.3484051559026 0 3.500000122036753 0.7 17.03162994934565 7.3 7.8 3.3502146908231296 5.286683522159786
10350 2996.3484051559026 0 3.500000122036753 0.7 17.03162994934565 7.3 7.8 3.3502146908231296 5.286683522159786
10400 2996.3484051559026 0 3.500000122036753 0.7 17.03162994934565 7.3 7.8 3.3502146908231296 5.286683522159786
10450 2996.3484051559026 0 3.500000122036753 0.7 17.03162994934565 7.3 7.8 3.3502146908231296 5.286683522159786
10500 2996.3484051559026 0 3.500000122036753 0.7 17.03162994934565 7.3 7.8 3.3502146908231296 5.286683522159786
10550 2996.3484001945963 0 3.50000018578789 0.7 17.025798794796366 7.3 7.8 3.350214949727351 5.286683371236031
10600 2996.3483939381454 0 3.5000000441714945 0.7 17.041142481341808 7.3 7.800002757372698 3.3502149877300784 5.286683338457838
10650 2996.3483057774165 0 3.5000001475831137 0.7 17.014225922560144 7.3 7.800000436965308 3.3502147780987555 5.286683300058305
10700 2996.3483057774165 0 3.5000001475831137 0.7 17.014225922560144 7.3 7.800000436965308 3.3502147780987555 5.286683300058305
10750 2996.3483057774165 0 3.5000001475831137 0.7 17.014225922560144 7.3 7.800000436965308 3.3502147780987555 5.286683300058305
10800 2996.3483057774165 0 3.5000001475831137 0.7 17.014225922560144 7.3 7.800000436965308 3.3502147780987555 5.286683300058305
10850 2996.3483016465066 0 3.5000000181369177 0.7 17.01228204683769 7.300002495854966 7.800002912087439 3.350214725271017 5.286683274649608
10900 2996.348288377798 0 3.50000021240156 0.7 17.041098606315796 7.3 7.8 3.3502148056236143 5.286683236718253
10950 2996.348288377798 0 3.50000021240156 0.7 17.041098606315796 7.3 7.8 3.3502148056236143 5.286683236718253
11000 2996.348264675122 0 3.5000000600050933 0.7 17.038962337702312 7.3 7.8 3.3502147995155287 5.286683296017344
11050 2996.348264675122 0 3.5000000600050933 0.7 17.038962337702312 7.3 7.8 3.3502147995155287 5.286683296017344
11100 2996.3482322638542 0 3.5000000707841443 0.7 17.04968964425057 7.3 7.8 3.350214812364833 5.286683233245951
11150 2996.3482322638542 0 3.5000000707841443 0.7 17.04968964425057 7.3 7.8 3.350214812364833 5.286683233245951
11200 2996.348201979678 0 3.5000000409633385 0.7 17.01053068499768 7.3 7.8 3.3502146771025574 5.286683258246008
11250 2996.348201979678 0 3.5000000409633385 0.7 17.01053068499768 7.3 7.8 3.3502146771025574 5.286683258246008
11300 2996.348201979678 0 3.5000000409633385 0.7 17.01053068499768 7.3 7.8 3.3502146771025574 5.286683258246008
11350 2996.348201979678 0 3.5000000409633385 0.7 17.01053068499768 7.3 7.8 3.3502146771025574 5.286683258246008
11400 2996.348201979678 0 3.5000000409633385 0.7 17.01053068499768 7.3 7.8 3.3502146771025574 5.286683258246008
11450 2996.348201979678 0 3.5000000409633385 0.7 17.01053068499768 7.3 7.8 3.3502146771025574 5.286683258246008
11500 2996.348201979678 0 3.5000000409633385 0.7 17.01053068499768 7.3 7.8 3.3502146771025574 5.286683258246008
11550 2996.348201979678 0 3.5000000409633385 0.7 17.01053068499768 7.3 7.8 3.3502146771025574 5.286683258246008
11600 2996.348201979678 0 3.5000000409633385 0.7 17.01053068499768 7.3 7.8 3.3502146771025574 5.286683258246008
11650 2996.348201979678 0 3.5000000409633385 0.7 17.01053068499768 7.3 7.8 3.3502146771025574 5.286683258246008
11700 2996.348201979678 0 3.5000000409633385 0.7 17.01053068499768 7.3 7.8 3.3502146771025574 5.286683258246008
11750 2996.348201979678 0 3.5000000409633385 0.7 17.01053068499768 7.3 7.8 3.3502146771025574 5.286683258246008
11800 2996.348201979678 0 3.5000000409633385 0.7 17.01053068499768 7.3 7.8 3.3502146771025574 5.286683258246008
11850 2996.348201856673 0 3.500000005802021 0.7 17 7.3 7.800000053588724 3.350214764117361 5.286683243050376
11900 2996.348201856673 0 3.500000005802021 0.7 17 7.3 7.800000053588724 3.350214764117361 5.286683243050376
11950 2996.348201856673 0 3.500000005802021 0.7 17 7.3 7.800000053588724 3.350214764117361 5.286683243050376
12000 2996.3481949278203 0 3.500000022419081 0.7 17.070028586560735 7.3 7.8 3.350214673896453 5.28668325989533
12050 2996.3481949278203 0 3.500000022419081 0.7 17.070028586560735 7.3 7.8 3.350214673896453 5.28668325989533
12100 2996.3481817465845 0 3.500000012453191 0.7 17.044098131438716 7.3 7.800000319523995 3.3502146695801507 5.286683236024215
12150 2996.3481817465845 0 3.500000012453191 0.7 17.044098131438716 7.3 7.800000319523995 3.3502146695801507 5.286683236024215
12200 2996.34818163854 0 3.5000000026865807 0.7 17.064032884893347 7.3 7.8000000433148795 3.350214672537027 5.286683250235396
12250 2996.3481794490817 0 3.5000000065591537 0.7 17 7.300000502093638 7.8 3.3502146850092815 5.286683233938205
12300 2996.3481794490817 0 3.5000000065591537 0.7 17 7.300000502093638 7.8 3.3502146850092815 5.286683233938205
12350 2996.3481794490817 0 3.5000000065591537 0.7 17 7.300000502093638 7.8 3.3502146850092815 5.286683233938205
12400 2996.3481794490817 0 3.5000000065591537 0.7 17 7.300000502093638 7.8 3.3502146850092815 5.286683233938205
12450 2996.3481794490817 0 3.5000000065591537 0.7 17 7.300000502093638 7.8 3.3502146850092815 5.286683233938205
12500 2996.3481794490817 0 3.5000000065591537 0.7 17 7.300000502093638 7.8 3.3502146850092815 5.286683233938205
12550 2996.3481750845335 0 3.500000008590458 0.7 17.00111623352925 7.3 7.800000148487067 3.3502146722981574 5.286683232748701
12600 2996.3481750845335 0 3.500000008590458 0.7 17.00111623352925 7.3 7.800000148487067 3.3502146722981574 5.286683232748701
12650 2996.3481750845335 0 3.500000008590458 0.7 17.00111623352925 7.3 7.800000148487067 3.3502146722981574 5.286683232748701
12700 2996.34817311846 0 3.5000000041550963 0.7 17.09945779106376 7.3 7.8 3.35021467241356 5.286683237475603
12750 2996.3481714796203 0 3.500000006788895 0.7 17.111618795127196 7.3 7.8 3.3502146769321413 5.286683231461238
12800 2996.3481714796203 0 3.500000006788895 0.7 17.111618795127196 7.3 7.8 3.3502146769321413 5.286683231461238
12850 2996.3481710452425 0 3.5000000053302727 0.7 17.05609468194248 7.3 7.800000093984035 3.350214671072031 5.28668323078329
12900 2996.3481710452425 0 3.5000000053302727 0.7 17.05609468194248 7.3 7.800000093984035 3.350214671072031 5.28668323078329
12950 2996.3481710452425 0 3.5000000053302727 0.7 17.05609468194248 7.3 7.800000093984035 3.350214671072031 5.28668323078329
13000 2996.3481709805583 0 3.5000000053851057 0.7 17.096240795773948 7.3 7.8000000201688575 3.350214676071074 5.28668323119237
13050 2996.348170841935 0 3.5000000061186842 0.7 17 7.3 7.8 3.3502146787691975 5.286683230136295
13100 2996.3481684804024 0 3.5000000009205934 0.7 17.074152446766938 7.3 7.800000085067829 3.3502146679822693 5.2866832310196
13150 2996.3481684804024 0 3.5000000009205934 0.7 17.074152446766938 7.3 7.800000085067829 3.3502146679822693 5.2866832310196
13200 2996.3481684804024 0 3.5000000009205934 0.7 17.074152446766938 7.3 7.800000085067829 3.3502146679822693 5.2866832310196
13250 2996.3481684804024 0 3.5000000009205934 0.7 17.074152446766938 7.3 7.800000085067829 3.3502146679822693 5.2866832310196
13300 2996.3481684804024 0 3.5000000009205934 0.7 17.074152446766938 7.3 7.800000085067829 3.3502146679822693 5.2866832310196
13350 2996.3481684804024 0 3.5000000009205934 0.7 17.074152446766938 7.3 7.800000085067829 3.3502146679822693 5.2866832310196
13400 2996.3481684804024 0 3.5000000009205934 0.7 17.074152446766938 7.3 7.800000085067829 3.3502146679822693 5.2866832310196
13450 2996.3481684804024 0 3.5000000009205934 0.7 17.074152446766938 7.3 7.800000085067829 3.3502146679822693 5.2866832310196
13500 2996.3481684804024 0 3.5000000009205934 0.7 17.074152446766938 7.3 7.800000085067829 3.3502146679822693 5.2866832310196
13550 2996.3481684804024 0 3.5000000009205934 0.7 17.074152446766938 7.3 7.800000085067829 3.3502146679822693 5.2866832310196
13600 2996.3481673035058 0 3.500000000799593 0.7 17.095705816758272 7.3 7.8 3.3502146709576444 5.286683230987718
13650 2996.3481673035058 0 3.500000000799593 0.7 17.095705816758272 7.3 7.8 3.3502146709576444 5.286683230987718
13700 2996.3481673035058 0 3.500000000799593 0.7 17.095705816758272 7.3 7.8 3.3502146709576444 5.286683230987718
13750 2996.3481673035058 0 3.500000000799593 0.7 17.095705816758272 7.3 7.8 3.3502146709576444 5.286683230987718
13800 2996.348166837395 0 3.5000000001858758 0.7 17.181982762889632 7.3 7.8 3.350214670070973 5.286683230989134
13850 2996.348166612388 0 3.5000000001588356 0.7 17.187577897750355 7.3 7.800000010573041 3.35021466823976 5.286683231020878
13900 2996.348166612388 0 3.5000000001588356 0.7 17.187577897750355 7.3 7.800000010573041 3.35021466823976 5.286683231020878
13950 2996.3481663580383 0 3.5000000006288303 0.7 17.077941437102737 7.3 7.800000008888393 3.3502146682224536 5.286683230395734
14000 2996.3481656734207 0 3.5000000001119536 0.7 17.161978979355055 7.3 7.800000008888393 3.350214666774279 5.286683230218753
14050 2996.3481656734207 0 3.5000000001119536 0.7 17.161978979355055 7.3 7.800000008888393 3.350214666774279 5.286683230218753
14100 2996.3481656734207 0 3.5000000001119536 0.7 17.161978979355055 7.3 7.800000008888393 3.350214666774279 5.286683230218753
14150 2996.3481656734207 0 3.5000000001119536 0.7 17.161978979355055 7.3 7.800000008888393 3.350214666774279 5.286683230218753
14200 2996.3481656734207 0 3.5000000001119536 0.7 17.161978979355055 7.3 7.800000008888393 3.350214666774279 5.286683230218753
14250 2996.3481656734207 0 3.5000000001119536 0.7 17.161978979355055 7.3 7.800000008888393 3.350214666774279 5.286683230218753
14300 2996.3481656734207 0 3.5000000001119536 0.7 17.161978979355055 7.3 7.800000008888393 3.350214666774279 5.286683230218753
14350 2996.3481656734207 0 3.5000000001119536 0.7 17.161978979355055 7.3 7.800000008888393 3.350214666774279 5.286683230218753
14400 2996.3481656734207 0 3.5000000001119536 0.7 17.161978979355055 7.3 7.800000008888393 3.350214666774279 5.286683230218753
14450 2996.3481656734207 0 3.5000000001119536 0.7 17.161978979355055 7.3 7.800000008888393 3.350214666774279 5.286683230218753
14500 2996.3481655675923 0 3.5000000006019727 0.7 17.264740351081116 7.3 7.800000000733658 3.3502146670008988 5.286683229940366
14550 2996.3481655675923 0 3.5000000006019727 0.7 17.264740351081116 7.3 7.800000000733658 3.3502146670008988 5.286683229940366
14600 2996.3481655675923 0 3.5000000006019727 0.7 17.264740351081116 7.3 7.800000000733658 3.3502146670008988 5.286683229940366
14650 2996.3481653571234 0 3.500000000678585 0.7 17.12018604987711 7.3 7.800000001921876 3.350214666334827 5.286683229787993
14700 2996.3481653571234 0 3.500000000678585 0.7 17.12018604987711 7.3 7.800000001921876 3.350214666334827 5.286683229787993
14750 2996.3481653571234 0 3.500000000678585 0.7 17.12018604987711 7.3 7.800000001921876 3.350214666334827 5.286683229787993
14800 2996.3481653571234 0 3.500000000678585 0.7 17.12018604987711 7.3 7.800000001921876 3.350214666334827 5.286683229787993
14850 2996.3481653571234 0 3.500000000678585 0.7 17.12018604987711 7.3 7.800000001921876 3.350214666334827 5.286683229787993
14900 2996.348165353396 0 3.5000000000696114 0.7 17.36771576161549 7.3 7.800000002576567 3.3502146669931743 5.286683229871832
14950 2996.348165014067 0 3.500000000017656 0.7 17.383324869335233 7.3 7.800000000098056 3.3502146661484185 5.286683229794407
15000 2996.348165014067 0 3.500000000017656 0.7 17.383324869335233 7.3 7.800000000098056 3.3502146661484185 5.286683229794407
15050 2996.348165014067 0 3.500000000017656 0.7 17.383324869335233 7.3 7.800000000098056 3.3502146661484185 5.286683229794407
15100 2996.348165014067 0 3.500000000017656 0.7 17.383324869335233 7.3 7.800000000098056 3.3502146661484185 5.286683229794407
15150 2996.348165014067 0 3.500000000017656 0.7 17.383324869335233 7.3 7.800000000098056 3.3502146661484185 5.286683229794407
15200 2996.348165014067 0 3.500000000017656 0.7 17.383324869335233 7.3 7.800000000098056 3.3502146661484185 5.286683229794407
15250 2996.348165014067 0 3.500000000017656 0.7 17.383324869335233 7.3 7.800000000098056 3.3502146661484185 5.286683229794407
15300 2996.348165014067 0 3.500000000017656 0.7 17.383324869335233 7.3 7.800000000098056 3.3502146661484185 5.286683229794407
15350 2996.348165014067 0 3.500000000017656 0.7 17.383324869335233 7.3 7.800000000098056 3.3502146661484185 5.286683229794407
15400 2996.348165014067 0 3.500000000017656 0.7 17.383324869335233 7.3 7.800000000098056 3.3502146661484185 5.286683229794407
15450 2996.348165014067 0 3.500000000017656 0.7 17.383324869335233 7.3 7.800000000098056 3.3502146661484185 5.286683229794407
15500 2996.348165014067 0 3.500000000017656 0.7 17.383324869335233 7.3 7.800000000098056 3.3502146661484185 5.286683229794407
15550 2996.348165014067 0 3.500000000017656 0.7 17.383324869335233 7.3 7.800000000098056 3.3502146661484185 5.286683229794407
15600 2996.348165014067 0 3.500000000017656 0.7 17.383324869335233 7.3 7.800000000098056 3.3502146661484185 5.286683229794407
15650 2996.348165014067 0 3.500000000017656 0.7 17.383324869335233 7.3 7.800000000098056 3.3502146661484185 5.286683229794407
15700 2996.348165014067 0 3.500000000017656 0.7 17.383324869335233 7.3 7.800000000098056 3.3502146661484185 5.286683229794407
15750 2996.348165014067 0 3.500000000017656 0.7 17.383324869335233 7.3 7.800000000098056 3.3502146661484185 5.286683229794407
15800 2996.348165014067 0 3.500000000017656 0.7 17.383324869335233 7.3 7.800000000098056 3.3502146661484185 5.286683229794407
15850 2996.348165014067 0 3.500000000017656 0.7 17.383324869335233 7.3 7.800000000098056 3.3502146661484185 5.286683229794407
15900 2996.348165014067 0 3.500000000017656 0.7 17.383324869335233 7.3 7.800000000098056 3.3502146661484185 5.286683229794407
15950 2996.348165014067 0 3.500000000017656 0.7 17.383324869335233 7.3 7.800000000098056 3.3502146661484185 5.286683229794407
16000 2996.348165014067 0 3.500000000017656 0.7 17.383324869335233 7.3 7.800000000098056 3.3502146661484185 5.286683229794407
16050 2996.3481650118733 0 3.5000000000369202 0.7 17.415542317571184 7.3 7.800000000633149 3.350214666132404 5.286683229767006
16100 2996.34816501143 0 3.5000000000063762 0.7 17.41199375962496 7.3 7.800000000447505 3.3502146661551353 5.286683229782472
16150 2996.348164992944 0 3.5000000000018274 0.7 17.314986843854918 7.3 7.8 3.3502146661139465 5.286683229788165
16200 2996.3481649913483 0 3.5000000000306897 0.7 17 7.3 7.8 3.3502146661152192 5.286683229767321
16250 2996.3481649913483 0 3.5000000000306897 0.7 17 7.3 7.8 3.3502146661152192 5.286683229767321
16300 2996.3481649913483 0 3.5000000000306897 0.7 17 7.3 7.8 3.3502146661152192 5.286683229767321
16350 2996.3481649859677 0 3.50000000002397 0.7 17.36280442861736 7.3 7.8 3.3502146661076337 5.28668322976605
16400 2996.3481649859677 0 3.50000000002397 0.7 17.36280442861736 7.3 7.8 3.3502146661076337 5.28668322976605
16450 2996.3481649859677 0 3.50000000002397 0.7 17.36280442861736 7.3 7.8 3.3502146661076337 5.28668322976605
16500 2996.3481649859677 0 3.50000000002397 0.7 17.36280442861736 7.3 7.8 3.3502146661076337 5.28668322976605
16550 2996.348164978026 0 3.500000000003042 0.7 17.10380516844123 7.3 7.800000000028501 3.3502146661242747 5.286683229758836
16600 2996.348164978026 0 3.500000000003042 0.7 17.10380516844123 7.3 7.800000000028501 3.3502146661242747 5.286683229758836
16650 2996.348164978026 0 3.500000000003042 0.7 17.10380516844123 7.3 7.800000000028501 3.3502146661242747 5.286683229758836
16700 2996.348164978026 0 3.500000000003042 0.7 17.10380516844123 7.3 7.800000000028501 3.3502146661242747 5.286683229758836
16750 2996.348164978026 0 3.500000000003042 0.7 17.10380516844123 7.3 7.800000000028501 3.3502146661242747 5.286683229758836
16800 2996.348164978026 0 3.500000000003042 0.7 17.10380516844123 7.3 7.800000000028501 3.3502146661242747 5.286683229758836
16850 2996.348164977856 0 3.5000000000065956 0.7 17.382859574690865 7.3 7.800000000040016 3.3502146661171377 5.286683229758836
16900 2996.348164977856 0 3.5000000000065956 0.7 17.382859574690865 7.3 7.800000000040016 3.3502146661171377 5.286683229758836
16950 2996.348164977856 0 3.5000000000065956 0.7 17.382859574690865 7.3 7.800000000040016 3.3502146661171377 5.286683229758836
17000 2996.348164977856 0 3.5000000000065956 0.7 17.382859574690865 7.3 7.800000000040016 3.3502146661171377 5.286683229758836
17050 2996.348164977856 0 3.5000000000065956 0.7 17.382859574690865 7.3 7.800000000040016 3.3502146661171377 5.286683229758836
17100 2996.348164977856 0 3.5000000000065956 0.7 17.382859574690865 7.3 7.800000000040016 3.3502146661171377 5.286683229758836
17150 2996.3481649753985 0 3.500000000001387 0.7 17.123275320652816 7.3 7.8000000001938155 3.350214666097325 5.286683229760818
17200 2996.3481649753985 0 3.500000000001387 0.7 17.123275320652816 7.3 7.8000000001938155 3.350214666097325 5.286683229760818
17250 2996.3481649753985 0 3.500000000001387 0.7 17.123275320652816 7.3 7.8000000001938155 3.350214666097325 5.286683229760818
17300 2996.3481649735295 0 3.5000000000014753 0.7 17.359614621418768 7.3 7.8 3.350214666106101 5.286683229760999
17350 2996.3481649735295 0 3.5000000000014753 0.7 17.359614621418768 7.3 7.8 3.350214666106101 5.286683229760999
17400 2996.3481649735295 0 3.5000000000014753 0.7 17.359614621418768 7.3 7.8 3.350214666106101 5.286683229760999
17450 2996.3481649724886 0 3.500000000001373 0.7 17.372250448177585 7.3 7.8 3.350214666108048 5.286683229758644
17500 2996.348164972031 0 3.5000000000012177 0.7 17.40517481913798 7.3 7.8 3.350214666103918 5.286683229759676
17550 2996.348164972031 0 3.5000000000012177 0.7 17.40517481913798 7.3 7.8 3.350214666103918 5.286683229759676
17600 2996.348164972031 0 3.5000000000012177 0.7 17.40517481913798 7.3 7.8 3.350214666103918 5.286683229759676
17650 2996.348164972031 0 3.5000000000012177 0.7 17.40517481913798 7.3 7.8 3.350214666103918 5.286683229759676
17700 2996.3481649709775 0 3.5000000000049702 0.7 17.044729433009955 7.3 7.8000000000157765 3.350214666096583 5.286683229758096
17750 2996.3481649709775 0 3.5000000000049702 0.7 17.044729433009955 7.3 7.8000000000157765 3.350214666096583 5.286683229758096
17800 2996.3481649709775 0 3.5000000000049702 0.7 17.044729433009955 7.3 7.8000000000157765 3.350214666096583 5.286683229758096
17850 2996.3481649709775 0 3.5000000000049702 0.7 17.044729433009955 7.3 7.8000000000157765 3.350214666096583 5.286683229758096
17900 2996.348164970297 0 3.5000000000021503 0.7 17.424980493984815 7.3 7.8 3.3502146660996734 5.286683229758075
17950 2996.348164970272 0 3.5000000000022085 0.7 17.36700223586562 7.3 7.800000000023948 3.350214666097325 5.286683229758114
18000 2996.348164969677 0 3.5000000000023 0.7 17.4331263883485 7.3 7.800000000001574 3.350214666096452 5.286683229758244
18050 2996.348164969677 0 3.5000000000023 0.7 17.4331263883485 7.3 7.800000000001574 3.350214666096452 5.286683229758244
18100 2996.348164969677 0 3.5000000000023 0.7 17.4331263883485 7.3 7.800000000001574 3.350214666096452 5.286683229758244
18150 2996.3481649694886 0 3.5000000000017732 0.7 17.357524929833648 7.3 7.8000000000031475 3.3502146660971794 5.286683229757927
18200 2996.3481649694886 0 3.5000000000017732 0.7 17.357524929833648 7.3 7.8000000000031475 3.3502146660971794 5.286683229757927
18250 2996.3481649694886 0 3.5000000000017732 0.7 17.357524929833648 7.3 7.8000000000031475 3.3502146660971794 5.286683229757927
18300 2996.3481649694886 0 3.5000000000017732 0.7 17.357524929833648 7.3 7.8000000000031475 3.3502146660971794 5.286683229757927
18350 2996.3481649694886 0 3.5000000000017732 0.7 17.357524929833648 7.3 7.8000000000031475 3.3502146660971794 5.286683229757927
18400 2996.3481649694886 0 3.5000000000017732 0.7 17.357524929833648 7.3 7.8000000000031475 3.3502146660971794 5.286683229757927
18450 2996.3481649694886 0 3.5000000000017732 0.7 17.357524929833648 7.3 7.8000000000031475 3.3502146660971794 5.286683229757927
18500 2996.3481649694886 0 3.5000000000017732 0.7 17.357524929833648 7.3 7.8000000000031475 3.3502146660971794 5.286683229757927
18550 2996.3481649694886 0 3.5000000000017732 0.7 17.357524929833648 7.3 7.8000000000031475 3.3502146660971794 5.286683229757927
18600 2996.348164969317 0 3.500000000000278 0.7 17.29725961361146 7.3 7.800000000023837 3.3502146660968437 5.286683229758001
18650 2996.348164969317 0 3.500000000000278 0.7 17.29725961361146 7.3 7.800000000023837 3.3502146660968437 5.286683229758001
18700 2996.348164969317 0 3.500000000000278 0.7 17.29725961361146 7.3 7.800000000023837 3.3502146660968437 5.286683229758001
18750 2996.348164969317 0 3.500000000000278 0.7 17.29725961361146 7.3 7.800000000023837 3.3502146660968437 5.286683229758001
18800 2996.348164969317 0 3.500000000000278 0.7 17.29725961361146 7.3 7.800000000023837 3.3502146660968437 5.286683229758001
18850 2996.348164969152 0 3.500000000000235 0.7 17.364287666949192 7.3 7.8 3.350214666097101 5.286683229758488
18900 2996.348164969152 0 3.500000000000235 0.7 17.364287666949192 7.3 7.8 3.350214666097101 5.286683229758488
18950 2996.348164969004 0 3.5000000000002176 0.7 17 7.3 7.800000000002412 3.350214666096777 5.286683229758312
19000 2996.348164969004 0 3.5000000000002176 0.7 17 7.3 7.800000000002412 3.350214666096777 5.286683229758312
19050 2996.348164969004 0 3.5000000000002176 0.7 17 7.3 7.800000000002412 3.350214666096777 5.286683229758312
19100 2996.348164968743 0 3.500000000000404 0.7 17.17283814140844 7.3 7.8 3.3502146660964627 5.286683229757996
19150 2996.348164968743 0 3.500000000000404 0.7 17.17283814140844 7.3 7.8 3.3502146660964627 5.286683229757996
19200 2996.348164968743 0 3.500000000000404 0.7 17.17283814140844 7.3 7.8 3.3502146660964627 5.286683229757996
19250 2996.348164968743 0 3.500000000000404 0.7 17.17283814140844 7.3 7.8 3.3502146660964627 5.286683229757996
19300 2996.348164968743 0 3.500000000000404 0.7 17.17283814140844 7.3 7.8 3.3502146660964627 5.286683229757996
19350 2996.3481649687283 0 3.500000000000001 0.7 17 7.3 7.800000000000318 3.350214666097041 5.286683229757979
19400 2996.3481649687283 0 3.500000000000001 0.7 17 7.3 7.800000000000318 3.350214666097041 5.286683229757979
19450 2996.348164968709 0 3.5000000000002753 0.7 17.110692170017103 7.3 7.8 3.3502146660964995 5.286683229758007
19500 2996.3481649686855 0 3.50000000000017 0.7 17.031153823047294 7.3 7.80000000000014 3.35021466609663 5.286683229757977
19550 2996.3481649686855 0 3.50000000000017 0.7 17.031153823047294 7.3 7.80000000000014 3.35021466609663 5.286683229757977
19600 2996.348164968663 0 3.500000000000042 0.7 17.398861904954682 7.3 7.80000000000011 3.3502146660967105 5.28668322975799
19650 2996.348164968663 0 3.500000000000042 0.7 17.398861904954682 7.3 7.80000000000011 3.3502146660967105 5.28668322975799
19700 2996.348164968663 0 3.500000000000042 0.7 17.398861904954682 7.3 7.80000000000011 3.3502146660967105 5.28668322975799
19750 2996.348164968663 0 3.500000000000042 0.7 17.398861904954682 7.3 7.80000000000011 3.3502146660967105 5.28668322975799
19800 2996.348164968639 0 3.5000000000000426 0.7 17.029664987264034 7.3 7.800000000000889 3.3502146660966634 5.286683229757944
19850 2996.348164968639 0 3.5000000000000426 0.7 17.029664987264034 7.3 7.800000000000889 3.3502146660966634 5.286683229757944
19900 2996.348164968609 0 3.5000000000001386 0.7 17.05696635499638 7.3 7.8 3.3502146660964858 5.28668322975794
19950 2996.348164968609 0 3.5000000000001386 0.7 17.05696635499638 7.3 7.8 3.3502146660964858 5.28668322975794
20000 2996.348164968609 0 3.5000000000001386 0.7 17.05696635499638 7.3 7.8 3.3502146660964858 5.28668322975794
20050 2996.348164968609 0 3.5000000000001386 0.7 17.05696635499638 7.3 7.8 3.3502146660964858 5.28668322975794
20100 2996.348164968609 0 3.5000000000001386 0.7 17.05696635499638 7.3 7.8 3.3502146660964858 5.28668322975794
20150 2996.348164968609 0 3.5000000000001386 0.7 17.05696635499638 7.3 7.8 3.3502146660964858 5.28668322975794
20200 2996.348164968609 0 3.5000000000001386 0.7 17.05696635499638 7.3 7.8 3.3502146660964858 5.28668322975794
20250 2996.348164968609 0 3.5000000000001386 0.7 17.05696635499638 7.3 7.8 3.3502146660964858 5.28668322975794
20300 2996.348164968609 0 3.5000000000001386 0.7 17.05696635499638 7.3 7.8 3.3502146660964858 5.28668322975794
20350 2996.348164968609 0 3.5000000000001386 0.7 17.05696635499638 7.3 7.8 3.3502146660964858 5.28668322975794
20400 2996.348164968599 0 3.500000000000161 0.7 17.49497909315276 7.3 7.8 3.3502146660964676 5.286683229757918
20450 2996.348164968599 0 3.500000000000161 0.7 17.49497909315276 7.3 7.8 3.3502146660964676 5.286683229757918
20500 2996.348164968599 0 3.500000000000161 0.7 17.49497909315276 7.3 7.8 3.3502146660964676 5.286683229757918
20550 2996.348164968599 0 3.500000000000161 0.7 17.49497909315276 7.3 7.8 3.3502146660964676 5.286683229757918
20600 2996.348164968579 0 3.500000000000016 0.7 17 7.3 7.800000000000382 3.3502146660965586 5.2866832297579265
20650 2996.348164968577 0 3.50000000000005 0.7 17.189224549181034 7.3 7.800000000000345 3.350214666096478 5.2866832297579345
20700 2996.348164968577 0 3.50000000000005 0.7 17.189224549181034 7.3 7.800000000000345 3.350214666096478 5.2866832297579345
20750 2996.348164968577 0 3.50000000000005 0.7 17.189224549181034 7.3 7.800000000000345 3.350214666096478 5.2866832297579345
20800 2996.3481649685764 0 3.500000000000005 0.7 17 7.3 7.8 3.350214666096552 5.286683229757944
20850 2996.3481649685586 0 3.5000000000000338 0.7 17.19373811472977 7.3 7.80000000000005 3.3502146660964756 5.286683229757928
20900 2996.3481649685586 0 3.5000000000000338 0.7 17.19373811472977 7.3 7.80000000000005 3.3502146660964756 5.286683229757928
20950 2996.348164968549 0 3.5000000000000027 0.7 17.211318615648732 7.3 7.800000000000311 3.350214666096452 5.286683229757932
21000 2996.348164968549 0 3.5000000000000027 0.7 17.211318615648732 7.3 7.800000000000311 3.350214666096452 5.286683229757932
21050 2996.348164968549 0 3.5000000000000027 0.7 17.211318615648732 7.3 7.800000000000311 3.350214666096452 5.286683229757932
21100 2996.348164968549 0 3.5000000000000027 0.7 17.211318615648732 7.3 7.800000000000311 3.350214666096452 5.286683229757932
21150 2996.348164968549 0 3.5000000000000027 0.7 17.211318615648732 7.3 7.800000000000311 3.350214666096452 5.286683229757932
21200 2996.348164968549 0 3.5000000000000027 0.7 17.211318615648732 7.3 7.800000000000311 3.350214666096452 5.286683229757932
21250 2996.348164968549 0 3.5000000000000027 0.7 17.211318615648732 7.3 7.800000000000311 3.350214666096452 5.286683229757932
21300 2996.3481649685446 0 3.500000000000025 0.7 17 7.3 7.8 3.3502146660964547 5.286683229757921
21350 2996.3481649685436 0 3.5000000000000018 0.7 17.350433974330727 7.3 7.8000000000001695 3.350214666096479 5.2866832297579185
21400 2996.348164968543 0 3.500000000000008 0.7 17.050196304409937 7.3 7.8 3.35021466609646 5.286683229757927
21450 2996.348164968539 0 3.500000000000003 0.7 17 7.3 7.800000000000059 3.3502146660964702 5.286683229757918
21500 2996.348164968538 0 3.500000000000005 0.7 17.131324229793037 7.3 7.800000000000015 3.3502146660964653 5.2866832297579185
21550 2996.348164968538 0 3.500000000000005 0.7 17.131324229793037 7.3 7.800000000000015 3.3502146660964653 5.2866832297579185
21600 2996.348164968538 0 3.500000000000005 0.7 17.131324229793037 7.3 7.800000000000015 3.3502146660964653 5.2866832297579185
21650 2996.3481649685345 0 3.5000000000000013 0.7 17.285373609447692 7.3 7.800000000000096 3.3502146660964547 5.286683229757917
21700 2996.3481649685345 0 3.5000000000000013 0.7 17.285373609447692 7.3 7.800000000000096 3.3502146660964547 5.286683229757917
21750 2996.3481649685345 0 3.5000000000000013 0.7 17.285373609447692 7.3 7.800000000000096 3.3502146660964547 5.286683229757917
21800 2996.3481649685345 0 3.5000000000000013 0.7 17.285373609447692 7.3 7.800000000000096 3.3502146660964547 5.286683229757917
21850 2996.3481649685345 0 3.5000000000000013 0.7 17.285373609447692 7.3 7.800000000000096 3.3502146660964547 5.286683229757917
21900 2996.3481649685345 0 3.5000000000000013 0.7 17.285373609447692 7.3 7.800000000000096 3.3502146660964547 5.286683229757917
21950 2996.3481649685345 0 3.5000000000000013 0.7 17.285373609447692 7.3 7.800000000000096 3.3502146660964547 5.286683229757917
22000 2996.3481649685345 0 3.5000000000000013 0.7 17.285373609447692 7.3 7.800000000000096 3.3502146660964547 5.286683229757917
22050 2996.348164968534 0 3.5000000000000084 0.7 17 7.3 7.8 3.3502146660964507 5.286683229757918
22100 2996.348164968534 0 3.5000000000000084 0.7 17 7.3 7.8 3.3502146660964507 5.286683229757918
22150 2996.348164968533 0 3.5000000000000044 0.7 17 7.3 7.8 3.35021466609645 5.2866832297579185
22200 2996.3481649685327 0 3.5000000000000004 0.7 17 7.3 7.800000000000001 3.3502146660964525 5.2866832297579185
22250 2996.3481649685327 0 3.5000000000000004 0.7 17 7.3 7.800000000000001 3.3502146660964525 5.2866832297579185
22300 2996.3481649685327 0 3.5000000000000004 0.7 17 7.3 7.800000000000001 3.3502146660964525 5.2866832297579185
22350 2996.3481649685323 0 3.500000000000004 0.7 17.074725529516712 7.3 7.800000000000004 3.3502146660964476 5.286683229757918
22400 2996.348164968532 0 3.5000000000000018 0.7 17.393669195597543 7.3 7.8 3.3502146660964507 5.286683229757918
22450 2996.348164968532 0 3.5 0.7 17.03726665859243 7.3 7.800000000000005 3.350214666096448 5.286683229757919
22500 2996.348164968532 0 3.5 0.7 17.03726665859243 7.3 7.800000000000005 3.350214666096448 5.286683229757919
22550 2996.3481649685314 0 3.5000000000000013 0.7 17.281838665253613 7.3 7.8 3.350214666096451 5.286683229757917
22600 2996.3481649685314 0 3.5000000000000013 0.7 17.281838665253613 7.3 7.8 3.350214666096451 5.286683229757917
22650 2996.3481649685314 0 3.5000000000000027 0.7 17.182812378000193 7.3 7.8 3.3502146660964476 5.286683229757918
22700 2996.3481649685314 0 3.500000000000001 0.7 17 7.3 7.8 3.3502146660964525 5.286683229757917
22750 2996.3481649685314 0 3.500000000000001 0.7 17 7.3 7.8 3.3502146660964525 5.286683229757917
22800 2996.348164968531 0 3.4999999999999996 0.7 17.011565822749354 7.3 7.8 3.35021466609645 5.286683229757918
22850 2996.348164968531 0 3.4999999999999996 0.7 17.011565822749354 7.3 7.8 3.35021466609645 5.286683229757918
22900 2996.3481649685305 0 3.500000000000001 0.7 17.20030445296625 7.3 7.8000000000000025 3.350214666096448 5.286683229757917
22950 2996.3481649685305 0 3.500000000000001 0.7 17.20030445296625 7.3 7.8000000000000025 3.350214666096448 5.286683229757917
23000 2996.3481649685305 0 3.500000000000001 0.7 17.20030445296625 7.3 7.8000000000000025 3.350214666096448 5.286683229757917
23050 2996.3481649685305 0 3.500000000000001 0.7 17.20030445296625 7.3 7.8000000000000025 3.350214666096448 5.286683229757917
23100 2996.3481649685305 0 3.500000000000001 0.7 17.20030445296625 7.3 7.8000000000000025 3.350214666096448 5.286683229757917
23150 2996.3481649685305 0 3.500000000000001 0.7 17.20030445296625 7.3 7.8000000000000025 3.350214666096448 5.286683229757917
23200 2996.3481649685305 0 3.500000000000001 0.7 17.20030445296625 7.3 7.8000000000000025 3.350214666096448 5.286683229757917
23250 2996.3481649685305 0 3.500000000000001 0.7 17.20030445296625 7.3 7.8000000000000025 3.350214666096448 5.286683229757917
23300 2996.3481649685305 0 3.500000000000001 0.7 17.20030445296625 7.3 7.8000000000000025 3.350214666096448 5.286683229757917
23350 2996.3481649685305 0 3.500000000000001 0.7 17.20030445296625 7.3 7.8000000000000025 3.350214666096448 5.286683229757917
23400 2996.3481649685305 0 3.500000000000001 0.7 17.20030445296625 7.3 7.8000000000000025 3.350214666096448 5.286683229757917
23450 2996.34816496853 0 3.4999999999999996 0.7 17.202721923830147 7.3 7.8 3.350214666096448 5.286683229757917
23500 2996.34816496853 0 3.4999999999999996 0.7 17.202721923830147 7.3 7.8 3.350214666096448 5.286683229757917
23550 2996.34816496853 0 3.4999999999999996 0.7 17.202721923830147 7.3 7.8 3.350214666096448 5.286683229757917
23600 2996.3481649685295 0 3.4999999999999996 0.7 17.088120860570033 7.3 7.800000000000003 3.3502146660964476 5.286683229757917
23650 2996.3481649685295 0 3.4999999999999996 0.7 17.088120860570033 7.3 7.800000000000003 3.3502146660964476 5.286683229757917
23700 2996.3481649685295 0 3.4999999999999996 0.7 17.088120860570033 7.3 7.800000000000003 3.3502146660964476 5.286683229757917
23750 2996.3481649685295 0 3.4999999999999996 0.7 17.088120860570033 7.3 7.800000000000003 3.3502146660964476 5.286683229757917
23800 2996.3481649685295 0 3.4999999999999996 0.7 17.205505565434926 7.3 7.800000000000009 3.3502146660964476 5.286683229757917
23850 2996.3481649685295 0 3.4999999999999996 0.7 17.205505565434926 7.3 7.800000000000009 3.3502146660964476 5.286683229757917
23900 2996.3481649685295 0 3.4999999999999996 0.7 17.205505565434926 7.3 7.800000000000009 3.3502146660964476 5.286683229757917
23950 2996.3481649685295 0 3.4999999999999996 0.7 17.205505565434926 7.3 7.800000000000009 3.3502146660964476 5.286683229757917
24000 2996.3481649685295 0 3.4999999999999996 0.7 17.205505565434926 7.3 7.800000000000009 3.3502146660964476 5.286683229757917
24050 2996.3481649685295 0 3.4999999999999996 0.7 17.205505565434926 7.3 7.800000000000009 3.3502146660964476 5.286683229757917
24100 2996.3481649685295 0 3.4999999999999996 0.7 17.371376471754193 7.3 7.800000000000002 3.3502146660964476 5.286683229757917
24150 2996.3481649685295 0 3.4999999999999996 0.7 17.214081065330447 7.3 7.8000000000000025 3.3502146660964476 5.286683229757917
24200 2996.3481649685295 0 3.4999999999999996 0.7 17.214081065330447 7.3 7.8000000000000025 3.3502146660964476 5.286683229757917
24250 2996.3481649685295 0 3.4999999999999996 0.7 17.214081065330447 7.3 7.8000000000000025 3.3502146660964476 5.286683229757917
24300 2996.3481649685295 0 3.4999999999999996 0.7 17.348488411271397 7.3 7.800000000000002 3.3502146660964476 5.286683229757917
24350 2996.3481649685295 0 3.4999999999999996 0.7 17.348488411271397 7.3 7.800000000000002 3.3502146660964476 5.286683229757917
24400 2996.3481649685295 0 3.4999999999999996 0.7 17.348488411271397 7.3 7.800000000000002 3.3502146660964476 5.286683229757917
24450 2996.3481649685295 0 3.4999999999999996 0.7 17.348488411271397 7.3 7.800000000000002 3.3502146660964476 5.286683229757917
24500 2996.3481649685295 0 3.4999999999999996 0.7 17.348488411271397 7.3 7.800000000000002 3.3502146660964476 5.286683229757917
24550 2996.3481649685295 0 3.4999999999999996 0.7 17.348488411271397 7.3 7.800000000000002 3.3502146660964476 5.286683229757917
24600 2996.3481649685295 0 3.4999999999999996 0.7 17.348488411271397 7.3 7.800000000000002 3.3502146660964476 5.286683229757917
24650 2996.3481649685295 0 3.4999999999999996 0.7 17.348488411271397 7.3 7.800000000000002 3.3502146660964476 5.286683229757917
24700 2996.3481649685295 0 3.4999999999999996 0.7 17.348488411271397 7.3 7.800000000000002 3.3502146660964476 5.286683229757917
24750 2996.3481649685295 0 3.4999999999999996 0.7 17.348488411271397 7.3 7.800000000000002 3.3502146660964476 5.286683229757917
24800 2996.3481649685295 0 3.4999999999999996 0.7 17.348488411271397 7.3 7.800000000000002 3.3502146660964476 5.286683229757917
24850 2996.3481649685295 0 3.4999999999999996 0.7 17.348488411271397 7.3 7.800000000000002 3.3502146660964476 5.286683229757917
24900 2996.3481649685295 0 3.4999999999999996 0.7 17.348488411271397 7.3 7.800000000000002 3.3502146660964476 5.286683229757917
24950 2996.3481649685295 0 3.4999999999999996 0.7 17.348488411271397 7.3 7.800000000000002 3.3502146660964476 5.286683229757917
25000 2996.3481649685295 0 3.4999999999999996 0.7 17.348488411271397 7.3 7.800000000000002 3.3502146660964476 5.286683229757917
25050 2996.3481649685295 0 3.4999999999999996 0.7 17.348488411271397 7.3 7.800000000000002 3.3502146660964476 5.286683229757917
25100 2996.3481649685295 0 3.4999999999999996 0.7 17.348488411271397 7.3 7.800000000000002 3.3502146660964476 5.286683229757917
25150 2996.3481649685295 0 3.4999999999999996 0.7 17.348488411271397 7.3 7.800000000000002 3.3502146660964476 5.286683229757917
25200 2996.3481649685295 0 3.4999999999999996 0.7 17.348488411271397 7.3 7.800000000000002 3.3502146660964476 5.286683229757917
25250 2996.3481649685295 0 3.4999999999999996 0.7 17.348488411271397 7.3 7.800000000000002 3.3502146660964476 5.286683229757917
25300 2996.3481649685295 0 3.4999999999999996 0.7 17.348488411271397 7.3 7.800000000000002 3.3502146660964476 5.286683229757917
25350 2996.3481649685295 0 3.4999999999999996 0.7 17.348488411271397 7.3 7.800000000000002 3.3502146660964476 5.286683229757917
25400 2996.3481649685295 0 3.4999999999999996 0.7 17.348488411271397 7.3 7.800000000000002 3.3502146660964476 5.286683229757917
25450 2996.3481649685295 0 3.4999999999999996 0.7 17.348488411271397 7.3 7.800000000000002 3.3502146660964476 5.286683229757917
25500 2996.3481649685295 0 3.4999999999999996 0.7 17.348488411271397 7.3 7.800000000000002 3.3502146660964476 5.286683229757917
25550 2996.3481649685295 0 3.4999999999999996 0.7 17.348488411271397 7.3 7.800000000000002 3.3502146660964476 5.286683229757917
25600 2996.3481649685295 0 3.4999999999999996 0.7 17.348488411271397 7.3 7.800000000000002 3.3502146660964476 5.286683229757917
25650 2996.3481649685295 0 3.4999999999999996 0.7 17.348488411271397 7.3 7.800000000000002 3.3502146660964476 5.286683229757917
25700 2996.3481649685295 0 3.4999999999999996 0.7 17.348488411271397 7.3 7.800000000000002 3.3502146660964476 5.286683229757917
25750 2996.3481649685295 0 3.4999999999999996 0.7 17.348488411271397 7.3 7.800000000000002 3.3502146660964476 5.286683229757917
25800 2996.3481649685295 0 3.4999999999999996 0.7 17.348488411271397 7.3 7.800000000000002 3.3502146660964476 5.286683229757917
25850 2996.3481649685295 0 3.4999999999999996 0.7 17.348488411271397 7.3 7.800000000000002 3.3502146660964476 5.286683229757917
25900 2996.3481649685295 0 3.4999999999999996 0.7 17.348488411271397 7.3 7.800000000000002 3.3502146660964476 5.286683229757917
25950 2996.3481649685295 0 3.4999999999999996 0.7 17.348488411271397 7.3 7.800000000000002 3.3502146660964476 5.286683229757917
26000 2996.3481649685295 0 3.4999999999999996 0.7 17.348488411271397 7.3 7.800000000000002 3.3502146660964476 5.286683229757917
26050 2996.3481649685295 0 3.4999999999999996 0.7 17.348488411271397 7.3 7.800000000000002 3.3502146660964476 5.286683229757917
26100 2996.3481649685295 0 3.4999999999999996 0.7 17.348488411271397 7.3 7.800000000000002 3.3502146660964476 5.286683229757917
26150 2996.3481649685295 0 3.4999999999999996 0.7 17.348488411271397 7.3 7.800000000000002 3.3502146660964476 5.286683229757917
26200 2996.3481649685295 0 3.4999999999999996 0.7 17.348488411271397 7.3 7.800000000000002 3.3502146660964476 5.286683229757917
26250 2996.3481649685295 0 3.4999999999999996 0.7 17.348488411271397 7.3 7.800000000000002 3.3502146660964476 5.286683229757917
26300 2996.3481649685295 0 3.4999999999999996 0.7 17.348488411271397 7.3 7.800000000000002 3.3502146660964476 5.286683229757917
26350 2996.3481649685295 0 3.4999999999999996 0.7 17.348488411271397 7.3 7.800000000000002 3.3502146660964476 5.286683229757917
26400 2996.3481649685295 0 3.4999999999999996 0.7 17.348488411271397 7.3 7.800000000000002 3.3502146660964476 5.286683229757917
26450 2996.3481649685295 0 3.4999999999999996 0.7 17.348488411271397 7.3 7.800000000000002 3.3502146660964476 5.286683229757917
26500 2996.3481649685295 0 3.4999999999999996 0.7 17.348488411271397 7.3 7.800000000000002 3.3502146660964476 5.286683229757917
26550 2996.3481649685295 0 3.4999999999999996 0.7 17.348488411271397 7.3 7.800000000000002 3.3502146660964476 5.286683229757917
26600 2996.3481649685295 0 3.4999999999999996 0.7 17.348488411271397 7.3 7.800000000000002 3.3502146660964476 5.286683229757917
26650 2996.3481649685295 0 3.4999999999999996 0.7 17.348488411271397 7.3 7.800000000000002 3.3502146660964476 5.286683229757917
26700 2996.3481649685295 0 3.4999999999999996 0.7 17.348488411271397 7.3 7.800000000000002 3.3502146660964476 5.286683229757917
26750 2996.3481649685295 0 3.4999999999999996 0.7 17.348488411271397 7.3 7.800000000000002 3.3502146660964476 5.286683229757917
26800 2996.3481649685295 0 3.4999999999999996 0.7 17.348488411271397 7.3 7.800000000000002 3.3502146660964476 5.286683229757917
26850 2996.3481649685295 0 3.4999999999999996 0.7 17.348488411271397 7.3 7.800000000000002 3.3502146660964476 5.286683229757917
26900 2996.3481649685295 0 3.4999999999999996 0.7 17.348488411271397 7.3 7.800000000000002 3.3502146660964476 5.286683229757917
26950 2996.3481649685295 0 3.4999999999999996 0.7 17.348488411271397 7.3 7.800000000000002 3.3502146660964476 5.286683229757917
27000 2996.3481649685295 0 3.4999999999999996 0.7 17.348488411271397 7.3 7.800000000000002 3.3502146660964476 5.286683229757917
27050 2996.3481649685295 0 3.4999999999999996 0.7 17.348488411271397 7.3 7.800000000000002 3.3502146660964476 5.286683229757917
27100 2996.3481649685295 0 3.4999999999999996 0.7 17.348488411271397 7.3 7.800000000000002 3.3502146660964476 5.286683229757917
27150 2996.3481649685295 0 3.4999999999999996 0.7 17.348488411271397 7.3 7.800000000000002 3.3502146660964476 5.286683229757917
27200 2996.3481649685295 0 3.4999999999999996 0.7 17.348488411271397 7.3 7.800000000000002 3.3502146660964476 5.286683229757917
27250 2996.3481649685295 0 3.4999999999999996 0.7 17.348488411271397 7.3 7.800000000000002 3.3502146660964476 5.286683229757917
27300 2996.3481649685295 0 3.4999999999999996 0.7 17.348488411271397 7.3 7.800000000000002 3.3502146660964476 5.286683229757917
27350 2996.3481649685295 0 3.4999999999999996 0.7 17.348488411271397 7.3 7.800000000000002 3.3502146660964476 5.286683229757917
27400 2996.3481649685295 0 3.4999999999999996 0.7 17.348488411271397 7.3 7.800000000000002 3.3502146660964476 5.286683229757917
27450 2996.3481649685295 0 3.4999999999999996 0.7 17.348488411271397 7.3 7.800000000000002 3.3502146660964476 5.286683229757917
27500 2996.3481649685295 0 3.4999999999999996 0.7 17.348488411271397 7.3 7.800000000000002 3.3502146660964476 5.286683229757917
27550 2996.3481649685295 0 3.4999999999999996 0.7 17.348488411271397 7.3 7.800000000000002 3.3502146660964476 5.286683229757917
27600 2996.3481649685295 0 3.4999999999999996 0.7 17.348488411271397 7.3 7.800000000000002 3.3502146660964476 5.286683229757917
27650 2996.3481649685295 0 3.4999999999999996 0.7 17.348488411271397 7.3 7.800000000000002 3.3502146660964476 5.286683229757917
27700 2996.3481649685295 0 3.4999999999999996 0.7 17.348488411271397 7.3 7.800000000000002 3.3502146660964476 5.286683229757917
27750 2996.3481649685295 0 3.4999999999999996 0.7 17.348488411271397 7.3 7.800000000000002 3.3502146660964476 5.286683229757917
27800 2996.3481649685295 0 3.4999999999999996 0.7 17.348488411271397 7.3 7.800000000000002 3.3502146660964476 5.286683229757917
27850 2996.3481649685295 0 3.4999999999999996 0.7 17.348488411271397 7.3 7.800000000000002 3.3502146660964476 5.286683229757917
27900 2996.3481649685295 0 3.4999999999999996 0.7 17.348488411271397 7.3 7.800000000000002 3.3502146660964476 5.286683229757917
27950 2996.3481649685295 0 3.4999999999999996 0.7 17.348488411271397 7.3 7.800000000000002 3.3502146660964476 5.286683229757917
28000 2996.3481649685295 0 3.4999999999999996 0.7 17.348488411271397 7.3 7.800000000000002 3.3502146660964476 5.286683229757917
28050 2996.3481649685295 0 3.4999999999999996 0.7 17.348488411271397 7.3 7.800000000000002 3.3502146660964476 5.286683229757917
28100 2996.3481649685295 0 3.4999999999999996 0.7 17.348488411271397 7.3 7.800000000000002 3.3502146660964476 5.286683229757917
28150 2996.3481649685295 0 3.4999999999999996 0.7 17.348488411271397 7.3 7.800000000000002 3.3502146660964476 5.286683229757917
28200 2996.3481649685295 0 3.4999999999999996 0.7 17.348488411271397 7.3 7.800000000000002 3.3502146660964476 5.286683229757917
28250 2996.3481649685295 0 3.4999999999999996 0.7 17.348488411271397 7.3 7.800000000000002 3.3502146660964476 5.286683229757917
28300 2996.3481649685295 0 3.4999999999999996 0.7 17.348488411271397 7.3 7.800000000000002 3.3502146660964476 5.286683229757917
28350 2996.3481649685295 0 3.4999999999999996 0.7 17.348488411271397 7.3 7.800000000000002 3.3502146660964476 5.286683229757917
28400 2996.3481649685295 0 3.4999999999999996 0.7 17.348488411271397 7.3 7.800000000000002 3.3502146660964476 5.286683229757917
28450 2996.3481649685295 0 3.4999999999999996 0.7 17.348488411271397 7.3 7.800000000000002 3.3502146660964476 5.286683229757917
28500 2996.3481649685295 0 3.4999999999999996 0.7 17.348488411271397 7.3 7.800000000000002 3.3502146660964476 5.286683229757917
28550 2996.3481649685295 0 3.4999999999999996 0.7 17.348488411271397 7.3 7.800000000000002 3.3502146660964476 5.286683229757917
28600 2996.3481649685295 0 3.4999999999999996 0.7 17.348488411271397 7.3 7.800000000000002 3.3502146660964476 5.286683229757917
28650 2996.3481649685295 0 3.4999999999999996 0.7 17.348488411271397 7.3 7.800000000000002 3.3502146660964476 5.286683229757917
28700 2996.3481649685295 0 3.4999999999999996 0.7 17.348488411271397 7.3 7.800000000000002 3.3502146660964476 5.286683229757917
28750 2996.3481649685295 0 3.4999999999999996 0.7 17.348488411271397 7.3 7.800000000000002 3.3502146660964476 5.286683229757917
28800 2996.3481649685295 0 3.4999999999999996 0.7 17.348488411271397 7.3 7.800000000000002 3.3502146660964476 5.286683229757917
28850 2996.3481649685295 0 3.4999999999999996 0.7 17.348488411271397 7.3 7.800000000000002 3.3502146660964476 5.286683229757917
28900 2996.3481649685295 0 3.4999999999999996 0.7 17.348488411271397 7.3 7.800000000000002 3.3502146660964476 5.286683229757917
28950 2996.3481649685295 0 3.4999999999999996 0.7 17.348488411271397 7.3 7.800000000000002 3.3502146660964476 5.286683229757917
29000 2996.3481649685295 0 3.4999999999999996 0.7 17.348488411271397 7.3 7.800000000000002 3.3502146660964476 5.286683229757917
29050 2996.3481649685295 0 3.4999999999999996 0.7 17.348488411271397 7.3 7.800000000000002 3.3502146660964476 5.286683229757917
29100 2996.3481649685295 0 3.4999999999999996 0.7 17.348488411271397 7.3 7.800000000000002 3.3502146660964476 5.286683229757917
29150 2996.3481649685295 0 3.4999999999999996 0.7 17.348488411271397 7.3 7.800000000000002 3.3502146660964476 5.286683229757917
29200 2996.3481649685295 0 3.4999999999999996 0.7 17.348488411271397 7.3 7.800000000000002 3.3502146660964476 5.286683229757917
29250 2996.3481649685295 0 3.4999999999999996 0.7 17.348488411271397 7.3 7.800000000000002 3.3502146660964476 5.286683229757917
29300 2996.3481649685295 0 3.4999999999999996 0.7 17.348488411271397 7.3 7.800000000000002 3.3502146660964476 5.286683229757917
29350 2996.3481649685295 0 3.4999999999999996 0.7 17.348488411271397 7.3 7.800000000000002 3.3502146660964476 5.286683229757917
29400 2996.3481649685295 0 3.4999999999999996 0.7 17.348488411271397 7.3 7.800000000000002 3.3502146660964476 5.286683229757917
29450 2996.3481649685295 0 3.4999999999999996 0.7 17.348488411271397 7.3 7.800000000000002 3.3502146660964476 5.286683229757917
29500 2996.3481649685295 0 3.4999999999999996 0.7 17.348488411271397 7.3 7.800000000000002 3.3502146660964476 5.286683229757917
29550 2996.3481649685295 0 3.4999999999999996 0.7 17.348488411271397 7.3 7.800000000000002 3.3502146660964476 5.286683229757917
29600 2996.3481649685295 0 3.4999999999999996 0.7 17.348488411271397 7.3 7.800000000000002 3.3502146660964476 5.286683229757917
29650 2996.3481649685295 0 3.4999999999999996 0.7 17.348488411271397 7.3 7.800000000000002 3.3502146660964476 5.286683229757917
29700 2996.3481649685295 0 3.4999999999999996 0.7 17.348488411271397 7.3 7.800000000000002 3.3502146660964476 5.286683229757917
29750 2996.3481649685295 0 3.4999999999999996 0.7 17.348488411271397 7.3 7.800000000000002 3.3502146660964476 5.286683229757917
29800 2996.3481649685295 0 3.4999999999999996 0.7 17.348488411271397 7.3 7.800000000000002 3.3502146660964476 5.286683229757917
29850 2996.3481649685295 0 3.4999999999999996 0.7 17.348488411271397 7.3 7.800000000000002 3.3502146660964476 5.286683229757917
29900 2996.3481649685295 0 3.4999999999999996 0.7 17.348488411271397 7.3 7.800000000000002 3.3502146660964476 5.286683229757917
29950 2996.3481649685295 0 3.4999999999999996 0.7 17.348488411271397 7.3 7.800000000000002 3.3502146660964476 5.286683229757917
30000 2996.3481649685295 0 3.4999999999999996 0.7 17.348488411271397 7.3 7.800000000000002 3.3502146660964476 5.286683229757917
30050 2996.3481649685295 0 3.4999999999999996 0.7 17.348488411271397 7.3 7.800000000000002 3.3502146660964476 5.286683229757917
30100 2996.3481649685295 0 3.4999999999999996 0.7 17.348488411271397 7.3 7.800000000000002 3.3502146660964476 5.286683229757917
30150 2996.3481649685295 0 3.4999999999999996 0.7 17.348488411271397 7.3 7.800000000000002 3.3502146660964476 5.286683229757917
30200 2996.3481649685295 0 3.4999999999999996 0.7 17.348488411271397 7.3 7.800000000000002 3.3502146660964476 5.286683229757917
30250 2996.3481649685295 0 3.4999999999999996 0.7 17.348488411271397 7.3 7.800000000000002 3.3502146660964476 5.286683229757917
30300 2996.3481649685295 0 3.4999999999999996 0.7 17.348488411271397 7.3 7.800000000000002 3.3502146660964476 5.286683229757917
30350 2996.3481649685295 0 3.4999999999999996 0.7 17.348488411271397 7.3 7.800000000000002 3.3502146660964476 5.286683229757917
30400 2996.3481649685295 0 3.4999999999999996 0.7 17.348488411271397 7.3 7.800000000000002 3.3502146660964476 5.286683229757917
30450 2996.3481649685295 0 3.4999999999999996 0.7 17.348488411271397 7.3 7.800000000000002 3.3502146660964476 5.286683229757917
30500 2996.3481649685295 0 3.4999999999999996 0.7 17.348488411271397 7.3 7.800000000000002 3.3502146660964476 5.286683229757917
30550 2996.3481649685295 0 3.4999999999999996 0.7 17.348488411271397 7.3 7.800000000000002 3.3502146660964476 5.286683229757917
30600 2996.3481649685295 0 3.4999999999999996 0.7 17.348488411271397 7.3 7.800000000000002 3.3502146660964476 5.286683229757917
30650 2996.3481649685295 0 3.4999999999999996 0.7 17.348488411271397 7.3 7.800000000000002 3.3502146660964476 5.286683229757917
30700 2996.3481649685295 0 3.4999999999999996 0.7 17.348488411271397 7.3 7.800000000000002 3.3502146660964476 5.286683229757917
30750 2996.3481649685295 0 3.4999999999999996 0.7 17.348488411271397 7.3 7.800000000000002 3.3502146660964476 5.286683229757917
30800 2996.3481649685295 0 3.4999999999999996 0.7 17.348488411271397 7.3 7.800000000000002 3.3502146660964476 5.286683229757917
30850 2996.3481649685295 0 3.4999999999999996 0.7 17.348488411271397 7.3 7.800000000000002 3.3502146660964476 5.286683229757917
30900 2996.3481649685295 0 3.4999999999999996 0.7 17.348488411271397 7.3 7.800000000000002 3.3502146660964476 5.286683229757917
30950 2996.3481649685295 0 3.4999999999999996 0.7 17.348488411271397 7.3 7.800000000000002 3.3502146660964476 5.286683229757917
31000 2996.3481649685295 0 3.4999999999999996 0.7 17.348488411271397 7.3 7.800000000000002 3.3502146660964476 5.286683229757917
31050 2996.3481649685295 0 3.4999999999999996 0.7 17.348488411271397 7.3 7.800000000000002 3.3502146660964476 5.286683229757917
31100 2996.3481649685295 0 3.4999999999999996 0.7 17.348488411271397 7.3 7.800000000000002 3.3502146660964476 5.286683229757917
31150 2996.3481649685295 0 3.4999999999999996 0.7 17.348488411271397 7.3 7.800000000000002 3.3502146660964476 5.286683229757917
31200 2996.3481649685295 0 3.4999999999999996 0.7 17.348488411271397 7.3 7.800000000000002 3.3502146660964476 5.286683229757917
31250 2996.3481649685295 0 3.4999999999999996 0.7 17.348488411271397 7.3 7.800000000000002 3.3502146660964476 5.286683229757917
31300 2996.3481649685295 0 3.4999999999999996 0.7 17.348488411271397 7.3 7.800000000000002 3.3502146660964476 5.286683229757917
31350 2996.3481649685295 0 3.4999999999999996 0.7 17.348488411271397 7.3 7.800000000000002 3.3502146660964476 5.286683229757917
31400 2996.3481649685295 0 3.4999999999999996 0.7 17.348488411271397 7.3 7.800000000000002 3.3502146660964476 5.286683229757917
31450 2996.3481649685295 0 3.4999999999999996 0.7 17.348488411271397 7.3 7.800000000000002 3.3502146660964476 5.286683229757917
31500 2996.3481649685295 0 3.4999999999999996 0.7 17.348488411271397 7.3 7.800000000000002 3.3502146660964476 5.286683229757917
31550 2996.3481649685295 0 3.4999999999999996 0.7 17.348488411271397 7.3 7.800000000000002 3.3502146660964476 5.286683229757917
31600 2996.3481649685295 0 3.4999999999999996 0.7 17.348488411271397 7.3 7.800000000000002 3.3502146660964476 5.286683229757917
31650 2996.3481649685295 0 3.4999999999999996 0.7 17.348488411271397 7.3 7.800000000000002 3.3502146660964476 5.286683229757917
31700 2996.3481649685295 0 3.4999999999999996 0.7 17.348488411271397 7.3 7.800000000000002 3.3502146660964476 5.286683229757917
31750 2996.3481649685295 0 3.4999999999999996 0.7 17.348488411271397 7.3 7.800000000000002 3.3502146660964476 5.286683229757917
31800 2996.3481649685295 0 3.4999999999999996 0.7 17.348488411271397 7.3 7.800000000000002 3.3502146660964476 5.286683229757917
31850 2996.3481649685295 0 3.4999999999999996 0.7 17.348488411271397 7.3 7.800000000000002 3.3502146660964476 5.286683229757917
31900 2996.3481649685295 0 3.4999999999999996 0.7 17.348488411271397 7.3 7.800000000000002 3.3502146660964476 5.286683229757917
31950 2996.3481649685295 0 3.4999999999999996 0.7 17.348488411271397 7.3 7.800000000000002 3.3502146660964476 5.286683229757917
32000 2996.3481649685295 0 3.4999999999999996 0.7 17.348488411271397 7.3 7.800000000000002 3.3502146660964476 5.286683229757917
32050 2996.3481649685295 0 3.4999999999999996 0.7 17.348488411271397 7.3 7.800000000000002 3.3502146660964476 5.286683229757917
32100 2996.3481649685295 0 3.4999999999999996 0.7 17.348488411271397 7.3 7.800000000000002 3.3502146660964476 5.286683229757917
32150 2996.3481649685295 0 3.4999999999999996 0.7 17.348488411271397 7.3 7.800000000000002 3.3502146660964476 5.286683229757917
32200 2996.3481649685295 0 3.4999999999999996 0.7 17.348488411271397 7.3 7.800000000000002 3.3502146660964476 5.286683229757917
32250 2996.3481649685295 0 3.4999999999999996 0.7 17.348488411271397 7.3 7.800000000000002 3.3502146660964476 5.286683229757917
32300 2996.3481649685295 0 3.4999999999999996 0.7 17.348488411271397 7.3 7.800000000000002 3.3502146660964476 5.286683229757917
32350 2996.3481649685295 0 3.4999999999999996 0.7 17.348488411271397 7.3 7.800000000000002 3.3502146660964476 5.286683229757917
32400 2996.3481649685295 0 3.4999999999999996 0.7 17.348488411271397 7.3 7.800000000000002 3.3502146660964476 5.286683229757917
32450 2996.3481649685295 0 3.4999999999999996 0.7 17.348488411271397 7.3 7.800000000000002 3.3502146660964476 5.286683229757917
32500 2996.3481649685295 0 3.4999999999999996 0.7 17.348488411271397 7.3 7.800000000000002 3.3502146660964476 5.286683229757917
32550 2996.3481649685295 0 3.4999999999999996 0.7 17.348488411271397 7.3 7.800000000000002 3.3502146660964476 5.286683229757917
32600 2996.3481649685295 0 3.4999999999999996 0.7 17.348488411271397 7.3 7.800000000000002 3.3502146660964476 5.286683229757917
32650 2996.3481649685295 0 3.4999999999999996 0.7 17.348488411271397 7.3 7.800000000000002 3.3502146660964476 5.286683229757917
32700 2996.3481649685295 0 3.4999999999999996 0.7 17.348488411271397 7.3 7.800000000000002 3.3502146660964476 5.286683229757917
32750 2996.3481649685295 0 3.4999999999999996 0.7 17.348488411271397 7.3 7.800000000000002 3.3502146660964476 5.286683229757917
32800 2996.3481649685295 0 3.4999999999999996 0.7 17.348488411271397 7.3 7.800000000000002 3.3502146660964476 5.286683229757917
32850 2996.3481649685295 0 3.4999999999999996 0.7 17.348488411271397 7.3 7.800000000000002 3.3502146660964476 5.286683229757917
32900 2996.3481649685295 0 3.4999999999999996 0.7 17.348488411271397 7.3 7.800000000000002 3.3502146660964476 5.286683229757917
32950 2996.3481649685295 0 3.4999999999999996 0.7 17.348488411271397 7.3 7.800000000000002 3.3502146660964476 5.286683229757917
33000 2996.3481649685295 0 3.4999999999999996 0.7 17.348488411271397 7.3 7.800000000000002 3.3502146660964476 5.286683229757917
33050 2996.3481649685295 0 3.4999999999999996 0.7 17.348488411271397 7.3 7.800000000000002 3.3502146660964476 5.286683229757917
33100 2996.3481649685295 0 3.4999999999999996 0.7 17.348488411271397 7.3 7.800000000000002 3.3502146660964476 5.286683229757917
33150 2996.3481649685295 0 3.4999999999999996 0.7 17.348488411271397 7.3 7.800000000000002 3.3502146660964476 5.286683229757917
33200 2996.3481649685295 0 3.4999999999999996 0.7 17.348488411271397 7.3 7.800000000000002 3.3502146660964476 5.286683229757917
33250 2996.3481649685295 0 3.4999999999999996 0.7 17.348488411271397 7.3 7.800000000000002 3.3502146660964476 5.286683229757917
33300 2996.3481649685295 0 3.4999999999999996 0.7 17.348488411271397 7.3 7.800000000000002 3.3502146660964476 5.286683229757917
33350 2996.3481649685295 0 3.4999999999999996 0.7 17.348488411271397 7.3 7.800000000000002 3.3502146660964476 5.286683229757917
33400 2996.3481649685295 0 3.4999999999999996 0.7 17.348488411271397 7.3 7.800000000000002 3.3502146660964476 5.286683229757917
33450 2996.3481649685295 0 3.4999999999999996 0.7 17.348488411271397 7.3 7.800000000000002 3.3502146660964476 5.286683229757917
33500 2996.3481649685295 0 3.4999999999999996 0.7 17.348488411271397 7.3 7.800000000000002 3.3502146660964476 5.286683229757917
33550 2996.3481649685295 0 3.4999999999999996 0.7 17.348488411271397 7.3 7.800000000000002 3.3502146660964476 5.286683229757917
33600 2996.3481649685295 0 3.4999999999999996 0.7 17.348488411271397 7.3 7.800000000000002 3.3502146660964476 5.286683229757917
33650 2996.3481649685295 0 3.4999999999999996 0.7 17.348488411271397 7.3 7.800000000000002 3.3502146660964476 5.286683229757917
33700 2996.3481649685295 0 3.4999999999999996 0.7 17.348488411271397 7.3 7.800000000000002 3.3502146660964476 5.286683229757917
33750 2996.3481649685295 0 3.4999999999999996 0.7 17.348488411271397 7.3 7.800000000000002 3.3502146660964476 5.286683229757917
33800 2996.3481649685295 0 3.4999999999999996 0.7 17.348488411271397 7.3 7.800000000000002 3.3502146660964476 5.286683229757917
33850 2996.3481649685295 0 3.4999999999999996 0.7 17.348488411271397 7.3 7.800000000000002 3.3502146660964476 5.286683229757917
33900 2996.3481649685295 0 3.4999999999999996 0.7 17.348488411271397 7.3 7.800000000000002 3.3502146660964476 5.286683229757917
33950 2996.3481649685295 0 3.4999999999999996 0.7 17.348488411271397 7.3 7.800000000000002 3.3502146660964476 5.286683229757917
34000 2996.3481649685295 0 3.4999999999999996 0.7 17.348488411271397 7.3 7.800000000000002 3.3502146660964476 5.286683229757917
34050 2996.3481649685295 0 3.4999999999999996 0.7 17.348488411271397 7.3 7.800000000000002 3.3502146660964476 5.286683229757917
34100 2996.3481649685295 0 3.4999999999999996 0.7 17.348488411271397 7.3 7.800000000000002 3.3502146660964476 5.286683229757917
34150 2996.3481649685295 0 3.4999999999999996 0.7 17.348488411271397 7.3 7.800000000000002 3.3502146660964476 5.286683229757917
34200 2996.3481649685295 0 3.4999999999999996 0.7 17.348488411271397 7.3 7.800000000000002 3.3502146660964476 5.286683229757917
34250 2996.3481649685295 0 3.4999999999999996 0.7 17.348488411271397 7.3 7.800000000000002 3.3502146660964476 5.286683229757917
34300 2996.3481649685295 0 3.4999999999999996 0.7 17.348488411271397 7.3 7.800000000000002 3.3502146660964476 5.286683229757917
34350 2996.3481649685295 0 3.4999999999999996 0.7 17.348488411271397 7.3 7.800000000000002 3.3502146660964476 5.286683229757917
34400 2996.3481649685295 0 3.4999999999999996 0.7 17.348488411271397 7.3 7.800000000000002 3.3502146660964476 5.286683229757917
34450 2996.3481649685295 0 3.4999999999999996 0.7 17.348488411271397 7.3 7.800000000000002 3.3502146660964476 5.286683229757917
34500 2996.3481649685295 0 3.4999999999999996 0.7 17.348488411271397 7.3 7.800000000000002 3.3502146660964476 5.286683229757917
34550 2996.3481649685295 0 3.4999999999999996 0.7 17.348488411271397 7.3 7.800000000000002 3.3502146660964476 5.286683229757917
34600 2996.3481649685295 0 3.4999999999999996 0.7 17.348488411271397 7.3 7.800000000000002 3.3502146660964476 5.286683229757917
34650 2996.3481649685295 0 3.4999999999999996 0.7 17.348488411271397 7.3 7.800000000000002 3.3502146660964476 5.286683229757917
34700 2996.3481649685295 0 3.4999999999999996 0.7 17.348488411271397 7.3 7.800000000000002 3.3502146660964476 5.286683229757917
34750 2996.3481649685295 0 3.4999999999999996 0.7 17.348488411271397 7.3 7.800000000000002 3.3502146660964476 5.286683229757917
34800 2996.3481649685295 0 3.4999999999999996 0.7 17.348488411271397 7.3 7.800000000000002 3.3502146660964476 5.286683229757917
34850 2996.3481649685295 0 3.4999999999999996 0.7 17.348488411271397 7.3 7.800000000000002 3.3502146660964476 5.286683229757917
34900 2996.3481649685295 0 3.4999999999999996 0.7 17.348488411271397 7.3 7.800000000000002 3.3502146660964476 5.286683229757917
34950 2996.3481649685295 0 3.4999999999999996 0.7 17.348488411271397 7.3 7.800000000000002 3.3502146660964476 5.286683229757917
35000 2996.3481649685295 0 3.4999999999999996 0.7 17.348488411271397 7.3 7.800000000000002 3.3502146660964476 5.286683229757917
35050 2996.3481649685295 0 3.4999999999999996 0.7 17.348488411271397 7.3 7.800000000000002 3.3502146660964476 5.286683229757917
35100 2996.3481649685295 0 3.4999999999999996 0.7 17.348488411271397 7.3 7.800000000000002 3.3502146660964476 5.286683229757917
35150 2996.3481649685295 0 3.4999999999999996 0.7 17.348488411271397 7.3 7.800000000000002 3.3502146660964476 5.286683229757917
35200 2996.3481649685295 0 3.4999999999999996 0.7 17.348488411271397 7.3 7.800000000000002 3.3502146660964476 5.286683229757917
35250 2996.3481649685295 0 3.4999999999999996 0.7 17.348488411271397 7.3 7.800000000000002 3.3502146660964476 5.286683229757917
35300 2996.3481649685295 0 3.4999999999999996 0.7 17.348488411271397 7.3 7.800000000000002 3.3502146660964476 5.286683229757917
35350 2996.3481649685295 0 3.4999999999999996 0.7 17.348488411271397 7.3 7.800000000000002 3.3502146660964476 5.286683229757917
35400 2996.3481649685295 0 3.4999999999999996 0.7 17.348488411271397 7.3 7.800000000000002 3.3502146660964476 5.286683229757917
35450 2996.3481649685295 0 3.4999999999999996 0.7 17.348488411271397 7.3 7.800000000000002 3.3502146660964476 5.286683229757917
35500 2996.3481649685295 0 3.4999999999999996 0.7 17.348488411271397 7.3 7.800000000000002 3.3502146660964476 5.286683229757917
35550 2996.3481649685295 0 3.4999999999999996 0.7 17.348488411271397 7.3 7.800000000000002 3.3502146660964476 5.286683229757917
35600 2996.3481649685295 0 3.4999999999999996 0.7 17.348488411271397 7.3 7.800000000000002 3.3502146660964476 5.286683229757917
35650 2996.3481649685295 0 3.4999999999999996 0.7 17.348488411271397 7.3 7.800000000000002 3.3502146660964476 5.286683229757917
35700 2996.3481649685295 0 3.4999999999999996 0.7 17.348488411271397 7.3 7.800000000000002 3.3502146660964476 5.286683229757917
35750 2996.3481649685295 0 3.4999999999999996 0.7 17.348488411271397 7.3 7.800000000000002 3.3502146660964476 5.286683229757917
35800 2996.3481649685295 0 3.4999999999999996 0.7 17.348488411271397 7.3 7.800000000000002 3.3502146660964476 5.286683229757917
35850 2996.3481649685295 0 3.4999999999999996 0.7 17.348488411271397 7.3 7.800000000000002 3.3502146660964476 5.286683229757917
35900 2996.3481649685295 0 3.4999999999999996 0.7 17.348488411271397 7.3 7.800000000000002 3.3502146660964476 5.286683229757917
35950 2996.3481649685295 0 3.4999999999999996 0.7 17.348488411271397 7.3 7.800000000000002 3.3502146660964476 5.286683229757917
*---*---*---*---*---*---*---*---*---*---*---*---*---*---*---*---*---*---*---*---*
Status: Finished
Last individual
2996.3481649685295 0 3.4999999999999996 0.7 17.348488411271397 7.3 7.800000000000002 3.3502146660964476 5.286683229757917
Hall of fame
2996.3481649685295 0 3.4999999999999996 0.7 17.088120860570033 7.3 7.800000000000003 3.3502146660964476 5.286683229757917
Last factible individual
2996.3481649685295 0 3.4999999999999996 0.7 17.348488411271397 7.3 7.800000000000002 3.3502146660964476 5.286683229757917
CPU time used (seconds)
3.5845377540008485
