*---*---*---*---*---*---*---*---*---*---*---*---*---*---*---*---*---*---*---*---*
Algorithm: Differential Evolution
Constrainth handling method: DEB
Function: 22
Case: continuous
Seed: 1
Parents size: 50
Offsprings size: 50
maxFe: 36000
CR: 0.9
F: 0.6
rweights: -
*---*---*---*---*---*---*---*---*---*---*---*---*---*---*---*---*---*---*---*---*
ngen ObjectiveFunction ViolationSum ProjectVariables
50 3133.2056940840894 0 3.562290282232364 0.7 17 8.013797199945461 8.19388171768183 3.4688579907047155 5.387795302899665
100 3133.2056940840894 0 3.562290282232364 0.7 17 8.013797199945461 8.19388171768183 3.4688579907047155 5.387795302899665
150 3133.2056940840894 0 3.562290282232364 0.7 17 8.013797199945461 8.19388171768183 3.4688579907047155 5.387795302899665
200 3133.2056940840894 0 3.562290282232364 0.7 17 8.013797199945461 8.19388171768183 3.4688579907047155 5.387795302899665
250 3133.2056940840894 0 3.562290282232364 0.7 17 8.013797199945461 8.19388171768183 3.4688579907047155 5.387795302899665
300 3133.2056940840894 0 3.562290282232364 0.7 17 8.013797199945461 8.19388171768183 3.4688579907047155 5.387795302899665
350 3133.2056940840894 0 3.562290282232364 0.7 17 8.013797199945461 8.19388171768183 3.4688579907047155 5.387795302899665
400 3123.2711494438 0 3.6 0.7 17.230976 8.3 7.853104538179995 3.3948765497992417 5.388594521295966
450 3067.5436725854806 0 3.6 0.7 17 8.3 7.8 3.35573350518042 5.320627661816896
500 3067.5436725854806 0 3.6 0.7 17 8.3 7.8 3.35573350518042 5.320627661816896
550 3067.5436725854806 0 3.6 0.7 17 8.3 7.8 3.35573350518042 5.320627661816896
600 3051.607050939848 0 3.5170350836124715 0.7 17 7.653086368398355 8.3 3.3568538995196766 5.337421482959128
650 3023.1994383498554 0 3.512511332399847 0.7 17 7.625649020984474 8.3 3.372714829735221 5.290248192675142
700 3023.1994383498554 0 3.512511332399847 0.7 17 7.625649020984474 8.3 3.372714829735221 5.290248192675142
750 3023.1994383498554 0 3.512511332399847 0.7 17 7.625649020984474 8.3 3.372714829735221 5.290248192675142
800 3023.1994383498554 0 3.512511332399847 0.7 17 7.625649020984474 8.3 3.372714829735221 5.290248192675142
850 3023.1994383498554 0 3.512511332399847 0.7 17 7.625649020984474 8.3 3.372714829735221 5.290248192675142
900 3023.1994383498554 0 3.512511332399847 0.7 17 7.625649020984474 8.3 3.372714829735221 5.290248192675142
950 3023.1994383498554 0 3.512511332399847 0.7 17 7.625649020984474 8.3 3.372714829735221 5.290248192675142
1000 3023.1994383498554 0 3.512511332399847 0.7 17 7.625649020984474 8.3 3.372714829735221 5.290248192675142
1050 3023.1994383498554 0 3.512511332399847 0.7 17 7.625649020984474 8.3 3.372714829735221 5.290248192675142
1100 3023.1994383498554 0 3.512511332399847 0.7 17 7.625649020984474 8.3 3.372714829735221 5.290248192675142
1150 3023.1994383498554 0 3.512511332399847 0.7 17 7.625649020984474 8.3 3.372714829735221 5.290248192675142
1200 3023.1994383498554 0 3.512511332399847 0.7 17 7.625649020984474 8.3 3.372714829735221 5.290248192675142
1250 3013.5505526081597 0 3.5167770137446905 0.7007233240405413 17.0059913216 7.564878314144568 7.8 3.3568538995196766 5.291851767507014
1300 3013.5505526081597 0 3.5167770137446905 0.7007233240405413 17.0059913216 7.564878314144568 7.8 3.3568538995196766 5.291851767507014
1350 3013.5505526081597 0 3.5167770137446905 0.7007233240405413 17.0059913216 7.564878314144568 7.8 3.3568538995196766 5.291851767507014
1400 3013.5505526081597 0 3.5167770137446905 0.7007233240405413 17.0059913216 7.564878314144568 7.8 3.3568538995196766 5.291851767507014
1450 3013.5505526081597 0 3.5167770137446905 0.7007233240405413 17.0059913216 7.564878314144568 7.8 3.3568538995196766 5.291851767507014
1500 3013.5505526081597 0 3.5167770137446905 0.7007233240405413 17.0059913216 7.564878314144568 7.8 3.3568538995196766 5.291851767507014
1550 3013.5505526081597 0 3.5167770137446905 0.7007233240405413 17.0059913216 7.564878314144568 7.8 3.3568538995196766 5.291851767507014
1600 3013.5505526081597 0 3.5167770137446905 0.7007233240405413 17.0059913216 7.564878314144568 7.8 3.3568538995196766 5.291851767507014
1650 3013.5505526081597 0 3.5167770137446905 0.7007233240405413 17.0059913216 7.564878314144568 7.8 3.3568538995196766 5.291851767507014
1700 3013.5505526081597 0 3.5167770137446905 0.7007233240405413 17.0059913216 7.564878314144568 7.8 3.3568538995196766 5.291851767507014
1750 3013.5505526081597 0 3.5167770137446905 0.7007233240405413 17.0059913216 7.564878314144568 7.8 3.3568538995196766 5.291851767507014
1800 3013.5505526081597 0 3.5167770137446905 0.7007233240405413 17.0059913216 7.564878314144568 7.8 3.3568538995196766 5.291851767507014
1850 3013.5505526081597 0 3.5167770137446905 0.7007233240405413 17.0059913216 7.564878314144568 7.8 3.3568538995196766 5.291851767507014
1900 3013.5505526081597 0 3.5167770137446905 0.7007233240405413 17.0059913216 7.564878314144568 7.8 3.3568538995196766 5.291851767507014
1950 3013.5505526081597 0 3.5167770137446905 0.7007233240405413 17.0059913216 7.564878314144568 7.8 3.3568538995196766 5.291851767507014
2000 3013.5505526081597 0 3.5167770137446905 0.7007233240405413 17.0059913216 7.564878314144568 7.8 3.3568538995196766 5.291851767507014
2050 3013.5505526081597 0 3.5167770137446905 0.7007233240405413 17.0059913216 7.564878314144568 7.8 3.3568538995196766 5.291851767507014
2100 3011.969915290227 0 3.5094502030418866 0.7007233240405413 17.003834445823998 7.3 7.8 3.38022365773344 5.2881270601535295
2150 3010.249011621681 0 3.5178153777040797 0.7001666316121445 17.0023006674944 7.3 7.8 3.360440003938139 5.292238046101817
2200 3008.9605288399985 0 3.5140646196086784 0.7001943721984074 17.051561454141442 7.3968184894263835 7.8 3.360655798706512 5.290895298510841
2250 3008.8530857694013 0 3.5064359494488926 0.7 17.0059913216 7.450647392911254 7.971367864406527 3.358509308903962 5.29101424286458
2300 3008.8530857694013 0 3.5064359494488926 0.7 17.0059913216 7.450647392911254 7.971367864406527 3.358509308903962 5.29101424286458
2350 3008.2879284801484 0 3.511152554571571 0.7001893725826392 17.051561454141442 7.3512492938986265 7.864271212361902 3.362497173563791 5.289345378491578
2400 3005.132743591238 0 3.5059890231150437 0.7001415659703403 17.030936872484865 7.3 7.8 3.354460153985414 5.294077787276813
2450 3003.384790382306 0 3.503773878424807 0.7 17.06187374496973 7.3 7.8 3.3587164047762674 5.291997427493669
2500 3002.744132619992 0 3.502332549234105 0.7 17.06187374496973 7.3 7.8787705321041495 3.3585388191854673 5.28923370942337
2550 3002.2495039197574 0 3.50495227709223 0.7 17.06187517155345 7.3 7.820305084840447 3.3558431655310925 5.289942058280022
2600 2999.2722807631226 0 3.5015439654487612 0.7 17.06546996451345 7.353497531831676 7.8 3.355565529965728 5.287436182741521
2650 2999.2722807631226 0 3.5015439654487612 0.7 17.06546996451345 7.353497531831676 7.8 3.355565529965728 5.287436182741521
2700 2999.2722807631226 0 3.5015439654487612 0.7 17.06546996451345 7.353497531831676 7.8 3.355565529965728 5.287436182741521
2750 2999.2722807631226 0 3.5015439654487612 0.7 17.06546996451345 7.353497531831676 7.8 3.355565529965728 5.287436182741521
2800 2997.685138814454 0 3.502060676904952 0.700067196593309 17.084571049462465 7.3 7.8 3.3505890897799064 5.286885061869898
2850 2997.685138814454 0 3.502060676904952 0.700067196593309 17.084571049462465 7.3 7.8 3.3505890897799064 5.286885061869898
2900 2997.685138814454 0 3.502060676904952 0.700067196593309 17.084571049462465 7.3 7.8 3.3505890897799064 5.286885061869898
2950 2997.685138814454 0 3.502060676904952 0.700067196593309 17.084571049462465 7.3 7.8 3.3505890897799064 5.286885061869898
3000 2997.685138814454 0 3.502060676904952 0.700067196593309 17.084571049462465 7.3 7.8 3.3505890897799064 5.286885061869898
3050 2997.685138814454 0 3.502060676904952 0.700067196593309 17.084571049462465 7.3 7.8 3.3505890897799064 5.286885061869898
3100 2997.685138814454 0 3.502060676904952 0.700067196593309 17.084571049462465 7.3 7.8 3.3505890897799064 5.286885061869898
3150 2997.685138814454 0 3.502060676904952 0.700067196593309 17.084571049462465 7.3 7.8 3.3505890897799064 5.286885061869898
3200 2997.685138814454 0 3.502060676904952 0.700067196593309 17.084571049462465 7.3 7.8 3.3505890897799064 5.286885061869898
3250 2997.685138814454 0 3.502060676904952 0.700067196593309 17.084571049462465 7.3 7.8 3.3505890897799064 5.286885061869898
3300 2997.685138814454 0 3.502060676904952 0.700067196593309 17.084571049462465 7.3 7.8 3.3505890897799064 5.286885061869898
3350 2997.685138814454 0 3.502060676904952 0.700067196593309 17.084571049462465 7.3 7.8 3.3505890897799064 5.286885061869898
3400 2997.685138814454 0 3.502060676904952 0.700067196593309 17.084571049462465 7.3 7.8 3.3505890897799064 5.286885061869898
3450 2997.685138814454 0 3.502060676904952 0.700067196593309 17.084571049462465 7.3 7.8 3.3505890897799064 5.286885061869898
3500 2997.685138814454 0 3.502060676904952 0.700067196593309 17.084571049462465 7.3 7.8 3.3505890897799064 5.286885061869898
3550 2997.685138814454 0 3.502060676904952 0.700067196593309 17.084571049462465 7.3 7.8 3.3505890897799064 5.286885061869898
3600 2997.685138814454 0 3.502060676904952 0.700067196593309 17.084571049462465 7.3 7.8 3.3505890897799064 5.286885061869898
3650 2997.411935341754 0 3.5004773235053688 0.7000111893825524 17.006194679606512 7.3 7.802815783324911 3.3522995196633496 5.287048464547645
3700 2997.331585043997 0 3.5005632983057784 0.7000367424755477 17.01706056267731 7.317700508756047 7.8 3.350657129062148 5.287197810323951
3750 2997.331585043997 0 3.5005632983057784 0.7000367424755477 17.01706056267731 7.317700508756047 7.8 3.350657129062148 5.287197810323951
3800 2997.331585043997 0 3.5005632983057784 0.7000367424755477 17.01706056267731 7.317700508756047 7.8 3.350657129062148 5.287197810323951
3850 2997.279858140459 0 3.500659937539221 0.7 17.044497895773855 7.309459443247045 7.80530206719484 3.351672246840751 5.286842097395631
3900 2997.279858140459 0 3.500659937539221 0.7 17.044497895773855 7.309459443247045 7.80530206719484 3.351672246840751 5.286842097395631
3950 2997.279858140459 0 3.500659937539221 0.7 17.044497895773855 7.309459443247045 7.80530206719484 3.351672246840751 5.286842097395631
4000 2997.279858140459 0 3.500659937539221 0.7 17.044497895773855 7.309459443247045 7.80530206719484 3.351672246840751 5.286842097395631
4050 2997.279858140459 0 3.500659937539221 0.7 17.044497895773855 7.309459443247045 7.80530206719484 3.351672246840751 5.286842097395631
4100 2997.279621952476 0 3.500405286468302 0.7000196015601308 17.0429900488373 7.3195395020759 7.801171632821205 3.352111699238624 5.286686103389045
4150 2996.9995713570042 0 3.5008464267355897 0.7 17.02924976970402 7.3 7.8 3.3503711361440893 5.287122036709694
4200 2996.9995713570042 0 3.5008464267355897 0.7 17.02924976970402 7.3 7.8 3.3503711361440893 5.287122036709694
4250 2996.7847429040858 0 3.500070732474975 0.7000127419352293 17.062067408185314 7.3 7.8075443381731935 3.350935696651207 5.286686103389045
4300 2996.7847429040858 0 3.500070732474975 0.7000127419352293 17.062067408185314 7.3 7.8075443381731935 3.350935696651207 5.286686103389045
4350 2996.7847429040858 0 3.500070732474975 0.7000127419352293 17.062067408185314 7.3 7.8075443381731935 3.350935696651207 5.286686103389045
4400 2996.7847429040858 0 3.500070732474975 0.7000127419352293 17.062067408185314 7.3 7.8075443381731935 3.350935696651207 5.286686103389045
4450 2996.7847429040858 0 3.500070732474975 0.7000127419352293 17.062067408185314 7.3 7.8075443381731935 3.350935696651207 5.286686103389045
4500 2996.6938285099745 0 3.5002386780861006 0.7 17 7.302386906741867 7.8 3.3503865694551407 5.28697736389823
4550 2996.6938285099745 0 3.5002386780861006 0.7 17 7.302386906741867 7.8 3.3503865694551407 5.28697736389823
4600 2996.6938285099745 0 3.5002386780861006 0.7 17 7.302386906741867 7.8 3.3503865694551407 5.28697736389823
4650 2996.644124998438 0 3.5000648471458167 0.7000086295992353 17.045617177524807 7.3 7.8 3.3508241100700378 5.2868029822757086
4700 2996.644124998438 0 3.5000648471458167 0.7000086295992353 17.045617177524807 7.3 7.8 3.3508241100700378 5.2868029822757086
4750 2996.644124998438 0 3.5000648471458167 0.7000086295992353 17.045617177524807 7.3 7.8 3.3508241100700378 5.2868029822757086
4800 2996.6044362087355 0 3.500034154080248 0.7000051777595412 17.110895225271292 7.301287849091807 7.8006091155632715 3.3507048811599023 5.286792967363101
4850 2996.59345255946 0 3.500070696246921 0.7 17.004994929491335 7.3 7.802970954120904 3.3507445506506666 5.286710349926522
4900 2996.59345255946 0 3.500070696246921 0.7 17.004994929491335 7.3 7.802970954120904 3.3507445506506666 5.286710349926522
4950 2996.59345255946 0 3.500070696246921 0.7 17.004994929491335 7.3 7.802970954120904 3.3507445506506666 5.286710349926522
5000 2996.590735086532 0 3.500263855098319 0.7 17.15994152014104 7.306959707574309 7.801526066366347 3.3503132501316455 5.286713037781829
5050 2996.5811330847796 0 3.500034154080248 0.7000047895606453 17.075691381349046 7.304640531569176 7.8 3.3507021865225326 5.286734703224452
5100 2996.5811330847796 0 3.500034154080248 0.7000047895606453 17.075691381349046 7.304640531569176 7.8 3.3507021865225326 5.286734703224452
5150 2996.5811330847796 0 3.500034154080248 0.7000047895606453 17.075691381349046 7.304640531569176 7.8 3.3507021865225326 5.286734703224452
5200 2996.566590514267 0 3.500034154080248 0.7 17.011337434529704 7.304940450712723 7.8 3.350429450189489 5.286851028252411
5250 2996.454995631785 0 3.500075256793174 0.7000039515979499 17.110054506372 7.303224106936609 7.8 3.350227949054171 5.286726643980267
5300 2996.454995631785 0 3.500075256793174 0.7000039515979499 17.110054506372 7.303224106936609 7.8 3.350227949054171 5.286726643980267
5350 2996.454995631785 0 3.500075256793174 0.7000039515979499 17.110054506372 7.303224106936609 7.8 3.350227949054171 5.286726643980267
5400 2996.454995631785 0 3.500075256793174 0.7000039515979499 17.110054506372 7.303224106936609 7.8 3.350227949054171 5.286726643980267
5450 2996.454995631785 0 3.500075256793174 0.7000039515979499 17.110054506372 7.303224106936609 7.8 3.350227949054171 5.286726643980267
5500 2996.454995631785 0 3.500075256793174 0.7000039515979499 17.110054506372 7.303224106936609 7.8 3.350227949054171 5.286726643980267
5550 2996.454995631785 0 3.500075256793174 0.7000039515979499 17.110054506372 7.303224106936609 7.8 3.350227949054171 5.286726643980267
5600 2996.453549253771 0 3.5000406290214894 0.700003306598985 17 7.300766529134957 7.8 3.350282179451785 5.286762672664922
5650 2996.453549253771 0 3.5000406290214894 0.700003306598985 17 7.300766529134957 7.8 3.350282179451785 5.286762672664922
5700 2996.453549253771 0 3.5000406290214894 0.700003306598985 17 7.300766529134957 7.8 3.350282179451785 5.286762672664922
5750 2996.453549253771 0 3.5000406290214894 0.700003306598985 17 7.300766529134957 7.8 3.350282179451785 5.286762672664922
5800 2996.4338348838514 0 3.5000391018426757 0.7 17.069738966022925 7.3 7.800528961274579 3.3504219249560134 5.286692474984634
5850 2996.4338348838514 0 3.5000391018426757 0.7 17.069738966022925 7.3 7.800528961274579 3.3504219249560134 5.286692474984634
5900 2996.4338348838514 0 3.5000391018426757 0.7 17.069738966022925 7.3 7.800528961274579 3.3504219249560134 5.286692474984634
5950 2996.424755150599 0 3.500074517099426 0.7 17.084260298391722 7.300766529134957 7.8007242450036935 3.35029377831014 5.286690313539664
6000 2996.4210659830565 0 3.5000296725476323 0.7000033623680519 17.079681582826044 7.3 7.8002572963798515 3.3503239995791403 5.286702951597257
6050 2996.4210659830565 0 3.5000296725476323 0.7000033623680519 17.079681582826044 7.3 7.8002572963798515 3.3503239995791403 5.286702951597257
6100 2996.4165504458124 0 3.5000542086048956 0.7000011635295577 17 7.30060968717363 7.801102757294911 3.350249439861571 5.2866885650202455
6150 2996.398781114586 0 3.500016962966437 0.7000004284163592 17.08080967047788 7.3 7.800155686613653 3.35024337551462 5.286732421548594
6200 2996.398781114586 0 3.500016962966437 0.7000004284163592 17.08080967047788 7.3 7.800155686613653 3.35024337551462 5.286732421548594
6250 2996.398781114586 0 3.500016962966437 0.7000004284163592 17.08080967047788 7.3 7.800155686613653 3.35024337551462 5.286732421548594
6300 2996.398781114586 0 3.500016962966437 0.7000004284163592 17.08080967047788 7.3 7.800155686613653 3.35024337551462 5.286732421548594
6350 2996.388817920599 0 3.5000246249165388 0.7000020649172017 17.14360441210988 7.300311035715781 7.800013456932053 3.3502269778043567 5.2867075645327395
6400 2996.3838262142517 0 3.5000137425475963 0.7000009819005054 17.041238252859163 7.3010134586903686 7.8 3.350264507865476 5.286689819590246
6450 2996.3838262142517 0 3.5000137425475963 0.7000009819005054 17.041238252859163 7.3010134586903686 7.8 3.350264507865476 5.286689819590246
6500 2996.3838262142517 0 3.5000137425475963 0.7000009819005054 17.041238252859163 7.3010134586903686 7.8 3.350264507865476 5.286689819590246
6550 2996.3623224285243 0 3.500019671549811 0.7 17.12000803211488 7.300186621429469 7.8 3.350216949605764 5.286689840224659
6600 2996.3623224285243 0 3.500019671549811 0.7 17.12000803211488 7.300186621429469 7.8 3.350216949605764 5.286689840224659
6650 2996.3623224285243 0 3.500019671549811 0.7 17.12000803211488 7.300186621429469 7.8 3.350216949605764 5.286689840224659
6700 2996.3623224285243 0 3.500019671549811 0.7 17.12000803211488 7.300186621429469 7.8 3.350216949605764 5.286689840224659
6750 2996.3623224285243 0 3.500019671549811 0.7 17.12000803211488 7.300186621429469 7.8 3.350216949605764 5.286689840224659
6800 2996.3623224285243 0 3.500019671549811 0.7 17.12000803211488 7.300186621429469 7.8 3.350216949605764 5.286689840224659
6850 2996.3623224285243 0 3.500019671549811 0.7 17.12000803211488 7.300186621429469 7.8 3.350216949605764 5.286689840224659
6900 2996.3623224285243 0 3.500019671549811 0.7 17.12000803211488 7.300186621429469 7.8 3.350216949605764 5.286689840224659
6950 2996.3584297749526 0 3.500004040353657 0.7 17.151922872618194 7.300274964302065 7.8 3.35022813077725 5.286687668166322
7000 2996.3584297749526 0 3.500004040353657 0.7 17.151922872618194 7.300274964302065 7.8 3.35022813077725 5.286687668166322
7050 2996.3584297749526 0 3.500004040353657 0.7 17.151922872618194 7.300274964302065 7.8 3.35022813077725 5.286687668166322
7100 2996.3584297749526 0 3.500004040353657 0.7 17.151922872618194 7.300274964302065 7.8 3.35022813077725 5.286687668166322
7150 2996.3584297749526 0 3.500004040353657 0.7 17.151922872618194 7.300274964302065 7.8 3.35022813077725 5.286687668166322
7200 2996.3584297749526 0 3.500004040353657 0.7 17.151922872618194 7.300274964302065 7.8 3.35022813077725 5.286687668166322
7250 2996.3584297749526 0 3.500004040353657 0.7 17.151922872618194 7.300274964302065 7.8 3.35022813077725 5.286687668166322
7300 2996.3584297749526 0 3.500004040353657 0.7 17.151922872618194 7.300274964302065 7.8 3.35022813077725 5.286687668166322
7350 2996.3584297749526 0 3.500004040353657 0.7 17.151922872618194 7.300274964302065 7.8 3.35022813077725 5.286687668166322
7400 2996.3584297749526 0 3.500004040353657 0.7 17.151922872618194 7.300274964302065 7.8 3.35022813077725 5.286687668166322
7450 2996.3577826515834 0 3.500002883169681 0.7 17 7.3 7.8 3.3502222402307313 5.286693537233461
7500 2996.3577826515834 0 3.500002883169681 0.7 17 7.3 7.8 3.3502222402307313 5.286693537233461
7550 2996.3577826515834 0 3.500002883169681 0.7 17 7.3 7.8 3.3502222402307313 5.286693537233461
7600 2996.356904654938 0 3.500005866587716 0.7 17.151284966311326 7.300162523509839 7.800005147182908 3.350216748071712 5.286690084360984
7650 2996.356904654938 0 3.500005866587716 0.7 17.151284966311326 7.300162523509839 7.800005147182908 3.350216748071712 5.286690084360984
7700 2996.355507784371 0 3.5000063456521313 0.7 17.168866076697732 7.300095339795231 7.8 3.350215206968077 5.286689318471579
7750 2996.354331333193 0 3.500004990051267 0.7000002724081203 17 7.3 7.8 3.350221419075513 5.28668520255934
7800 2996.354331333193 0 3.500004990051267 0.7000002724081203 17 7.3 7.8 3.350221419075513 5.28668520255934
7850 2996.3541705217553 0 3.5000058458984147 0.7 17.000409539037992 7.300010580448976 7.8 3.3502160987594234 5.286688341891112
7900 2996.3541705217553 0 3.5000058458984147 0.7 17.000409539037992 7.300010580448976 7.8 3.3502160987594234 5.286688341891112
7950 2996.3541705217553 0 3.5000058458984147 0.7 17.000409539037992 7.300010580448976 7.8 3.3502160987594234 5.286688341891112
8000 2996.3541705217553 0 3.5000058458984147 0.7 17.000409539037992 7.300010580448976 7.8 3.3502160987594234 5.286688341891112
8050 2996.3541705217553 0 3.5000058458984147 0.7 17.000409539037992 7.300010580448976 7.8 3.3502160987594234 5.286688341891112
8100 2996.353643689111 0 3.5000019877961885 0.7000002502597644 17.23458524440911 7.3 7.8000482055785545 3.35021993033111 5.286685065542982
8150 2996.3523655310532 0 3.500000479961326 0.7 17.14619849928895 7.3 7.8 3.350221239806977 5.28668690425997
8200 2996.3523655310532 0 3.500000479961326 0.7 17.14619849928895 7.3 7.8 3.350221239806977 5.28668690425997
8250 2996.3523655310532 0 3.500000479961326 0.7 17.14619849928895 7.3 7.8 3.350221239806977 5.28668690425997
8300 2996.3519944003956 0 3.500002459474532 0.7000001324786115 17.147704402778913 7.3 7.800010017415068 3.350217346617061 5.28668537114424
8350 2996.3519944003956 0 3.500002459474532 0.7000001324786115 17.147704402778913 7.3 7.800010017415068 3.350217346617061 5.28668537114424
8400 2996.3499733114168 0 3.5000021557874255 0.7000000271622803 17 7.3 7.8 3.3502163960552998 5.286683855611075
8450 2996.3499733114168 0 3.5000021557874255 0.7000000271622803 17 7.3 7.8 3.3502163960552998 5.286683855611075
8500 2996.3499733114168 0 3.5000021557874255 0.7000000271622803 17 7.3 7.8 3.3502163960552998 5.286683855611075
8550 2996.3499733114168 0 3.5000021557874255 0.7000000271622803 17 7.3 7.8 3.3502163960552998 5.286683855611075
8600 2996.3499733114168 0 3.5000021557874255 0.7000000271622803 17 7.3 7.8 3.3502163960552998 5.286683855611075
8650 2996.349303786002 0 3.5000004917173313 0.7000000062501122 17.364516195906265 7.3 7.800013717773569 3.3502147217607585 5.286684176586086
8700 2996.349303786002 0 3.5000004917173313 0.7000000062501122 17.364516195906265 7.3 7.800013717773569 3.3502147217607585 5.286684176586086
8750 2996.349303786002 0 3.5000004917173313 0.7000000062501122 17.364516195906265 7.3 7.800013717773569 3.3502147217607585 5.286684176586086
8800 2996.349303786002 0 3.5000004917173313 0.7000000062501122 17.364516195906265 7.3 7.800013717773569 3.3502147217607585 5.286684176586086
8850 2996.349303786002 0 3.5000004917173313 0.7000000062501122 17.364516195906265 7.3 7.800013717773569 3.3502147217607585 5.286684176586086
8900 2996.349303786002 0 3.5000004917173313 0.7000000062501122 17.364516195906265 7.3 7.800013717773569 3.3502147217607585 5.286684176586086
8950 2996.349303786002 0 3.5000004917173313 0.7000000062501122 17.364516195906265 7.3 7.800013717773569 3.3502147217607585 5.286684176586086
9000 2996.349303786002 0 3.5000004917173313 0.7000000062501122 17.364516195906265 7.3 7.800013717773569 3.3502147217607585 5.286684176586086
9050 2996.349303786002 0 3.5000004917173313 0.7000000062501122 17.364516195906265 7.3 7.800013717773569 3.3502147217607585 5.286684176586086
9100 2996.349303786002 0 3.5000004917173313 0.7000000062501122 17.364516195906265 7.3 7.800013717773569 3.3502147217607585 5.286684176586086
9150 2996.349303786002 0 3.5000004917173313 0.7000000062501122 17.364516195906265 7.3 7.800013717773569 3.3502147217607585 5.286684176586086
9200 2996.349303786002 0 3.5000004917173313 0.7000000062501122 17.364516195906265 7.3 7.800013717773569 3.3502147217607585 5.286684176586086
9250 2996.349303786002 0 3.5000004917173313 0.7000000062501122 17.364516195906265 7.3 7.800013717773569 3.3502147217607585 5.286684176586086
9300 2996.349303786002 0 3.5000004917173313 0.7000000062501122 17.364516195906265 7.3 7.800013717773569 3.3502147217607585 5.286684176586086
9350 2996.349303786002 0 3.5000004917173313 0.7000000062501122 17.364516195906265 7.3 7.800013717773569 3.3502147217607585 5.286684176586086
9400 2996.3490678293133 0 3.500000312490881 0.7 17 7.300045802557592 7.8 3.3502155477210565 5.2866834682783255
9450 2996.3490678293133 0 3.500000312490881 0.7 17 7.300045802557592 7.8 3.3502155477210565 5.2866834682783255
9500 2996.3490678293133 0 3.500000312490881 0.7 17 7.300045802557592 7.8 3.3502155477210565 5.2866834682783255
9550 2996.3490678293133 0 3.500000312490881 0.7 17 7.300045802557592 7.8 3.3502155477210565 5.2866834682783255
9600 2996.3490678293133 0 3.500000312490881 0.7 17 7.300045802557592 7.8 3.3502155477210565 5.2866834682783255
9650 2996.3489968616236 0 3.5000005701865367 0.7 17.224451750020815 7.300015680751269 7.800002212744251 3.3502151936186726 5.286683680583132
9700 2996.3489968616236 0 3.5000005701865367 0.7 17.224451750020815 7.300015680751269 7.800002212744251 3.3502151936186726 5.286683680583132
9750 2996.3489968616236 0 3.5000005701865367 0.7 17.224451750020815 7.300015680751269 7.800002212744251 3.3502151936186726 5.286683680583132
9800 2996.3489968616236 0 3.5000005701865367 0.7 17.224451750020815 7.300015680751269 7.800002212744251 3.3502151936186726 5.286683680583132
9850 2996.348885917796 0 3.500000145225259 0.7 17.0 7.30002097577803 7.800007642059845 3.350215643494835 5.286683327516186
9900 2996.348885917796 0 3.500000145225259 0.7 17.0 7.30002097577803 7.800007642059845 3.350215643494835 5.286683327516186
9950 2996.348880128256 0 3.5000005613760554 0.7 17.364516195906265 7.300005010952449 7.800003205962321 3.3502157964177957 5.286683374529886
10000 2996.348499058004 0 3.5000003004071756 0.7 17 7.3 7.8 3.3502146899587575 5.286683559997765
10050 2996.348499058004 0 3.5000003004071756 0.7 17 7.3 7.8 3.3502146899587575 5.286683559997765
10100 2996.348499058004 0 3.5000003004071756 0.7 17 7.3 7.8 3.3502146899587575 5.286683559997765
10150 2996.3483348716627 0 3.500000160503103 0.7000000065848802 17.008339156053303 7.3 7.8 3.350214926437628 5.286683246682076
10200 2996.3483348716627 0 3.500000160503103 0.7000000065848802 17.008339156053303 7.3 7.8 3.350214926437628 5.286683246682076
10250 2996.3483348716627 0 3.500000160503103 0.7000000065848802 17.008339156053303 7.3 7.8 3.350214926437628 5.286683246682076
10300 2996.3483348716627 0 3.500000160503103 0.7000000065848802 17.008339156053303 7.3 7.8 3.350214926437628 5.286683246682076
10350 2996.3483348716627 0 3.500000160503103 0.7000000065848802 17.008339156053303 7.3 7.8 3.350214926437628 5.286683246682076
10400 2996.3483348716627 0 3.500000160503103 0.7000000065848802 17.008339156053303 7.3 7.8 3.350214926437628 5.286683246682076
10450 2996.3483348716627 0 3.500000160503103 0.7000000065848802 17.008339156053303 7.3 7.8 3.350214926437628 5.286683246682076
10500 2996.34828128943 0 3.500000149063094 0.7 17 7.3 7.8 3.350214832360638 5.286683253976983
10550 2996.34828128943 0 3.500000149063094 0.7 17 7.3 7.8 3.350214832360638 5.286683253976983
10600 2996.34828128943 0 3.500000149063094 0.7 17 7.3 7.8 3.350214832360638 5.286683253976983
10650 2996.348267708539 0 3.5000000161931033 0.7000000012464862 17 7.300002073509603 7.8 3.3502148901093887 5.286683253944861
10700 2996.348267708539 0 3.5000000161931033 0.7000000012464862 17 7.300002073509603 7.8 3.3502148901093887 5.286683253944861
10750 2996.348267708539 0 3.5000000161931033 0.7000000012464862 17 7.300002073509603 7.8 3.3502148901093887 5.286683253944861
10800 2996.348267708539 0 3.5000000161931033 0.7000000012464862 17 7.300002073509603 7.8 3.3502148901093887 5.286683253944861
10850 2996.348267708539 0 3.5000000161931033 0.7000000012464862 17 7.300002073509603 7.8 3.3502148901093887 5.286683253944861
10900 2996.348267708539 0 3.5000000161931033 0.7000000012464862 17 7.300002073509603 7.8 3.3502148901093887 5.286683253944861
10950 2996.348267708539 0 3.5000000161931033 0.7000000012464862 17 7.300002073509603 7.8 3.3502148901093887 5.286683253944861
11000 2996.348267708539 0 3.5000000161931033 0.7000000012464862 17 7.300002073509603 7.8 3.3502148901093887 5.286683253944861
11050 2996.348252962724 0 3.5000000656235533 0.7000000069783702 17 7.3 7.80000014846976 3.35021477253829 5.2866832302339954
11100 2996.348226632229 0 3.5000001196104558 0.7 17 7.3 7.8 3.350214691151015 5.286683242807544
11150 2996.348210603314 0 3.5000000110027236 0.7000000018587176 17.0 7.3 7.8 3.3502146782379634 5.286683276649143
11200 2996.348203061531 0 3.5000000203888977 0.7000000029871881 17 7.3 7.800000276995145 3.3502146729933737 5.286683243515711
11250 2996.348203061531 0 3.5000000203888977 0.7000000029871881 17 7.3 7.800000276995145 3.3502146729933737 5.286683243515711
11300 2996.348203061531 0 3.5000000203888977 0.7000000029871881 17 7.3 7.800000276995145 3.3502146729933737 5.286683243515711
11350 2996.348203061531 0 3.5000000203888977 0.7000000029871881 17 7.3 7.800000276995145 3.3502146729933737 5.286683243515711
11400 2996.348203061531 0 3.5000000203888977 0.7000000029871881 17 7.3 7.800000276995145 3.3502146729933737 5.286683243515711
11450 2996.348203061531 0 3.5000000203888977 0.7000000029871881 17 7.3 7.800000276995145 3.3502146729933737 5.286683243515711
11500 2996.348203061531 0 3.5000000203888977 0.7000000029871881 17 7.3 7.800000276995145 3.3502146729933737 5.286683243515711
11550 2996.348203061531 0 3.5000000203888977 0.7000000029871881 17 7.3 7.800000276995145 3.3502146729933737 5.286683243515711
11600 2996.3481957430554 0 3.500000034460596 0.7000000018198916 17.0 7.3000001271611925 7.800000042156562 3.3502146776428066 5.28668323609073
11650 2996.3481957430554 0 3.500000034460596 0.7000000018198916 17.0 7.3000001271611925 7.800000042156562 3.3502146776428066 5.28668323609073
11700 2996.3481957430554 0 3.500000034460596 0.7000000018198916 17.0 7.3000001271611925 7.800000042156562 3.3502146776428066 5.28668323609073
11750 2996.3481957430554 0 3.500000034460596 0.7000000018198916 17.0 7.3000001271611925 7.800000042156562 3.3502146776428066 5.28668323609073
11800 2996.3481927030375 0 3.5000000193639624 0.7000000010296143 17.0 7.3 7.8 3.3502147117001297 5.286683235819637
11850 2996.3481815999867 0 3.500000002669593 0.7 17.0026800605722 7.3 7.8 3.35021472050548 5.286683232458367
11900 2996.3481815999867 0 3.500000002669593 0.7 17.0026800605722 7.3 7.8 3.35021472050548 5.286683232458367
11950 2996.3481815999867 0 3.500000002669593 0.7 17.0026800605722 7.3 7.8 3.35021472050548 5.286683232458367
12000 2996.3481815999867 0 3.500000002669593 0.7 17.0026800605722 7.3 7.8 3.35021472050548 5.286683232458367
12050 2996.3481815999867 0 3.500000002669593 0.7 17.0026800605722 7.3 7.8 3.35021472050548 5.286683232458367
12100 2996.3481815999867 0 3.500000002669593 0.7 17.0026800605722 7.3 7.8 3.35021472050548 5.286683232458367
12150 2996.3481805066876 0 3.5000000184374263 0.7 17 7.3 7.8 3.3502146844932774 5.286683235431595
12200 2996.3481805066876 0 3.5000000184374263 0.7 17 7.3 7.8 3.3502146844932774 5.286683235431595
12250 2996.348176361846 0 3.50000001766121 0.7000000001273782 17 7.3 7.8 3.350214678050557 5.286683231070155
12300 2996.348176361846 0 3.50000001766121 0.7000000001273782 17 7.3 7.8 3.350214678050557 5.286683231070155
12350 2996.348175375723 0 3.5000000102921116 0.7 17.017600486436283 7.300000027946017 7.8 3.350214674228004 5.286683236120243
12400 2996.348175375723 0 3.5000000102921116 0.7 17.017600486436283 7.300000027946017 7.8 3.350214674228004 5.286683236120243
12450 2996.3481751653685 0 3.5000000054694365 0.7 17.018774446401007 7.3 7.8000000556768265 3.3502146739601093 5.286683237340966
12500 2996.3481745548665 0 3.500000007975518 0.7000000003050681 17.00103453891085 7.300000003643543 7.8 3.3502146763629255 5.28668323357409
12550 2996.3481724825533 0 3.5000000061407133 0.7 17.028865154276886 7.300000027946017 7.8000000334060955 3.3502146758527953 5.286683232330687
12600 2996.3481724825533 0 3.5000000061407133 0.7 17.028865154276886 7.300000027946017 7.8000000334060955 3.3502146758527953 5.286683232330687
12650 2996.3481693764534 0 3.500000005976732 0.700000000285934 17.006861582815667 7.30000000070351 7.8 3.350214668158709 5.286683230130095
12700 2996.3481693764534 0 3.500000005976732 0.700000000285934 17.006861582815667 7.30000000070351 7.8 3.350214668158709 5.286683230130095
12750 2996.3481693764534 0 3.500000005976732 0.700000000285934 17.006861582815667 7.30000000070351 7.8 3.350214668158709 5.286683230130095
12800 2996.3481693764534 0 3.500000005976732 0.700000000285934 17.006861582815667 7.30000000070351 7.8 3.350214668158709 5.286683230130095
12850 2996.3481693764534 0 3.500000005976732 0.700000000285934 17.006861582815667 7.30000000070351 7.8 3.350214668158709 5.286683230130095
12900 2996.3481693764534 0 3.500000005976732 0.700000000285934 17.006861582815667 7.30000000070351 7.8 3.350214668158709 5.286683230130095
12950 2996.34816894969 0 3.500000002405709 0.700000000212513 17 7.3 7.800000009330777 3.350214669201549 5.286683231456008
13000 2996.34816894969 0 3.500000002405709 0.700000000212513 17 7.3 7.800000009330777 3.350214669201549 5.286683231456008
13050 2996.3481682807687 0 3.5000000018650903 0.7000000000150819 17.00284236500488 7.3000000281569495 7.800000018017794 3.350214667637057 5.286683232077596
13100 2996.3481680739183 0 3.5000000008837917 0.7000000000651293 17.0041169496894 7.300000031007362 7.800000039212399 3.3502146668228234 5.286683231558005
13150 2996.3481675291678 0 3.5000000010655232 0.700000000041082 17.00985681635487 7.300000026928782 7.800000020752751 3.350214669125705 5.286683230530924
13200 2996.3481675291678 0 3.5000000010655232 0.700000000041082 17.00985681635487 7.300000026928782 7.800000020752751 3.350214669125705 5.286683230530924
13250 2996.3481675291678 0 3.5000000010655232 0.700000000041082 17.00985681635487 7.300000026928782 7.800000020752751 3.350214669125705 5.286683230530924
13300 2996.3481675291678 0 3.5000000010655232 0.700000000041082 17.00985681635487 7.300000026928782 7.800000020752751 3.350214669125705 5.286683230530924
13350 2996.3481675291678 0 3.5000000010655232 0.700000000041082 17.00985681635487 7.300000026928782 7.800000020752751 3.350214669125705 5.286683230530924
13400 2996.3481672286116 0 3.5000000029210736 0.7 17 7.300000029903795 7.800000025519904 3.3502146670873776 5.286683229815201
13450 2996.348167062377 0 3.5000000009534045 0.7000000000246491 17.001197024522536 7.300000011240599 7.800000000681263 3.350214668548047 5.286683231124675
13500 2996.348167062377 0 3.5000000009534045 0.7000000000246491 17.001197024522536 7.300000011240599 7.800000000681263 3.350214668548047 5.286683231124675
13550 2996.348167062377 0 3.5000000009534045 0.7000000000246491 17.001197024522536 7.300000011240599 7.800000000681263 3.350214668548047 5.286683231124675
13600 2996.348167062377 0 3.5000000009534045 0.7000000000246491 17.001197024522536 7.300000011240599 7.800000000681263 3.350214668548047 5.286683231124675
13650 2996.348167062377 0 3.5000000009534045 0.7000000000246491 17.001197024522536 7.300000011240599 7.800000000681263 3.350214668548047 5.286683231124675
13700 2996.348167006539 0 3.5000000031006255 0.7000000000224925 17 7.3 7.8 3.350214667412282 5.286683230360487
13750 2996.348167006539 0 3.5000000031006255 0.7000000000224925 17 7.3 7.8 3.350214667412282 5.286683230360487
13800 2996.3481665681907 0 3.50000000037781 0.7000000000051273 17.005026496241456 7.300000011783601 7.800000020329869 3.350214668210808 5.286683230291192
13850 2996.3481665681907 0 3.50000000037781 0.7000000000051273 17.005026496241456 7.300000011783601 7.800000020329869 3.350214668210808 5.286683230291192
13900 2996.34816605307 0 3.5000000007295107 0.7 17.009741124069958 7.30000003222347 7.800000009321204 3.350214667192509 5.286683229805118
13950 2996.34816605307 0 3.5000000007295107 0.7 17.009741124069958 7.30000003222347 7.800000009321204 3.350214667192509 5.286683229805118
14000 2996.34816605307 0 3.5000000007295107 0.7 17.009741124069958 7.30000003222347 7.800000009321204 3.350214667192509 5.286683229805118
14050 2996.34816605307 0 3.5000000007295107 0.7 17.009741124069958 7.30000003222347 7.800000009321204 3.350214667192509 5.286683229805118
14100 2996.34816605307 0 3.5000000007295107 0.7 17.009741124069958 7.30000003222347 7.800000009321204 3.350214667192509 5.286683229805118
14150 2996.34816605307 0 3.5000000007295107 0.7 17.009741124069958 7.30000003222347 7.800000009321204 3.350214667192509 5.286683229805118
14200 2996.3481660258785 0 3.500000000188662 0.7 17.006497556050054 7.300000037991445 7.800000009321204 3.350214667326606 5.2866832299627085
14250 2996.3481660258785 0 3.500000000188662 0.7 17.006497556050054 7.300000037991445 7.800000009321204 3.350214667326606 5.2866832299627085
14300 2996.348165858995 0 3.500000000311756 0.700000000041728 17.009741124069958 7.300000010823913 7.800000009321204 3.3502146667583625 5.28668322993208
14350 2996.348165858995 0 3.500000000311756 0.700000000041728 17.009741124069958 7.300000010823913 7.800000009321204 3.3502146667583625 5.28668322993208
14400 2996.348165858995 0 3.500000000311756 0.700000000041728 17.009741124069958 7.300000010823913 7.800000009321204 3.3502146667583625 5.28668322993208
14450 2996.348165858995 0 3.500000000311756 0.700000000041728 17.009741124069958 7.300000010823913 7.800000009321204 3.3502146667583625 5.28668322993208
14500 2996.348165858995 0 3.500000000311756 0.700000000041728 17.009741124069958 7.300000010823913 7.800000009321204 3.3502146667583625 5.28668322993208
14550 2996.348165858995 0 3.500000000311756 0.700000000041728 17.009741124069958 7.300000010823913 7.800000009321204 3.3502146667583625 5.28668322993208
14600 2996.3481658102232 0 3.5000000003221112 0.7000000000129576 17.02230766919153 7.300000024346192 7.800000003744733 3.350214667142262 5.286683229904616
14650 2996.3481658102232 0 3.5000000003221112 0.7000000000129576 17.02230766919153 7.300000024346192 7.800000003744733 3.350214667142262 5.286683229904616
14700 2996.348165665898 0 3.5000000003221827 0.7000000000406398 17.012068412239675 7.3000000062530646 7.8000000105992395 3.35021466643265 5.286683229779502
14750 2996.348165570208 0 3.500000000380614 0.700000000022696 17.00981518385151 7.300000024014707 7.8 3.3502146665951913 5.286683229774955
14800 2996.3481653500994 0 3.5000000002414957 0.7000000000049439 17.007241047343804 7.3000000041958435 7.800000001039276 3.350214666293052 5.286683230000818
14850 2996.3481653500994 0 3.5000000002414957 0.7000000000049439 17.007241047343804 7.3000000041958435 7.800000001039276 3.350214666293052 5.286683230000818
14900 2996.3481653500994 0 3.5000000002414957 0.7000000000049439 17.007241047343804 7.3000000041958435 7.800000001039276 3.350214666293052 5.286683230000818
14950 2996.3481653500994 0 3.5000000002414957 0.7000000000049439 17.007241047343804 7.3000000041958435 7.800000001039276 3.350214666293052 5.286683230000818
15000 2996.3481651991788 0 3.500000000233927 0.7000000000049439 17.00713922306371 7.3 7.800000002217972 3.350214666192626 5.286683229825897
15050 2996.3481651991788 0 3.500000000233927 0.7000000000049439 17.00713922306371 7.3 7.800000002217972 3.350214666192626 5.286683229825897
15100 2996.3481651991788 0 3.500000000233927 0.7000000000049439 17.00713922306371 7.3 7.800000002217972 3.350214666192626 5.286683229825897
15150 2996.3481651991788 0 3.500000000233927 0.7000000000049439 17.00713922306371 7.3 7.800000002217972 3.350214666192626 5.286683229825897
15200 2996.3481651991788 0 3.500000000233927 0.7000000000049439 17.00713922306371 7.3 7.800000002217972 3.350214666192626 5.286683229825897
15250 2996.348165160755 0 3.5000000001710934 0.7000000000037064 17.013449860920108 7.3 7.8 3.350214666276441 5.286683229856048
15300 2996.348165160755 0 3.5000000001710934 0.7000000000037064 17.013449860920108 7.3 7.8 3.350214666276441 5.286683229856048
15350 2996.3481651315988 0 3.500000000077027 0.7000000000084375 17.01786025663129 7.3 7.8 3.3502146664164574 5.286683229778576
15400 2996.3481650761782 0 3.500000000045125 0.7 17.0133751821159 7.3000000016342135 7.800000001020014 3.350214666235055 5.286683229785915
15450 2996.3481650761782 0 3.500000000045125 0.7 17.0133751821159 7.3000000016342135 7.800000001020014 3.350214666235055 5.286683229785915
15500 2996.3481650761782 0 3.500000000045125 0.7 17.0133751821159 7.3000000016342135 7.800000001020014 3.350214666235055 5.286683229785915
15550 2996.3481650761782 0 3.500000000045125 0.7 17.0133751821159 7.3000000016342135 7.800000001020014 3.350214666235055 5.286683229785915
15600 2996.3481650761782 0 3.500000000045125 0.7 17.0133751821159 7.3000000016342135 7.800000001020014 3.350214666235055 5.286683229785915
15650 2996.3481650761782 0 3.500000000045125 0.7 17.0133751821159 7.3000000016342135 7.800000001020014 3.350214666235055 5.286683229785915
15700 2996.3481650761782 0 3.500000000045125 0.7 17.0133751821159 7.3000000016342135 7.800000001020014 3.350214666235055 5.286683229785915
15750 2996.3481650761782 0 3.500000000045125 0.7 17.0133751821159 7.3000000016342135 7.800000001020014 3.350214666235055 5.286683229785915
15800 2996.348165052993 0 3.5000000000618816 0.7 17.013906020020254 7.3000000016342135 7.800000000864857 3.3502146661957486 5.2866832297602135
15850 2996.348165052993 0 3.5000000000618816 0.7 17.013906020020254 7.3000000016342135 7.800000000864857 3.3502146661957486 5.2866832297602135
15900 2996.348165052993 0 3.5000000000618816 0.7 17.013906020020254 7.3000000016342135 7.800000000864857 3.3502146661957486 5.2866832297602135
15950 2996.3481650485583 0 3.5000000000878457 0.7000000000002821 17.014325082836965 7.300000000585129 7.800000001028636 3.350214666122909 5.286683229773278
16000 2996.3481650485583 0 3.5000000000878457 0.7000000000002821 17.014325082836965 7.300000000585129 7.800000001028636 3.350214666122909 5.286683229773278
16050 2996.3481650485583 0 3.5000000000878457 0.7000000000002821 17.014325082836965 7.300000000585129 7.800000001028636 3.350214666122909 5.286683229773278
16100 2996.3481650476792 0 3.500000000004599 0.7 17.013106046252823 7.300000000205533 7.800000001038015 3.3502146662927244 5.286683229762204
16150 2996.348165046407 0 3.500000000072126 0.7 17.009530356579354 7.300000002025595 7.8 3.350214666148112 5.286683229787048
16200 2996.3481650450517 0 3.500000000055832 0.7 17.004245740048674 7.300000000278015 7.8000000012756185 3.350214666159166 5.286683229770744
16250 2996.348165037002 0 3.50000000003156 0.7 17.011660964288687 7.3000000000523215 7.800000001668412 3.3502146661649426 5.286683229760332
16300 2996.348165037002 0 3.50000000003156 0.7 17.011660964288687 7.3000000000523215 7.800000001668412 3.3502146661649426 5.286683229760332
16350 2996.3481650213434 0 3.5000000000274523 0.7000000000007498 17.012235604312977 7.300000001121794 7.800000000316328 3.350214666124923 5.286683229780801
16400 2996.3481650213434 0 3.5000000000274523 0.7000000000007498 17.012235604312977 7.300000001121794 7.800000000316328 3.350214666124923 5.286683229780801
16450 2996.3481650213434 0 3.5000000000274523 0.7000000000007498 17.012235604312977 7.300000001121794 7.800000000316328 3.350214666124923 5.286683229780801
16500 2996.348165013573 0 3.500000000004599 0.7000000000001451 17.00096223354524 7.300000000917454 7.800000001038015 3.35021466613169 5.286683229762204
16550 2996.348165013573 0 3.500000000004599 0.7000000000001451 17.00096223354524 7.300000000917454 7.800000001038015 3.35021466613169 5.286683229762204
16600 2996.348165013573 0 3.500000000004599 0.7000000000001451 17.00096223354524 7.300000000917454 7.800000001038015 3.35021466613169 5.286683229762204
16650 2996.3481649989576 0 3.500000000013505 0.7000000000001414 17.00183103538425 7.300000001593264 7.8 3.3502146661013605 5.286683229772363
16700 2996.3481649989576 0 3.500000000013505 0.7000000000001414 17.00183103538425 7.300000001593264 7.8 3.3502146661013605 5.286683229772363
16750 2996.3481649989576 0 3.500000000013505 0.7000000000001414 17.00183103538425 7.300000001593264 7.8 3.3502146661013605 5.286683229772363
16800 2996.3481649989576 0 3.500000000013505 0.7000000000001414 17.00183103538425 7.300000001593264 7.8 3.3502146661013605 5.286683229772363
16850 2996.3481649943437 0 3.50000000000015 0.7 17 7.300000000458804 7.80000000058776 3.350214666130506 5.286683229758119
16900 2996.3481649943437 0 3.50000000000015 0.7 17 7.300000000458804 7.80000000058776 3.350214666130506 5.286683229758119
16950 2996.3481649943437 0 3.50000000000015 0.7 17 7.300000000458804 7.80000000058776 3.350214666130506 5.286683229758119
17000 2996.3481649943437 0 3.50000000000015 0.7 17 7.300000000458804 7.80000000058776 3.350214666130506 5.286683229758119
17050 2996.3481649943437 0 3.50000000000015 0.7 17 7.300000000458804 7.80000000058776 3.350214666130506 5.286683229758119
17100 2996.3481649943437 0 3.50000000000015 0.7 17 7.300000000458804 7.80000000058776 3.350214666130506 5.286683229758119
17150 2996.3481649943437 0 3.50000000000015 0.7 17 7.300000000458804 7.80000000058776 3.350214666130506 5.286683229758119
17200 2996.3481649943437 0 3.50000000000015 0.7 17 7.300000000458804 7.80000000058776 3.350214666130506 5.286683229758119
17250 2996.3481649840332 0 3.5000000000054143 0.7 17.03624682127245 7.300000000700864 7.8 3.350214666119002 5.2866832297601976
17300 2996.3481649840332 0 3.5000000000054143 0.7 17.03624682127245 7.300000000700864 7.8 3.350214666119002 5.2866832297601976
17350 2996.3481649840332 0 3.5000000000054143 0.7 17.03624682127245 7.300000000700864 7.8 3.350214666119002 5.2866832297601976
17400 2996.3481649840332 0 3.5000000000054143 0.7 17.03624682127245 7.300000000700864 7.8 3.350214666119002 5.2866832297601976
17450 2996.3481649840332 0 3.5000000000054143 0.7 17.03624682127245 7.300000000700864 7.8 3.350214666119002 5.2866832297601976
17500 2996.3481649810055 0 3.500000000012789 0.7 17 7.3 7.800000000093863 3.350214666109156 5.2866832297613024
17550 2996.3481649810055 0 3.500000000012789 0.7 17 7.3 7.800000000093863 3.350214666109156 5.2866832297613024
17600 2996.3481649810055 0 3.500000000012789 0.7 17 7.3 7.800000000093863 3.350214666109156 5.2866832297613024
17650 2996.3481649810055 0 3.500000000012789 0.7 17 7.3 7.800000000093863 3.350214666109156 5.2866832297613024
17700 2996.3481649781975 0 3.500000000001054 0.7 17.05457085608178 7.3 7.800000000033791 3.35021466610319 5.2866832297686
17750 2996.3481649781975 0 3.500000000001054 0.7 17.05457085608178 7.3 7.800000000033791 3.35021466610319 5.2866832297686
17800 2996.3481649781975 0 3.500000000001054 0.7 17.05457085608178 7.3 7.800000000033791 3.35021466610319 5.2866832297686
17850 2996.348164976034 0 3.5000000000077383 0.7 17.004521466331845 7.3 7.800000000049982 3.350214666103718 5.286683229760297
17900 2996.348164976034 0 3.5000000000077383 0.7 17.004521466331845 7.3 7.800000000049982 3.350214666103718 5.286683229760297
17950 2996.348164976034 0 3.5000000000077383 0.7 17.004521466331845 7.3 7.800000000049982 3.350214666103718 5.286683229760297
18000 2996.348164976034 0 3.5000000000077383 0.7 17.004521466331845 7.3 7.800000000049982 3.350214666103718 5.286683229760297
18050 2996.3481649759 0 3.500000000003601 0.700000000000027 17 7.3 7.800000000091553 3.350214666100467 5.2866832297623185
18100 2996.3481649759 0 3.500000000003601 0.700000000000027 17 7.3 7.800000000091553 3.350214666100467 5.2866832297623185
18150 2996.3481649759 0 3.500000000003601 0.700000000000027 17 7.3 7.800000000091553 3.350214666100467 5.2866832297623185
18200 2996.3481649759 0 3.500000000003601 0.700000000000027 17 7.3 7.800000000091553 3.350214666100467 5.2866832297623185
18250 2996.3481649740615 0 3.5000000000073856 0.700000000000027 17 7.300000000072288 7.800000000047258 3.350214666098414 5.286683229758439
18300 2996.3481649740615 0 3.5000000000073856 0.700000000000027 17 7.300000000072288 7.800000000047258 3.350214666098414 5.286683229758439
18350 2996.3481649740615 0 3.5000000000073856 0.700000000000027 17 7.300000000072288 7.800000000047258 3.350214666098414 5.286683229758439
18400 2996.348164972102 0 3.500000000006116 0.7000000000000102 17 7.3 7.800000000004669 3.3502146660984216 5.28668322975873
18450 2996.348164972102 0 3.500000000006116 0.7000000000000102 17 7.3 7.800000000004669 3.3502146660984216 5.28668322975873
18500 2996.348164972102 0 3.500000000006116 0.7000000000000102 17 7.3 7.800000000004669 3.3502146660984216 5.28668322975873
18550 2996.348164972102 0 3.500000000006116 0.7000000000000102 17 7.3 7.800000000004669 3.3502146660984216 5.28668322975873
18600 2996.348164972102 0 3.500000000006116 0.7000000000000102 17 7.3 7.800000000004669 3.3502146660984216 5.28668322975873
18650 2996.348164971752 0 3.5000000000024083 0.7000000000000842 17 7.300000000009323 7.800000000029567 3.3502146660982226 5.286683229759036
18700 2996.348164971752 0 3.5000000000024083 0.7000000000000842 17 7.300000000009323 7.800000000029567 3.3502146660982226 5.286683229759036
18750 2996.3481649715236 0 3.5000000000037628 0.7000000000000085 17.00583649723654 7.3000000000330525 7.800000000024849 3.3502146660978314 5.286683229758369
18800 2996.348164971385 0 3.500000000000685 0.7 17 7.3 7.8 3.3502146661040233 5.286683229758947
18850 2996.348164971385 0 3.500000000000685 0.7 17 7.3 7.8 3.3502146661040233 5.286683229758947
18900 2996.348164971385 0 3.500000000000685 0.7 17 7.3 7.8 3.3502146661040233 5.286683229758947
18950 2996.348164971385 0 3.500000000000685 0.7 17 7.3 7.8 3.3502146661040233 5.286683229758947
19000 2996.348164971385 0 3.500000000000685 0.7 17 7.3 7.8 3.3502146661040233 5.286683229758947
19050 2996.348164971316 0 3.500000000002104 0.7 17.01597775434784 7.3 7.800000000060981 3.3502146660972576 5.286683229758569
19100 2996.348164970926 0 3.5000000000005325 0.7000000000000205 17.07873839588094 7.3 7.800000000040784 3.3502146660982226 5.28668322975909
19150 2996.348164970926 0 3.5000000000005325 0.7000000000000205 17.07873839588094 7.3 7.800000000040784 3.3502146660982226 5.28668322975909
19200 2996.348164970926 0 3.5000000000005325 0.7000000000000205 17.07873839588094 7.3 7.800000000040784 3.3502146660982226 5.28668322975909
19250 2996.3481649708165 0 3.5000000000010796 0.7000000000000134 17.040974581281397 7.3 7.800000000015541 3.3502146660976173 5.286683229759745
19300 2996.348164969985 0 3.500000000001937 0.7000000000000434 17.02002184465208 7.3 7.8 3.350214666097567 5.286683229758252
19350 2996.348164969985 0 3.500000000001937 0.7000000000000434 17.02002184465208 7.3 7.8 3.350214666097567 5.286683229758252
19400 2996.348164969985 0 3.500000000001937 0.7000000000000434 17.02002184465208 7.3 7.8 3.350214666097567 5.286683229758252
19450 2996.348164969269 0 3.5000000000002096 0.7 17.05441451567298 7.3 7.8000000000115195 3.350214666097955 5.286683229757947
19500 2996.348164969269 0 3.5000000000002096 0.7 17.05441451567298 7.3 7.8000000000115195 3.350214666097955 5.286683229757947
19550 2996.348164969269 0 3.5000000000002096 0.7 17.05441451567298 7.3 7.8000000000115195 3.350214666097955 5.286683229757947
19600 2996.348164969269 0 3.5000000000002096 0.7 17.05441451567298 7.3 7.8000000000115195 3.350214666097955 5.286683229757947
19650 2996.348164969269 0 3.5000000000002096 0.7 17.05441451567298 7.3 7.8000000000115195 3.350214666097955 5.286683229757947
19700 2996.348164969269 0 3.5000000000002096 0.7 17.05441451567298 7.3 7.8000000000115195 3.350214666097955 5.286683229757947
19750 2996.348164969269 0 3.5000000000002096 0.7 17.05441451567298 7.3 7.8000000000115195 3.350214666097955 5.286683229757947
19800 2996.348164969168 0 3.500000000000043 0.7 17.094776207487975 7.3 7.8000000000115195 3.3502146660970937 5.286683229758237
19850 2996.348164969168 0 3.500000000000043 0.7 17.094776207487975 7.3 7.8000000000115195 3.3502146660970937 5.286683229758237
19900 2996.3481649691207 0 3.50000000000012 0.7000000000000131 17.042647401843055 7.3 7.800000000003903 3.3502146660971786 5.286683229758252
19950 2996.3481649691207 0 3.50000000000012 0.7000000000000131 17.042647401843055 7.3 7.800000000003903 3.3502146660971786 5.286683229758252
20000 2996.3481649691207 0 3.50000000000012 0.7000000000000131 17.042647401843055 7.3 7.800000000003903 3.3502146660971786 5.286683229758252
20050 2996.348164969113 0 3.5000000000001896 0.7000000000000011 17.014980976382702 7.3 7.8 3.3502146660976893 5.286683229758212
20100 2996.348164969113 0 3.5000000000001896 0.7000000000000011 17.014980976382702 7.3 7.8 3.3502146660976893 5.286683229758212
20150 2996.348164969113 0 3.5000000000001896 0.7000000000000011 17.014980976382702 7.3 7.8 3.3502146660976893 5.286683229758212
20200 2996.3481649690157 0 3.5000000000003126 0.7 17.008565855789858 7.3 7.8000000000066105 3.3502146660972296 5.286683229757946
20250 2996.348164969006 0 3.500000000000085 0.7 17.04456414744698 7.3 7.8 3.3502146660974823 5.286683229758198
20300 2996.348164968901 0 3.5000000000001523 0.7 17.043907794396294 7.3 7.800000000001816 3.350214666096968 5.286683229758135
20350 2996.348164968901 0 3.5000000000001523 0.7 17.043907794396294 7.3 7.800000000001816 3.350214666096968 5.286683229758135
20400 2996.3481649688797 0 3.500000000000437 0.7 17.016150697091195 7.300000000003105 7.800000000003479 3.350214666096726 5.286683229757922
20450 2996.3481649688797 0 3.500000000000437 0.7 17.016150697091195 7.300000000003105 7.800000000003479 3.350214666096726 5.286683229757922
20500 2996.3481649688797 0 3.500000000000437 0.7 17.016150697091195 7.300000000003105 7.800000000003479 3.350214666096726 5.286683229757922
20550 2996.3481649688797 0 3.500000000000437 0.7 17.016150697091195 7.300000000003105 7.800000000003479 3.350214666096726 5.286683229757922
20600 2996.3481649688124 0 3.5000000000001914 0.7000000000000024 17.02096517250793 7.300000000002918 7.800000000004332 3.350214666096657 5.286683229757951
20650 2996.3481649687997 0 3.5000000000000626 0.7 17.031213995738245 7.300000000002918 7.800000000004944 3.3502146660967647 5.286683229757964
20700 2996.348164968738 0 3.5000000000000733 0.7 17.002831653655388 7.300000000000592 7.80000000000107 3.3502146660969903 5.286683229757935
20750 2996.348164968738 0 3.5000000000000733 0.7 17.002831653655388 7.300000000000592 7.80000000000107 3.3502146660969903 5.286683229757935
20800 2996.348164968738 0 3.5000000000000733 0.7 17.002831653655388 7.300000000000592 7.80000000000107 3.3502146660969903 5.286683229757935
20850 2996.348164968738 0 3.5000000000000733 0.7 17.002831653655388 7.300000000000592 7.80000000000107 3.3502146660969903 5.286683229757935
20900 2996.3481649687265 0 3.500000000000362 0.7 17.01074473409265 7.3 7.8 3.350214666096491 5.286683229757984
20950 2996.348164968726 0 3.500000000000063 0.7000000000000046 17 7.300000000001364 7.80000000000107 3.3502146660968117 5.2866832297579505
21000 2996.348164968726 0 3.500000000000063 0.7000000000000046 17 7.300000000001364 7.80000000000107 3.3502146660968117 5.2866832297579505
21050 2996.34816496871 0 3.5000000000000346 0.7 17 7.300000000000344 7.800000000002113 3.350214666096895 5.286683229757922
21100 2996.34816496871 0 3.5000000000000346 0.7 17 7.300000000000344 7.800000000002113 3.350214666096895 5.286683229757922
21150 2996.3481649687064 0 3.500000000000057 0.7000000000000092 17.003020948324814 7.300000000000403 7.80000000000057 3.3502146660968255 5.286683229757917
21200 2996.3481649687064 0 3.500000000000057 0.7000000000000092 17.003020948324814 7.300000000000403 7.80000000000057 3.3502146660968255 5.286683229757917
21250 2996.3481649686987 0 3.500000000000075 0.7000000000000018 17 7.300000000003624 7.8 3.350214666096532 5.2866832297580375
21300 2996.3481649686987 0 3.500000000000075 0.7000000000000018 17 7.300000000003624 7.8 3.350214666096532 5.2866832297580375
21350 2996.3481649686332 0 3.500000000000058 0.7000000000000054 17.10107236425578 7.300000000001699 7.8 3.3502146660964596 5.286683229757976
21400 2996.3481649686332 0 3.500000000000058 0.7000000000000054 17.10107236425578 7.300000000001699 7.8 3.3502146660964596 5.286683229757976
21450 2996.3481649686332 0 3.500000000000058 0.7000000000000054 17.10107236425578 7.300000000001699 7.8 3.3502146660964596 5.286683229757976
21500 2996.3481649686332 0 3.500000000000058 0.7000000000000054 17.10107236425578 7.300000000001699 7.8 3.3502146660964596 5.286683229757976
21550 2996.3481649686196 0 3.500000000000012 0.7 17 7.300000000002099 7.800000000000918 3.3502146660964827 5.286683229757976
21600 2996.3481649686196 0 3.500000000000012 0.7 17 7.300000000002099 7.800000000000918 3.3502146660964827 5.286683229757976
21650 2996.3481649686155 0 3.500000000000048 0.7000000000000015 17.054166502441216 7.300000000002427 7.8 3.3502146660965866 5.286683229757921
21700 2996.3481649685777 0 3.5000000000000204 0.7 17.04535404045548 7.3 7.8 3.3502146660964955 5.28668322975796
21750 2996.3481649685777 0 3.5000000000000204 0.7 17.04535404045548 7.3 7.8 3.3502146660964955 5.28668322975796
21800 2996.3481649685777 0 3.5000000000000204 0.7 17.04535404045548 7.3 7.8 3.3502146660964955 5.28668322975796
21850 2996.3481649685777 0 3.5000000000000204 0.7 17.04535404045548 7.3 7.8 3.3502146660964955 5.28668322975796
21900 2996.3481649685777 0 3.5000000000000204 0.7 17.04535404045548 7.3 7.8 3.3502146660964955 5.28668322975796
21950 2996.3481649685755 0 3.500000000000033 0.7000000000000011 17.049928623731606 7.300000000000226 7.800000000000197 3.350214666096473 5.28668322975794
22000 2996.3481649685755 0 3.500000000000033 0.7000000000000011 17.049928623731606 7.300000000000226 7.800000000000197 3.350214666096473 5.28668322975794
22050 2996.3481649685614 0 3.5000000000000075 0.7 17.0098822773536 7.300000000000107 7.8 3.3502146660965195 5.286683229757932
22100 2996.3481649685614 0 3.5000000000000075 0.7 17.0098822773536 7.300000000000107 7.8 3.3502146660965195 5.286683229757932
22150 2996.3481649685614 0 3.5000000000000075 0.7 17.0098822773536 7.300000000000107 7.8 3.3502146660965195 5.286683229757932
22200 2996.3481649685614 0 3.5000000000000075 0.7 17.0098822773536 7.300000000000107 7.8 3.3502146660965195 5.286683229757932
22250 2996.3481649685614 0 3.5000000000000075 0.7 17.0098822773536 7.300000000000107 7.8 3.3502146660965195 5.286683229757932
22300 2996.348164968559 0 3.5000000000000284 0.7000000000000002 17.027271070238164 7.3 7.8 3.350214666096496 5.286683229757924
22350 2996.3481649685546 0 3.500000000000026 0.7000000000000007 17.001005239640286 7.3 7.8 3.3502146660964676 5.2866832297579265
22400 2996.3481649685536 0 3.500000000000019 0.7 17.076252566685483 7.300000000000272 7.800000000000151 3.3502146660964565 5.286683229757929
22450 2996.3481649685536 0 3.500000000000019 0.7 17.076252566685483 7.300000000000272 7.800000000000151 3.3502146660964565 5.286683229757929
22500 2996.34816496855 0 3.50000000000002 0.7000000000000003 17 7.3 7.800000000000193 3.350214666096461 5.286683229757922
22550 2996.34816496855 0 3.50000000000002 0.7000000000000003 17 7.3 7.800000000000193 3.350214666096461 5.286683229757922
22600 2996.348164968539 0 3.500000000000006 0.7000000000000002 17 7.3 7.80000000000003 3.3502146660964542 5.286683229757921
22650 2996.348164968539 0 3.500000000000006 0.7000000000000002 17 7.3 7.80000000000003 3.3502146660964542 5.286683229757921
22700 2996.348164968539 0 3.500000000000006 0.7000000000000002 17 7.3 7.80000000000003 3.3502146660964542 5.286683229757921
22750 2996.348164968539 0 3.500000000000006 0.7000000000000002 17 7.3 7.80000000000003 3.3502146660964542 5.286683229757921
22800 2996.348164968539 0 3.500000000000006 0.7000000000000002 17 7.3 7.80000000000003 3.3502146660964542 5.286683229757921
22850 2996.348164968539 0 3.500000000000006 0.7000000000000002 17 7.3 7.80000000000003 3.3502146660964542 5.286683229757921
22900 2996.348164968539 0 3.500000000000006 0.7000000000000002 17 7.3 7.80000000000003 3.3502146660964542 5.286683229757921
22950 2996.348164968538 0 3.5000000000000058 0.7 17.03887571702707 7.300000000000118 7.800000000000083 3.3502146660964565 5.2866832297579185
23000 2996.3481649685355 0 3.5000000000000027 0.7000000000000001 17 7.300000000000098 7.800000000000038 3.3502146660964507 5.2866832297579185
23050 2996.3481649685355 0 3.5000000000000027 0.7000000000000001 17 7.300000000000098 7.800000000000038 3.3502146660964507 5.2866832297579185
23100 2996.3481649685345 0 3.5000000000000075 0.7000000000000001 17.056138140422895 7.3 7.8 3.350214666096452 5.286683229757917
23150 2996.3481649685345 0 3.5000000000000075 0.7000000000000001 17.056138140422895 7.3 7.8 3.350214666096452 5.286683229757917
23200 2996.3481649685345 0 3.5000000000000075 0.7000000000000001 17.056138140422895 7.3 7.8 3.350214666096452 5.286683229757917
23250 2996.3481649685336 0 3.500000000000006 0.7 17.03573249409731 7.300000000000044 7.8000000000000025 3.3502146660964485 5.2866832297579185
23300 2996.3481649685336 0 3.500000000000006 0.7 17.03573249409731 7.300000000000044 7.8000000000000025 3.3502146660964485 5.2866832297579185
23350 2996.3481649685336 0 3.500000000000006 0.7 17.03573249409731 7.300000000000044 7.8000000000000025 3.3502146660964485 5.2866832297579185
23400 2996.3481649685336 0 3.500000000000006 0.7 17.03573249409731 7.300000000000044 7.8000000000000025 3.3502146660964485 5.2866832297579185
23450 2996.3481649685336 0 3.500000000000006 0.7 17.03573249409731 7.300000000000044 7.8000000000000025 3.3502146660964485 5.2866832297579185
23500 2996.3481649685336 0 3.500000000000006 0.7 17.03573249409731 7.300000000000044 7.8000000000000025 3.3502146660964485 5.2866832297579185
23550 2996.3481649685327 0 3.500000000000002 0.7000000000000001 17.0401240068807 7.300000000000054 7.800000000000046 3.3502146660964476 5.286683229757917
23600 2996.3481649685327 0 3.500000000000002 0.7000000000000001 17.0401240068807 7.300000000000054 7.800000000000046 3.3502146660964476 5.286683229757917
23650 2996.3481649685327 0 3.500000000000002 0.7000000000000001 17.0401240068807 7.300000000000054 7.800000000000046 3.3502146660964476 5.286683229757917
23700 2996.3481649685327 0 3.500000000000002 0.7000000000000001 17.0401240068807 7.300000000000054 7.800000000000046 3.3502146660964476 5.286683229757917
23750 2996.3481649685327 0 3.500000000000002 0.7000000000000001 17.0401240068807 7.300000000000054 7.800000000000046 3.3502146660964476 5.286683229757917
23800 2996.3481649685323 0 3.5000000000000013 0.7 17.071957857432032 7.3 7.800000000000063 3.3502146660964476 5.286683229757918
23850 2996.3481649685323 0 3.5000000000000013 0.7 17.071957857432032 7.3 7.800000000000063 3.3502146660964476 5.286683229757918
23900 2996.3481649685323 0 3.5000000000000013 0.7 17.071957857432032 7.3 7.800000000000063 3.3502146660964476 5.286683229757918
23950 2996.3481649685323 0 3.5000000000000004 0.7000000000000001 17.014572323015592 7.3 7.800000000000035 3.350214666096449 5.286683229757918
24000 2996.3481649685323 0 3.5000000000000004 0.7000000000000001 17.014572323015592 7.3 7.800000000000035 3.350214666096449 5.286683229757918
24050 2996.348164968532 0 3.500000000000001 0.7 17.03878337982672 7.300000000000028 7.800000000000035 3.3502146660964485 5.286683229757917
24100 2996.348164968532 0 3.500000000000001 0.7 17.03878337982672 7.300000000000028 7.800000000000035 3.3502146660964485 5.286683229757917
24150 2996.348164968532 0 3.500000000000001 0.7 17.03878337982672 7.300000000000028 7.800000000000035 3.3502146660964485 5.286683229757917
24200 2996.348164968532 0 3.500000000000001 0.7 17.03878337982672 7.300000000000028 7.800000000000035 3.3502146660964485 5.286683229757917
24250 2996.348164968532 0 3.500000000000001 0.7 17.03878337982672 7.300000000000028 7.800000000000035 3.3502146660964485 5.286683229757917
24300 2996.3481649685305 0 3.4999999999999996 0.7 17.038902852621113 7.3 7.8 3.350214666096449 5.286683229757917
24350 2996.3481649685305 0 3.4999999999999996 0.7 17.038902852621113 7.3 7.8 3.350214666096449 5.286683229757917
24400 2996.3481649685305 0 3.4999999999999996 0.7 17.038902852621113 7.3 7.8 3.350214666096449 5.286683229757917
24450 2996.3481649685305 0 3.4999999999999996 0.7 17.038902852621113 7.3 7.8 3.350214666096449 5.286683229757917
24500 2996.3481649685305 0 3.4999999999999996 0.7 17.038902852621113 7.3 7.8 3.350214666096449 5.286683229757917
24550 2996.3481649685305 0 3.4999999999999996 0.7 17.038902852621113 7.3 7.8 3.350214666096449 5.286683229757917
24600 2996.3481649685305 0 3.4999999999999996 0.7 17.038902852621113 7.3 7.8 3.350214666096449 5.286683229757917
24650 2996.3481649685305 0 3.4999999999999996 0.7 17.038902852621113 7.3 7.8 3.350214666096449 5.286683229757917
24700 2996.3481649685305 0 3.4999999999999996 0.7 17.038902852621113 7.3 7.8 3.350214666096449 5.286683229757917
24750 2996.34816496853 0 3.5 0.7 17.024065739113173 7.3 7.800000000000006 3.3502146660964476 5.286683229757917
24800 2996.34816496853 0 3.5 0.7 17.024065739113173 7.3 7.800000000000006 3.3502146660964476 5.286683229757917
24850 2996.34816496853 0 3.5 0.7 17.024065739113173 7.3 7.800000000000006 3.3502146660964476 5.286683229757917
24900 2996.34816496853 0 3.5 0.7 17.024065739113173 7.3 7.800000000000006 3.3502146660964476 5.286683229757917
24950 2996.34816496853 0 3.5 0.7 17.024065739113173 7.3 7.800000000000006 3.3502146660964476 5.286683229757917
25000 2996.34816496853 0 3.5 0.7 17.024065739113173 7.3 7.800000000000006 3.3502146660964476 5.286683229757917
25050 2996.3481649685295 0 3.4999999999999996 0.7 17.03840893349626 7.3 7.8 3.3502146660964476 5.286683229757917
25100 2996.3481649685295 0 3.4999999999999996 0.7 17.03840893349626 7.3 7.8 3.3502146660964476 5.286683229757917
25150 2996.3481649685295 0 3.4999999999999996 0.7 17.03840893349626 7.3 7.8 3.3502146660964476 5.286683229757917
25200 2996.3481649685295 0 3.4999999999999996 0.7 17.03840893349626 7.3 7.8 3.3502146660964476 5.286683229757917
25250 2996.3481649685295 0 3.4999999999999996 0.7 17.03840893349626 7.3 7.8 3.3502146660964476 5.286683229757917
25300 2996.3481649685295 0 3.4999999999999996 0.7 17.005973902759287 7.300000000000011 7.800000000000004 3.3502146660964476 5.286683229757917
25350 2996.3481649685295 0 3.4999999999999996 0.7 17.005973902759287 7.300000000000011 7.800000000000004 3.3502146660964476 5.286683229757917
25400 2996.3481649685295 0 3.4999999999999996 0.7 17.005973902759287 7.300000000000011 7.800000000000004 3.3502146660964476 5.286683229757917
25450 2996.3481649685295 0 3.4999999999999996 0.7 17.005973902759287 7.300000000000011 7.800000000000004 3.3502146660964476 5.286683229757917
25500 2996.3481649685295 0 3.4999999999999996 0.7 17.005973902759287 7.300000000000011 7.800000000000004 3.3502146660964476 5.286683229757917
25550 2996.3481649685295 0 3.4999999999999996 0.7 17.005973902759287 7.300000000000011 7.800000000000004 3.3502146660964476 5.286683229757917
25600 2996.3481649685295 0 3.4999999999999996 0.7 17.052848376964164 7.3 7.800000000000003 3.3502146660964476 5.286683229757917
25650 2996.3481649685295 0 3.4999999999999996 0.7 17.052848376964164 7.3 7.800000000000003 3.3502146660964476 5.286683229757917
25700 2996.3481649685295 0 3.4999999999999996 0.7 17.052848376964164 7.3 7.800000000000003 3.3502146660964476 5.286683229757917
25750 2996.3481649685295 0 3.4999999999999996 0.7 17.052848376964164 7.3 7.800000000000003 3.3502146660964476 5.286683229757917
25800 2996.3481649685295 0 3.4999999999999996 0.7 17.052848376964164 7.3 7.800000000000003 3.3502146660964476 5.286683229757917
25850 2996.3481649685295 0 3.4999999999999996 0.7 17.052848376964164 7.3 7.800000000000003 3.3502146660964476 5.286683229757917
25900 2996.3481649685295 0 3.4999999999999996 0.7 17.052848376964164 7.3 7.800000000000003 3.3502146660964476 5.286683229757917
25950 2996.3481649685295 0 3.4999999999999996 0.7 17.008348707973035 7.3 7.800000000000005 3.3502146660964476 5.286683229757917
26000 2996.3481649685295 0 3.4999999999999996 0.7 17.008348707973035 7.3 7.800000000000005 3.3502146660964476 5.286683229757917
26050 2996.3481649685295 0 3.4999999999999996 0.7 17.008348707973035 7.3 7.800000000000005 3.3502146660964476 5.286683229757917
26100 2996.3481649685295 0 3.4999999999999996 0.7 17.025050187403902 7.30000000000002 7.8 3.3502146660964476 5.286683229757917
26150 2996.3481649685295 0 3.4999999999999996 0.7 17.025050187403902 7.30000000000002 7.8 3.3502146660964476 5.286683229757917
26200 2996.3481649685295 0 3.4999999999999996 0.7 17.025050187403902 7.30000000000002 7.8 3.3502146660964476 5.286683229757917
26250 2996.3481649685295 0 3.4999999999999996 0.7 17.025050187403902 7.30000000000002 7.8 3.3502146660964476 5.286683229757917
26300 2996.3481649685295 0 3.4999999999999996 0.7 17.025050187403902 7.30000000000002 7.8 3.3502146660964476 5.286683229757917
26350 2996.3481649685295 0 3.4999999999999996 0.7 17.03633620456504 7.300000000000008 7.800000000000003 3.3502146660964476 5.286683229757917
26400 2996.3481649685295 0 3.4999999999999996 0.7 17.03633620456504 7.300000000000008 7.800000000000003 3.3502146660964476 5.286683229757917
26450 2996.3481649685295 0 3.4999999999999996 0.7 17.03633620456504 7.300000000000008 7.800000000000003 3.3502146660964476 5.286683229757917
26500 2996.3481649685295 0 3.4999999999999996 0.7 17.03633620456504 7.300000000000008 7.800000000000003 3.3502146660964476 5.286683229757917
26550 2996.3481649685295 0 3.4999999999999996 0.7 17.03633620456504 7.300000000000008 7.800000000000003 3.3502146660964476 5.286683229757917
26600 2996.3481649685295 0 3.4999999999999996 0.7 17.03633620456504 7.300000000000008 7.800000000000003 3.3502146660964476 5.286683229757917
26650 2996.3481649685295 0 3.4999999999999996 0.7 17.03633620456504 7.300000000000008 7.800000000000003 3.3502146660964476 5.286683229757917
26700 2996.3481649685295 0 3.4999999999999996 0.7 17.03633620456504 7.300000000000008 7.800000000000003 3.3502146660964476 5.286683229757917
26750 2996.3481649685295 0 3.4999999999999996 0.7 17.03633620456504 7.300000000000008 7.800000000000003 3.3502146660964476 5.286683229757917
26800 2996.3481649685295 0 3.4999999999999996 0.7 17.03633620456504 7.300000000000008 7.800000000000003 3.3502146660964476 5.286683229757917
26850 2996.3481649685295 0 3.4999999999999996 0.7 17.03633620456504 7.300000000000008 7.800000000000003 3.3502146660964476 5.286683229757917
26900 2996.3481649685295 0 3.4999999999999996 0.7 17.03633620456504 7.300000000000008 7.800000000000003 3.3502146660964476 5.286683229757917
26950 2996.3481649685295 0 3.4999999999999996 0.7 17.03633620456504 7.300000000000008 7.800000000000003 3.3502146660964476 5.286683229757917
27000 2996.3481649685295 0 3.4999999999999996 0.7 17.03633620456504 7.300000000000008 7.800000000000003 3.3502146660964476 5.286683229757917
27050 2996.3481649685295 0 3.4999999999999996 0.7 17.03633620456504 7.300000000000008 7.800000000000003 3.3502146660964476 5.286683229757917
27100 2996.3481649685295 0 3.4999999999999996 0.7 17.03633620456504 7.300000000000008 7.800000000000003 3.3502146660964476 5.286683229757917
27150 2996.3481649685295 0 3.4999999999999996 0.7 17.03633620456504 7.300000000000008 7.800000000000003 3.3502146660964476 5.286683229757917
27200 2996.3481649685295 0 3.4999999999999996 0.7 17.03633620456504 7.300000000000008 7.800000000000003 3.3502146660964476 5.286683229757917
27250 2996.3481649685295 0 3.4999999999999996 0.7 17.03633620456504 7.300000000000008 7.800000000000003 3.3502146660964476 5.286683229757917
27300 2996.3481649685295 0 3.4999999999999996 0.7 17.03633620456504 7.300000000000008 7.800000000000003 3.3502146660964476 5.286683229757917
27350 2996.3481649685295 0 3.4999999999999996 0.7 17.03633620456504 7.300000000000008 7.800000000000003 3.3502146660964476 5.286683229757917
27400 2996.3481649685295 0 3.4999999999999996 0.7 17.03633620456504 7.300000000000008 7.800000000000003 3.3502146660964476 5.286683229757917
27450 2996.3481649685295 0 3.4999999999999996 0.7 17.03633620456504 7.300000000000008 7.800000000000003 3.3502146660964476 5.286683229757917
27500 2996.3481649685295 0 3.4999999999999996 0.7 17.03633620456504 7.300000000000008 7.800000000000003 3.3502146660964476 5.286683229757917
27550 2996.3481649685295 0 3.4999999999999996 0.7 17.03633620456504 7.300000000000008 7.800000000000003 3.3502146660964476 5.286683229757917
27600 2996.3481649685295 0 3.4999999999999996 0.7 17.03633620456504 7.300000000000008 7.800000000000003 3.3502146660964476 5.286683229757917
27650 2996.3481649685295 0 3.4999999999999996 0.7 17.03633620456504 7.300000000000008 7.800000000000003 3.3502146660964476 5.286683229757917
27700 2996.3481649685295 0 3.4999999999999996 0.7 17.03633620456504 7.300000000000008 7.800000000000003 3.3502146660964476 5.286683229757917
27750 2996.3481649685295 0 3.4999999999999996 0.7 17.03633620456504 7.300000000000008 7.800000000000003 3.3502146660964476 5.286683229757917
27800 2996.3481649685295 0 3.4999999999999996 0.7 17.03633620456504 7.300000000000008 7.800000000000003 3.3502146660964476 5.286683229757917
27850 2996.3481649685295 0 3.4999999999999996 0.7 17.03633620456504 7.300000000000008 7.800000000000003 3.3502146660964476 5.286683229757917
27900 2996.3481649685295 0 3.4999999999999996 0.7 17.03633620456504 7.300000000000008 7.800000000000003 3.3502146660964476 5.286683229757917
27950 2996.3481649685295 0 3.4999999999999996 0.7 17.03633620456504 7.300000000000008 7.800000000000003 3.3502146660964476 5.286683229757917
28000 2996.3481649685295 0 3.4999999999999996 0.7 17.03633620456504 7.300000000000008 7.800000000000003 3.3502146660964476 5.286683229757917
28050 2996.3481649685295 0 3.4999999999999996 0.7 17.03633620456504 7.300000000000008 7.800000000000003 3.3502146660964476 5.286683229757917
28100 2996.3481649685295 0 3.4999999999999996 0.7 17.03633620456504 7.300000000000008 7.800000000000003 3.3502146660964476 5.286683229757917
28150 2996.3481649685295 0 3.4999999999999996 0.7 17.03633620456504 7.300000000000008 7.800000000000003 3.3502146660964476 5.286683229757917
28200 2996.3481649685295 0 3.4999999999999996 0.7 17.03633620456504 7.300000000000008 7.800000000000003 3.3502146660964476 5.286683229757917
28250 2996.3481649685295 0 3.4999999999999996 0.7 17.03633620456504 7.300000000000008 7.800000000000003 3.3502146660964476 5.286683229757917
28300 2996.3481649685295 0 3.4999999999999996 0.7 17.03633620456504 7.300000000000008 7.800000000000003 3.3502146660964476 5.286683229757917
28350 2996.3481649685295 0 3.4999999999999996 0.7 17.03633620456504 7.300000000000008 7.800000000000003 3.3502146660964476 5.286683229757917
28400 2996.3481649685295 0 3.4999999999999996 0.7 17.03633620456504 7.300000000000008 7.800000000000003 3.3502146660964476 5.286683229757917
28450 2996.3481649685295 0 3.4999999999999996 0.7 17.03633620456504 7.300000000000008 7.800000000000003 3.3502146660964476 5.286683229757917
28500 2996.3481649685295 0 3.4999999999999996 0.7 17.03633620456504 7.300000000000008 7.800000000000003 3.3502146660964476 5.286683229757917
28550 2996.3481649685295 0 3.4999999999999996 0.7 17.03633620456504 7.300000000000008 7.800000000000003 3.3502146660964476 5.286683229757917
28600 2996.3481649685295 0 3.4999999999999996 0.7 17.03633620456504 7.300000000000008 7.800000000000003 3.3502146660964476 5.286683229757917
28650 2996.3481649685295 0 3.4999999999999996 0.7 17.03633620456504 7.300000000000008 7.800000000000003 3.3502146660964476 5.286683229757917
28700 2996.3481649685295 0 3.4999999999999996 0.7 17.03633620456504 7.300000000000008 7.800000000000003 3.3502146660964476 5.286683229757917
28750 2996.3481649685295 0 3.4999999999999996 0.7 17.03633620456504 7.300000000000008 7.800000000000003 3.3502146660964476 5.286683229757917
28800 2996.3481649685295 0 3.4999999999999996 0.7 17.03633620456504 7.300000000000008 7.800000000000003 3.3502146660964476 5.286683229757917
28850 2996.3481649685295 0 3.4999999999999996 0.7 17.03633620456504 7.300000000000008 7.800000000000003 3.3502146660964476 5.286683229757917
28900 2996.3481649685295 0 3.4999999999999996 0.7 17.03633620456504 7.300000000000008 7.800000000000003 3.3502146660964476 5.286683229757917
28950 2996.3481649685295 0 3.4999999999999996 0.7 17.03633620456504 7.300000000000008 7.800000000000003 3.3502146660964476 5.286683229757917
29000 2996.3481649685295 0 3.4999999999999996 0.7 17.03633620456504 7.300000000000008 7.800000000000003 3.3502146660964476 5.286683229757917
29050 2996.3481649685295 0 3.4999999999999996 0.7 17.03633620456504 7.300000000000008 7.800000000000003 3.3502146660964476 5.286683229757917
29100 2996.3481649685295 0 3.4999999999999996 0.7 17.03633620456504 7.300000000000008 7.800000000000003 3.3502146660964476 5.286683229757917
29150 2996.3481649685295 0 3.4999999999999996 0.7 17.03633620456504 7.300000000000008 7.800000000000003 3.3502146660964476 5.286683229757917
29200 2996.3481649685295 0 3.4999999999999996 0.7 17.03633620456504 7.300000000000008 7.800000000000003 3.3502146660964476 5.286683229757917
29250 2996.3481649685295 0 3.4999999999999996 0.7 17.03633620456504 7.300000000000008 7.800000000000003 3.3502146660964476 5.286683229757917
29300 2996.3481649685295 0 3.4999999999999996 0.7 17.03633620456504 7.300000000000008 7.800000000000003 3.3502146660964476 5.286683229757917
29350 2996.3481649685295 0 3.4999999999999996 0.7 17.03633620456504 7.300000000000008 7.800000000000003 3.3502146660964476 5.286683229757917
29400 2996.3481649685295 0 3.4999999999999996 0.7 17.03633620456504 7.300000000000008 7.800000000000003 3.3502146660964476 5.286683229757917
29450 2996.3481649685295 0 3.4999999999999996 0.7 17.03633620456504 7.300000000000008 7.800000000000003 3.3502146660964476 5.286683229757917
29500 2996.3481649685295 0 3.4999999999999996 0.7 17.03633620456504 7.300000000000008 7.800000000000003 3.3502146660964476 5.286683229757917
29550 2996.3481649685295 0 3.4999999999999996 0.7 17.03633620456504 7.300000000000008 7.800000000000003 3.3502146660964476 5.286683229757917
29600 2996.3481649685295 0 3.4999999999999996 0.7 17.03633620456504 7.300000000000008 7.800000000000003 3.3502146660964476 5.286683229757917
29650 2996.3481649685295 0 3.4999999999999996 0.7 17.03633620456504 7.300000000000008 7.800000000000003 3.3502146660964476 5.286683229757917
29700 2996.3481649685295 0 3.4999999999999996 0.7 17.03633620456504 7.300000000000008 7.800000000000003 3.3502146660964476 5.286683229757917
29750 2996.3481649685295 0 3.4999999999999996 0.7 17.03633620456504 7.300000000000008 7.800000000000003 3.3502146660964476 5.286683229757917
29800 2996.3481649685295 0 3.4999999999999996 0.7 17.03633620456504 7.300000000000008 7.800000000000003 3.3502146660964476 5.286683229757917
29850 2996.3481649685295 0 3.4999999999999996 0.7 17.03633620456504 7.300000000000008 7.800000000000003 3.3502146660964476 5.286683229757917
29900 2996.3481649685295 0 3.4999999999999996 0.7 17.03633620456504 7.300000000000008 7.800000000000003 3.3502146660964476 5.286683229757917
29950 2996.3481649685295 0 3.4999999999999996 0.7 17.03633620456504 7.300000000000008 7.800000000000003 3.3502146660964476 5.286683229757917
30000 2996.3481649685295 0 3.4999999999999996 0.7 17.03633620456504 7.300000000000008 7.800000000000003 3.3502146660964476 5.286683229757917
30050 2996.3481649685295 0 3.4999999999999996 0.7 17.03633620456504 7.300000000000008 7.800000000000003 3.3502146660964476 5.286683229757917
30100 2996.3481649685295 0 3.4999999999999996 0.7 17.03633620456504 7.300000000000008 7.800000000000003 3.3502146660964476 5.286683229757917
30150 2996.3481649685295 0 3.4999999999999996 0.7 17.03633620456504 7.300000000000008 7.800000000000003 3.3502146660964476 5.286683229757917
30200 2996.3481649685295 0 3.4999999999999996 0.7 17.03633620456504 7.300000000000008 7.800000000000003 3.3502146660964476 5.286683229757917
30250 2996.3481649685295 0 3.4999999999999996 0.7 17.03633620456504 7.300000000000008 7.800000000000003 3.3502146660964476 5.286683229757917
30300 2996.3481649685295 0 3.4999999999999996 0.7 17.03633620456504 7.300000000000008 7.800000000000003 3.3502146660964476 5.286683229757917
30350 2996.3481649685295 0 3.4999999999999996 0.7 17.03633620456504 7.300000000000008 7.800000000000003 3.3502146660964476 5.286683229757917
30400 2996.3481649685295 0 3.4999999999999996 0.7 17.03633620456504 7.300000000000008 7.800000000000003 3.3502146660964476 5.286683229757917
30450 2996.3481649685295 0 3.4999999999999996 0.7 17.03633620456504 7.300000000000008 7.800000000000003 3.3502146660964476 5.286683229757917
30500 2996.3481649685295 0 3.4999999999999996 0.7 17.03633620456504 7.300000000000008 7.800000000000003 3.3502146660964476 5.286683229757917
30550 2996.3481649685295 0 3.4999999999999996 0.7 17.03633620456504 7.300000000000008 7.800000000000003 3.3502146660964476 5.286683229757917
30600 2996.3481649685295 0 3.4999999999999996 0.7 17.03633620456504 7.300000000000008 7.800000000000003 3.3502146660964476 5.286683229757917
30650 2996.3481649685295 0 3.4999999999999996 0.7 17.03633620456504 7.300000000000008 7.800000000000003 3.3502146660964476 5.286683229757917
30700 2996.3481649685295 0 3.4999999999999996 0.7 17.03633620456504 7.300000000000008 7.800000000000003 3.3502146660964476 5.286683229757917
30750 2996.3481649685295 0 3.4999999999999996 0.7 17.03633620456504 7.300000000000008 7.800000000000003 3.3502146660964476 5.286683229757917
30800 2996.3481649685295 0 3.4999999999999996 0.7 17.03633620456504 7.300000000000008 7.800000000000003 3.3502146660964476 5.286683229757917
30850 2996.3481649685295 0 3.4999999999999996 0.7 17.03633620456504 7.300000000000008 7.800000000000003 3.3502146660964476 5.286683229757917
30900 2996.3481649685295 0 3.4999999999999996 0.7 17.03633620456504 7.300000000000008 7.800000000000003 3.3502146660964476 5.286683229757917
30950 2996.3481649685295 0 3.4999999999999996 0.7 17.03633620456504 7.300000000000008 7.800000000000003 3.3502146660964476 5.286683229757917
31000 2996.3481649685295 0 3.4999999999999996 0.7 17.03633620456504 7.300000000000008 7.800000000000003 3.3502146660964476 5.286683229757917
31050 2996.3481649685295 0 3.4999999999999996 0.7 17.03633620456504 7.300000000000008 7.800000000000003 3.3502146660964476 5.286683229757917
31100 2996.3481649685295 0 3.4999999999999996 0.7 17.03633620456504 7.300000000000008 7.800000000000003 3.3502146660964476 5.286683229757917
31150 2996.3481649685295 0 3.4999999999999996 0.7 17.03633620456504 7.300000000000008 7.800000000000003 3.3502146660964476 5.286683229757917
31200 2996.3481649685295 0 3.4999999999999996 0.7 17.03633620456504 7.300000000000008 7.800000000000003 3.3502146660964476 5.286683229757917
31250 2996.3481649685295 0 3.4999999999999996 0.7 17.03633620456504 7.300000000000008 7.800000000000003 3.3502146660964476 5.286683229757917
31300 2996.3481649685295 0 3.4999999999999996 0.7 17.03633620456504 7.300000000000008 7.800000000000003 3.3502146660964476 5.286683229757917
31350 2996.3481649685295 0 3.4999999999999996 0.7 17.03633620456504 7.300000000000008 7.800000000000003 3.3502146660964476 5.286683229757917
31400 2996.3481649685295 0 3.4999999999999996 0.7 17.03633620456504 7.300000000000008 7.800000000000003 3.3502146660964476 5.286683229757917
31450 2996.3481649685295 0 3.4999999999999996 0.7 17.03633620456504 7.300000000000008 7.800000000000003 3.3502146660964476 5.286683229757917
31500 2996.3481649685295 0 3.4999999999999996 0.7 17.03633620456504 7.300000000000008 7.800000000000003 3.3502146660964476 5.286683229757917
31550 2996.3481649685295 0 3.4999999999999996 0.7 17.03633620456504 7.300000000000008 7.800000000000003 3.3502146660964476 5.286683229757917
31600 2996.3481649685295 0 3.4999999999999996 0.7 17.03633620456504 7.300000000000008 7.800000000000003 3.3502146660964476 5.286683229757917
31650 2996.3481649685295 0 3.4999999999999996 0.7 17.03633620456504 7.300000000000008 7.800000000000003 3.3502146660964476 5.286683229757917
31700 2996.3481649685295 0 3.4999999999999996 0.7 17.03633620456504 7.300000000000008 7.800000000000003 3.3502146660964476 5.286683229757917
31750 2996.3481649685295 0 3.4999999999999996 0.7 17.03633620456504 7.300000000000008 7.800000000000003 3.3502146660964476 5.286683229757917
31800 2996.3481649685295 0 3.4999999999999996 0.7 17.03633620456504 7.300000000000008 7.800000000000003 3.3502146660964476 5.286683229757917
31850 2996.3481649685295 0 3.4999999999999996 0.7 17.03633620456504 7.300000000000008 7.800000000000003 3.3502146660964476 5.286683229757917
31900 2996.3481649685295 0 3.4999999999999996 0.7 17.03633620456504 7.300000000000008 7.800000000000003 3.3502146660964476 5.286683229757917
31950 2996.3481649685295 0 3.4999999999999996 0.7 17.03633620456504 7.300000000000008 7.800000000000003 3.3502146660964476 5.286683229757917
32000 2996.3481649685295 0 3.4999999999999996 0.7 17.03633620456504 7.300000000000008 7.800000000000003 3.3502146660964476 5.286683229757917
32050 2996.3481649685295 0 3.4999999999999996 0.7 17.03633620456504 7.300000000000008 7.800000000000003 3.3502146660964476 5.286683229757917
32100 2996.3481649685295 0 3.4999999999999996 0.7 17.03633620456504 7.300000000000008 7.800000000000003 3.3502146660964476 5.286683229757917
32150 2996.3481649685295 0 3.4999999999999996 0.7 17.03633620456504 7.300000000000008 7.800000000000003 3.3502146660964476 5.286683229757917
32200 2996.3481649685295 0 3.4999999999999996 0.7 17.03633620456504 7.300000000000008 7.800000000000003 3.3502146660964476 5.286683229757917
32250 2996.3481649685295 0 3.4999999999999996 0.7 17.03633620456504 7.300000000000008 7.800000000000003 3.3502146660964476 5.286683229757917
32300 2996.3481649685295 0 3.4999999999999996 0.7 17.03633620456504 7.300000000000008 7.800000000000003 3.3502146660964476 5.286683229757917
32350 2996.3481649685295 0 3.4999999999999996 0.7 17.03633620456504 7.300000000000008 7.800000000000003 3.3502146660964476 5.286683229757917
32400 2996.3481649685295 0 3.4999999999999996 0.7 17.03633620456504 7.300000000000008 7.800000000000003 3.3502146660964476 5.286683229757917
32450 2996.3481649685295 0 3.4999999999999996 0.7 17.03633620456504 7.300000000000008 7.800000000000003 3.3502146660964476 5.286683229757917
32500 2996.3481649685295 0 3.4999999999999996 0.7 17.03633620456504 7.300000000000008 7.800000000000003 3.3502146660964476 5.286683229757917
32550 2996.3481649685295 0 3.4999999999999996 0.7 17.03633620456504 7.300000000000008 7.800000000000003 3.3502146660964476 5.286683229757917
32600 2996.3481649685295 0 3.4999999999999996 0.7 17.03633620456504 7.300000000000008 7.800000000000003 3.3502146660964476 5.286683229757917
32650 2996.3481649685295 0 3.4999999999999996 0.7 17.03633620456504 7.300000000000008 7.800000000000003 3.3502146660964476 5.286683229757917
32700 2996.3481649685295 0 3.4999999999999996 0.7 17.03633620456504 7.300000000000008 7.800000000000003 3.3502146660964476 5.286683229757917
32750 2996.3481649685295 0 3.4999999999999996 0.7 17.03633620456504 7.300000000000008 7.800000000000003 3.3502146660964476 5.286683229757917
32800 2996.3481649685295 0 3.4999999999999996 0.7 17.03633620456504 7.300000000000008 7.800000000000003 3.3502146660964476 5.286683229757917
32850 2996.3481649685295 0 3.4999999999999996 0.7 17.03633620456504 7.300000000000008 7.800000000000003 3.3502146660964476 5.286683229757917
32900 2996.3481649685295 0 3.4999999999999996 0.7 17.03633620456504 7.300000000000008 7.800000000000003 3.3502146660964476 5.286683229757917
32950 2996.3481649685295 0 3.4999999999999996 0.7 17.03633620456504 7.300000000000008 7.800000000000003 3.3502146660964476 5.286683229757917
33000 2996.3481649685295 0 3.4999999999999996 0.7 17.03633620456504 7.300000000000008 7.800000000000003 3.3502146660964476 5.286683229757917
33050 2996.3481649685295 0 3.4999999999999996 0.7 17.03633620456504 7.300000000000008 7.800000000000003 3.3502146660964476 5.286683229757917
33100 2996.3481649685295 0 3.4999999999999996 0.7 17.03633620456504 7.300000000000008 7.800000000000003 3.3502146660964476 5.286683229757917
33150 2996.3481649685295 0 3.4999999999999996 0.7 17.03633620456504 7.300000000000008 7.800000000000003 3.3502146660964476 5.286683229757917
33200 2996.3481649685295 0 3.4999999999999996 0.7 17.03633620456504 7.300000000000008 7.800000000000003 3.3502146660964476 5.286683229757917
33250 2996.3481649685295 0 3.4999999999999996 0.7 17.03633620456504 7.300000000000008 7.800000000000003 3.3502146660964476 5.286683229757917
33300 2996.3481649685295 0 3.4999999999999996 0.7 17.03633620456504 7.300000000000008 7.800000000000003 3.3502146660964476 5.286683229757917
33350 2996.3481649685295 0 3.4999999999999996 0.7 17.03633620456504 7.300000000000008 7.800000000000003 3.3502146660964476 5.286683229757917
33400 2996.3481649685295 0 3.4999999999999996 0.7 17.03633620456504 7.300000000000008 7.800000000000003 3.3502146660964476 5.286683229757917
33450 2996.3481649685295 0 3.4999999999999996 0.7 17.03633620456504 7.300000000000008 7.800000000000003 3.3502146660964476 5.286683229757917
33500 2996.3481649685295 0 3.4999999999999996 0.7 17.03633620456504 7.300000000000008 7.800000000000003 3.3502146660964476 5.286683229757917
33550 2996.3481649685295 0 3.4999999999999996 0.7 17.03633620456504 7.300000000000008 7.800000000000003 3.3502146660964476 5.286683229757917
33600 2996.3481649685295 0 3.4999999999999996 0.7 17.03633620456504 7.300000000000008 7.800000000000003 3.3502146660964476 5.286683229757917
33650 2996.3481649685295 0 3.4999999999999996 0.7 17.03633620456504 7.300000000000008 7.800000000000003 3.3502146660964476 5.286683229757917
33700 2996.3481649685295 0 3.4999999999999996 0.7 17.03633620456504 7.300000000000008 7.800000000000003 3.3502146660964476 5.286683229757917
33750 2996.3481649685295 0 3.4999999999999996 0.7 17.03633620456504 7.300000000000008 7.800000000000003 3.3502146660964476 5.286683229757917
33800 2996.3481649685295 0 3.4999999999999996 0.7 17.03633620456504 7.300000000000008 7.800000000000003 3.3502146660964476 5.286683229757917
33850 2996.3481649685295 0 3.4999999999999996 0.7 17.03633620456504 7.300000000000008 7.800000000000003 3.3502146660964476 5.286683229757917
33900 2996.3481649685295 0 3.4999999999999996 0.7 17.03633620456504 7.300000000000008 7.800000000000003 3.3502146660964476 5.286683229757917
33950 2996.3481649685295 0 3.4999999999999996 0.7 17.03633620456504 7.300000000000008 7.800000000000003 3.3502146660964476 5.286683229757917
34000 2996.3481649685295 0 3.4999999999999996 0.7 17.03633620456504 7.300000000000008 7.800000000000003 3.3502146660964476 5.286683229757917
34050 2996.3481649685295 0 3.4999999999999996 0.7 17.03633620456504 7.300000000000008 7.800000000000003 3.3502146660964476 5.286683229757917
34100 2996.3481649685295 0 3.4999999999999996 0.7 17.03633620456504 7.300000000000008 7.800000000000003 3.3502146660964476 5.286683229757917
34150 2996.3481649685295 0 3.4999999999999996 0.7 17.03633620456504 7.300000000000008 7.800000000000003 3.3502146660964476 5.286683229757917
34200 2996.3481649685295 0 3.4999999999999996 0.7 17.03633620456504 7.300000000000008 7.800000000000003 3.3502146660964476 5.286683229757917
34250 2996.3481649685295 0 3.4999999999999996 0.7 17.03633620456504 7.300000000000008 7.800000000000003 3.3502146660964476 5.286683229757917
34300 2996.3481649685295 0 3.4999999999999996 0.7 17.03633620456504 7.300000000000008 7.800000000000003 3.3502146660964476 5.286683229757917
34350 2996.3481649685295 0 3.4999999999999996 0.7 17.03633620456504 7.300000000000008 7.800000000000003 3.3502146660964476 5.286683229757917
34400 2996.3481649685295 0 3.4999999999999996 0.7 17.03633620456504 7.300000000000008 7.800000000000003 3.3502146660964476 5.286683229757917
34450 2996.3481649685295 0 3.4999999999999996 0.7 17.03633620456504 7.300000000000008 7.800000000000003 3.3502146660964476 5.286683229757917
34500 2996.3481649685295 0 3.4999999999999996 0.7 17.03633620456504 7.300000000000008 7.800000000000003 3.3502146660964476 5.286683229757917
34550 2996.3481649685295 0 3.4999999999999996 0.7 17.03633620456504 7.300000000000008 7.800000000000003 3.3502146660964476 5.286683229757917
34600 2996.3481649685295 0 3.4999999999999996 0.7 17.03633620456504 7.300000000000008 7.800000000000003 3.3502146660964476 5.286683229757917
34650 2996.3481649685295 0 3.4999999999999996 0.7 17.03633620456504 7.300000000000008 7.800000000000003 3.3502146660964476 5.286683229757917
34700 2996.3481649685295 0 3.4999999999999996 0.7 17.03633620456504 7.300000000000008 7.800000000000003 3.3502146660964476 5.286683229757917
34750 2996.3481649685295 0 3.4999999999999996 0.7 17.03633620456504 7.300000000000008 7.800000000000003 3.3502146660964476 5.286683229757917
34800 2996.3481649685295 0 3.4999999999999996 0.7 17.03633620456504 7.300000000000008 7.800000000000003 3.3502146660964476 5.286683229757917
34850 2996.3481649685295 0 3.4999999999999996 0.7 17.03633620456504 7.300000000000008 7.800000000000003 3.3502146660964476 5.286683229757917
34900 2996.3481649685295 0 3.4999999999999996 0.7 17.03633620456504 7.300000000000008 7.800000000000003 3.3502146660964476 5.286683229757917
34950 2996.3481649685295 0 3.4999999999999996 0.7 17.03633620456504 7.300000000000008 7.800000000000003 3.3502146660964476 5.286683229757917
35000 2996.3481649685295 0 3.4999999999999996 0.7 17.03633620456504 7.300000000000008 7.800000000000003 3.3502146660964476 5.286683229757917
35050 2996.3481649685295 0 3.4999999999999996 0.7 17.03633620456504 7.300000000000008 7.800000000000003 3.3502146660964476 5.286683229757917
35100 2996.3481649685295 0 3.4999999999999996 0.7 17.03633620456504 7.300000000000008 7.800000000000003 3.3502146660964476 5.286683229757917
35150 2996.3481649685295 0 3.4999999999999996 0.7 17.03633620456504 7.300000000000008 7.800000000000003 3.3502146660964476 5.286683229757917
35200 2996.3481649685295 0 3.4999999999999996 0.7 17.03633620456504 7.300000000000008 7.800000000000003 3.3502146660964476 5.286683229757917
35250 2996.3481649685295 0 3.4999999999999996 0.7 17.03633620456504 7.300000000000008 7.800000000000003 3.3502146660964476 5.286683229757917
35300 2996.3481649685295 0 3.4999999999999996 0.7 17.03633620456504 7.300000000000008 7.800000000000003 3.3502146660964476 5.286683229757917
35350 2996.3481649685295 0 3.4999999999999996 0.7 17.03633620456504 7.300000000000008 7.800000000000003 3.3502146660964476 5.286683229757917
35400 2996.3481649685295 0 3.4999999999999996 0.7 17.03633620456504 7.300000000000008 7.800000000000003 3.3502146660964476 5.286683229757917
35450 2996.3481649685295 0 3.4999999999999996 0.7 17.03633620456504 7.300000000000008 7.800000000000003 3.3502146660964476 5.286683229757917
35500 2996.3481649685295 0 3.4999999999999996 0.7 17.03633620456504 7.300000000000008 7.800000000000003 3.3502146660964476 5.286683229757917
35550 2996.3481649685295 0 3.4999999999999996 0.7 17.03633620456504 7.300000000000008 7.800000000000003 3.3502146660964476 5.286683229757917
35600 2996.3481649685295 0 3.4999999999999996 0.7 17.03633620456504 7.300000000000008 7.800000000000003 3.3502146660964476 5.286683229757917
35650 2996.3481649685295 0 3.4999999999999996 0.7 17.03633620456504 7.300000000000008 7.800000000000003 3.3502146660964476 5.286683229757917
35700 2996.3481649685295 0 3.4999999999999996 0.7 17.03633620456504 7.300000000000008 7.800000000000003 3.3502146660964476 5.286683229757917
35750 2996.3481649685295 0 3.4999999999999996 0.7 17.03633620456504 7.300000000000008 7.800000000000003 3.3502146660964476 5.286683229757917
35800 2996.3481649685295 0 3.4999999999999996 0.7 17.03633620456504 7.300000000000008 7.800000000000003 3.3502146660964476 5.286683229757917
35850 2996.3481649685295 0 3.4999999999999996 0.7 17.03633620456504 7.300000000000008 7.800000000000003 3.3502146660964476 5.286683229757917
35900 2996.3481649685295 0 3.4999999999999996 0.7 17.03633620456504 7.300000000000008 7.800000000000003 3.3502146660964476 5.286683229757917
35950 2996.3481649685295 0 3.4999999999999996 0.7 17.03633620456504 7.300000000000008 7.800000000000003 3.3502146660964476 5.286683229757917
*---*---*---*---*---*---*---*---*---*---*---*---*---*---*---*---*---*---*---*---*
Status: Finished
Last individual
2996.3481649685295 0 3.4999999999999996 0.7 17.03633620456504 7.300000000000008 7.800000000000003 3.3502146660964476 5.286683229757917
Hall of fame
2996.3481649685295 0 3.4999999999999996 0.7 17.03840893349626 7.3 7.8 3.3502146660964476 5.286683229757917
Last factible individual
2996.3481649685295 0 3.4999999999999996 0.7 17.03633620456504 7.300000000000008 7.800000000000003 3.3502146660964476 5.286683229757917
CPU time used (seconds)
3.516090520999569
