*---*---*---*---*---*---*---*---*---*---*---*---*---*---*---*---*---*---*---*---*
Algorithm: Differential Evolution
Constrainth handling method: DEB
Function: 22
Case: continuous
Seed: 18
Parents size: 50
Offsprings size: 50
maxFe: 36000
CR: 0.9
F: 0.6
rweights: -
*---*---*---*---*---*---*---*---*---*---*---*---*---*---*---*---*---*---*---*---*
ngen ObjectiveFunction ViolationSum ProjectVariables
50 5049.148150277939 0 3.5715764709073907 0.7115637121666293 25.0 8.057794857195805 8.054907840910628 3.6387476060147064 5.464786406374623
100 5006.291529665628 0 3.6 0.7 25.36 8.3 8.121217893104422 3.687027215955448 5.5
150 4372.579571246599 0 3.6 0.7083609352695147 23.184 7.665771169354077 7.989579887328372 3.3818221606060477 5.318289086021838
200 4372.579571246599 0 3.6 0.7083609352695147 23.184 7.665771169354077 7.989579887328372 3.3818221606060477 5.318289086021838
250 3648.282214682318 0 3.6 0.7 19.166400000000003 7.842720427620003 8.177059307072026 3.65078893216936 5.5
300 3648.282214682318 0 3.6 0.7 19.166400000000003 7.842720427620003 8.177059307072026 3.65078893216936 5.5
350 3451.168180224712 0 3.6 0.7 18.124800000000004 7.909399126311818 8.290606491300162 3.6211784787322805 5.5
400 3238.7105739354015 0 3.5689804173956867 0.7 17 7.888106212398264 8.3 3.7747631312586654 5.402513881310183
450 3140.8571841405587 0 3.5315371724291653 0.7 17 7.370469878548227 8.3 3.54477695989234 5.390973451613102
500 3140.8571841405587 0 3.5315371724291653 0.7 17 7.370469878548227 8.3 3.54477695989234 5.390973451613102
550 3140.8571841405587 0 3.5315371724291653 0.7 17 7.370469878548227 8.3 3.54477695989234 5.390973451613102
600 3140.8571841405587 0 3.5315371724291653 0.7 17 7.370469878548227 8.3 3.54477695989234 5.390973451613102
650 3119.341497073268 0 3.5881908370526023 0.7 17 7.36066579262367 8.011911649969244 3.4176169246452366 5.3879722008269635
700 3119.341497073268 0 3.5881908370526023 0.7 17 7.36066579262367 8.011911649969244 3.4176169246452366 5.3879722008269635
750 3119.341497073268 0 3.5881908370526023 0.7 17 7.36066579262367 8.011911649969244 3.4176169246452366 5.3879722008269635
800 3095.1831499322875 0 3.5079253917754096 0.7 17.435592704 7.3 8.035886442081015 3.486009094598737 5.37085679477779
850 3095.1831499322875 0 3.5079253917754096 0.7 17.435592704 7.3 8.035886442081015 3.486009094598737 5.37085679477779
900 3095.1831499322875 0 3.5079253917754096 0.7 17.435592704 7.3 8.035886442081015 3.486009094598737 5.37085679477779
950 3095.1831499322875 0 3.5079253917754096 0.7 17.435592704 7.3 8.035886442081015 3.486009094598737 5.37085679477779
1000 3065.4745075334176 0 3.5249390393963744 0.7 17 7.696593147275989 8.3 3.3672859796984067 5.349189318243335
1050 3065.4745075334176 0 3.5249390393963744 0.7 17 7.696593147275989 8.3 3.3672859796984067 5.349189318243335
1100 3054.251347358495 0 3.5146715802940602 0.701435840281575 17.0 7.7274733904744926 8.092963636582367 3.365903447292482 5.335394568554264
1150 3039.890007534675 0 3.5004626028669903 0.7 17.1788724224 7.334585982244367 8.096261936156177 3.3850727604831734 5.32952464472624
1200 3039.890007534675 0 3.5004626028669903 0.7 17.1788724224 7.334585982244367 8.096261936156177 3.3850727604831734 5.32952464472624
1250 3015.6696917965924 0 3.5045820409688915 0.7 17.10732345344 7.636438681965497 8.046567067897612 3.379351375515618 5.289195783756517
1300 3015.6696917965924 0 3.5045820409688915 0.7 17.10732345344 7.636438681965497 8.046567067897612 3.379351375515618 5.289195783756517
1350 3015.6696917965924 0 3.5045820409688915 0.7 17.10732345344 7.636438681965497 8.046567067897612 3.379351375515618 5.289195783756517
1400 3015.6696917965924 0 3.5045820409688915 0.7 17.10732345344 7.636438681965497 8.046567067897612 3.379351375515618 5.289195783756517
1450 3015.6696917965924 0 3.5045820409688915 0.7 17.10732345344 7.636438681965497 8.046567067897612 3.379351375515618 5.289195783756517
1500 3015.6696917965924 0 3.5045820409688915 0.7 17.10732345344 7.636438681965497 8.046567067897612 3.379351375515618 5.289195783756517
1550 3015.6696917965924 0 3.5045820409688915 0.7 17.10732345344 7.636438681965497 8.046567067897612 3.379351375515618 5.289195783756517
1600 3015.6696917965924 0 3.5045820409688915 0.7 17.10732345344 7.636438681965497 8.046567067897612 3.379351375515618 5.289195783756517
1650 3015.6696917965924 0 3.5045820409688915 0.7 17.10732345344 7.636438681965497 8.046567067897612 3.379351375515618 5.289195783756517
1700 3015.6696917965924 0 3.5045820409688915 0.7 17.10732345344 7.636438681965497 8.046567067897612 3.379351375515618 5.289195783756517
1750 3014.550326075022 0 3.5171434687328773 0.7 17 7.3 8.02483394407277 3.3660923154543174 5.290555756168284
1800 3014.550326075022 0 3.5171434687328773 0.7 17 7.3 8.02483394407277 3.3660923154543174 5.290555756168284
1850 3014.550326075022 0 3.5171434687328773 0.7 17 7.3 8.02483394407277 3.3660923154543174 5.290555756168284
1900 3014.550326075022 0 3.5171434687328773 0.7 17 7.3 8.02483394407277 3.3660923154543174 5.290555756168284
1950 3014.550326075022 0 3.5171434687328773 0.7 17 7.3 8.02483394407277 3.3660923154543174 5.290555756168284
2000 3011.705607024402 0 3.505614222489549 0.7 17.10732345344 8.05742867377704 7.885259420336267 3.3647293645622347 5.28798961457198
2050 3011.705607024402 0 3.505614222489549 0.7 17.10732345344 8.05742867377704 7.885259420336267 3.3647293645622347 5.28798961457198
2100 3011.705607024402 0 3.505614222489549 0.7 17.10732345344 8.05742867377704 7.885259420336267 3.3647293645622347 5.28798961457198
2150 3011.705607024402 0 3.505614222489549 0.7 17.10732345344 8.05742867377704 7.885259420336267 3.3647293645622347 5.28798961457198
2200 3006.2321023070504 0 3.5087010045654834 0.7001071849026834 17.08957701126163 7.409581006235257 7.8 3.358620487644993 5.29118276046103
2250 3006.2321023070504 0 3.5087010045654834 0.7001071849026834 17.08957701126163 7.409581006235257 7.8 3.358620487644993 5.29118276046103
2300 3006.2321023070504 0 3.5087010045654834 0.7001071849026834 17.08957701126163 7.409581006235257 7.8 3.358620487644993 5.29118276046103
2350 3006.2321023070504 0 3.5087010045654834 0.7001071849026834 17.08957701126163 7.409581006235257 7.8 3.358620487644993 5.29118276046103
2400 3006.2321023070504 0 3.5087010045654834 0.7001071849026834 17.08957701126163 7.409581006235257 7.8 3.358620487644993 5.29118276046103
2450 3006.2321023070504 0 3.5087010045654834 0.7001071849026834 17.08957701126163 7.409581006235257 7.8 3.358620487644993 5.29118276046103
2500 3001.261339730007 0 3.5052667355050176 0.7003037739236385 17.089828431512093 7.308316460120526 7.8 3.3523436658411905 5.288024985899842
2550 3001.091363328426 0 3.503397220887458 0.7 17.17723056036631 7.3 7.8 3.3581930146052286 5.28883855562844
2600 3001.091363328426 0 3.503397220887458 0.7 17.17723056036631 7.3 7.8 3.3581930146052286 5.28883855562844
2650 3001.091363328426 0 3.503397220887458 0.7 17.17723056036631 7.3 7.8 3.3581930146052286 5.28883855562844
2700 3001.091363328426 0 3.503397220887458 0.7 17.17723056036631 7.3 7.8 3.3581930146052286 5.28883855562844
2750 3001.091363328426 0 3.503397220887458 0.7 17.17723056036631 7.3 7.8 3.3581930146052286 5.28883855562844
2800 3001.091363328426 0 3.503397220887458 0.7 17.17723056036631 7.3 7.8 3.3581930146052286 5.28883855562844
2850 3001.091363328426 0 3.503397220887458 0.7 17.17723056036631 7.3 7.8 3.3581930146052286 5.28883855562844
2900 3001.091363328426 0 3.503397220887458 0.7 17.17723056036631 7.3 7.8 3.3581930146052286 5.28883855562844
2950 3000.373176971802 0 3.5038938305032996 0.7 17.233263194472638 7.3 7.8 3.3503738158534624 5.290541271578965
3000 3000.373176971802 0 3.5038938305032996 0.7 17.233263194472638 7.3 7.8 3.3503738158534624 5.290541271578965
3050 3000.373176971802 0 3.5038938305032996 0.7 17.233263194472638 7.3 7.8 3.3503738158534624 5.290541271578965
3100 2999.5155370464918 0 3.500760375639199 0.7000855970439139 17.09083882773771 7.300757421031931 7.838847559950708 3.355469130141165 5.287125310522672
3150 2999.5155370464918 0 3.500760375639199 0.7000855970439139 17.09083882773771 7.300757421031931 7.838847559950708 3.355469130141165 5.287125310522672
3200 2999.5155370464918 0 3.500760375639199 0.7000855970439139 17.09083882773771 7.300757421031931 7.838847559950708 3.355469130141165 5.287125310522672
3250 2999.5155370464918 0 3.500760375639199 0.7000855970439139 17.09083882773771 7.300757421031931 7.838847559950708 3.355469130141165 5.287125310522672
3300 2999.5155370464918 0 3.500760375639199 0.7000855970439139 17.09083882773771 7.300757421031931 7.838847559950708 3.355469130141165 5.287125310522672
3350 2999.5155370464918 0 3.500760375639199 0.7000855970439139 17.09083882773771 7.300757421031931 7.838847559950708 3.355469130141165 5.287125310522672
3400 2999.5155370464918 0 3.500760375639199 0.7000855970439139 17.09083882773771 7.300757421031931 7.838847559950708 3.355469130141165 5.287125310522672
3450 2999.5155370464918 0 3.500760375639199 0.7000855970439139 17.09083882773771 7.300757421031931 7.838847559950708 3.355469130141165 5.287125310522672
3500 2999.5155370464918 0 3.500760375639199 0.7000855970439139 17.09083882773771 7.300757421031931 7.838847559950708 3.355469130141165 5.287125310522672
3550 2999.2543134772377 0 3.500366544608043 0.7 17.293068045871767 7.3 7.856076442675446 3.351883290683253 5.2884202224824275
3600 2999.2543134772377 0 3.500366544608043 0.7 17.293068045871767 7.3 7.856076442675446 3.351883290683253 5.2884202224824275
3650 2998.9173884995157 0 3.5011980374485474 0.7000484189913417 17.253000607103747 7.321022924777973 7.8 3.3517848519250544 5.288717253500171
3700 2998.680971069695 0 3.501285241279178 0.7000214986727412 17.30982168623975 7.3 7.827693879927761 3.353747286904522 5.287031793870179
3750 2998.680971069695 0 3.501285241279178 0.7000214986727412 17.30982168623975 7.3 7.827693879927761 3.353747286904522 5.287031793870179
3800 2998.6433172705115 0 3.5015211621408717 0.7000042034567422 17.26741740093998 7.305147237869737 7.804496408535988 3.352753239978725 5.288077844219052
3850 2998.095523557517 0 3.501613953739186 0.7000357955592352 17.180979136611114 7.3 7.804496408535988 3.3513824725339245 5.2875561432925595
3900 2998.095523557517 0 3.501613953739186 0.7000357955592352 17.180979136611114 7.3 7.804496408535988 3.3513824725339245 5.2875561432925595
3950 2997.921206457505 0 3.5015744752365494 0.7000234282332665 17.2995481899574 7.311950846965401 7.804745594909361 3.350911099803137 5.287409035230927
4000 2997.593640176249 0 3.50081467433837 0.7 17.327433187923194 7.3 7.8171796878901 3.3517870449496106 5.286915109036745
4050 2997.593640176249 0 3.50081467433837 0.7 17.327433187923194 7.3 7.8171796878901 3.3517870449496106 5.286915109036745
4100 2997.3921280318054 0 3.5008565328207912 0.7000463445952201 17.108939546119743 7.3 7.8 3.3508124768982337 5.287226792281819
4150 2997.3921280318054 0 3.5008565328207912 0.7000463445952201 17.108939546119743 7.3 7.8 3.3508124768982337 5.287226792281819
4200 2997.365517362695 0 3.500269321817003 0.7000502792734075 17.27063483403813 7.3 7.804255703159655 3.350923145844708 5.287328385028981
4250 2997.365517362695 0 3.500269321817003 0.7000502792734075 17.27063483403813 7.3 7.804255703159655 3.350923145844708 5.287328385028981
4300 2997.299501531486 0 3.500113523713003 0.7 17.318907875027463 7.3 7.823320976913331 3.351588085796512 5.286753468738861
4350 2997.299501531486 0 3.500113523713003 0.7 17.318907875027463 7.3 7.823320976913331 3.351588085796512 5.286753468738861
4400 2997.299501531486 0 3.500113523713003 0.7 17.318907875027463 7.3 7.823320976913331 3.351588085796512 5.286753468738861
4450 2997.068489842908 0 3.500906167805516 0.7 17.345965757591387 7.3 7.811195317364865 3.3502979252857306 5.286836422610404
4500 2997.068489842908 0 3.500906167805516 0.7 17.345965757591387 7.3 7.811195317364865 3.3502979252857306 5.286836422610404
4550 2996.681590809873 0 3.500272920325566 0.7 17.30911256234827 7.3 7.8025534218957935 3.350387466605654 5.2868815675589955
4600 2996.681590809873 0 3.500272920325566 0.7 17.30911256234827 7.3 7.8025534218957935 3.350387466605654 5.2868815675589955
4650 2996.681590809873 0 3.500272920325566 0.7 17.30911256234827 7.3 7.8025534218957935 3.350387466605654 5.2868815675589955
4700 2996.681590809873 0 3.500272920325566 0.7 17.30911256234827 7.3 7.8025534218957935 3.350387466605654 5.2868815675589955
4750 2996.681590809873 0 3.500272920325566 0.7 17.30911256234827 7.3 7.8025534218957935 3.350387466605654 5.2868815675589955
4800 2996.681590809873 0 3.500272920325566 0.7 17.30911256234827 7.3 7.8025534218957935 3.350387466605654 5.2868815675589955
4850 2996.681590809873 0 3.500272920325566 0.7 17.30911256234827 7.3 7.8025534218957935 3.350387466605654 5.2868815675589955
4900 2996.681590809873 0 3.500272920325566 0.7 17.30911256234827 7.3 7.8025534218957935 3.350387466605654 5.2868815675589955
4950 2996.681590809873 0 3.500272920325566 0.7 17.30911256234827 7.3 7.8025534218957935 3.350387466605654 5.2868815675589955
5000 2996.681542988962 0 3.5002072091811476 0.7 17.44398698236947 7.306189960334762 7.8 3.3507171456297096 5.286792260864591
5050 2996.679863361817 0 3.5001311104662625 0.7 17.336400103611822 7.3 7.8 3.3505252556835075 5.286999343949665
5100 2996.679863361817 0 3.5001311104662625 0.7 17.336400103611822 7.3 7.8 3.3505252556835075 5.286999343949665
5150 2996.591160970838 0 3.5002519113903894 0.700005742122765 17.00996466287949 7.303713976200857 7.8 3.3503687105126216 5.286755724514794
5200 2996.591160970838 0 3.5002519113903894 0.700005742122765 17.00996466287949 7.303713976200857 7.8 3.3503687105126216 5.286755724514794
5250 2996.4341668112866 0 3.5000621900184608 0.7 17.155301963418367 7.305145782602213 7.8 3.350231113228889 5.2867021334852495
5300 2996.4341668112866 0 3.5000621900184608 0.7 17.155301963418367 7.305145782602213 7.8 3.350231113228889 5.2867021334852495
5350 2996.4341668112866 0 3.5000621900184608 0.7 17.155301963418367 7.305145782602213 7.8 3.350231113228889 5.2867021334852495
5400 2996.4341668112866 0 3.5000621900184608 0.7 17.155301963418367 7.305145782602213 7.8 3.350231113228889 5.2867021334852495
5450 2996.4341668112866 0 3.5000621900184608 0.7 17.155301963418367 7.305145782602213 7.8 3.350231113228889 5.2867021334852495
5500 2996.4341668112866 0 3.5000621900184608 0.7 17.155301963418367 7.305145782602213 7.8 3.350231113228889 5.2867021334852495
5550 2996.4341668112866 0 3.5000621900184608 0.7 17.155301963418367 7.305145782602213 7.8 3.350231113228889 5.2867021334852495
5600 2996.4341668112866 0 3.5000621900184608 0.7 17.155301963418367 7.305145782602213 7.8 3.350231113228889 5.2867021334852495
5650 2996.4341668112866 0 3.5000621900184608 0.7 17.155301963418367 7.305145782602213 7.8 3.350231113228889 5.2867021334852495
5700 2996.4341668112866 0 3.5000621900184608 0.7 17.155301963418367 7.305145782602213 7.8 3.350231113228889 5.2867021334852495
5750 2996.4341668112866 0 3.5000621900184608 0.7 17.155301963418367 7.305145782602213 7.8 3.350231113228889 5.2867021334852495
5800 2996.4341668112866 0 3.5000621900184608 0.7 17.155301963418367 7.305145782602213 7.8 3.350231113228889 5.2867021334852495
5850 2996.4341668112866 0 3.5000621900184608 0.7 17.155301963418367 7.305145782602213 7.8 3.350231113228889 5.2867021334852495
5900 2996.4341668112866 0 3.5000621900184608 0.7 17.155301963418367 7.305145782602213 7.8 3.350231113228889 5.2867021334852495
5950 2996.434062930148 0 3.500067391387543 0.7 17.13724363752523 7.302378206603928 7.8 3.35029511053185 5.286711473935495
6000 2996.4246397152733 0 3.5000927082132405 0.7000019637691303 17.183371117525642 7.300435613100724 7.800520776925115 3.3502432324372475 5.2866968097184515
6050 2996.422085875002 0 3.5000112335283826 0.7 17.44259581947598 7.3 7.8 3.35029511053185 5.286760290916325
6100 2996.422085875002 0 3.5000112335283826 0.7 17.44259581947598 7.3 7.8 3.35029511053185 5.286760290916325
6150 2996.422085875002 0 3.5000112335283826 0.7 17.44259581947598 7.3 7.8 3.35029511053185 5.286760290916325
6200 2996.422085875002 0 3.5000112335283826 0.7 17.44259581947598 7.3 7.8 3.35029511053185 5.286760290916325
6250 2996.422050242016 0 3.5000469541576775 0.7 17.310785228058705 7.301565159247902 7.801088320887158 3.3502771283621575 5.286686118392361
6300 2996.4069233013097 0 3.5000685188494005 0.7 17.122887551569164 7.301230228076942 7.8 3.350247715959439 5.286703008641724
6350 2996.4069233013097 0 3.5000685188494005 0.7 17.122887551569164 7.301230228076942 7.8 3.350247715959439 5.286703008641724
6400 2996.398938106232 0 3.500029968262984 0.7000025224708456 17 7.3 7.800487363248898 3.3502285490355854 5.286704250742836
6450 2996.398938106232 0 3.500029968262984 0.7000025224708456 17 7.3 7.800487363248898 3.3502285490355854 5.286704250742836
6500 2996.397922711022 0 3.5000501607086143 0.7000018465993795 17.43289006302981 7.300709269235497 7.800339896228531 3.3502436864716776 5.286684177576567
6550 2996.397922711022 0 3.5000501607086143 0.7000018465993795 17.43289006302981 7.300709269235497 7.800339896228531 3.3502436864716776 5.286684177576567
6600 2996.38443563311 0 3.5000379260692553 0.7000007630949019 17.369986973995676 7.3 7.800273288300503 3.350231456778002 5.286695256246765
6650 2996.38443563311 0 3.5000379260692553 0.7000007630949019 17.369986973995676 7.3 7.800273288300503 3.350231456778002 5.286695256246765
6700 2996.38443563311 0 3.5000379260692553 0.7000007630949019 17.369986973995676 7.3 7.800273288300503 3.350231456778002 5.286695256246765
6750 2996.38443563311 0 3.5000379260692553 0.7000007630949019 17.369986973995676 7.3 7.800273288300503 3.350231456778002 5.286695256246765
6800 2996.3785085337468 0 3.5000039634545868 0.7000004520813375 17.116947122695095 7.300416167585641 7.8 3.350267212225286 5.286698457835696
6850 2996.3785085337468 0 3.5000039634545868 0.7000004520813375 17.116947122695095 7.300416167585641 7.8 3.350267212225286 5.286698457835696
6900 2996.3785085337468 0 3.5000039634545868 0.7000004520813375 17.116947122695095 7.300416167585641 7.8 3.350267212225286 5.286698457835696
6950 2996.3780901901623 0 3.5000197522817635 0.7 17.052846197447685 7.300260867004612 7.800002407289851 3.3502323680963175 5.286707293428685
7000 2996.3733858480637 0 3.500035655759716 0.7000004279242403 17.445054610954625 7.3 7.8 3.350220704148828 5.286695406634339
7050 2996.3733858480637 0 3.500035655759716 0.7000004279242403 17.445054610954625 7.3 7.8 3.350220704148828 5.286695406634339
7100 2996.3733858480637 0 3.500035655759716 0.7000004279242403 17.445054610954625 7.3 7.8 3.350220704148828 5.286695406634339
7150 2996.3720806777224 0 3.500020268674069 0.7000000449109701 17 7.300408946630895 7.8 3.350216365573857 5.286701648887332
7200 2996.3720806777224 0 3.500020268674069 0.7000000449109701 17 7.300408946630895 7.8 3.350216365573857 5.286701648887332
7250 2996.3640349288667 0 3.5000071413599345 0.7 17.2235447610463 7.300515934247802 7.8 3.350235861585962 5.286688128532286
7300 2996.3640349288667 0 3.5000071413599345 0.7 17.2235447610463 7.300515934247802 7.8 3.350235861585962 5.286688128532286
7350 2996.3640349288667 0 3.5000071413599345 0.7 17.2235447610463 7.300515934247802 7.8 3.350235861585962 5.286688128532286
7400 2996.3640349288667 0 3.5000071413599345 0.7 17.2235447610463 7.300515934247802 7.8 3.350235861585962 5.286688128532286
7450 2996.3640349288667 0 3.5000071413599345 0.7 17.2235447610463 7.300515934247802 7.8 3.350235861585962 5.286688128532286
7500 2996.3612442324475 0 3.5000108170928064 0.7000002467904703 17.246566845383466 7.300009297019507 7.8 3.3502315016717947 5.286688486654749
7550 2996.3604501341397 0 3.500011267979363 0.7 17.294574583197825 7.300232471680798 7.8 3.350232888168626 5.286685063779349
7600 2996.358780938371 0 3.500020336106854 0.7 17.37520489645202 7.3 7.8 3.350223625799684 5.286683772543714
7650 2996.358780938371 0 3.500020336106854 0.7 17.37520489645202 7.3 7.8 3.350223625799684 5.286683772543714
7700 2996.358780938371 0 3.500020336106854 0.7 17.37520489645202 7.3 7.8 3.350223625799684 5.286683772543714
7750 2996.358015789356 0 3.500006671553908 0.7000000452157855 17.312111077815878 7.3 7.8 3.350239111886026 5.286684481915519
7800 2996.357091957848 0 3.5000071956877616 0.7000003665862803 17.25140042602445 7.3 7.80002291761584 3.350222846380699 5.286686149112025
7850 2996.357091957848 0 3.5000071956877616 0.7000003665862803 17.25140042602445 7.3 7.80002291761584 3.350222846380699 5.286686149112025
7900 2996.357074679027 0 3.5000125873026766 0.7 17.207275454503126 7.3 7.8 3.3502290271730377 5.286683710870746
7950 2996.355806122635 0 3.5000096441917443 0.7000000659477291 17.377372777767842 7.3 7.8 3.3502172433213415 5.286687787346433
8000 2996.355541423228 0 3.500004930459021 0.7000001185553699 17.354257767620755 7.300054887870982 7.8 3.3502284732696874 5.286684647680689
8050 2996.3538580697345 0 3.500007798324207 0.7000002481014083 17.476736511564635 7.300054887870982 7.8 3.350216180618736 5.286684234973634
8100 2996.3538580697345 0 3.500007798324207 0.7000002481014083 17.476736511564635 7.300054887870982 7.8 3.350216180618736 5.286684234973634
8150 2996.3538580697345 0 3.500007798324207 0.7000002481014083 17.476736511564635 7.300054887870982 7.8 3.350216180618736 5.286684234973634
8200 2996.3538580697345 0 3.500007798324207 0.7000002481014083 17.476736511564635 7.300054887870982 7.8 3.350216180618736 5.286684234973634
8250 2996.3538580697345 0 3.500007798324207 0.7000002481014083 17.476736511564635 7.300054887870982 7.8 3.350216180618736 5.286684234973634
8300 2996.3538580697345 0 3.500007798324207 0.7000002481014083 17.476736511564635 7.300054887870982 7.8 3.350216180618736 5.286684234973634
8350 2996.3530034063306 0 3.500004321532408 0.7000001459528816 17.06996185102675 7.3 7.8 3.350216223357243 5.286686507865772
8400 2996.3530034063306 0 3.500004321532408 0.7000001459528816 17.06996185102675 7.3 7.8 3.350216223357243 5.286686507865772
8450 2996.3530034063306 0 3.500004321532408 0.7000001459528816 17.06996185102675 7.3 7.8 3.350216223357243 5.286686507865772
8500 2996.352360083136 0 3.500002021130854 0.7000002277312188 17.451330639694984 7.300101218954132 7.800006834053502 3.350216836444977 5.286684451375926
8550 2996.352360083136 0 3.500002021130854 0.7000002277312188 17.451330639694984 7.300101218954132 7.800006834053502 3.350216836444977 5.286684451375926
8600 2996.352360083136 0 3.500002021130854 0.7000002277312188 17.451330639694984 7.300101218954132 7.800006834053502 3.350216836444977 5.286684451375926
8650 2996.352360083136 0 3.500002021130854 0.7000002277312188 17.451330639694984 7.300101218954132 7.800006834053502 3.350216836444977 5.286684451375926
8700 2996.352360083136 0 3.500002021130854 0.7000002277312188 17.451330639694984 7.300101218954132 7.800006834053502 3.350216836444977 5.286684451375926
8750 2996.35233656976 0 3.500006223838997 0.7 17.033131353441224 7.30004486047892 7.8000273779115465 3.350216152398622 5.286683783000451
8800 2996.35233656976 0 3.500006223838997 0.7 17.033131353441224 7.30004486047892 7.8000273779115465 3.350216152398622 5.286683783000451
8850 2996.3520884246363 0 3.5000021833952775 0.7 17.309103305413192 7.300044019956309 7.800016788540541 3.3502199451811663 5.286684745562829
8900 2996.3520884246363 0 3.5000021833952775 0.7 17.309103305413192 7.300044019956309 7.800016788540541 3.3502199451811663 5.286684745562829
8950 2996.3517045611843 0 3.500003072639506 0.7000001229963506 17.177614846547407 7.3000841359296995 7.8 3.3502153379289537 5.286684588498435
9000 2996.3512304232886 0 3.500002285870575 0.7000002112404359 17.237673830283136 7.300059171797805 7.800001902238314 3.350216107791749 5.28668367376435
9050 2996.3503814613837 0 3.50000101269856 0.7000001201226379 17 7.3 7.800027371392935 3.350216718398815 5.286683468957312
9100 2996.3503814613837 0 3.50000101269856 0.7000001201226379 17 7.3 7.800027371392935 3.350216718398815 5.286683468957312
9150 2996.3503814613837 0 3.50000101269856 0.7000001201226379 17 7.3 7.800027371392935 3.350216718398815 5.286683468957312
9200 2996.350375503061 0 3.500002053755135 0.7 17.299710970282497 7.300019906574198 7.8 3.3502163410454173 5.286684490150336
9250 2996.350375503061 0 3.500002053755135 0.7 17.299710970282497 7.300019906574198 7.8 3.3502163410454173 5.286684490150336
9300 2996.350375503061 0 3.500002053755135 0.7 17.299710970282497 7.300019906574198 7.8 3.3502163410454173 5.286684490150336
9350 2996.350227739038 0 3.5000003100926977 0.7 17.315155306338955 7.3 7.8000132578755625 3.350219685492159 5.286683812833661
9400 2996.3496217923844 0 3.500000176861443 0.7 17.13034987451593 7.3 7.800013699702885 3.3502166029738376 5.286684162283183
9450 2996.3496217923844 0 3.500000176861443 0.7 17.13034987451593 7.3 7.800013699702885 3.3502166029738376 5.286684162283183
9500 2996.3496217923844 0 3.500000176861443 0.7 17.13034987451593 7.3 7.800013699702885 3.3502166029738376 5.286684162283183
9550 2996.3493725430953 0 3.500000904656876 0.7000000429963125 17.291484844756326 7.300023365616294 7.8 3.350215162552845 5.286683741558662
9600 2996.3493725430953 0 3.500000904656876 0.7000000429963125 17.291484844756326 7.300023365616294 7.8 3.350215162552845 5.286683741558662
9650 2996.3493725430953 0 3.500000904656876 0.7000000429963125 17.291484844756326 7.300023365616294 7.8 3.350215162552845 5.286683741558662
9700 2996.3493725430953 0 3.500000904656876 0.7000000429963125 17.291484844756326 7.300023365616294 7.8 3.350215162552845 5.286683741558662
9750 2996.3493725430953 0 3.500000904656876 0.7000000429963125 17.291484844756326 7.300023365616294 7.8 3.350215162552845 5.286683741558662
9800 2996.3493725430953 0 3.500000904656876 0.7000000429963125 17.291484844756326 7.300023365616294 7.8 3.350215162552845 5.286683741558662
9850 2996.349297703051 0 3.5000003550455308 0.7000000154677596 17.377554456079547 7.3000068128281015 7.8 3.3502163732163606 5.286683903226461
9900 2996.349297703051 0 3.5000003550455308 0.7000000154677596 17.377554456079547 7.3000068128281015 7.8 3.3502163732163606 5.286683903226461
9950 2996.349131700385 0 3.500000209588842 0.7000000252218618 17.005251304141474 7.300009940126234 7.8 3.350215723717491 5.286683879648011
10000 2996.349131700385 0 3.500000209588842 0.7000000252218618 17.005251304141474 7.300009940126234 7.8 3.350215723717491 5.286683879648011
10050 2996.349131700385 0 3.500000209588842 0.7000000252218618 17.005251304141474 7.300009940126234 7.8 3.350215723717491 5.286683879648011
10100 2996.349131700385 0 3.500000209588842 0.7000000252218618 17.005251304141474 7.300009940126234 7.8 3.350215723717491 5.286683879648011
10150 2996.3490964537796 0 3.5000014348367694 0.7000000122522955 17.24060853255629 7.300000779303824 7.8 3.350215286319336 5.286683461898408
10200 2996.348984472466 0 3.500000434160423 0.7000000594046167 17 7.3000150505597015 7.800003911777299 3.3502148861990446 5.286683396319872
10250 2996.348978072362 0 3.5000002911461334 0.7000000033669439 17.12171637154997 7.3 7.8 3.3502158485787557 5.286683830736467
10300 2996.3487259729136 0 3.5000006301468565 0.7 17.17463447307335 7.300005127749702 7.800001895361532 3.3502150517028526 5.286683431697157
10350 2996.3487259729136 0 3.5000006301468565 0.7 17.17463447307335 7.300005127749702 7.800001895361532 3.3502150517028526 5.286683431697157
10400 2996.3487259729136 0 3.5000006301468565 0.7 17.17463447307335 7.300005127749702 7.800001895361532 3.3502150517028526 5.286683431697157
10450 2996.3487259729136 0 3.5000006301468565 0.7 17.17463447307335 7.300005127749702 7.800001895361532 3.3502150517028526 5.286683431697157
10500 2996.3487259729136 0 3.5000006301468565 0.7 17.17463447307335 7.300005127749702 7.800001895361532 3.3502150517028526 5.286683431697157
10550 2996.348617020889 0 3.5000003473016896 0.7 17.106044330945824 7.3 7.800005278849418 3.350215162552845 5.286683344936315
10600 2996.348617020889 0 3.5000003473016896 0.7 17.106044330945824 7.3 7.800005278849418 3.350215162552845 5.286683344936315
10650 2996.34848339466 0 3.500000294948088 0.7000000174883179 17.04238519958635 7.300002151040458 7.8 3.3502149230054243 5.286683291280282
10700 2996.34848339466 0 3.500000294948088 0.7000000174883179 17.04238519958635 7.300002151040458 7.8 3.3502149230054243 5.286683291280282
10750 2996.34848339466 0 3.500000294948088 0.7000000174883179 17.04238519958635 7.300002151040458 7.8 3.3502149230054243 5.286683291280282
10800 2996.34848339466 0 3.500000294948088 0.7000000174883179 17.04238519958635 7.300002151040458 7.8 3.3502149230054243 5.286683291280282
10850 2996.34848339466 0 3.500000294948088 0.7000000174883179 17.04238519958635 7.300002151040458 7.8 3.3502149230054243 5.286683291280282
10900 2996.34848339466 0 3.500000294948088 0.7000000174883179 17.04238519958635 7.300002151040458 7.8 3.3502149230054243 5.286683291280282
10950 2996.34848339466 0 3.500000294948088 0.7000000174883179 17.04238519958635 7.300002151040458 7.8 3.3502149230054243 5.286683291280282
11000 2996.34848339466 0 3.500000294948088 0.7000000174883179 17.04238519958635 7.300002151040458 7.8 3.3502149230054243 5.286683291280282
11050 2996.34848339466 0 3.500000294948088 0.7000000174883179 17.04238519958635 7.300002151040458 7.8 3.3502149230054243 5.286683291280282
11100 2996.3484570899077 0 3.5000002888358894 0.7000000030778856 17.13575529340992 7.300005486900924 7.800000305567202 3.3502148192432517 5.286683340871614
11150 2996.3483957524477 0 3.50000005907375 0.7000000104929907 17.11441185985197 7.300006247042125 7.800001664677794 3.3502147573777425 5.2866833009834355
11200 2996.3483957524477 0 3.50000005907375 0.7000000104929907 17.11441185985197 7.300006247042125 7.800001664677794 3.3502147573777425 5.2866833009834355
11250 2996.348361648328 0 3.5000000745146513 0.7 17.105719567388594 7.3 7.80000218961656 3.350214732799502 5.286683390696799
11300 2996.3482865299984 0 3.5000000242121003 0.7 17.293226690427193 7.3 7.800001036300411 3.3502147545573684 5.286683334735041
11350 2996.3482511203338 0 3.5000000167052963 0.7 17.37908837966659 7.3 7.800000458235779 3.3502148351106174 5.2866832713651455
11400 2996.3482511203338 0 3.5000000167052963 0.7 17.37908837966659 7.3 7.800000458235779 3.3502148351106174 5.2866832713651455
11450 2996.3482511203338 0 3.5000000167052963 0.7 17.37908837966659 7.3 7.800000458235779 3.3502148351106174 5.2866832713651455
11500 2996.3482511203338 0 3.5000000167052963 0.7 17.37908837966659 7.3 7.800000458235779 3.3502148351106174 5.2866832713651455
11550 2996.3482481423844 0 3.5000000551251143 0.7 17.472522925542634 7.3 7.8 3.3502148231520854 5.2866832635627325
11600 2996.3482481423844 0 3.5000000551251143 0.7 17.472522925542634 7.3 7.8 3.3502148231520854 5.2866832635627325
11650 2996.3482481423844 0 3.5000000551251143 0.7 17.472522925542634 7.3 7.8 3.3502148231520854 5.2866832635627325
11700 2996.3482481423844 0 3.5000000551251143 0.7 17.472522925542634 7.3 7.8 3.3502148231520854 5.2866832635627325
11750 2996.3482481423844 0 3.5000000551251143 0.7 17.472522925542634 7.3 7.8 3.3502148231520854 5.2866832635627325
11800 2996.3482481423844 0 3.5000000551251143 0.7 17.472522925542634 7.3 7.8 3.3502148231520854 5.2866832635627325
11850 2996.3482481423844 0 3.5000000551251143 0.7 17.472522925542634 7.3 7.8 3.3502148231520854 5.2866832635627325
11900 2996.3482481423844 0 3.5000000551251143 0.7 17.472522925542634 7.3 7.8 3.3502148231520854 5.2866832635627325
11950 2996.348228538256 0 3.5000000207077093 0.7 17 7.3 7.800001529331341 3.350214746326426 5.286683231990683
12000 2996.348228538256 0 3.5000000207077093 0.7 17 7.3 7.800001529331341 3.350214746326426 5.286683231990683
12050 2996.3482281546653 0 3.5000000989203 0.7 17.47277912989046 7.30000112449233 7.8 3.350214702347411 5.286683237906216
12100 2996.348225874424 0 3.5000000989203 0.7 17.430510598405643 7.3 7.800000347702565 3.350214702347411 5.286683237906216
12150 2996.348225874424 0 3.5000000989203 0.7 17.430510598405643 7.3 7.800000347702565 3.350214702347411 5.286683237906216
12200 2996.348225874424 0 3.5000000989203 0.7 17.430510598405643 7.3 7.800000347702565 3.350214702347411 5.286683237906216
12250 2996.348225874424 0 3.5000000989203 0.7 17.430510598405643 7.3 7.800000347702565 3.350214702347411 5.286683237906216
12300 2996.348222932769 0 3.5000000034875107 0.7000000002316211 17.17461616612469 7.300001434308622 7.8000005858812695 3.350214711395044 5.2866832588472725
12350 2996.348207978217 0 3.500000040799583 0.7 17.0 7.30000029088546 7.8000001323254535 3.3502147003663523 5.286683249857614
12400 2996.3482043437643 0 3.5000000201312402 0.7000000002954984 17.267059403523938 7.300000328087055 7.80000005866901 3.350214678595798 5.286683265558881
12450 2996.3482043437643 0 3.5000000201312402 0.7000000002954984 17.267059403523938 7.300000328087055 7.80000005866901 3.350214678595798 5.286683265558881
12500 2996.3482043437643 0 3.5000000201312402 0.7000000002954984 17.267059403523938 7.300000328087055 7.80000005866901 3.350214678595798 5.286683265558881
12550 2996.3482043437643 0 3.5000000201312402 0.7000000002954984 17.267059403523938 7.300000328087055 7.80000005866901 3.350214678595798 5.286683265558881
12600 2996.3481914295526 0 3.50000001777772 0.7 17 7.3 7.800000007315141 3.3502146696665833 5.2866832587035715
12650 2996.3481914295526 0 3.50000001777772 0.7 17 7.3 7.800000007315141 3.3502146696665833 5.2866832587035715
12700 2996.3481873127935 0 3.5000000130657094 0.7 17.123350648899013 7.3 7.8 3.3502146873191343 5.286683248319132
12750 2996.3481833834303 0 3.5000000086804515 0.7 17.123350648899013 7.3 7.8 3.350214692596993 5.286683242733868
12800 2996.3481833834303 0 3.5000000086804515 0.7 17.123350648899013 7.3 7.8 3.350214692596993 5.286683242733868
12850 2996.3481833834303 0 3.5000000086804515 0.7 17.123350648899013 7.3 7.8 3.350214692596993 5.286683242733868
12900 2996.3481833834303 0 3.5000000086804515 0.7 17.123350648899013 7.3 7.8 3.350214692596993 5.286683242733868
12950 2996.3481833834303 0 3.5000000086804515 0.7 17.123350648899013 7.3 7.8 3.350214692596993 5.286683242733868
13000 2996.3481833834303 0 3.5000000086804515 0.7 17.123350648899013 7.3 7.8 3.350214692596993 5.286683242733868
13050 2996.3481833834303 0 3.5000000086804515 0.7 17.123350648899013 7.3 7.8 3.350214692596993 5.286683242733868
13100 2996.3481833834303 0 3.5000000086804515 0.7 17.123350648899013 7.3 7.8 3.350214692596993 5.286683242733868
13150 2996.3481833834303 0 3.5000000086804515 0.7 17.123350648899013 7.3 7.8 3.350214692596993 5.286683242733868
13200 2996.3481806847312 0 3.50000000685073 0.7000000000491031 17.34485055116051 7.300000153934834 7.800000020851958 3.3502146898587712 5.286683237515224
13250 2996.3481806847312 0 3.50000000685073 0.7000000000491031 17.34485055116051 7.300000153934834 7.800000020851958 3.3502146898587712 5.286683237515224
13300 2996.3481806847312 0 3.50000000685073 0.7000000000491031 17.34485055116051 7.300000153934834 7.800000020851958 3.3502146898587712 5.286683237515224
13350 2996.3481717733403 0 3.5000000021342608 0.70000000000359 17.173218869846387 7.3 7.8 3.3502146801434503 5.286683233485531
13400 2996.3481677574473 0 3.500000001331616 0.7 17.157657117887712 7.3 7.8 3.350214669087267 5.286683232122431
13450 2996.3481677574473 0 3.500000001331616 0.7 17.157657117887712 7.3 7.8 3.350214669087267 5.286683232122431
13500 2996.3481677574473 0 3.500000001331616 0.7 17.157657117887712 7.3 7.8 3.350214669087267 5.286683232122431
13550 2996.3481677574473 0 3.500000001331616 0.7 17.157657117887712 7.3 7.8 3.350214669087267 5.286683232122431
13600 2996.3481677574473 0 3.500000001331616 0.7 17.157657117887712 7.3 7.8 3.350214669087267 5.286683232122431
13650 2996.3481677574473 0 3.500000001331616 0.7 17.157657117887712 7.3 7.8 3.350214669087267 5.286683232122431
13700 2996.3481677574473 0 3.500000001331616 0.7 17.157657117887712 7.3 7.8 3.350214669087267 5.286683232122431
13750 2996.3481677574473 0 3.500000001331616 0.7 17.157657117887712 7.3 7.8 3.350214669087267 5.286683232122431
13800 2996.3481677574473 0 3.500000001331616 0.7 17.157657117887712 7.3 7.8 3.350214669087267 5.286683232122431
13850 2996.3481677574473 0 3.500000001331616 0.7 17.157657117887712 7.3 7.8 3.350214669087267 5.286683232122431
13900 2996.3481677574473 0 3.500000001331616 0.7 17.157657117887712 7.3 7.8 3.350214669087267 5.286683232122431
13950 2996.3481677574473 0 3.500000001331616 0.7 17.157657117887712 7.3 7.8 3.350214669087267 5.286683232122431
14000 2996.3481677574473 0 3.500000001331616 0.7 17.157657117887712 7.3 7.8 3.350214669087267 5.286683232122431
14050 2996.3481677574473 0 3.500000001331616 0.7 17.157657117887712 7.3 7.8 3.350214669087267 5.286683232122431
14100 2996.3481677574473 0 3.500000001331616 0.7 17.157657117887712 7.3 7.8 3.350214669087267 5.286683232122431
14150 2996.3481677574473 0 3.500000001331616 0.7 17.157657117887712 7.3 7.8 3.350214669087267 5.286683232122431
14200 2996.3481677574473 0 3.500000001331616 0.7 17.157657117887712 7.3 7.8 3.350214669087267 5.286683232122431
14250 2996.3481677574473 0 3.500000001331616 0.7 17.157657117887712 7.3 7.8 3.350214669087267 5.286683232122431
14300 2996.3481674551986 0 3.5000000010797665 0.7000000000017427 17.127671662997205 7.300000065843851 7.8 3.350214666350665 5.286683231974242
14350 2996.3481674551986 0 3.5000000010797665 0.7000000000017427 17.127671662997205 7.300000065843851 7.8 3.350214666350665 5.286683231974242
14400 2996.3481673162114 0 3.500000001988169 0.7000000000905867 17.06107915189204 7.3 7.800000000047318 3.35021467024251 5.286683229914923
14450 2996.3481667904807 0 3.5000000010318915 0.7000000000027211 17.218513575023437 7.3 7.800000015700167 3.3502146676662443 5.286683230795217
14500 2996.3481667904807 0 3.5000000010318915 0.7000000000027211 17.218513575023437 7.3 7.800000015700167 3.3502146676662443 5.286683230795217
14550 2996.348166255706 0 3.5000000006316943 0.7000000000391134 17.264762443796972 7.3 7.8 3.350214667520621 5.286683230543189
14600 2996.348166255706 0 3.5000000006316943 0.7000000000391134 17.264762443796972 7.3 7.8 3.350214667520621 5.286683230543189
14650 2996.348166255706 0 3.5000000006316943 0.7000000000391134 17.264762443796972 7.3 7.8 3.350214667520621 5.286683230543189
14700 2996.3481661730007 0 3.500000000362861 0.7000000000324501 17.06890643653573 7.3 7.8 3.3502146662680987 5.286683231128432
14750 2996.3481661730007 0 3.500000000362861 0.7000000000324501 17.06890643653573 7.3 7.8 3.3502146662680987 5.286683231128432
14800 2996.3481661730007 0 3.500000000362861 0.7000000000324501 17.06890643653573 7.3 7.8 3.3502146662680987 5.286683231128432
14850 2996.3481661612664 0 3.5000000002326965 0.7 17.10269318761387 7.3 7.80000000276758 3.3502146686902776 5.286683230354783
14900 2996.3481661612664 0 3.5000000002326965 0.7 17.10269318761387 7.3 7.80000000276758 3.3502146686902776 5.286683230354783
14950 2996.3481661612664 0 3.5000000002326965 0.7 17.10269318761387 7.3 7.80000000276758 3.3502146686902776 5.286683230354783
15000 2996.3481661612664 0 3.5000000002326965 0.7 17.10269318761387 7.3 7.80000000276758 3.3502146686902776 5.286683230354783
15050 2996.34816612028 0 3.500000000439688 0.7 17.048408609467646 7.3 7.800000001660548 3.3502146677769473 5.286683230566696
15100 2996.34816612028 0 3.500000000439688 0.7 17.048408609467646 7.3 7.800000001660548 3.3502146677769473 5.286683230566696
15150 2996.3481660330513 0 3.500000000268748 0.7 17.229960934212453 7.3 7.800000008853822 3.3502146663126364 5.2866832308735985
15200 2996.348165832875 0 3.5000000002755747 0.7 17.034053937463746 7.300000023846315 7.8 3.350214666406628 5.286683230492012
15250 2996.3481658156275 0 3.500000000330115 0.7000000000087254 17.325869710317516 7.300000006914623 7.800000008663006 3.3502146669302446 5.286683230095065
15300 2996.3481656445606 0 3.500000000095591 0.7000000000089415 17 7.3 7.8000000046733975 3.3502146676714917 5.286683229905905
15350 2996.348165614132 0 3.5000000009043486 0.7 17.139014107932585 7.300000016662563 7.8 3.350214666375996 5.286683229871562
15400 2996.348165614132 0 3.5000000009043486 0.7 17.139014107932585 7.300000016662563 7.8 3.350214666375996 5.286683229871562
15450 2996.348165614132 0 3.5000000009043486 0.7 17.139014107932585 7.300000016662563 7.8 3.350214666375996 5.286683229871562
15500 2996.348165614132 0 3.5000000009043486 0.7 17.139014107932585 7.300000016662563 7.8 3.350214666375996 5.286683229871562
15550 2996.348165614132 0 3.5000000009043486 0.7 17.139014107932585 7.300000016662563 7.8 3.350214666375996 5.286683229871562
15600 2996.3481655999653 0 3.5000000001725495 0.7 17.256839524206733 7.3 7.800000004414409 3.350214666298411 5.286683230410944
15650 2996.348165550277 0 3.5000000002126717 0.7000000000068389 17.0 7.300000014493748 7.8 3.350214666744527 5.286683230032137
15700 2996.348165537685 0 3.500000000233584 0.7 17.130899499744707 7.3 7.800000003599447 3.3502146670270907 5.286683230011447
15750 2996.3481654745815 0 3.500000000567636 0.7 17 7.3 7.800000007687378 3.3502146664117176 5.286683229811393
15800 2996.3481654082098 0 3.5000000002614717 0.7 17.4053895689636 7.3000000266160585 7.800000001912904 3.3502146662174086 5.2866832298043605
15850 2996.3481654082098 0 3.5000000002614717 0.7 17.4053895689636 7.3000000266160585 7.800000001912904 3.3502146662174086 5.2866832298043605
15900 2996.3481654082098 0 3.5000000002614717 0.7 17.4053895689636 7.3000000266160585 7.800000001912904 3.3502146662174086 5.2866832298043605
15950 2996.3481654082098 0 3.5000000002614717 0.7 17.4053895689636 7.3000000266160585 7.800000001912904 3.3502146662174086 5.2866832298043605
16000 2996.3481654010593 0 3.5000000000049245 0.7 17.089166192845628 7.300000007113556 7.800000002933168 3.3502146668011132 5.286683229952781
16050 2996.3481653079207 0 3.5000000002143508 0.7000000000060225 17.23593494265008 7.300000002118783 7.800000004276165 3.35021466632584 5.286683229847521
16100 2996.3481652896617 0 3.500000000049486 0.7 17 7.300000020364318 7.800000000361612 3.3502146663223606 5.286683229847024
16150 2996.3481652896617 0 3.500000000049486 0.7 17 7.300000020364318 7.800000000361612 3.3502146663223606 5.286683229847024
16200 2996.3481652620153 0 3.5000000001733915 0.7000000000038445 17.119878032631366 7.300000015046687 7.8 3.3502146662112535 5.286683229830426
16250 2996.3481652620153 0 3.5000000001733915 0.7000000000038445 17.119878032631366 7.300000015046687 7.8 3.3502146662112535 5.286683229830426
16300 2996.3481652201845 0 3.5000000001393667 0.7000000000080517 17 7.300000008718448 7.800000000762127 3.3502146661543857 5.286683229839972
16350 2996.3481652201845 0 3.5000000001393667 0.7000000000080517 17 7.300000008718448 7.800000000762127 3.3502146661543857 5.286683229839972
16400 2996.3481652201845 0 3.5000000001393667 0.7000000000080517 17 7.300000008718448 7.800000000762127 3.3502146661543857 5.286683229839972
16450 2996.348165179273 0 3.5000000001972955 0.7000000000005829 17.213972465008446 7.3 7.8 3.350214666224144 5.286683229912134
16500 2996.3481651578163 0 3.5000000001949467 0.7000000000080517 17.0 7.3 7.8 3.3502146660999794 5.286683229876533
16550 2996.348165043671 0 3.500000000020318 0.7000000000036872 17 7.300000002228061 7.8 3.350214666136425 5.2866832297904205
16600 2996.348165043671 0 3.500000000020318 0.7000000000036872 17 7.300000002228061 7.8 3.350214666136425 5.2866832297904205
16650 2996.348165043671 0 3.500000000020318 0.7000000000036872 17 7.300000002228061 7.8 3.350214666136425 5.2866832297904205
16700 2996.348165043671 0 3.500000000020318 0.7000000000036872 17 7.300000002228061 7.8 3.350214666136425 5.2866832297904205
16750 2996.348165043671 0 3.500000000020318 0.7000000000036872 17 7.300000002228061 7.8 3.350214666136425 5.2866832297904205
16800 2996.348165043671 0 3.500000000020318 0.7000000000036872 17 7.300000002228061 7.8 3.350214666136425 5.2866832297904205
16850 2996.348165043671 0 3.500000000020318 0.7000000000036872 17 7.300000002228061 7.8 3.350214666136425 5.2866832297904205
16900 2996.348165043671 0 3.500000000020318 0.7000000000036872 17 7.300000002228061 7.8 3.350214666136425 5.2866832297904205
16950 2996.348165043671 0 3.500000000020318 0.7000000000036872 17 7.300000002228061 7.8 3.350214666136425 5.2866832297904205
17000 2996.3481650358403 0 3.500000000138413 0.7 17.273567473603823 7.3 7.8 3.350214666115659 5.286683229770574
17050 2996.3481650358403 0 3.500000000138413 0.7 17.273567473603823 7.3 7.8 3.350214666115659 5.286683229770574
17100 2996.348165028526 0 3.500000000001337 0.7 17.253045861180393 7.3 7.800000000000352 3.3502146662880707 5.286683229774632
17150 2996.348165028526 0 3.500000000001337 0.7 17.253045861180393 7.3 7.800000000000352 3.3502146662880707 5.286683229774632
17200 2996.348165028526 0 3.500000000001337 0.7 17.253045861180393 7.3 7.800000000000352 3.3502146662880707 5.286683229774632
17250 2996.348165028526 0 3.500000000001337 0.7 17.253045861180393 7.3 7.800000000000352 3.3502146662880707 5.286683229774632
17300 2996.348165027939 0 3.5000000000189173 0.7 17.070702924136995 7.300000002043176 7.8 3.350214666178314 5.286683229778523
17350 2996.348165027939 0 3.5000000000189173 0.7 17.070702924136995 7.300000002043176 7.8 3.350214666178314 5.286683229778523
17400 2996.348165027939 0 3.5000000000189173 0.7 17.070702924136995 7.300000002043176 7.8 3.350214666178314 5.286683229778523
17450 2996.348165015888 0 3.500000000069506 0.7 17.353127669862044 7.3 7.8 3.3502146661522545 5.286683229767093
17500 2996.348165013714 0 3.5000000000246123 0.7 17.22576292088854 7.3 7.800000000113661 3.3502146662115306 5.286683229763725
17550 2996.348165013714 0 3.5000000000246123 0.7 17.22576292088854 7.3 7.800000000113661 3.3502146662115306 5.286683229763725
17600 2996.348165010656 0 3.5000000000033653 0.7 17.30456346762074 7.3 7.800000000090073 3.350214666162467 5.286683229792515
17650 2996.3481649966784 0 3.5000000000029154 0.7 17.047590139582063 7.300000000427264 7.8 3.350214666165177 5.286683229766915
17700 2996.3481649966784 0 3.5000000000029154 0.7 17.047590139582063 7.300000000427264 7.8 3.350214666165177 5.286683229766915
17750 2996.3481649966784 0 3.5000000000029154 0.7 17.047590139582063 7.300000000427264 7.8 3.350214666165177 5.286683229766915
17800 2996.3481649966784 0 3.5000000000029154 0.7 17.047590139582063 7.300000000427264 7.8 3.350214666165177 5.286683229766915
17850 2996.348164987183 0 3.5000000000075553 0.700000000000347 17.070702924136995 7.3 7.8 3.350214666121732 5.286683229769983
17900 2996.348164987183 0 3.5000000000075553 0.700000000000347 17.070702924136995 7.3 7.8 3.350214666121732 5.286683229769983
17950 2996.348164987183 0 3.5000000000075553 0.700000000000347 17.070702924136995 7.3 7.8 3.350214666121732 5.286683229769983
18000 2996.348164986589 0 3.500000000012453 0.700000000001482 17.164174763900792 7.3 7.8 3.3502146660981844 5.286683229767396
18050 2996.3481649837245 0 3.500000000003997 0.7 17.013410980097134 7.3 7.8 3.3502146661450625 5.28668322975986
18100 2996.3481649837245 0 3.500000000003997 0.7 17.013410980097134 7.3 7.8 3.3502146661450625 5.28668322975986
18150 2996.3481649837245 0 3.500000000003997 0.7 17.013410980097134 7.3 7.8 3.3502146661450625 5.28668322975986
18200 2996.3481649837245 0 3.500000000003997 0.7 17.013410980097134 7.3 7.8 3.3502146661450625 5.28668322975986
18250 2996.3481649837245 0 3.500000000003997 0.7 17.013410980097134 7.3 7.8 3.3502146661450625 5.28668322975986
18300 2996.3481649837245 0 3.500000000003997 0.7 17.013410980097134 7.3 7.8 3.3502146661450625 5.28668322975986
18350 2996.3481649837245 0 3.500000000003997 0.7 17.013410980097134 7.3 7.8 3.3502146661450625 5.28668322975986
18400 2996.3481649837245 0 3.500000000003997 0.7 17.013410980097134 7.3 7.8 3.3502146661450625 5.28668322975986
18450 2996.3481649837245 0 3.500000000003997 0.7 17.013410980097134 7.3 7.8 3.3502146661450625 5.28668322975986
18500 2996.3481649786463 0 3.5000000000040066 0.7000000000001418 17 7.3 7.8 3.350214666120561 5.286683229760679
18550 2996.3481649786463 0 3.5000000000040066 0.7000000000001418 17 7.3 7.8 3.350214666120561 5.286683229760679
18600 2996.3481649786463 0 3.5000000000040066 0.7000000000001418 17 7.3 7.8 3.350214666120561 5.286683229760679
18650 2996.3481649786463 0 3.5000000000040066 0.7000000000001418 17 7.3 7.8 3.350214666120561 5.286683229760679
18700 2996.3481649782257 0 3.5000000000052767 0.7 17.171443160405556 7.3 7.8 3.350214666124272 5.286683229758754
18750 2996.3481649782257 0 3.5000000000052767 0.7 17.171443160405556 7.3 7.8 3.350214666124272 5.286683229758754
18800 2996.348164976065 0 3.5000000000054183 0.7000000000000327 17.41179612097084 7.3 7.8 3.350214666109622 5.286683229760906
18850 2996.348164975002 0 3.5000000000015747 0.7000000000001418 17.10053214806923 7.3 7.8 3.3502146661043057 5.286683229762964
18900 2996.348164975002 0 3.5000000000015747 0.7000000000001418 17.10053214806923 7.3 7.8 3.3502146661043057 5.286683229762964
18950 2996.348164973413 0 3.5000000000037104 0.7 17.431436196987615 7.3 7.8 3.350214666105472 5.286683229759688
19000 2996.348164973413 0 3.5000000000037104 0.7 17.431436196987615 7.3 7.8 3.350214666105472 5.286683229759688
19050 2996.3481649728833 0 3.5000000000073013 0.7 17.060895678276676 7.3 7.8 3.350214666102079 5.286683229757996
19100 2996.3481649728833 0 3.5000000000073013 0.7 17.060895678276676 7.3 7.8 3.350214666102079 5.286683229757996
19150 2996.3481649728155 0 3.5000000000094516 0.7 17 7.3 7.8 3.3502146660977807 5.286683229758284
19200 2996.3481649728155 0 3.5000000000094516 0.7 17 7.3 7.8 3.3502146660977807 5.286683229758284
19250 2996.3481649716455 0 3.50000000000076 0.7000000000000465 17.26387649858618 7.3 7.800000000006372 3.3502146660972203 5.286683229761486
19300 2996.3481649716455 0 3.50000000000076 0.7000000000000465 17.26387649858618 7.3 7.800000000006372 3.3502146660972203 5.286683229761486
19350 2996.3481649716455 0 3.50000000000076 0.7000000000000465 17.26387649858618 7.3 7.800000000006372 3.3502146660972203 5.286683229761486
19400 2996.3481649715995 0 3.5000000000061062 0.7000000000000169 17.094914782375874 7.3 7.8 3.3502146660974 5.28668322975847
19450 2996.3481649697287 0 3.500000000000223 0.7 17.328425061134897 7.3 7.800000000016246 3.3502146660992747 5.286683229757971
19500 2996.3481649697287 0 3.500000000000223 0.7 17.328425061134897 7.3 7.800000000016246 3.3502146660992747 5.286683229757971
19550 2996.3481649697287 0 3.500000000000223 0.7 17.328425061134897 7.3 7.800000000016246 3.3502146660992747 5.286683229757971
19600 2996.3481649697287 0 3.500000000000223 0.7 17.328425061134897 7.3 7.800000000016246 3.3502146660992747 5.286683229757971
19650 2996.3481649697287 0 3.500000000000223 0.7 17.328425061134897 7.3 7.800000000016246 3.3502146660992747 5.286683229757971
19700 2996.3481649697287 0 3.500000000000223 0.7 17.328425061134897 7.3 7.800000000016246 3.3502146660992747 5.286683229757971
19750 2996.3481649697287 0 3.500000000000223 0.7 17.328425061134897 7.3 7.800000000016246 3.3502146660992747 5.286683229757971
19800 2996.3481649697287 0 3.500000000000223 0.7 17.328425061134897 7.3 7.800000000016246 3.3502146660992747 5.286683229757971
19850 2996.3481649697287 0 3.500000000000223 0.7 17.328425061134897 7.3 7.800000000016246 3.3502146660992747 5.286683229757971
19900 2996.3481649697287 0 3.500000000000223 0.7 17.328425061134897 7.3 7.800000000016246 3.3502146660992747 5.286683229757971
19950 2996.3481649695586 0 3.5000000000003877 0.7000000000000245 17.334378190859493 7.3 7.8 3.350214666098606 5.286683229758255
20000 2996.3481649695586 0 3.5000000000003877 0.7000000000000245 17.334378190859493 7.3 7.8 3.350214666098606 5.286683229758255
20050 2996.3481649695586 0 3.5000000000003877 0.7000000000000245 17.334378190859493 7.3 7.8 3.350214666098606 5.286683229758255
20100 2996.3481649695586 0 3.5000000000003877 0.7000000000000245 17.334378190859493 7.3 7.8 3.350214666098606 5.286683229758255
20150 2996.3481649693267 0 3.5000000000001714 0.7 17.158380567443736 7.3 7.800000000008738 3.3502146660968757 5.28668322975859
20200 2996.3481649693267 0 3.5000000000001714 0.7 17.158380567443736 7.3 7.800000000008738 3.3502146660968757 5.28668322975859
20250 2996.3481649693267 0 3.5000000000001714 0.7 17.158380567443736 7.3 7.800000000008738 3.3502146660968757 5.28668322975859
20300 2996.3481649693267 0 3.5000000000001714 0.7 17.158380567443736 7.3 7.800000000008738 3.3502146660968757 5.28668322975859
20350 2996.3481649693267 0 3.5000000000001714 0.7 17.158380567443736 7.3 7.800000000008738 3.3502146660968757 5.28668322975859
20400 2996.3481649693267 0 3.5000000000001714 0.7 17.158380567443736 7.3 7.800000000008738 3.3502146660968757 5.28668322975859
20450 2996.3481649693267 0 3.5000000000001714 0.7 17.158380567443736 7.3 7.800000000008738 3.3502146660968757 5.28668322975859
20500 2996.3481649693267 0 3.5000000000001714 0.7 17.158380567443736 7.3 7.800000000008738 3.3502146660968757 5.28668322975859
20550 2996.3481649690266 0 3.500000000000223 0.7 17.150172572828403 7.3 7.8 3.3502146660970684 5.286683229758311
20600 2996.3481649690266 0 3.500000000000223 0.7 17.150172572828403 7.3 7.8 3.3502146660970684 5.286683229758311
20650 2996.3481649690266 0 3.500000000000223 0.7 17.150172572828403 7.3 7.8 3.3502146660970684 5.286683229758311
20700 2996.3481649690266 0 3.500000000000223 0.7 17.150172572828403 7.3 7.8 3.3502146660970684 5.286683229758311
20750 2996.3481649690266 0 3.500000000000223 0.7 17.150172572828403 7.3 7.8 3.3502146660970684 5.286683229758311
20800 2996.3481649689375 0 3.5000000000002207 0.7000000000000356 17.411928729548535 7.3 7.8 3.3502146660970684 5.286683229757919
20850 2996.3481649689375 0 3.5000000000002207 0.7000000000000356 17.411928729548535 7.3 7.8 3.3502146660970684 5.286683229757919
20900 2996.3481649689375 0 3.5000000000002207 0.7000000000000356 17.411928729548535 7.3 7.8 3.3502146660970684 5.286683229757919
20950 2996.3481649689215 0 3.5000000000002207 0.7000000000000047 17.056349849654456 7.3 7.8 3.350214666096527 5.286683229758331
21000 2996.3481649687574 0 3.5000000000001803 0.7 17.110387610746685 7.3 7.80000000000584 3.3502146660964804 5.286683229757948
21050 2996.3481649687574 0 3.5000000000001803 0.7 17.110387610746685 7.3 7.80000000000584 3.3502146660964804 5.286683229757948
21100 2996.3481649687574 0 3.5000000000001803 0.7 17.110387610746685 7.3 7.80000000000584 3.3502146660964804 5.286683229757948
21150 2996.3481649687574 0 3.5000000000001803 0.7 17.110387610746685 7.3 7.80000000000584 3.3502146660964804 5.286683229757948
21200 2996.3481649687574 0 3.5000000000001803 0.7 17.110387610746685 7.3 7.80000000000584 3.3502146660964804 5.286683229757948
21250 2996.3481649687574 0 3.5000000000001803 0.7 17.110387610746685 7.3 7.80000000000584 3.3502146660964804 5.286683229757948
21300 2996.3481649687574 0 3.5000000000001803 0.7 17.110387610746685 7.3 7.80000000000584 3.3502146660964804 5.286683229757948
21350 2996.3481649687574 0 3.5000000000001803 0.7 17.110387610746685 7.3 7.80000000000584 3.3502146660964804 5.286683229757948
21400 2996.3481649687574 0 3.5000000000001803 0.7 17.110387610746685 7.3 7.80000000000584 3.3502146660964804 5.286683229757948
21450 2996.3481649687574 0 3.5000000000001803 0.7 17.110387610746685 7.3 7.80000000000584 3.3502146660964804 5.286683229757948
21500 2996.3481649687574 0 3.5000000000001803 0.7 17.110387610746685 7.3 7.80000000000584 3.3502146660964804 5.286683229757948
21550 2996.3481649687437 0 3.500000000000219 0.7000000000000175 17.3680458380895 7.3 7.8 3.3502146660965306 5.286683229757959
21600 2996.3481649687437 0 3.500000000000219 0.7000000000000175 17.3680458380895 7.3 7.8 3.3502146660965306 5.286683229757959
21650 2996.3481649687437 0 3.500000000000219 0.7000000000000175 17.3680458380895 7.3 7.8 3.3502146660965306 5.286683229757959
21700 2996.3481649686887 0 3.500000000000213 0.7000000000000024 17.182411975200527 7.3 7.8 3.3502146660965875 5.286683229757961
21750 2996.3481649686887 0 3.500000000000213 0.7000000000000024 17.182411975200527 7.3 7.8 3.3502146660965875 5.286683229757961
21800 2996.3481649686887 0 3.500000000000213 0.7000000000000024 17.182411975200527 7.3 7.8 3.3502146660965875 5.286683229757961
21850 2996.3481649686887 0 3.500000000000213 0.7000000000000024 17.182411975200527 7.3 7.8 3.3502146660965875 5.286683229757961
21900 2996.3481649686773 0 3.500000000000075 0.7 17.169536065338544 7.3 7.8 3.350214666096674 5.286683229758011
21950 2996.34816496865 0 3.500000000000151 0.7 17.068164202367974 7.3 7.8 3.3502146660965746 5.286683229757961
22000 2996.3481649686228 0 3.50000000000014 0.7000000000000033 17.020271662179663 7.3 7.8 3.3502146660964836 5.286683229757938
22050 2996.3481649686228 0 3.50000000000014 0.7000000000000033 17.020271662179663 7.3 7.8 3.3502146660964836 5.286683229757938
22100 2996.3481649686228 0 3.50000000000014 0.7000000000000033 17.020271662179663 7.3 7.8 3.3502146660964836 5.286683229757938
22150 2996.3481649686228 0 3.50000000000014 0.7000000000000033 17.020271662179663 7.3 7.8 3.3502146660964836 5.286683229757938
22200 2996.3481649686228 0 3.50000000000014 0.7000000000000033 17.020271662179663 7.3 7.8 3.3502146660964836 5.286683229757938
22250 2996.348164968612 0 3.5000000000000493 0.7 17.125441106730296 7.3 7.800000000000154 3.350214666096485 5.286683229757995
22300 2996.348164968612 0 3.5000000000000493 0.7 17.125441106730296 7.3 7.800000000000154 3.350214666096485 5.286683229757995
22350 2996.348164968583 0 3.500000000000011 0.7 17.176789176730587 7.3 7.8 3.3502146660964893 5.286683229757976
22400 2996.348164968583 0 3.500000000000011 0.7 17.176789176730587 7.3 7.8 3.3502146660964893 5.286683229757976
22450 2996.3481649685777 0 3.500000000000012 0.7000000000000011 17.195197742548352 7.3 7.800000000000725 3.3502146660964933 5.286683229757934
22500 2996.3481649685737 0 3.500000000000009 0.7 17.225264096291852 7.3 7.8 3.350214666096459 5.286683229757975
22550 2996.348164968571 0 3.500000000000011 0.7 17 7.3 7.800000000000435 3.3502146660965337 5.286683229757925
22600 2996.348164968571 0 3.500000000000011 0.7 17 7.3 7.800000000000435 3.3502146660965337 5.286683229757925
22650 2996.348164968571 0 3.500000000000011 0.7 17 7.3 7.800000000000435 3.3502146660965337 5.286683229757925
22700 2996.3481649685505 0 3.500000000000004 0.7 17.170418591746596 7.3 7.800000000000438 3.350214666096473 5.28668322975792
22750 2996.3481649685505 0 3.500000000000004 0.7 17.170418591746596 7.3 7.800000000000438 3.350214666096473 5.28668322975792
22800 2996.3481649685505 0 3.500000000000004 0.7 17.170418591746596 7.3 7.800000000000438 3.350214666096473 5.28668322975792
22850 2996.3481649685505 0 3.500000000000004 0.7 17.170418591746596 7.3 7.800000000000438 3.350214666096473 5.28668322975792
22900 2996.3481649685505 0 3.500000000000004 0.7 17.170418591746596 7.3 7.800000000000438 3.350214666096473 5.28668322975792
22950 2996.3481649685505 0 3.500000000000004 0.7 17.170418591746596 7.3 7.800000000000438 3.350214666096473 5.28668322975792
23000 2996.3481649685505 0 3.500000000000004 0.7 17.170418591746596 7.3 7.800000000000438 3.350214666096473 5.28668322975792
23050 2996.348164968548 0 3.500000000000009 0.7 17.10225115504796 7.3 7.800000000000195 3.3502146660964836 5.2866832297579185
23100 2996.348164968548 0 3.500000000000009 0.7 17.10225115504796 7.3 7.800000000000195 3.3502146660964836 5.2866832297579185
23150 2996.348164968548 0 3.500000000000009 0.7 17.10225115504796 7.3 7.800000000000195 3.3502146660964836 5.2866832297579185
23200 2996.348164968548 0 3.500000000000009 0.7 17.10225115504796 7.3 7.800000000000195 3.3502146660964836 5.2866832297579185
23250 2996.348164968548 0 3.500000000000009 0.7 17.10225115504796 7.3 7.800000000000195 3.3502146660964836 5.2866832297579185
23300 2996.3481649685477 0 3.500000000000004 0.7 17 7.3 7.800000000000458 3.3502146660964627 5.28668322975792
23350 2996.348164968539 0 3.500000000000005 0.700000000000001 17 7.3 7.8 3.3502146660964573 5.286683229757917
23400 2996.348164968539 0 3.500000000000005 0.700000000000001 17 7.3 7.8 3.3502146660964573 5.286683229757917
23450 2996.348164968539 0 3.500000000000005 0.700000000000001 17 7.3 7.8 3.3502146660964573 5.286683229757917
23500 2996.348164968539 0 3.500000000000005 0.700000000000001 17 7.3 7.8 3.3502146660964573 5.286683229757917
23550 2996.3481649685364 0 3.5000000000000084 0.7000000000000002 17.25133022832763 7.3 7.800000000000061 3.3502146660964494 5.286683229757918
23600 2996.3481649685364 0 3.5000000000000084 0.7000000000000002 17.25133022832763 7.3 7.800000000000061 3.3502146660964494 5.286683229757918
23650 2996.3481649685364 0 3.5000000000000084 0.7000000000000002 17.25133022832763 7.3 7.800000000000061 3.3502146660964494 5.286683229757918
23700 2996.3481649685364 0 3.5000000000000084 0.7000000000000002 17.25133022832763 7.3 7.800000000000061 3.3502146660964494 5.286683229757918
23750 2996.348164968533 0 3.500000000000001 0.7 17.206793102490636 7.3 7.800000000000073 3.3502146660964502 5.286683229757918
23800 2996.348164968533 0 3.500000000000001 0.7 17.206793102490636 7.3 7.800000000000073 3.3502146660964502 5.286683229757918
23850 2996.348164968533 0 3.500000000000001 0.7 17.206793102490636 7.3 7.800000000000073 3.3502146660964502 5.286683229757918
23900 2996.348164968533 0 3.500000000000001 0.7 17.206793102490636 7.3 7.800000000000073 3.3502146660964502 5.286683229757918
23950 2996.348164968533 0 3.500000000000001 0.7 17.206793102490636 7.3 7.800000000000073 3.3502146660964502 5.286683229757918
24000 2996.348164968533 0 3.500000000000001 0.7 17.206793102490636 7.3 7.800000000000073 3.3502146660964502 5.286683229757918
24050 2996.348164968533 0 3.500000000000001 0.7 17.206793102490636 7.3 7.800000000000073 3.3502146660964502 5.286683229757918
24100 2996.348164968533 0 3.500000000000001 0.7 17.206793102490636 7.3 7.800000000000073 3.3502146660964502 5.286683229757918
24150 2996.348164968533 0 3.500000000000001 0.7 17.206793102490636 7.3 7.800000000000073 3.3502146660964502 5.286683229757918
24200 2996.348164968533 0 3.500000000000002 0.7000000000000003 17.296810456176278 7.3 7.8 3.3502146660964485 5.2866832297579185
24250 2996.348164968533 0 3.500000000000002 0.7000000000000003 17.296810456176278 7.3 7.8 3.3502146660964485 5.2866832297579185
24300 2996.348164968533 0 3.500000000000002 0.7000000000000003 17.296810456176278 7.3 7.8 3.3502146660964485 5.2866832297579185
24350 2996.348164968533 0 3.500000000000002 0.7000000000000003 17.296810456176278 7.3 7.8 3.3502146660964485 5.2866832297579185
24400 2996.348164968533 0 3.500000000000002 0.7000000000000003 17.296810456176278 7.3 7.8 3.3502146660964485 5.2866832297579185
24450 2996.3481649685327 0 3.5 0.7 17.161251907577583 7.3 7.8 3.3502146660964507 5.286683229757919
24500 2996.3481649685327 0 3.5 0.7 17.161251907577583 7.3 7.8 3.3502146660964507 5.286683229757919
24550 2996.3481649685327 0 3.5 0.7 17.161251907577583 7.3 7.8 3.3502146660964507 5.286683229757919
24600 2996.3481649685327 0 3.5 0.7 17.161251907577583 7.3 7.8 3.3502146660964507 5.286683229757919
24650 2996.348164968532 0 3.5000000000000004 0.7 17.191713589995743 7.3 7.800000000000025 3.3502146660964516 5.286683229757917
24700 2996.348164968532 0 3.5000000000000004 0.7 17.191713589995743 7.3 7.800000000000025 3.3502146660964516 5.286683229757917
24750 2996.348164968532 0 3.5000000000000004 0.7 17.191713589995743 7.3 7.800000000000025 3.3502146660964516 5.286683229757917
24800 2996.348164968532 0 3.5000000000000004 0.7 17.191713589995743 7.3 7.800000000000025 3.3502146660964516 5.286683229757917
24850 2996.3481649685314 0 3.5 0.7 17.281527751746133 7.3 7.8 3.3502146660964476 5.2866832297579185
24900 2996.3481649685314 0 3.5 0.7 17.281527751746133 7.3 7.8 3.3502146660964476 5.2866832297579185
24950 2996.348164968531 0 3.5000000000000018 0.7 17.45810050892103 7.3 7.8 3.350214666096448 5.286683229757917
25000 2996.348164968531 0 3.5000000000000018 0.7 17.45810050892103 7.3 7.8 3.350214666096448 5.286683229757917
25050 2996.348164968531 0 3.5000000000000018 0.7 17.45810050892103 7.3 7.8 3.350214666096448 5.286683229757917
25100 2996.348164968531 0 3.5000000000000018 0.7 17.45810050892103 7.3 7.8 3.350214666096448 5.286683229757917
25150 2996.348164968531 0 3.5000000000000018 0.7 17.45810050892103 7.3 7.8 3.350214666096448 5.286683229757917
25200 2996.348164968531 0 3.5000000000000018 0.7 17.45810050892103 7.3 7.8 3.350214666096448 5.286683229757917
25250 2996.348164968531 0 3.5 0.7 17 7.3 7.800000000000014 3.350214666096448 5.286683229757917
25300 2996.348164968531 0 3.5 0.7 17 7.3 7.800000000000014 3.350214666096448 5.286683229757917
25350 2996.348164968531 0 3.5 0.7 17 7.3 7.800000000000014 3.350214666096448 5.286683229757917
25400 2996.348164968531 0 3.5 0.7 17 7.3 7.800000000000014 3.350214666096448 5.286683229757917
25450 2996.348164968531 0 3.5 0.7 17 7.3 7.800000000000014 3.350214666096448 5.286683229757917
25500 2996.3481649685305 0 3.5 0.7 17 7.3 7.8 3.3502146660964494 5.286683229757917
25550 2996.3481649685305 0 3.5 0.7 17 7.3 7.8 3.3502146660964494 5.286683229757917
25600 2996.3481649685305 0 3.500000000000001 0.7 17.23764355424945 7.3 7.8000000000000025 3.3502146660964476 5.286683229757917
25650 2996.3481649685305 0 3.4999999999999996 0.7 17.036756875368614 7.3 7.8 3.350214666096449 5.286683229757917
25700 2996.3481649685305 0 3.500000000000001 0.7 17.03240899638917 7.3 7.8 3.350214666096448 5.286683229757917
25750 2996.34816496853 0 3.5 0.7 17.391563093104327 7.3 7.8 3.3502146660964476 5.286683229757917
25800 2996.34816496853 0 3.5 0.7 17.391563093104327 7.3 7.8 3.3502146660964476 5.286683229757917
25850 2996.34816496853 0 3.5 0.7 17.391563093104327 7.3 7.8 3.3502146660964476 5.286683229757917
25900 2996.3481649685295 0 3.4999999999999996 0.7 17.478789920628795 7.3 7.8 3.3502146660964476 5.286683229757917
25950 2996.3481649685295 0 3.4999999999999996 0.7 17.478789920628795 7.3 7.8 3.3502146660964476 5.286683229757917
26000 2996.3481649685295 0 3.4999999999999996 0.7 17.478789920628795 7.3 7.8 3.3502146660964476 5.286683229757917
26050 2996.3481649685295 0 3.4999999999999996 0.7 17.478789920628795 7.3 7.8 3.3502146660964476 5.286683229757917
26100 2996.3481649685295 0 3.4999999999999996 0.7 17.478789920628795 7.3 7.8 3.3502146660964476 5.286683229757917
26150 2996.3481649685295 0 3.4999999999999996 0.7 17.478789920628795 7.3 7.8 3.3502146660964476 5.286683229757917
26200 2996.3481649685295 0 3.4999999999999996 0.7 17.478789920628795 7.3 7.8 3.3502146660964476 5.286683229757917
26250 2996.3481649685295 0 3.4999999999999996 0.7 17.478789920628795 7.3 7.8 3.3502146660964476 5.286683229757917
26300 2996.3481649685295 0 3.4999999999999996 0.7 17.222260887694837 7.3 7.800000000000001 3.3502146660964476 5.286683229757917
26350 2996.3481649685295 0 3.4999999999999996 0.7 17.222260887694837 7.3 7.800000000000001 3.3502146660964476 5.286683229757917
26400 2996.3481649685295 0 3.4999999999999996 0.7 17.222260887694837 7.3 7.800000000000001 3.3502146660964476 5.286683229757917
26450 2996.3481649685295 0 3.4999999999999996 0.7 17.222260887694837 7.3 7.800000000000001 3.3502146660964476 5.286683229757917
26500 2996.3481649685295 0 3.4999999999999996 0.7 17.222260887694837 7.3 7.800000000000001 3.3502146660964476 5.286683229757917
26550 2996.3481649685295 0 3.4999999999999996 0.7 17.222260887694837 7.3 7.800000000000001 3.3502146660964476 5.286683229757917
26600 2996.3481649685295 0 3.4999999999999996 0.7 17.222260887694837 7.3 7.800000000000001 3.3502146660964476 5.286683229757917
26650 2996.3481649685295 0 3.4999999999999996 0.7 17 7.3 7.800000000000002 3.3502146660964476 5.286683229757917
26700 2996.3481649685295 0 3.4999999999999996 0.7 17 7.3 7.800000000000002 3.3502146660964476 5.286683229757917
26750 2996.3481649685295 0 3.4999999999999996 0.7 17 7.3 7.800000000000002 3.3502146660964476 5.286683229757917
26800 2996.3481649685295 0 3.4999999999999996 0.7 17.135201548464114 7.3 7.800000000000001 3.3502146660964476 5.286683229757917
26850 2996.3481649685295 0 3.4999999999999996 0.7 17 7.3 7.8 3.3502146660964476 5.286683229757917
26900 2996.3481649685295 0 3.4999999999999996 0.7 17 7.3 7.8 3.3502146660964476 5.286683229757917
26950 2996.3481649685295 0 3.4999999999999996 0.7 17 7.3 7.8 3.3502146660964476 5.286683229757917
27000 2996.3481649685295 0 3.4999999999999996 0.7 17 7.3 7.8 3.3502146660964476 5.286683229757917
27050 2996.3481649685295 0 3.4999999999999996 0.7 17 7.3 7.8 3.3502146660964476 5.286683229757917
27100 2996.3481649685295 0 3.4999999999999996 0.7 17 7.3 7.8 3.3502146660964476 5.286683229757917
27150 2996.3481649685295 0 3.4999999999999996 0.7 17 7.3 7.8 3.3502146660964476 5.286683229757917
27200 2996.3481649685295 0 3.4999999999999996 0.7 17 7.3 7.8 3.3502146660964476 5.286683229757917
27250 2996.3481649685295 0 3.4999999999999996 0.7 17 7.3 7.8 3.3502146660964476 5.286683229757917
27300 2996.3481649685295 0 3.4999999999999996 0.7 17 7.3 7.8 3.3502146660964476 5.286683229757917
27350 2996.3481649685295 0 3.4999999999999996 0.7 17 7.3 7.8 3.3502146660964476 5.286683229757917
27400 2996.3481649685295 0 3.4999999999999996 0.7 17 7.3 7.8 3.3502146660964476 5.286683229757917
27450 2996.3481649685295 0 3.4999999999999996 0.7 17 7.3 7.8 3.3502146660964476 5.286683229757917
27500 2996.3481649685295 0 3.4999999999999996 0.7 17 7.3 7.8 3.3502146660964476 5.286683229757917
27550 2996.3481649685295 0 3.4999999999999996 0.7 17 7.3 7.8 3.3502146660964476 5.286683229757917
27600 2996.3481649685295 0 3.4999999999999996 0.7 17 7.3 7.8 3.3502146660964476 5.286683229757917
27650 2996.3481649685295 0 3.4999999999999996 0.7 17 7.3 7.8 3.3502146660964476 5.286683229757917
27700 2996.3481649685295 0 3.4999999999999996 0.7 17 7.3 7.8 3.3502146660964476 5.286683229757917
27750 2996.3481649685295 0 3.4999999999999996 0.7 17 7.3 7.8 3.3502146660964476 5.286683229757917
27800 2996.3481649685295 0 3.4999999999999996 0.7 17 7.3 7.8 3.3502146660964476 5.286683229757917
27850 2996.3481649685295 0 3.4999999999999996 0.7 17 7.3 7.8 3.3502146660964476 5.286683229757917
27900 2996.3481649685295 0 3.4999999999999996 0.7 17 7.3 7.8 3.3502146660964476 5.286683229757917
27950 2996.3481649685295 0 3.4999999999999996 0.7 17 7.3 7.8 3.3502146660964476 5.286683229757917
28000 2996.3481649685295 0 3.4999999999999996 0.7 17 7.3 7.8 3.3502146660964476 5.286683229757917
28050 2996.3481649685295 0 3.4999999999999996 0.7 17 7.3 7.8 3.3502146660964476 5.286683229757917
28100 2996.3481649685295 0 3.4999999999999996 0.7 17 7.3 7.8 3.3502146660964476 5.286683229757917
28150 2996.3481649685295 0 3.4999999999999996 0.7 17 7.3 7.8 3.3502146660964476 5.286683229757917
28200 2996.3481649685295 0 3.4999999999999996 0.7 17 7.3 7.8 3.3502146660964476 5.286683229757917
28250 2996.3481649685295 0 3.4999999999999996 0.7 17 7.3 7.8 3.3502146660964476 5.286683229757917
28300 2996.3481649685295 0 3.4999999999999996 0.7 17 7.3 7.8 3.3502146660964476 5.286683229757917
28350 2996.3481649685295 0 3.4999999999999996 0.7 17 7.3 7.8 3.3502146660964476 5.286683229757917
28400 2996.3481649685295 0 3.4999999999999996 0.7 17 7.3 7.8 3.3502146660964476 5.286683229757917
28450 2996.3481649685295 0 3.4999999999999996 0.7 17 7.3 7.8 3.3502146660964476 5.286683229757917
28500 2996.3481649685295 0 3.4999999999999996 0.7 17 7.3 7.8 3.3502146660964476 5.286683229757917
28550 2996.3481649685295 0 3.4999999999999996 0.7 17 7.3 7.8 3.3502146660964476 5.286683229757917
28600 2996.3481649685295 0 3.4999999999999996 0.7 17 7.3 7.8 3.3502146660964476 5.286683229757917
28650 2996.3481649685295 0 3.4999999999999996 0.7 17 7.3 7.8 3.3502146660964476 5.286683229757917
28700 2996.3481649685295 0 3.4999999999999996 0.7 17 7.3 7.8 3.3502146660964476 5.286683229757917
28750 2996.3481649685295 0 3.4999999999999996 0.7 17 7.3 7.8 3.3502146660964476 5.286683229757917
28800 2996.3481649685295 0 3.4999999999999996 0.7 17 7.3 7.8 3.3502146660964476 5.286683229757917
28850 2996.3481649685295 0 3.4999999999999996 0.7 17 7.3 7.8 3.3502146660964476 5.286683229757917
28900 2996.3481649685295 0 3.4999999999999996 0.7 17 7.3 7.8 3.3502146660964476 5.286683229757917
28950 2996.3481649685295 0 3.4999999999999996 0.7 17 7.3 7.8 3.3502146660964476 5.286683229757917
29000 2996.3481649685295 0 3.4999999999999996 0.7 17 7.3 7.8 3.3502146660964476 5.286683229757917
29050 2996.3481649685295 0 3.4999999999999996 0.7 17 7.3 7.8 3.3502146660964476 5.286683229757917
29100 2996.3481649685295 0 3.4999999999999996 0.7 17 7.3 7.8 3.3502146660964476 5.286683229757917
29150 2996.3481649685295 0 3.4999999999999996 0.7 17 7.3 7.8 3.3502146660964476 5.286683229757917
29200 2996.3481649685295 0 3.4999999999999996 0.7 17 7.3 7.8 3.3502146660964476 5.286683229757917
29250 2996.3481649685295 0 3.4999999999999996 0.7 17 7.3 7.8 3.3502146660964476 5.286683229757917
29300 2996.3481649685295 0 3.4999999999999996 0.7 17 7.3 7.8 3.3502146660964476 5.286683229757917
29350 2996.3481649685295 0 3.4999999999999996 0.7 17 7.3 7.8 3.3502146660964476 5.286683229757917
29400 2996.3481649685295 0 3.4999999999999996 0.7 17 7.3 7.8 3.3502146660964476 5.286683229757917
29450 2996.3481649685295 0 3.4999999999999996 0.7 17 7.3 7.8 3.3502146660964476 5.286683229757917
29500 2996.3481649685295 0 3.4999999999999996 0.7 17 7.3 7.8 3.3502146660964476 5.286683229757917
29550 2996.3481649685295 0 3.4999999999999996 0.7 17 7.3 7.8 3.3502146660964476 5.286683229757917
29600 2996.3481649685295 0 3.4999999999999996 0.7 17 7.3 7.8 3.3502146660964476 5.286683229757917
29650 2996.3481649685295 0 3.4999999999999996 0.7 17 7.3 7.8 3.3502146660964476 5.286683229757917
29700 2996.3481649685295 0 3.4999999999999996 0.7 17 7.3 7.8 3.3502146660964476 5.286683229757917
29750 2996.3481649685295 0 3.4999999999999996 0.7 17 7.3 7.8 3.3502146660964476 5.286683229757917
29800 2996.3481649685295 0 3.4999999999999996 0.7 17 7.3 7.8 3.3502146660964476 5.286683229757917
29850 2996.3481649685295 0 3.4999999999999996 0.7 17 7.3 7.8 3.3502146660964476 5.286683229757917
29900 2996.3481649685295 0 3.4999999999999996 0.7 17 7.3 7.8 3.3502146660964476 5.286683229757917
29950 2996.3481649685295 0 3.4999999999999996 0.7 17 7.3 7.8 3.3502146660964476 5.286683229757917
30000 2996.3481649685295 0 3.4999999999999996 0.7 17 7.3 7.8 3.3502146660964476 5.286683229757917
30050 2996.3481649685295 0 3.4999999999999996 0.7 17 7.3 7.8 3.3502146660964476 5.286683229757917
30100 2996.3481649685295 0 3.4999999999999996 0.7 17 7.3 7.8 3.3502146660964476 5.286683229757917
30150 2996.3481649685295 0 3.4999999999999996 0.7 17 7.3 7.8 3.3502146660964476 5.286683229757917
30200 2996.3481649685295 0 3.4999999999999996 0.7 17 7.3 7.8 3.3502146660964476 5.286683229757917
30250 2996.3481649685295 0 3.4999999999999996 0.7 17 7.3 7.8 3.3502146660964476 5.286683229757917
30300 2996.3481649685295 0 3.4999999999999996 0.7 17 7.3 7.8 3.3502146660964476 5.286683229757917
30350 2996.3481649685295 0 3.4999999999999996 0.7 17 7.3 7.8 3.3502146660964476 5.286683229757917
30400 2996.3481649685295 0 3.4999999999999996 0.7 17 7.3 7.8 3.3502146660964476 5.286683229757917
30450 2996.3481649685295 0 3.4999999999999996 0.7 17 7.3 7.8 3.3502146660964476 5.286683229757917
30500 2996.3481649685295 0 3.4999999999999996 0.7 17 7.3 7.8 3.3502146660964476 5.286683229757917
30550 2996.3481649685295 0 3.4999999999999996 0.7 17 7.3 7.8 3.3502146660964476 5.286683229757917
30600 2996.3481649685295 0 3.4999999999999996 0.7 17 7.3 7.8 3.3502146660964476 5.286683229757917
30650 2996.3481649685295 0 3.4999999999999996 0.7 17 7.3 7.8 3.3502146660964476 5.286683229757917
30700 2996.3481649685295 0 3.4999999999999996 0.7 17 7.3 7.8 3.3502146660964476 5.286683229757917
30750 2996.3481649685295 0 3.4999999999999996 0.7 17 7.3 7.8 3.3502146660964476 5.286683229757917
30800 2996.3481649685295 0 3.4999999999999996 0.7 17 7.3 7.8 3.3502146660964476 5.286683229757917
30850 2996.3481649685295 0 3.4999999999999996 0.7 17 7.3 7.8 3.3502146660964476 5.286683229757917
30900 2996.3481649685295 0 3.4999999999999996 0.7 17 7.3 7.8 3.3502146660964476 5.286683229757917
30950 2996.3481649685295 0 3.4999999999999996 0.7 17 7.3 7.8 3.3502146660964476 5.286683229757917
31000 2996.3481649685295 0 3.4999999999999996 0.7 17 7.3 7.8 3.3502146660964476 5.286683229757917
31050 2996.3481649685295 0 3.4999999999999996 0.7 17 7.3 7.8 3.3502146660964476 5.286683229757917
31100 2996.3481649685295 0 3.4999999999999996 0.7 17 7.3 7.8 3.3502146660964476 5.286683229757917
31150 2996.3481649685295 0 3.4999999999999996 0.7 17 7.3 7.8 3.3502146660964476 5.286683229757917
31200 2996.3481649685295 0 3.4999999999999996 0.7 17 7.3 7.8 3.3502146660964476 5.286683229757917
31250 2996.3481649685295 0 3.4999999999999996 0.7 17 7.3 7.8 3.3502146660964476 5.286683229757917
31300 2996.3481649685295 0 3.4999999999999996 0.7 17 7.3 7.8 3.3502146660964476 5.286683229757917
31350 2996.3481649685295 0 3.4999999999999996 0.7 17 7.3 7.8 3.3502146660964476 5.286683229757917
31400 2996.3481649685295 0 3.4999999999999996 0.7 17 7.3 7.8 3.3502146660964476 5.286683229757917
31450 2996.3481649685295 0 3.4999999999999996 0.7 17 7.3 7.8 3.3502146660964476 5.286683229757917
31500 2996.3481649685295 0 3.4999999999999996 0.7 17 7.3 7.8 3.3502146660964476 5.286683229757917
31550 2996.3481649685295 0 3.4999999999999996 0.7 17 7.3 7.8 3.3502146660964476 5.286683229757917
31600 2996.3481649685295 0 3.4999999999999996 0.7 17 7.3 7.8 3.3502146660964476 5.286683229757917
31650 2996.3481649685295 0 3.4999999999999996 0.7 17 7.3 7.8 3.3502146660964476 5.286683229757917
31700 2996.3481649685295 0 3.4999999999999996 0.7 17 7.3 7.8 3.3502146660964476 5.286683229757917
31750 2996.3481649685295 0 3.4999999999999996 0.7 17 7.3 7.8 3.3502146660964476 5.286683229757917
31800 2996.3481649685295 0 3.4999999999999996 0.7 17 7.3 7.8 3.3502146660964476 5.286683229757917
31850 2996.3481649685295 0 3.4999999999999996 0.7 17 7.3 7.8 3.3502146660964476 5.286683229757917
31900 2996.3481649685295 0 3.4999999999999996 0.7 17 7.3 7.8 3.3502146660964476 5.286683229757917
31950 2996.3481649685295 0 3.4999999999999996 0.7 17 7.3 7.8 3.3502146660964476 5.286683229757917
32000 2996.3481649685295 0 3.4999999999999996 0.7 17 7.3 7.8 3.3502146660964476 5.286683229757917
32050 2996.3481649685295 0 3.4999999999999996 0.7 17 7.3 7.8 3.3502146660964476 5.286683229757917
32100 2996.3481649685295 0 3.4999999999999996 0.7 17 7.3 7.8 3.3502146660964476 5.286683229757917
32150 2996.3481649685295 0 3.4999999999999996 0.7 17 7.3 7.8 3.3502146660964476 5.286683229757917
32200 2996.3481649685295 0 3.4999999999999996 0.7 17 7.3 7.8 3.3502146660964476 5.286683229757917
32250 2996.3481649685295 0 3.4999999999999996 0.7 17 7.3 7.8 3.3502146660964476 5.286683229757917
32300 2996.3481649685295 0 3.4999999999999996 0.7 17 7.3 7.8 3.3502146660964476 5.286683229757917
32350 2996.3481649685295 0 3.4999999999999996 0.7 17 7.3 7.8 3.3502146660964476 5.286683229757917
32400 2996.3481649685295 0 3.4999999999999996 0.7 17 7.3 7.8 3.3502146660964476 5.286683229757917
32450 2996.3481649685295 0 3.4999999999999996 0.7 17 7.3 7.8 3.3502146660964476 5.286683229757917
32500 2996.3481649685295 0 3.4999999999999996 0.7 17 7.3 7.8 3.3502146660964476 5.286683229757917
32550 2996.3481649685295 0 3.4999999999999996 0.7 17 7.3 7.8 3.3502146660964476 5.286683229757917
32600 2996.3481649685295 0 3.4999999999999996 0.7 17 7.3 7.8 3.3502146660964476 5.286683229757917
32650 2996.3481649685295 0 3.4999999999999996 0.7 17 7.3 7.8 3.3502146660964476 5.286683229757917
32700 2996.3481649685295 0 3.4999999999999996 0.7 17 7.3 7.8 3.3502146660964476 5.286683229757917
32750 2996.3481649685295 0 3.4999999999999996 0.7 17 7.3 7.8 3.3502146660964476 5.286683229757917
32800 2996.3481649685295 0 3.4999999999999996 0.7 17 7.3 7.8 3.3502146660964476 5.286683229757917
32850 2996.3481649685295 0 3.4999999999999996 0.7 17 7.3 7.8 3.3502146660964476 5.286683229757917
32900 2996.3481649685295 0 3.4999999999999996 0.7 17 7.3 7.8 3.3502146660964476 5.286683229757917
32950 2996.3481649685295 0 3.4999999999999996 0.7 17 7.3 7.8 3.3502146660964476 5.286683229757917
33000 2996.3481649685295 0 3.4999999999999996 0.7 17 7.3 7.8 3.3502146660964476 5.286683229757917
33050 2996.3481649685295 0 3.4999999999999996 0.7 17 7.3 7.8 3.3502146660964476 5.286683229757917
33100 2996.3481649685295 0 3.4999999999999996 0.7 17 7.3 7.8 3.3502146660964476 5.286683229757917
33150 2996.3481649685295 0 3.4999999999999996 0.7 17 7.3 7.8 3.3502146660964476 5.286683229757917
33200 2996.3481649685295 0 3.4999999999999996 0.7 17 7.3 7.8 3.3502146660964476 5.286683229757917
33250 2996.3481649685295 0 3.4999999999999996 0.7 17 7.3 7.8 3.3502146660964476 5.286683229757917
33300 2996.3481649685295 0 3.4999999999999996 0.7 17 7.3 7.8 3.3502146660964476 5.286683229757917
33350 2996.3481649685295 0 3.4999999999999996 0.7 17 7.3 7.8 3.3502146660964476 5.286683229757917
33400 2996.3481649685295 0 3.4999999999999996 0.7 17 7.3 7.8 3.3502146660964476 5.286683229757917
33450 2996.3481649685295 0 3.4999999999999996 0.7 17 7.3 7.8 3.3502146660964476 5.286683229757917
33500 2996.3481649685295 0 3.4999999999999996 0.7 17 7.3 7.8 3.3502146660964476 5.286683229757917
33550 2996.3481649685295 0 3.4999999999999996 0.7 17 7.3 7.8 3.3502146660964476 5.286683229757917
33600 2996.3481649685295 0 3.4999999999999996 0.7 17 7.3 7.8 3.3502146660964476 5.286683229757917
33650 2996.3481649685295 0 3.4999999999999996 0.7 17 7.3 7.8 3.3502146660964476 5.286683229757917
33700 2996.3481649685295 0 3.4999999999999996 0.7 17 7.3 7.8 3.3502146660964476 5.286683229757917
33750 2996.3481649685295 0 3.4999999999999996 0.7 17 7.3 7.8 3.3502146660964476 5.286683229757917
33800 2996.3481649685295 0 3.4999999999999996 0.7 17 7.3 7.8 3.3502146660964476 5.286683229757917
33850 2996.3481649685295 0 3.4999999999999996 0.7 17 7.3 7.8 3.3502146660964476 5.286683229757917
33900 2996.3481649685295 0 3.4999999999999996 0.7 17 7.3 7.8 3.3502146660964476 5.286683229757917
33950 2996.3481649685295 0 3.4999999999999996 0.7 17 7.3 7.8 3.3502146660964476 5.286683229757917
34000 2996.3481649685295 0 3.4999999999999996 0.7 17 7.3 7.8 3.3502146660964476 5.286683229757917
34050 2996.3481649685295 0 3.4999999999999996 0.7 17 7.3 7.8 3.3502146660964476 5.286683229757917
34100 2996.3481649685295 0 3.4999999999999996 0.7 17 7.3 7.8 3.3502146660964476 5.286683229757917
34150 2996.3481649685295 0 3.4999999999999996 0.7 17 7.3 7.8 3.3502146660964476 5.286683229757917
34200 2996.3481649685295 0 3.4999999999999996 0.7 17 7.3 7.8 3.3502146660964476 5.286683229757917
34250 2996.3481649685295 0 3.4999999999999996 0.7 17 7.3 7.8 3.3502146660964476 5.286683229757917
34300 2996.3481649685295 0 3.4999999999999996 0.7 17 7.3 7.8 3.3502146660964476 5.286683229757917
34350 2996.3481649685295 0 3.4999999999999996 0.7 17 7.3 7.8 3.3502146660964476 5.286683229757917
34400 2996.3481649685295 0 3.4999999999999996 0.7 17 7.3 7.8 3.3502146660964476 5.286683229757917
34450 2996.3481649685295 0 3.4999999999999996 0.7 17 7.3 7.8 3.3502146660964476 5.286683229757917
34500 2996.3481649685295 0 3.4999999999999996 0.7 17 7.3 7.8 3.3502146660964476 5.286683229757917
34550 2996.3481649685295 0 3.4999999999999996 0.7 17 7.3 7.8 3.3502146660964476 5.286683229757917
34600 2996.3481649685295 0 3.4999999999999996 0.7 17 7.3 7.8 3.3502146660964476 5.286683229757917
34650 2996.3481649685295 0 3.4999999999999996 0.7 17 7.3 7.8 3.3502146660964476 5.286683229757917
34700 2996.3481649685295 0 3.4999999999999996 0.7 17 7.3 7.8 3.3502146660964476 5.286683229757917
34750 2996.3481649685295 0 3.4999999999999996 0.7 17 7.3 7.8 3.3502146660964476 5.286683229757917
34800 2996.3481649685295 0 3.4999999999999996 0.7 17 7.3 7.8 3.3502146660964476 5.286683229757917
34850 2996.3481649685295 0 3.4999999999999996 0.7 17 7.3 7.8 3.3502146660964476 5.286683229757917
34900 2996.3481649685295 0 3.4999999999999996 0.7 17 7.3 7.8 3.3502146660964476 5.286683229757917
34950 2996.3481649685295 0 3.4999999999999996 0.7 17 7.3 7.8 3.3502146660964476 5.286683229757917
35000 2996.3481649685295 0 3.4999999999999996 0.7 17 7.3 7.8 3.3502146660964476 5.286683229757917
35050 2996.3481649685295 0 3.4999999999999996 0.7 17 7.3 7.8 3.3502146660964476 5.286683229757917
35100 2996.3481649685295 0 3.4999999999999996 0.7 17 7.3 7.8 3.3502146660964476 5.286683229757917
35150 2996.3481649685295 0 3.4999999999999996 0.7 17 7.3 7.8 3.3502146660964476 5.286683229757917
35200 2996.3481649685295 0 3.4999999999999996 0.7 17 7.3 7.8 3.3502146660964476 5.286683229757917
35250 2996.3481649685295 0 3.4999999999999996 0.7 17 7.3 7.8 3.3502146660964476 5.286683229757917
35300 2996.3481649685295 0 3.4999999999999996 0.7 17 7.3 7.8 3.3502146660964476 5.286683229757917
35350 2996.3481649685295 0 3.4999999999999996 0.7 17 7.3 7.8 3.3502146660964476 5.286683229757917
35400 2996.3481649685295 0 3.4999999999999996 0.7 17 7.3 7.8 3.3502146660964476 5.286683229757917
35450 2996.3481649685295 0 3.4999999999999996 0.7 17 7.3 7.8 3.3502146660964476 5.286683229757917
35500 2996.3481649685295 0 3.4999999999999996 0.7 17 7.3 7.8 3.3502146660964476 5.286683229757917
35550 2996.3481649685295 0 3.4999999999999996 0.7 17 7.3 7.8 3.3502146660964476 5.286683229757917
35600 2996.3481649685295 0 3.4999999999999996 0.7 17 7.3 7.8 3.3502146660964476 5.286683229757917
35650 2996.3481649685295 0 3.4999999999999996 0.7 17 7.3 7.8 3.3502146660964476 5.286683229757917
35700 2996.3481649685295 0 3.4999999999999996 0.7 17 7.3 7.8 3.3502146660964476 5.286683229757917
35750 2996.3481649685295 0 3.4999999999999996 0.7 17 7.3 7.8 3.3502146660964476 5.286683229757917
35800 2996.3481649685295 0 3.4999999999999996 0.7 17 7.3 7.8 3.3502146660964476 5.286683229757917
35850 2996.3481649685295 0 3.4999999999999996 0.7 17 7.3 7.8 3.3502146660964476 5.286683229757917
35900 2996.3481649685295 0 3.4999999999999996 0.7 17 7.3 7.8 3.3502146660964476 5.286683229757917
35950 2996.3481649685295 0 3.4999999999999996 0.7 17 7.3 7.8 3.3502146660964476 5.286683229757917
*---*---*---*---*---*---*---*---*---*---*---*---*---*---*---*---*---*---*---*---*
Status: Finished
Last individual
2996.3481649685295 0 3.4999999999999996 0.7 17 7.3 7.8 3.3502146660964476 5.286683229757917
Hall of fame
2996.3481649685295 0 3.4999999999999996 0.7 17.478789920628795 7.3 7.8 3.3502146660964476 5.286683229757917
Last factible individual
2996.3481649685295 0 3.4999999999999996 0.7 17 7.3 7.8 3.3502146660964476 5.286683229757917
CPU time used (seconds)
3.535036354998738
