*---*---*---*---*---*---*---*---*---*---*---*---*---*---*---*---*---*---*---*---*
Algorithm: Differential Evolution
Constrainth handling method: DEB
Function: 22
Case: continuous
Seed: 29
Parents size: 50
Offsprings size: 50
maxFe: 36000
CR: 0.9
F: 0.6
rweights: -
*---*---*---*---*---*---*---*---*---*---*---*---*---*---*---*---*---*---*---*---*
ngen ObjectiveFunction ViolationSum ProjectVariables
50 3387.950829554136 0.2452921120693521 3.463759985570083 0.7284905965227627 18.0 8.063237204330285 8.026359528799706 3.4422968740087745 5.363317891413754
100 3611.2874235659588 0.0025927887725778476 3.520448657150952 0.7 19.2 7.586327154975929 8.167462862155078 3.8039979325656352 5.436144724152299
150 4581.665637701948 0 3.590218491476212 0.713821644083449 22.8 7.90594799232788 7.978492484749707 3.557407662885486 5.5
200 3299.5543849891083 0 3.6 0.7 17.4144 7.913985332578536 8.224660296167078 3.725643872275349 5.5
250 3299.5543849891083 0 3.6 0.7 17.4144 7.913985332578536 8.224660296167078 3.725643872275349 5.5
300 3236.8183542463253 0 3.6 0.7 17 7.954718354523051 8.286862260673777 3.5098424604975804 5.5
350 3236.8183542463253 0 3.6 0.7 17 7.954718354523051 8.286862260673777 3.5098424604975804 5.5
400 3233.5969654550013 0 3.6 0.7 17 7.48397488337058 8.189617657024135 3.5228304195377143 5.5
450 3197.845313237914 0 3.520448657150952 0.7 17 7.489386760815219 8.025635540335413 3.6671572343179593 5.436144724152299
500 3107.687949037967 0 3.6 0.7 17.0 7.993823061793111 8.025615018096419 3.3813663113188634 5.36856190429619
550 3091.822095928572 0 3.6 0.7 17.0 8.3 8.025615018096419 3.3658578527559526 5.3463013173661915
600 3091.822095928572 0 3.6 0.7 17.0 8.3 8.025615018096419 3.3658578527559526 5.3463013173661915
650 3091.822095928572 0 3.6 0.7 17.0 8.3 8.025615018096419 3.3658578527559526 5.3463013173661915
700 3091.822095928572 0 3.6 0.7 17.0 8.3 8.025615018096419 3.3658578527559526 5.3463013173661915
750 3070.37558164787 0 3.5345066287073417 0.7 17 8.3 8.3 3.470640330126809 5.299601737806873
800 3070.37558164787 0 3.5345066287073417 0.7 17 8.3 8.3 3.470640330126809 5.299601737806873
850 3070.37558164787 0 3.5345066287073417 0.7 17 8.3 8.3 3.470640330126809 5.299601737806873
900 3050.1518656000007 0 3.5167507846231256 0.7010368920091429 17.0 7.3 8.3 3.432952876682768 5.302181519289161
950 3033.2715260600917 0 3.5403004848725788 0.7 17.10949376 8.3 7.9921173564042665 3.375210355670606 5.289073161096705
1000 3033.2715260600917 0 3.5403004848725788 0.7 17.10949376 8.3 7.9921173564042665 3.375210355670606 5.289073161096705
1050 3033.2715260600917 0 3.5403004848725788 0.7 17.10949376 8.3 7.9921173564042665 3.375210355670606 5.289073161096705
1100 3033.2715260600917 0 3.5403004848725788 0.7 17.10949376 8.3 7.9921173564042665 3.375210355670606 5.289073161096705
1150 3024.728510269134 0 3.5084827449141915 0.7 17.15153936384 8.131222798356317 8.010204521923471 3.397243952202735 5.287860617353577
1200 3024.728510269134 0 3.5084827449141915 0.7 17.15153936384 8.131222798356317 8.010204521923471 3.397243952202735 5.287860617353577
1250 3024.728510269134 0 3.5084827449141915 0.7 17.15153936384 8.131222798356317 8.010204521923471 3.397243952202735 5.287860617353577
1300 3024.728510269134 0 3.5084827449141915 0.7 17.15153936384 8.131222798356317 8.010204521923471 3.397243952202735 5.287860617353577
1350 3024.728510269134 0 3.5084827449141915 0.7 17.15153936384 8.131222798356317 8.010204521923471 3.397243952202735 5.287860617353577
1400 3024.728510269134 0 3.5084827449141915 0.7 17.15153936384 8.131222798356317 8.010204521923471 3.397243952202735 5.287860617353577
1450 3024.728510269134 0 3.5084827449141915 0.7 17.15153936384 8.131222798356317 8.010204521923471 3.397243952202735 5.287860617353577
1500 3024.728510269134 0 3.5084827449141915 0.7 17.15153936384 8.131222798356317 8.010204521923471 3.397243952202735 5.287860617353577
1550 3024.728510269134 0 3.5084827449141915 0.7 17.15153936384 8.131222798356317 8.010204521923471 3.397243952202735 5.287860617353577
1600 3024.728510269134 0 3.5084827449141915 0.7 17.15153936384 8.131222798356317 8.010204521923471 3.397243952202735 5.287860617353577
1650 3021.8707834156567 0 3.516016286378583 0.7005414179416908 17.112578368333413 8.031547250186723 8.121847983123828 3.361550734843928 5.287183048659583
1700 3021.8707834156567 0 3.516016286378583 0.7005414179416908 17.112578368333413 8.031547250186723 8.121847983123828 3.361550734843928 5.287183048659583
1750 3017.4922269425424 0 3.518899440532355 0.7011248956298144 17 7.9076460251505845 7.8 3.3513727436060963 5.291322018546245
1800 3015.581836906441 0 3.515612321769607 0.7002279137310227 17.28989264263931 7.94538994327591 7.932706329066953 3.3564263607408087 5.289600242636257
1850 3015.581836906441 0 3.515612321769607 0.7002279137310227 17.28989264263931 7.94538994327591 7.932706329066953 3.3564263607408087 5.289600242636257
1900 3015.581836906441 0 3.515612321769607 0.7002279137310227 17.28989264263931 7.94538994327591 7.932706329066953 3.3564263607408087 5.289600242636257
1950 3009.6700166588134 0 3.500334268438519 0.7 17.12718961037175 8.3 7.8 3.35666957138725 5.290914794410484
2000 3009.6700166588134 0 3.500334268438519 0.7 17.12718961037175 8.3 7.8 3.35666957138725 5.290914794410484
2050 3009.6700166588134 0 3.500334268438519 0.7 17.12718961037175 8.3 7.8 3.35666957138725 5.290914794410484
2100 3009.6700166588134 0 3.500334268438519 0.7 17.12718961037175 8.3 7.8 3.35666957138725 5.290914794410484
2150 3009.6700166588134 0 3.500334268438519 0.7 17.12718961037175 8.3 7.8 3.35666957138725 5.290914794410484
2200 3009.6700166588134 0 3.500334268438519 0.7 17.12718961037175 8.3 7.8 3.35666957138725 5.290914794410484
2250 3006.800061197873 0 3.5084871453253905 0.7007145290208459 17.144677162866866 7.3 7.8 3.3622989425879926 5.287926606008871
2300 3006.800061197873 0 3.5084871453253905 0.7007145290208459 17.144677162866866 7.3 7.8 3.3622989425879926 5.287926606008871
2350 3006.800061197873 0 3.5084871453253905 0.7007145290208459 17.144677162866866 7.3 7.8 3.3622989425879926 5.287926606008871
2400 3006.800061197873 0 3.5084871453253905 0.7007145290208459 17.144677162866866 7.3 7.8 3.3622989425879926 5.287926606008871
2450 3006.800061197873 0 3.5084871453253905 0.7007145290208459 17.144677162866866 7.3 7.8 3.3622989425879926 5.287926606008871
2500 3005.4015930510645 0 3.5060915656763565 0.7009385450175447 17 7.3 7.8 3.3585123949485194 5.287140083385706
2550 3005.4015930510645 0 3.5060915656763565 0.7009385450175447 17 7.3 7.8 3.3585123949485194 5.287140083385706
2600 3005.4015930510645 0 3.5060915656763565 0.7009385450175447 17 7.3 7.8 3.3585123949485194 5.287140083385706
2650 3005.4015930510645 0 3.5060915656763565 0.7009385450175447 17 7.3 7.8 3.3585123949485194 5.287140083385706
2700 3005.4015930510645 0 3.5060915656763565 0.7009385450175447 17 7.3 7.8 3.3585123949485194 5.287140083385706
2750 3004.346123292262 0 3.5029287652407857 0.7 17.22937554929788 7.570258567721319 7.89835614028622 3.35765012462566 5.287306321901107
2800 3004.346123292262 0 3.5029287652407857 0.7 17.22937554929788 7.570258567721319 7.89835614028622 3.35765012462566 5.287306321901107
2850 3001.642451700229 0 3.50427070902762 0.7000410644828694 17.24323671186406 7.344397156371316 7.829885690543509 3.3554832355437405 5.288314376924034
2900 3001.642451700229 0 3.50427070902762 0.7000410644828694 17.24323671186406 7.344397156371316 7.829885690543509 3.3554832355437405 5.288314376924034
2950 3001.642451700229 0 3.50427070902762 0.7000410644828694 17.24323671186406 7.344397156371316 7.829885690543509 3.3554832355437405 5.288314376924034
3000 3001.642451700229 0 3.50427070902762 0.7000410644828694 17.24323671186406 7.344397156371316 7.829885690543509 3.3554832355437405 5.288314376924034
3050 3000.833770529267 0 3.5044232321445206 0.700042322136413 17.28284317408793 7.3 7.821550863247125 3.353764015784971 5.288535277319174
3100 2998.9181536413826 0 3.5014168078036754 0.7 17.287219344159247 7.3 7.829885690543509 3.3531624372748317 5.287635083372608
3150 2998.9181536413826 0 3.5014168078036754 0.7 17.287219344159247 7.3 7.829885690543509 3.3531624372748317 5.287635083372608
3200 2998.9181536413826 0 3.5014168078036754 0.7 17.287219344159247 7.3 7.829885690543509 3.3531624372748317 5.287635083372608
3250 2998.4807527513253 0 3.500368960484737 0.7 17.24483968207411 7.378664772786825 7.841008354213793 3.3514417833987977 5.286810059136389
3300 2998.4807527513253 0 3.500368960484737 0.7 17.24483968207411 7.378664772786825 7.841008354213793 3.3514417833987977 5.286810059136389
3350 2998.4807527513253 0 3.500368960484737 0.7 17.24483968207411 7.378664772786825 7.841008354213793 3.3514417833987977 5.286810059136389
3400 2998.4807527513253 0 3.500368960484737 0.7 17.24483968207411 7.378664772786825 7.841008354213793 3.3514417833987977 5.286810059136389
3450 2998.4807527513253 0 3.500368960484737 0.7 17.24483968207411 7.378664772786825 7.841008354213793 3.3514417833987977 5.286810059136389
3500 2998.4807527513253 0 3.500368960484737 0.7 17.24483968207411 7.378664772786825 7.841008354213793 3.3514417833987977 5.286810059136389
3550 2998.4807527513253 0 3.500368960484737 0.7 17.24483968207411 7.378664772786825 7.841008354213793 3.3514417833987977 5.286810059136389
3600 2998.4807527513253 0 3.500368960484737 0.7 17.24483968207411 7.378664772786825 7.841008354213793 3.3514417833987977 5.286810059136389
3650 2998.4807527513253 0 3.500368960484737 0.7 17.24483968207411 7.378664772786825 7.841008354213793 3.3514417833987977 5.286810059136389
3700 2998.026311945296 0 3.5022456875171164 0.7000502911038833 17.062733722162942 7.359835231665249 7.8 3.3503436804981757 5.286696320990416
3750 2998.026311945296 0 3.5022456875171164 0.7000502911038833 17.062733722162942 7.359835231665249 7.8 3.3503436804981757 5.286696320990416
3800 2997.70622862752 0 3.500528939520146 0.7 17.226183162367526 7.3 7.829561446547443 3.3505441893165724 5.287339275991049
3850 2997.70622862752 0 3.500528939520146 0.7 17.226183162367526 7.3 7.829561446547443 3.3505441893165724 5.287339275991049
3900 2997.70622862752 0 3.500528939520146 0.7 17.226183162367526 7.3 7.829561446547443 3.3505441893165724 5.287339275991049
3950 2997.431818306865 0 3.5013468238266423 0.7000366876579219 17.403942589501096 7.3 7.8 3.3507509920982437 5.287079666109581
4000 2997.431818306865 0 3.5013468238266423 0.7000366876579219 17.403942589501096 7.3 7.8 3.3507509920982437 5.287079666109581
4050 2997.431818306865 0 3.5013468238266423 0.7000366876579219 17.403942589501096 7.3 7.8 3.3507509920982437 5.287079666109581
4100 2997.431818306865 0 3.5013468238266423 0.7000366876579219 17.403942589501096 7.3 7.8 3.3507509920982437 5.287079666109581
4150 2997.4052385360656 0 3.5002752703110724 0.7000013430024106 17 7.336455188946347 7.811147125032943 3.3506720927530775 5.287092226952273
4200 2997.325818580302 0 3.500670583023925 0.7 17.004631698042562 7.30754312000592 7.815942090510686 3.3507257297793016 5.286946627313761
4250 2997.325818580302 0 3.500670583023925 0.7 17.004631698042562 7.30754312000592 7.815942090510686 3.3507257297793016 5.286946627313761
4300 2997.325818580302 0 3.500670583023925 0.7 17.004631698042562 7.30754312000592 7.815942090510686 3.3507257297793016 5.286946627313761
4350 2997.2924630491457 0 3.50088405719044 0.7000116065637288 17 7.3 7.8021076866130326 3.3517846681991803 5.286837432991298
4400 2996.9781380767577 0 3.500063096210802 0.7 17.290153587298008 7.300496446156327 7.802428166281143 3.351643802122857 5.286971208921862
4450 2996.9781380767577 0 3.500063096210802 0.7 17.290153587298008 7.300496446156327 7.802428166281143 3.351643802122857 5.286971208921862
4500 2996.9781380767577 0 3.500063096210802 0.7 17.290153587298008 7.300496446156327 7.802428166281143 3.351643802122857 5.286971208921862
4550 2996.9781380767577 0 3.500063096210802 0.7 17.290153587298008 7.300496446156327 7.802428166281143 3.351643802122857 5.286971208921862
4600 2996.9781380767577 0 3.500063096210802 0.7 17.290153587298008 7.300496446156327 7.802428166281143 3.351643802122857 5.286971208921862
4650 2996.9781380767577 0 3.500063096210802 0.7 17.290153587298008 7.300496446156327 7.802428166281143 3.351643802122857 5.286971208921862
4700 2996.9781380767577 0 3.500063096210802 0.7 17.290153587298008 7.300496446156327 7.802428166281143 3.351643802122857 5.286971208921862
4750 2996.9781380767577 0 3.500063096210802 0.7 17.290153587298008 7.300496446156327 7.802428166281143 3.351643802122857 5.286971208921862
4800 2996.9781380767577 0 3.500063096210802 0.7 17.290153587298008 7.300496446156327 7.802428166281143 3.351643802122857 5.286971208921862
4850 2996.9781380767577 0 3.500063096210802 0.7 17.290153587298008 7.300496446156327 7.802428166281143 3.351643802122857 5.286971208921862
4900 2996.877263993296 0 3.500730727954062 0.7 17.04349975956862 7.3 7.802493063092306 3.350252604954282 5.2869626262314915
4950 2996.8583458300623 0 3.5004330846718337 0.7 17.217591911947423 7.300297867693796 7.8 3.3507120366835177 5.2870145022386525
5000 2996.6997844281395 0 3.5002989898756462 0.7 17.3375362467168 7.30129135190995 7.80558150563054 3.350350466980218 5.28678648454581
5050 2996.699780098693 0 3.5001964108998393 0.7000088849443472 17.363594473768476 7.305059500176612 7.8 3.3504775111160456 5.2868762030128025
5100 2996.699780098693 0 3.5001964108998393 0.7000088849443472 17.363594473768476 7.305059500176612 7.8 3.3504775111160456 5.2868762030128025
5150 2996.4892474101457 0 3.500033510003793 0.7 17.259461128087782 7.3051110405355955 7.801683540749918 3.3502438295882957 5.286743730610394
5200 2996.4892474101457 0 3.500033510003793 0.7 17.259461128087782 7.3051110405355955 7.801683540749918 3.3502438295882957 5.286743730610394
5250 2996.4892474101457 0 3.500033510003793 0.7 17.259461128087782 7.3051110405355955 7.801683540749918 3.3502438295882957 5.286743730610394
5300 2996.4892474101457 0 3.500033510003793 0.7 17.259461128087782 7.3051110405355955 7.801683540749918 3.3502438295882957 5.286743730610394
5350 2996.4892474101457 0 3.500033510003793 0.7 17.259461128087782 7.3051110405355955 7.801683540749918 3.3502438295882957 5.286743730610394
5400 2996.4892474101457 0 3.500033510003793 0.7 17.259461128087782 7.3051110405355955 7.801683540749918 3.3502438295882957 5.286743730610394
5450 2996.4892474101457 0 3.500033510003793 0.7 17.259461128087782 7.3051110405355955 7.801683540749918 3.3502438295882957 5.286743730610394
5500 2996.4892474101457 0 3.500033510003793 0.7 17.259461128087782 7.3051110405355955 7.801683540749918 3.3502438295882957 5.286743730610394
5550 2996.4892474101457 0 3.500033510003793 0.7 17.259461128087782 7.3051110405355955 7.801683540749918 3.3502438295882957 5.286743730610394
5600 2996.469061090004 0 3.5000228087033842 0.7 17.492835741493856 7.3 7.8 3.350591501953674 5.286708222535843
5650 2996.469061090004 0 3.5000228087033842 0.7 17.492835741493856 7.3 7.8 3.350591501953674 5.286708222535843
5700 2996.469061090004 0 3.5000228087033842 0.7 17.492835741493856 7.3 7.8 3.350591501953674 5.286708222535843
5750 2996.469061090004 0 3.5000228087033842 0.7 17.492835741493856 7.3 7.8 3.350591501953674 5.286708222535843
5800 2996.469061090004 0 3.5000228087033842 0.7 17.492835741493856 7.3 7.8 3.350591501953674 5.286708222535843
5850 2996.469061090004 0 3.5000228087033842 0.7 17.492835741493856 7.3 7.8 3.350591501953674 5.286708222535843
5900 2996.455298804185 0 3.5000975339578146 0.7 17.36068714857277 7.300321895608654 7.8 3.3502314776644124 5.286780253271867
5950 2996.455298804185 0 3.5000975339578146 0.7 17.36068714857277 7.300321895608654 7.8 3.3502314776644124 5.286780253271867
6000 2996.455298804185 0 3.5000975339578146 0.7 17.36068714857277 7.300321895608654 7.8 3.3502314776644124 5.286780253271867
6050 2996.455298804185 0 3.5000975339578146 0.7 17.36068714857277 7.300321895608654 7.8 3.3502314776644124 5.286780253271867
6100 2996.455298804185 0 3.5000975339578146 0.7 17.36068714857277 7.300321895608654 7.8 3.3502314776644124 5.286780253271867
6150 2996.4543201099605 0 3.5001602355016526 0.7000002724754282 17.232219302568044 7.303759502123076 7.8 3.350228327304411 5.286691665668619
6200 2996.416593368503 0 3.5000726798755477 0.70000078446355 17.458255763543804 7.3 7.8 3.350277621036274 5.286715139856126
6250 2996.416593368503 0 3.5000726798755477 0.70000078446355 17.458255763543804 7.3 7.8 3.350277621036274 5.286715139856126
6300 2996.416593368503 0 3.5000726798755477 0.70000078446355 17.458255763543804 7.3 7.8 3.350277621036274 5.286715139856126
6350 2996.416593368503 0 3.5000726798755477 0.70000078446355 17.458255763543804 7.3 7.8 3.350277621036274 5.286715139856126
6400 2996.416593368503 0 3.5000726798755477 0.70000078446355 17.458255763543804 7.3 7.8 3.350277621036274 5.286715139856126
6450 2996.416593368503 0 3.5000726798755477 0.70000078446355 17.458255763543804 7.3 7.8 3.350277621036274 5.286715139856126
6500 2996.416593368503 0 3.5000726798755477 0.70000078446355 17.458255763543804 7.3 7.8 3.350277621036274 5.286715139856126
6550 2996.416593368503 0 3.5000726798755477 0.70000078446355 17.458255763543804 7.3 7.8 3.350277621036274 5.286715139856126
6600 2996.416593368503 0 3.5000726798755477 0.70000078446355 17.458255763543804 7.3 7.8 3.350277621036274 5.286715139856126
6650 2996.416593368503 0 3.5000726798755477 0.70000078446355 17.458255763543804 7.3 7.8 3.350277621036274 5.286715139856126
6700 2996.4154031855 0 3.500007551386891 0.7000004259827982 17.321164036088856 7.3 7.8 3.3503581148355455 5.286723782163854
6750 2996.40431306722 0 3.500025334747425 0.7000004259827982 17.289850578484472 7.3 7.801211508320956 3.3502354066382494 5.286702716620586
6800 2996.40431306722 0 3.500025334747425 0.7000004259827982 17.289850578484472 7.3 7.801211508320956 3.3502354066382494 5.286702716620586
6850 2996.3933402782313 0 3.5000156747937248 0.7000008669122347 17.279794722246667 7.300125063409713 7.8 3.3502208689724937 5.2867342054293855
6900 2996.3926692102577 0 3.500025334747425 0.7000013150722328 17.289850578484472 7.3 7.800497299887343 3.350218715164335 5.286709431312273
6950 2996.3926692102577 0 3.500025334747425 0.7000013150722328 17.289850578484472 7.3 7.800497299887343 3.350218715164335 5.286709431312273
7000 2996.3926692102577 0 3.500025334747425 0.7000013150722328 17.289850578484472 7.3 7.800497299887343 3.350218715164335 5.286709431312273
7050 2996.3860139361577 0 3.500030901849831 0.7 17.335052711062275 7.30012775930203 7.8 3.3502277010619546 5.2867166652631425
7100 2996.3855404762035 0 3.5000419066837045 0.7000007144268685 17.258139062409693 7.3 7.8 3.3502657262000315 5.286690581263657
7150 2996.3794255949256 0 3.500013814482417 0.7 17.390671658537787 7.3 7.800138146231697 3.350267840353173 5.286697776567296
7200 2996.3794255949256 0 3.500013814482417 0.7 17.390671658537787 7.3 7.800138146231697 3.350267840353173 5.286697776567296
7250 2996.3794255949256 0 3.500013814482417 0.7 17.390671658537787 7.3 7.800138146231697 3.350267840353173 5.286697776567296
7300 2996.3754540545287 0 3.5000116792701395 0.7000000433549844 17.205690137384916 7.3 7.8003812436370605 3.350264907886024 5.286685326399696
7350 2996.369425556822 0 3.5000117112161204 0.7000005656895916 17.10090627947289 7.3 7.8 3.350269622125787 5.286683386201058
7400 2996.369425556822 0 3.5000117112161204 0.7000005656895916 17.10090627947289 7.3 7.8 3.350269622125787 5.286683386201058
7450 2996.368496040799 0 3.5000228716957107 0.7000008817690264 17.112185958828466 7.3 7.8 3.350230268941932 5.286688555883793
7500 2996.368496040799 0 3.5000228716957107 0.7000008817690264 17.112185958828466 7.3 7.8 3.350230268941932 5.286688555883793
7550 2996.368496040799 0 3.5000228716957107 0.7000008817690264 17.112185958828466 7.3 7.8 3.350230268941932 5.286688555883793
7600 2996.3649227663477 0 3.5000173724745474 0.700000607018201 17.24122069628464 7.30000058231274 7.800023289262549 3.3502228136628727 5.286690461203766
7650 2996.3649227663477 0 3.5000173724745474 0.700000607018201 17.24122069628464 7.30000058231274 7.800023289262549 3.3502228136628727 5.286690461203766
7700 2996.3611263660255 0 3.500016662571853 0.7000006402995187 17.158563923984886 7.30000058231274 7.8 3.350218885442638 5.286687071552352
7750 2996.3611263660255 0 3.500016662571853 0.7000006402995187 17.158563923984886 7.30000058231274 7.8 3.350218885442638 5.286687071552352
7800 2996.3611263660255 0 3.500016662571853 0.7000006402995187 17.158563923984886 7.30000058231274 7.8 3.350218885442638 5.286687071552352
7850 2996.359106858049 0 3.500004651683722 0.7 17 7.3 7.8000937476951 3.3502356319018087 5.28668592495593
7900 2996.3572319013215 0 3.5000148821410413 0.7000004941226452 17.048761552850465 7.30000058231274 7.8 3.350217989521633 5.286683444950044
7950 2996.3572319013215 0 3.5000148821410413 0.7000004941226452 17.048761552850465 7.30000058231274 7.8 3.350217989521633 5.286683444950044
8000 2996.3572319013215 0 3.5000148821410413 0.7000004941226452 17.048761552850465 7.30000058231274 7.8 3.350217989521633 5.286683444950044
8050 2996.3572319013215 0 3.5000148821410413 0.7000004941226452 17.048761552850465 7.30000058231274 7.8 3.350217989521633 5.286683444950044
8100 2996.3572319013215 0 3.5000148821410413 0.7000004941226452 17.048761552850465 7.30000058231274 7.8 3.350217989521633 5.286683444950044
8150 2996.3572319013215 0 3.5000148821410413 0.7000004941226452 17.048761552850465 7.30000058231274 7.8 3.350217989521633 5.286683444950044
8200 2996.3572319013215 0 3.5000148821410413 0.7000004941226452 17.048761552850465 7.30000058231274 7.8 3.350217989521633 5.286683444950044
8250 2996.3567518069667 0 3.5000030078584863 0.700000530793544 17.31373564567026 7.3 7.8000417981258865 3.350226742869119 5.286684820899674
8300 2996.3567518069667 0 3.5000030078584863 0.700000530793544 17.31373564567026 7.3 7.8000417981258865 3.350226742869119 5.286684820899674
8350 2996.3567518069667 0 3.5000030078584863 0.700000530793544 17.31373564567026 7.3 7.8000417981258865 3.350226742869119 5.286684820899674
8400 2996.3567518069667 0 3.5000030078584863 0.700000530793544 17.31373564567026 7.3 7.8000417981258865 3.350226742869119 5.286684820899674
8450 2996.3538831843885 0 3.5000077634703186 0.7000001586276317 17.35149058816388 7.3 7.8000054582989256 3.3502146760167024 5.286686107064395
8500 2996.3538831843885 0 3.5000077634703186 0.7000001586276317 17.35149058816388 7.3 7.8000054582989256 3.3502146760167024 5.286686107064395
8550 2996.3538831843885 0 3.5000077634703186 0.7000001586276317 17.35149058816388 7.3 7.8000054582989256 3.3502146760167024 5.286686107064395
8600 2996.3537992925244 0 3.5000022916631033 0.7 17.163891936146218 7.3 7.800106395051292 3.350223041805447 5.286683645290809
8650 2996.3537992925244 0 3.5000022916631033 0.7 17.163891936146218 7.3 7.800106395051292 3.350223041805447 5.286683645290809
8700 2996.353653987744 0 3.5000101683552196 0.7 17.305621279449245 7.3 7.8 3.350217634176379 5.286684391434092
8750 2996.353574954093 0 3.5000041762846243 0.7 17.02150755370838 7.3 7.8 3.35021962006724 5.286687172170182
8800 2996.353016050947 0 3.500002927091685 0.7 17.450569232064346 7.3 7.800074525706691 3.3502211962846737 5.286683860811855
8850 2996.352724801757 0 3.5000016607151165 0.7 17.157409715738876 7.3 7.800028669386379 3.3502227153625004 5.286685159068884
8900 2996.351836062111 0 3.500001475623299 0.7000002009836597 17.284260413581308 7.300104881291974 7.800021832862301 3.350216863833026 5.286683574882168
8950 2996.3512879368736 0 3.5000012671760845 0.7 17.024044505705415 7.3 7.8 3.350222256117305 5.286684316343555
9000 2996.3512879368736 0 3.5000012671760845 0.7 17.024044505705415 7.3 7.8 3.350222256117305 5.286684316343555
9050 2996.3508715481144 0 3.5000008174918604 0.7000000634510526 17.122402565562776 7.3 7.8000054582989256 3.3502158847707935 5.2866858532400824
9100 2996.3502758166346 0 3.500000682320063 0.7 17.458053386964824 7.3 7.800005796109092 3.3502151834334075 5.286685720172139
9150 2996.3502758166346 0 3.500000682320063 0.7 17.458053386964824 7.3 7.800005796109092 3.3502151834334075 5.286685720172139
9200 2996.3502758166346 0 3.500000682320063 0.7 17.458053386964824 7.3 7.800005796109092 3.3502151834334075 5.286685720172139
9250 2996.3502758166346 0 3.500000682320063 0.7 17.458053386964824 7.3 7.800005796109092 3.3502151834334075 5.286685720172139
9300 2996.3502758166346 0 3.500000682320063 0.7 17.458053386964824 7.3 7.800005796109092 3.3502151834334075 5.286685720172139
9350 2996.349856875584 0 3.500002645900662 0.7 17.28417784247933 7.3000105983404175 7.800010320979096 3.350215582806389 5.28668338553593
9400 2996.349856875584 0 3.500002645900662 0.7 17.28417784247933 7.3000105983404175 7.800010320979096 3.350215582806389 5.28668338553593
9450 2996.349057786842 0 3.5000000788470165 0.7 17.2358445578518 7.300041384277711 7.8 3.350216299618731 5.286683356731711
9500 2996.349057786842 0 3.5000000788470165 0.7 17.2358445578518 7.300041384277711 7.8 3.350216299618731 5.286683356731711
9550 2996.349057786842 0 3.5000000788470165 0.7 17.2358445578518 7.300041384277711 7.8 3.350216299618731 5.286683356731711
9600 2996.349057786842 0 3.5000000788470165 0.7 17.2358445578518 7.300041384277711 7.8 3.350216299618731 5.286683356731711
9650 2996.349057786842 0 3.5000000788470165 0.7 17.2358445578518 7.300041384277711 7.8 3.350216299618731 5.286683356731711
9700 2996.349057786842 0 3.5000000788470165 0.7 17.2358445578518 7.300041384277711 7.8 3.350216299618731 5.286683356731711
9750 2996.349057786842 0 3.5000000788470165 0.7 17.2358445578518 7.300041384277711 7.8 3.350216299618731 5.286683356731711
9800 2996.348746996171 0 3.5000007722076423 0.7 17.33286316311601 7.300024136377209 7.8 3.3502147576082035 5.286683296798816
9850 2996.348746996171 0 3.5000007722076423 0.7 17.33286316311601 7.300024136377209 7.8 3.3502147576082035 5.286683296798816
9900 2996.348746996171 0 3.5000007722076423 0.7 17.33286316311601 7.300024136377209 7.8 3.3502147576082035 5.286683296798816
9950 2996.348746996171 0 3.5000007722076423 0.7 17.33286316311601 7.300024136377209 7.8 3.3502147576082035 5.286683296798816
10000 2996.348746996171 0 3.5000007722076423 0.7 17.33286316311601 7.300024136377209 7.8 3.3502147576082035 5.286683296798816
10050 2996.348746996171 0 3.5000007722076423 0.7 17.33286316311601 7.300024136377209 7.8 3.3502147576082035 5.286683296798816
10100 2996.348746996171 0 3.5000007722076423 0.7 17.33286316311601 7.300024136377209 7.8 3.3502147576082035 5.286683296798816
10150 2996.348746996171 0 3.5000007722076423 0.7 17.33286316311601 7.300024136377209 7.8 3.3502147576082035 5.286683296798816
10200 2996.348746996171 0 3.5000007722076423 0.7 17.33286316311601 7.300024136377209 7.8 3.3502147576082035 5.286683296798816
10250 2996.348746996171 0 3.5000007722076423 0.7 17.33286316311601 7.300024136377209 7.8 3.3502147576082035 5.286683296798816
10300 2996.348667688702 0 3.500000312518153 0.7000000103737148 17.02808590896155 7.3 7.800001285523101 3.350215157671059 5.286683512180078
10350 2996.348667688702 0 3.500000312518153 0.7000000103737148 17.02808590896155 7.3 7.800001285523101 3.350215157671059 5.286683512180078
10400 2996.348667688702 0 3.500000312518153 0.7000000103737148 17.02808590896155 7.3 7.800001285523101 3.350215157671059 5.286683512180078
10450 2996.348667688702 0 3.500000312518153 0.7000000103737148 17.02808590896155 7.3 7.800001285523101 3.350215157671059 5.286683512180078
10500 2996.348667688702 0 3.500000312518153 0.7000000103737148 17.02808590896155 7.3 7.800001285523101 3.350215157671059 5.286683512180078
10550 2996.348667688702 0 3.500000312518153 0.7000000103737148 17.02808590896155 7.3 7.800001285523101 3.350215157671059 5.286683512180078
10600 2996.3486512253235 0 3.5000001785873387 0.7000000090525791 17.23311537378051 7.3 7.800001612466745 3.35021523487848 5.286683536173156
10650 2996.3486512253235 0 3.5000001785873387 0.7000000090525791 17.23311537378051 7.3 7.800001612466745 3.35021523487848 5.286683536173156
10700 2996.3486512253235 0 3.5000001785873387 0.7000000090525791 17.23311537378051 7.3 7.800001612466745 3.35021523487848 5.286683536173156
10750 2996.3485755863926 0 3.5000001462539156 0.7 17.207006002321684 7.3 7.800003061101358 3.350214996770503 5.2866835469360405
10800 2996.3485569940285 0 3.5000001720333884 0.7 17 7.3 7.800004524325728 3.350214963338185 5.286683464669476
10850 2996.34846289801 0 3.5000000547021606 0.7000000031709838 17 7.3 7.8 3.3502151094415047 5.286683464263781
10900 2996.34846289801 0 3.5000000547021606 0.7000000031709838 17 7.3 7.8 3.3502151094415047 5.286683464263781
10950 2996.348425851916 0 3.500000037097573 0.7000000040508068 17.0 7.3 7.8 3.350215162248223 5.286683389471584
11000 2996.348425851916 0 3.500000037097573 0.7000000040508068 17.0 7.3 7.8 3.350215162248223 5.286683389471584
11050 2996.348425851916 0 3.500000037097573 0.7000000040508068 17.0 7.3 7.8 3.350215162248223 5.286683389471584
11100 2996.3484035328497 0 3.500000144269846 0.7 17.053496892361387 7.3 7.8 3.3502151849679698 5.28668330786148
11150 2996.3483939719217 0 3.5000000481573514 0.7000000039189217 17.003768223871845 7.3000010682228655 7.800002644488526 3.3502150805848885 5.286683260085255
11200 2996.3482518644887 0 3.5000000164061285 0.7 17.151875841256825 7.3000006082248525 7.800000073041058 3.3502146696496022 5.286683343888728
11250 2996.3482518644887 0 3.5000000164061285 0.7 17.151875841256825 7.3000006082248525 7.800000073041058 3.3502146696496022 5.286683343888728
11300 2996.3482518644887 0 3.5000000164061285 0.7 17.151875841256825 7.3000006082248525 7.800000073041058 3.3502146696496022 5.286683343888728
11350 2996.3482518644887 0 3.5000000164061285 0.7 17.151875841256825 7.3000006082248525 7.800000073041058 3.3502146696496022 5.286683343888728
11400 2996.3482518644887 0 3.5000000164061285 0.7 17.151875841256825 7.3000006082248525 7.800000073041058 3.3502146696496022 5.286683343888728
11450 2996.3482518644887 0 3.5000000164061285 0.7 17.151875841256825 7.3000006082248525 7.800000073041058 3.3502146696496022 5.286683343888728
11500 2996.3482518644887 0 3.5000000164061285 0.7 17.151875841256825 7.3000006082248525 7.800000073041058 3.3502146696496022 5.286683343888728
11550 2996.3482205205923 0 3.5000000874480666 0.7000000004681064 17 7.3000006082248525 7.8 3.3502146835574615 5.2866832443473735
11600 2996.3482205205923 0 3.5000000874480666 0.7000000004681064 17 7.3000006082248525 7.8 3.3502146835574615 5.2866832443473735
11650 2996.3482205205923 0 3.5000000874480666 0.7000000004681064 17 7.3000006082248525 7.8 3.3502146835574615 5.2866832443473735
11700 2996.3482205205923 0 3.5000000874480666 0.7000000004681064 17 7.3000006082248525 7.8 3.3502146835574615 5.2866832443473735
11750 2996.3482205205923 0 3.5000000874480666 0.7000000004681064 17 7.3000006082248525 7.8 3.3502146835574615 5.2866832443473735
11800 2996.3482205205923 0 3.5000000874480666 0.7000000004681064 17 7.3000006082248525 7.8 3.3502146835574615 5.2866832443473735
11850 2996.3482205205923 0 3.5000000874480666 0.7000000004681064 17 7.3000006082248525 7.8 3.3502146835574615 5.2866832443473735
11900 2996.3482205205923 0 3.5000000874480666 0.7000000004681064 17 7.3000006082248525 7.8 3.3502146835574615 5.2866832443473735
11950 2996.3482109102224 0 3.5000000657993398 0.700000001550403 17.053496892361387 7.300000010278555 7.800000103027597 3.3502146754377478 5.286683242902413
12000 2996.3482109102224 0 3.5000000657993398 0.700000001550403 17.053496892361387 7.300000010278555 7.800000103027597 3.3502146754377478 5.286683242902413
12050 2996.3482109102224 0 3.5000000657993398 0.700000001550403 17.053496892361387 7.300000010278555 7.800000103027597 3.3502146754377478 5.286683242902413
12100 2996.3482109102224 0 3.5000000657993398 0.700000001550403 17.053496892361387 7.300000010278555 7.800000103027597 3.3502146754377478 5.286683242902413
12150 2996.3482109102224 0 3.5000000657993398 0.700000001550403 17.053496892361387 7.300000010278555 7.800000103027597 3.3502146754377478 5.286683242902413
12200 2996.3482109102224 0 3.5000000657993398 0.700000001550403 17.053496892361387 7.300000010278555 7.800000103027597 3.3502146754377478 5.286683242902413
12250 2996.3482109102224 0 3.5000000657993398 0.700000001550403 17.053496892361387 7.300000010278555 7.800000103027597 3.3502146754377478 5.286683242902413
12300 2996.3482109102224 0 3.5000000657993398 0.700000001550403 17.053496892361387 7.300000010278555 7.800000103027597 3.3502146754377478 5.286683242902413
12350 2996.3482050225566 0 3.5000000049786952 0.7 17.053496892361387 7.3000009840703335 7.8 3.350214757448557 5.286683239418358
12400 2996.3482032588236 0 3.5000000514933505 0.7000000016983904 17 7.300000059208975 7.8 3.3502146859232953 5.286683237331317
12450 2996.348201047199 0 3.5000000185079227 0.7 17.019602298298654 7.300000655997748 7.800000130964305 3.350214722100492 5.2866832390032625
12500 2996.348200655229 0 3.500000029552902 0.7 17.02016669252961 7.3000002181753 7.800000055073432 3.350214695732185 5.286683250820136
12550 2996.3481999695537 0 3.5000000297461415 0.7000000004020994 17.015348656319887 7.3 7.80000059458402 3.3502146798505446 5.286683237531699
12600 2996.3481915459533 0 3.500000003242567 0.7000000001961836 17.00578388614879 7.300000257690666 7.800000147172142 3.350214703538396 5.286683244497244
12650 2996.3481915459533 0 3.500000003242567 0.7000000001961836 17.00578388614879 7.300000257690666 7.800000147172142 3.350214703538396 5.286683244497244
12700 2996.3481915459533 0 3.500000003242567 0.7000000001961836 17.00578388614879 7.300000257690666 7.800000147172142 3.350214703538396 5.286683244497244
12750 2996.3481915459533 0 3.500000003242567 0.7000000001961836 17.00578388614879 7.300000257690666 7.800000147172142 3.350214703538396 5.286683244497244
12800 2996.3481915459533 0 3.500000003242567 0.7000000001961836 17.00578388614879 7.300000257690666 7.800000147172142 3.350214703538396 5.286683244497244
12850 2996.3481905209305 0 3.5000000040421497 0.7000000004798417 17.218525692466528 7.300000306148744 7.800000415281426 3.350214693736601 5.286683234377939
12900 2996.3481809867344 0 3.500000000382922 0.7 17.019852341743146 7.3000003610174415 7.800000011058117 3.3502146976778575 5.286683236667905
12950 2996.3481794635136 0 3.500000008748117 0.7 17.026072177535656 7.300000272201393 7.8000000020292335 3.3502146939022723 5.286683232161968
13000 2996.3481794635136 0 3.500000008748117 0.7 17.026072177535656 7.300000272201393 7.8000000020292335 3.3502146939022723 5.286683232161968
13050 2996.348178093031 0 3.500000008043664 0.7000000002977539 17.134127658191353 7.3 7.800000043445562 3.3502146699789574 5.2866832402566395
13100 2996.348175835795 0 3.500000005272369 0.7 17.323678216508753 7.300000116575696 7.800000024457832 3.350214680497987 5.286683235358685
13150 2996.3481744453447 0 3.5000000075848328 0.7 17 7.300000010043603 7.80000000121754 3.350214686086659 5.286683231783443
13200 2996.3481744453447 0 3.5000000075848328 0.7 17 7.300000010043603 7.80000000121754 3.350214686086659 5.286683231783443
13250 2996.3481744453447 0 3.5000000075848328 0.7 17 7.300000010043603 7.80000000121754 3.350214686086659 5.286683231783443
13300 2996.3481744453447 0 3.5000000075848328 0.7 17 7.300000010043603 7.80000000121754 3.350214686086659 5.286683231783443
13350 2996.3481744453447 0 3.5000000075848328 0.7 17 7.300000010043603 7.80000000121754 3.350214686086659 5.286683231783443
13400 2996.348173316334 0 3.5000000009883987 0.7 17.342786794765683 7.300000277080657 7.8 3.350214680509197 5.286683232657683
13450 2996.348173316334 0 3.5000000009883987 0.7 17.342786794765683 7.300000277080657 7.8 3.350214680509197 5.286683232657683
13500 2996.348173316334 0 3.5000000009883987 0.7 17.342786794765683 7.300000277080657 7.8 3.350214680509197 5.286683232657683
13550 2996.3481706952944 0 3.500000001758794 0.7000000001177921 17.042499959911364 7.30000000597039 7.800000000647735 3.3502146758753835 5.2866832328160305
13600 2996.348170187425 0 3.5000000035160785 0.7 17.076758240054577 7.300000070697391 7.80000002519035 3.3502146688334777 5.286683232846509
13650 2996.348170187425 0 3.5000000035160785 0.7 17.076758240054577 7.300000070697391 7.80000002519035 3.3502146688334777 5.286683232846509
13700 2996.348170187425 0 3.5000000035160785 0.7 17.076758240054577 7.300000070697391 7.80000002519035 3.3502146688334777 5.286683232846509
13750 2996.348169078083 0 3.500000001903712 0.7000000002463544 17.312788910402215 7.3 7.800000067169088 3.3502146677530447 5.286683230311534
13800 2996.348169078083 0 3.500000001903712 0.7000000002463544 17.312788910402215 7.3 7.800000067169088 3.3502146677530447 5.286683230311534
13850 2996.348169078083 0 3.500000001903712 0.7000000002463544 17.312788910402215 7.3 7.800000067169088 3.3502146677530447 5.286683230311534
13900 2996.348169078083 0 3.500000001903712 0.7000000002463544 17.312788910402215 7.3 7.800000067169088 3.3502146677530447 5.286683230311534
13950 2996.348169038047 0 3.500000003664647 0.7000000001571416 17.06878415580026 7.3 7.8 3.3502146692803105 5.286683231501332
14000 2996.3481683704304 0 3.500000000886793 0.7000000000066346 17 7.300000095007306 7.8 3.3502146672215973 5.286683232744569
14050 2996.3481683704304 0 3.500000000886793 0.7000000000066346 17 7.300000095007306 7.8 3.3502146672215973 5.286683232744569
14100 2996.348168307445 0 3.5000000016635844 0.7 17.020973305230324 7.300000005649028 7.8 3.3502146676541478 5.286683233278223
14150 2996.348168307445 0 3.5000000016635844 0.7 17.020973305230324 7.300000005649028 7.8 3.3502146676541478 5.286683233278223
14200 2996.3481682876595 0 3.500000001500302 0.7000000001543403 17.234172188644894 7.300000077639807 7.800000000647735 3.3502146690885457 5.286683230656301
14250 2996.3481680576356 0 3.500000001637775 0.7 17.22982794124382 7.300000001969401 7.800000021123631 3.350214669795769 5.2866832313650365
14300 2996.3481676647316 0 3.5000000010584347 0.7000000001328951 17.142453123844327 7.3 7.800000010895217 3.3502146668882604 5.286683231706253
14350 2996.3481676647316 0 3.5000000010584347 0.7000000001328951 17.142453123844327 7.3 7.800000010895217 3.3502146668882604 5.286683231706253
14400 2996.348166728392 0 3.5000000009839543 0.7000000000779194 17.279354714799478 7.300000031130147 7.8 3.350214668441178 5.286683229992782
14450 2996.348166728392 0 3.5000000009839543 0.7000000000779194 17.279354714799478 7.300000031130147 7.8 3.350214668441178 5.286683229992782
14500 2996.348166728392 0 3.5000000009839543 0.7000000000779194 17.279354714799478 7.300000031130147 7.8 3.350214668441178 5.286683229992782
14550 2996.348166728392 0 3.5000000009839543 0.7000000000779194 17.279354714799478 7.300000031130147 7.8 3.350214668441178 5.286683229992782
14600 2996.348166728392 0 3.5000000009839543 0.7000000000779194 17.279354714799478 7.300000031130147 7.8 3.350214668441178 5.286683229992782
14650 2996.34816619103 0 3.500000000959604 0.7000000001116868 17.114338071422083 7.3 7.800000001831195 3.350214666398181 5.286683230109906
14700 2996.34816619103 0 3.500000000959604 0.7000000001116868 17.114338071422083 7.3 7.800000001831195 3.350214666398181 5.286683230109906
14750 2996.34816619103 0 3.500000000959604 0.7000000001116868 17.114338071422083 7.3 7.800000001831195 3.350214666398181 5.286683230109906
14800 2996.34816619103 0 3.500000000959604 0.7000000001116868 17.114338071422083 7.3 7.800000001831195 3.350214666398181 5.286683230109906
14850 2996.34816619103 0 3.500000000959604 0.7000000001116868 17.114338071422083 7.3 7.800000001831195 3.350214666398181 5.286683230109906
14900 2996.34816619103 0 3.500000000959604 0.7000000001116868 17.114338071422083 7.3 7.800000001831195 3.350214666398181 5.286683230109906
14950 2996.3481658861297 0 3.500000000802518 0.7000000000512602 17 7.3 7.800000001240466 3.350214666477561 5.286683230145401
15000 2996.3481658861297 0 3.500000000802518 0.7000000000512602 17 7.3 7.800000001240466 3.350214666477561 5.286683230145401
15050 2996.3481658861297 0 3.500000000802518 0.7000000000512602 17 7.3 7.800000001240466 3.350214666477561 5.286683230145401
15100 2996.3481658861297 0 3.500000000802518 0.7000000000512602 17 7.3 7.800000001240466 3.350214666477561 5.286683230145401
15150 2996.3481658861297 0 3.500000000802518 0.7000000000512602 17 7.3 7.800000001240466 3.350214666477561 5.286683230145401
15200 2996.3481658861297 0 3.500000000802518 0.7000000000512602 17 7.3 7.800000001240466 3.350214666477561 5.286683230145401
15250 2996.3481658861297 0 3.500000000802518 0.7000000000512602 17 7.3 7.800000001240466 3.350214666477561 5.286683230145401
15300 2996.3481658861297 0 3.500000000802518 0.7000000000512602 17 7.3 7.800000001240466 3.350214666477561 5.286683230145401
15350 2996.3481658861297 0 3.500000000802518 0.7000000000512602 17 7.3 7.800000001240466 3.350214666477561 5.286683230145401
15400 2996.3481658363767 0 3.5000000004130056 0.7 17 7.300000014386793 7.800000002739914 3.350214667649774 5.2866832299510325
15450 2996.348165818461 0 3.5000000008136922 0.7 17.16137143341161 7.300000025161305 7.800000006171546 3.3502146662262797 5.2866832299780135
15500 2996.3481656370336 0 3.500000000307407 0.70000000000956 17.02232488473877 7.3000000126848255 7.800000004417797 3.350214667189992 5.286683229784792
15550 2996.348165604756 0 3.500000000647511 0.7000000000312642 17.0 7.300000000306724 7.800000003592957 3.350214666190847 5.286683229970204
15600 2996.348165604756 0 3.500000000647511 0.7000000000312642 17.0 7.300000000306724 7.800000003592957 3.350214666190847 5.286683229970204
15650 2996.348165560286 0 3.5000000000268843 0.7 17.166449962916342 7.300000022117843 7.800000003655981 3.3502146668180948 5.2866832299498565
15700 2996.348165560286 0 3.5000000000268843 0.7 17.166449962916342 7.300000022117843 7.800000003655981 3.3502146668180948 5.2866832299498565
15750 2996.348165560286 0 3.5000000000268843 0.7 17.166449962916342 7.300000022117843 7.800000003655981 3.3502146668180948 5.2866832299498565
15800 2996.348165560286 0 3.5000000000268843 0.7 17.166449962916342 7.300000022117843 7.800000003655981 3.3502146668180948 5.2866832299498565
15850 2996.348165529407 0 3.5000000006569025 0.7 17.021447145602604 7.3 7.800000001412295 3.350214666408617 5.286683230060312
15900 2996.348165468361 0 3.500000000292816 0.7 17 7.300000017732203 7.8000000038271295 3.3502146661336942 5.286683229970204
15950 2996.348165322382 0 3.500000000198666 0.7 17.108684245404298 7.3 7.800000001054649 3.3502146661777163 5.286683230122662
16000 2996.348165322382 0 3.500000000198666 0.7 17.108684245404298 7.3 7.800000001054649 3.3502146661777163 5.286683230122662
16050 2996.348165322382 0 3.500000000198666 0.7 17.108684245404298 7.3 7.800000001054649 3.3502146661777163 5.286683230122662
16100 2996.348165322382 0 3.500000000198666 0.7 17.108684245404298 7.3 7.800000001054649 3.3502146661777163 5.286683230122662
16150 2996.348165322382 0 3.500000000198666 0.7 17.108684245404298 7.3 7.800000001054649 3.3502146661777163 5.286683230122662
16200 2996.348165322382 0 3.500000000198666 0.7 17.108684245404298 7.3 7.800000001054649 3.3502146661777163 5.286683230122662
16250 2996.348165322382 0 3.500000000198666 0.7 17.108684245404298 7.3 7.800000001054649 3.3502146661777163 5.286683230122662
16300 2996.348165322382 0 3.500000000198666 0.7 17.108684245404298 7.3 7.800000001054649 3.3502146661777163 5.286683230122662
16350 2996.3481652200685 0 3.500000000112248 0.7 17.102436626022396 7.300000002673985 7.8 3.350214666565349 5.2866832298591575
16400 2996.348165109831 0 3.5000000001991287 0.7000000000024578 17.016297643093015 7.3 7.8 3.3502146661779726 5.286683229806988
16450 2996.348165109831 0 3.5000000001991287 0.7000000000024578 17.016297643093015 7.3 7.8 3.3502146661779726 5.286683229806988
16500 2996.348165109831 0 3.5000000001991287 0.7000000000024578 17.016297643093015 7.3 7.8 3.3502146661779726 5.286683229806988
16550 2996.348165109831 0 3.5000000001991287 0.7000000000024578 17.016297643093015 7.3 7.8 3.3502146661779726 5.286683229806988
16600 2996.348165109831 0 3.5000000001991287 0.7000000000024578 17.016297643093015 7.3 7.8 3.3502146661779726 5.286683229806988
16650 2996.348165109831 0 3.5000000001991287 0.7000000000024578 17.016297643093015 7.3 7.8 3.3502146661779726 5.286683229806988
16700 2996.3481650971585 0 3.500000000069623 0.7 17.157729724777433 7.3 7.800000000510862 3.350214666440927 5.286683229761503
16750 2996.3481650824997 0 3.5000000000177565 0.7 17.162535808247206 7.300000000291221 7.8000000024271605 3.3502146661946126 5.286683229799009
16800 2996.348165075776 0 3.50000000011452 0.700000000001123 17.116512270380277 7.3 7.8 3.3502146663062997 5.286683229763754
16850 2996.348165075776 0 3.50000000011452 0.700000000001123 17.116512270380277 7.3 7.8 3.3502146663062997 5.286683229763754
16900 2996.348165075776 0 3.50000000011452 0.700000000001123 17.116512270380277 7.3 7.8 3.3502146663062997 5.286683229763754
16950 2996.348165075776 0 3.50000000011452 0.700000000001123 17.116512270380277 7.3 7.8 3.3502146663062997 5.286683229763754
17000 2996.3481650691806 0 3.500000000183699 0.7000000000024578 17.21031716109861 7.3 7.8 3.350214666105215 5.286683229781753
17050 2996.3481650691806 0 3.500000000183699 0.7000000000024578 17.21031716109861 7.3 7.8 3.350214666105215 5.286683229781753
17100 2996.348165065685 0 3.5000000000856115 0.7 17.118205541537396 7.3 7.800000000097581 3.350214666113583 5.286683229847578
17150 2996.3481650229405 0 3.5000000001112186 0.7000000000012804 17.31636632608924 7.3 7.8 3.350214666113583 5.28668322975882
17200 2996.3481650229405 0 3.5000000001112186 0.7000000000012804 17.31636632608924 7.3 7.8 3.350214666113583 5.28668322975882
17250 2996.3481650229405 0 3.5000000001112186 0.7000000000012804 17.31636632608924 7.3 7.8 3.350214666113583 5.28668322975882
17300 2996.3481650229405 0 3.5000000001112186 0.7000000000012804 17.31636632608924 7.3 7.8 3.350214666113583 5.28668322975882
17350 2996.3481650229405 0 3.5000000001112186 0.7000000000012804 17.31636632608924 7.3 7.8 3.350214666113583 5.28668322975882
17400 2996.3481650229405 0 3.5000000001112186 0.7000000000012804 17.31636632608924 7.3 7.8 3.350214666113583 5.28668322975882
17450 2996.348165022068 0 3.500000000024665 0.700000000000476 17.19655828748584 7.3 7.8000000001449665 3.3502146661867545 5.2866832297822945
17500 2996.348165022068 0 3.500000000024665 0.700000000000476 17.19655828748584 7.3 7.8000000001449665 3.3502146661867545 5.2866832297822945
17550 2996.348165022068 0 3.500000000024665 0.700000000000476 17.19655828748584 7.3 7.8000000001449665 3.3502146661867545 5.2866832297822945
17600 2996.348165021597 0 3.500000000061247 0.7 17.332094961655965 7.3 7.800000000961443 3.3502146661169245 5.286683229762143
17650 2996.348165013564 0 3.500000000009582 0.7000000000002019 17.259236266940388 7.3 7.800000000505639 3.3502146661291223 5.286683229790831
17700 2996.348165013564 0 3.500000000009582 0.7000000000002019 17.259236266940388 7.3 7.800000000505639 3.3502146661291223 5.286683229790831
17750 2996.348165008993 0 3.5000000000403655 0.7000000000012706 17.214047031240785 7.3 7.8 3.350214666143945 5.286683229768551
17800 2996.348165002056 0 3.500000000012669 0.7000000000009159 17.2898639131609 7.3 7.8 3.35021466616381 5.2866832297693085
17850 2996.348165002056 0 3.500000000012669 0.7000000000009159 17.2898639131609 7.3 7.8 3.35021466616381 5.2866832297693085
17900 2996.348164991142 0 3.500000000018584 0.7 17.02390942972303 7.30000000014021 7.8 3.3502146661497334 5.286683229758699
17950 2996.348164991142 0 3.500000000018584 0.7 17.02390942972303 7.30000000014021 7.8 3.3502146661497334 5.286683229758699
18000 2996.348164991142 0 3.500000000018584 0.7 17.02390942972303 7.30000000014021 7.8 3.3502146661497334 5.286683229758699
18050 2996.348164991142 0 3.500000000018584 0.7 17.02390942972303 7.30000000014021 7.8 3.3502146661497334 5.286683229758699
18100 2996.348164991142 0 3.500000000018584 0.7 17.02390942972303 7.30000000014021 7.8 3.3502146661497334 5.286683229758699
18150 2996.3481649873233 0 3.5000000000042615 0.7 17.030326995604153 7.300000000288945 7.8 3.350214666145389 5.286683229761219
18200 2996.3481649873233 0 3.5000000000042615 0.7 17.030326995604153 7.300000000288945 7.8 3.350214666145389 5.286683229761219
18250 2996.3481649873233 0 3.5000000000042615 0.7 17.030326995604153 7.300000000288945 7.8 3.350214666145389 5.286683229761219
18300 2996.3481649873233 0 3.5000000000042615 0.7 17.030326995604153 7.300000000288945 7.8 3.350214666145389 5.286683229761219
18350 2996.3481649827586 0 3.5000000000089173 0.7000000000003298 17.06520551924606 7.300000000009762 7.800000000079806 3.350214666116653 5.2866832297614526
18400 2996.3481649827586 0 3.5000000000089173 0.7000000000003298 17.06520551924606 7.300000000009762 7.800000000079806 3.350214666116653 5.2866832297614526
18450 2996.3481649775304 0 3.5000000000045235 0.7 17.108015400466858 7.300000000190688 7.8 3.3502146661160603 5.286683229758774
18500 2996.3481649775304 0 3.5000000000045235 0.7 17.108015400466858 7.300000000190688 7.8 3.3502146661160603 5.286683229758774
18550 2996.3481649775304 0 3.5000000000045235 0.7 17.108015400466858 7.300000000190688 7.8 3.3502146661160603 5.286683229758774
18600 2996.3481649775304 0 3.5000000000045235 0.7 17.108015400466858 7.300000000190688 7.8 3.3502146661160603 5.286683229758774
18650 2996.3481649754576 0 3.5000000000017177 0.7000000000000184 17.020335200873266 7.300000000364511 7.8 3.3502146661068375 5.286683229758402
18700 2996.3481649754576 0 3.5000000000017177 0.7000000000000184 17.020335200873266 7.300000000364511 7.8 3.3502146661068375 5.286683229758402
18750 2996.3481649754576 0 3.5000000000017177 0.7000000000000184 17.020335200873266 7.300000000364511 7.8 3.3502146661068375 5.286683229758402
18800 2996.3481649754576 0 3.5000000000017177 0.7000000000000184 17.020335200873266 7.300000000364511 7.8 3.3502146661068375 5.286683229758402
18850 2996.3481649754576 0 3.5000000000017177 0.7000000000000184 17.020335200873266 7.300000000364511 7.8 3.3502146661068375 5.286683229758402
18900 2996.3481649754576 0 3.5000000000017177 0.7000000000000184 17.020335200873266 7.300000000364511 7.8 3.3502146661068375 5.286683229758402
18950 2996.3481649740606 0 3.5000000000008065 0.7000000000000184 17 7.300000000084922 7.8 3.3502146661114995 5.286683229758776
19000 2996.3481649740606 0 3.5000000000008065 0.7000000000000184 17 7.300000000084922 7.8 3.3502146661114995 5.286683229758776
19050 2996.3481649740606 0 3.5000000000008065 0.7000000000000184 17 7.300000000084922 7.8 3.3502146661114995 5.286683229758776
19100 2996.3481649736664 0 3.500000000002637 0.7000000000002505 17.22790948283584 7.300000000045765 7.800000000019971 3.350214666103483 5.286683229758442
19150 2996.3481649736664 0 3.500000000002637 0.7000000000002505 17.22790948283584 7.300000000045765 7.800000000019971 3.350214666103483 5.286683229758442
19200 2996.3481649718788 0 3.500000000001003 0.7 17.099789974460258 7.300000000017075 7.8 3.3502146661065355 5.2866832297582835
19250 2996.3481649718788 0 3.500000000001003 0.7 17.099789974460258 7.300000000017075 7.8 3.3502146661065355 5.2866832297582835
19300 2996.3481649718788 0 3.500000000001003 0.7 17.099789974460258 7.300000000017075 7.8 3.3502146661065355 5.2866832297582835
19350 2996.3481649718788 0 3.500000000001003 0.7 17.099789974460258 7.300000000017075 7.8 3.3502146661065355 5.2866832297582835
19400 2996.3481649718788 0 3.500000000001003 0.7 17.099789974460258 7.300000000017075 7.8 3.3502146661065355 5.2866832297582835
19450 2996.348164971231 0 3.5000000000030718 0.7 17.286752111840023 7.3 7.8 3.350214666096858 5.2866832297601025
19500 2996.348164971231 0 3.5000000000030718 0.7 17.286752111840023 7.3 7.8 3.350214666096858 5.2866832297601025
19550 2996.348164971231 0 3.5000000000030718 0.7 17.286752111840023 7.3 7.8 3.350214666096858 5.2866832297601025
19600 2996.348164971231 0 3.5000000000030718 0.7 17.286752111840023 7.3 7.8 3.350214666096858 5.2866832297601025
19650 2996.348164971231 0 3.5000000000030718 0.7 17.286752111840023 7.3 7.8 3.350214666096858 5.2866832297601025
19700 2996.348164971231 0 3.5000000000030718 0.7 17.286752111840023 7.3 7.8 3.350214666096858 5.2866832297601025
19750 2996.3481649705595 0 3.5000000000019162 0.7 17.28368066733379 7.3 7.8 3.3502146660993364 5.286683229758767
19800 2996.3481649704527 0 3.500000000003797 0.7 17.431437206497638 7.3 7.800000000007895 3.3502146660966683 5.286683229758235
19850 2996.348164969973 0 3.5000000000006546 0.7 17.10867497371552 7.3 7.8 3.3502146660992094 5.286683229758674
19900 2996.348164969973 0 3.5000000000006546 0.7 17.10867497371552 7.3 7.8 3.3502146660992094 5.286683229758674
19950 2996.3481649694227 0 3.5000000000008367 0.7000000000000022 17.10758444471308 7.3 7.8 3.3502146660978367 5.286683229758231
20000 2996.3481649694227 0 3.5000000000008367 0.7000000000000022 17.10758444471308 7.3 7.8 3.3502146660978367 5.286683229758231
20050 2996.3481649694227 0 3.5000000000008367 0.7000000000000022 17.10758444471308 7.3 7.8 3.3502146660978367 5.286683229758231
20100 2996.3481649694227 0 3.5000000000008367 0.7000000000000022 17.10758444471308 7.3 7.8 3.3502146660978367 5.286683229758231
20150 2996.3481649694227 0 3.5000000000008367 0.7000000000000022 17.10758444471308 7.3 7.8 3.3502146660978367 5.286683229758231
20200 2996.3481649694227 0 3.5000000000008367 0.7000000000000022 17.10758444471308 7.3 7.8 3.3502146660978367 5.286683229758231
20250 2996.3481649694227 0 3.5000000000008367 0.7000000000000022 17.10758444471308 7.3 7.8 3.3502146660978367 5.286683229758231
20300 2996.3481649694227 0 3.5000000000008367 0.7000000000000022 17.10758444471308 7.3 7.8 3.3502146660978367 5.286683229758231
20350 2996.3481649694227 0 3.5000000000008367 0.7000000000000022 17.10758444471308 7.3 7.8 3.3502146660978367 5.286683229758231
20400 2996.348164969275 0 3.5000000000009774 0.7000000000000007 17.039514386777835 7.3 7.800000000006428 3.350214666097026 5.286683229758025
20450 2996.348164968857 0 3.5000000000002682 0.7 17.15939848067807 7.3 7.800000000004612 3.350214666096569 5.286683229758057
20500 2996.348164968857 0 3.5000000000002682 0.7 17.15939848067807 7.3 7.800000000004612 3.350214666096569 5.286683229758057
20550 2996.348164968857 0 3.5000000000002682 0.7 17.15939848067807 7.3 7.800000000004612 3.350214666096569 5.286683229758057
20600 2996.348164968857 0 3.5000000000002682 0.7 17.15939848067807 7.3 7.800000000004612 3.350214666096569 5.286683229758057
20650 2996.348164968857 0 3.5000000000002682 0.7 17.15939848067807 7.3 7.800000000004612 3.350214666096569 5.286683229758057
20700 2996.348164968857 0 3.5000000000002682 0.7 17.15939848067807 7.3 7.800000000004612 3.350214666096569 5.286683229758057
20750 2996.348164968857 0 3.5000000000002682 0.7 17.15939848067807 7.3 7.800000000004612 3.350214666096569 5.286683229758057
20800 2996.348164968857 0 3.5000000000002682 0.7 17.15939848067807 7.3 7.800000000004612 3.350214666096569 5.286683229758057
20850 2996.348164968857 0 3.5000000000002682 0.7 17.15939848067807 7.3 7.800000000004612 3.350214666096569 5.286683229758057
20900 2996.348164968857 0 3.5000000000002682 0.7 17.15939848067807 7.3 7.800000000004612 3.350214666096569 5.286683229758057
20950 2996.348164968857 0 3.5000000000002682 0.7 17.15939848067807 7.3 7.800000000004612 3.350214666096569 5.286683229758057
21000 2996.348164968844 0 3.50000000000051 0.7000000000000031 17.45876655453997 7.300000000001336 7.8 3.350214666096759 5.28668322975793
21050 2996.3481649687396 0 3.5000000000001945 0.7000000000000013 17.038888292431228 7.3 7.800000000002251 3.350214666096578 5.286683229757986
21100 2996.3481649687396 0 3.5000000000001945 0.7000000000000013 17.038888292431228 7.3 7.800000000002251 3.350214666096578 5.286683229757986
21150 2996.3481649687396 0 3.5000000000001945 0.7000000000000013 17.038888292431228 7.3 7.800000000002251 3.350214666096578 5.286683229757986
21200 2996.3481649687396 0 3.5000000000001945 0.7000000000000013 17.038888292431228 7.3 7.800000000002251 3.350214666096578 5.286683229757986
21250 2996.348164968674 0 3.5000000000002767 0.7 17.155517180695167 7.3 7.8 3.3502146660965098 5.286683229757948
21300 2996.348164968654 0 3.5000000000001803 0.7 17.018052060261013 7.3000000000007885 7.800000000000152 3.350214666096577 5.286683229757932
21350 2996.348164968654 0 3.5000000000001803 0.7 17.018052060261013 7.3000000000007885 7.800000000000152 3.350214666096577 5.286683229757932
21400 2996.348164968654 0 3.5000000000001803 0.7 17.018052060261013 7.3000000000007885 7.800000000000152 3.350214666096577 5.286683229757932
21450 2996.348164968654 0 3.5000000000001803 0.7 17.018052060261013 7.3000000000007885 7.800000000000152 3.350214666096577 5.286683229757932
21500 2996.348164968654 0 3.5000000000001803 0.7 17.018052060261013 7.3000000000007885 7.800000000000152 3.350214666096577 5.286683229757932
21550 2996.348164968654 0 3.5000000000001803 0.7 17.018052060261013 7.3000000000007885 7.800000000000152 3.350214666096577 5.286683229757932
21600 2996.3481649686373 0 3.500000000000077 0.7 17 7.300000000000385 7.80000000000072 3.3502146660965746 5.286683229757957
21650 2996.3481649686373 0 3.500000000000077 0.7 17 7.300000000000385 7.80000000000072 3.3502146660965746 5.286683229757957
21700 2996.3481649686373 0 3.500000000000077 0.7 17 7.300000000000385 7.80000000000072 3.3502146660965746 5.286683229757957
21750 2996.3481649686373 0 3.500000000000077 0.7 17 7.300000000000385 7.80000000000072 3.3502146660965746 5.286683229757957
21800 2996.348164968608 0 3.500000000000087 0.7000000000000004 17.05740426392592 7.300000000000372 7.8 3.3502146660965755 5.2866832297579265
21850 2996.348164968608 0 3.500000000000087 0.7000000000000004 17.05740426392592 7.300000000000372 7.8 3.3502146660965755 5.2866832297579265
21900 2996.3481649686037 0 3.500000000000016 0.7 17.117539751267493 7.3 7.8000000000021235 3.3502146660965098 5.286683229757925
21950 2996.3481649686037 0 3.500000000000016 0.7 17.117539751267493 7.3 7.8000000000021235 3.3502146660965098 5.286683229757925
22000 2996.34816496858 0 3.5000000000000377 0.7 17 7.3 7.800000000000681 3.3502146660964853 5.286683229757934
22050 2996.34816496858 0 3.5000000000000377 0.7 17 7.3 7.800000000000681 3.3502146660964853 5.286683229757934
22100 2996.34816496858 0 3.5000000000000377 0.7 17 7.3 7.800000000000681 3.3502146660964853 5.286683229757934
22150 2996.34816496858 0 3.5000000000000377 0.7 17 7.3 7.800000000000681 3.3502146660964853 5.286683229757934
22200 2996.34816496858 0 3.5000000000000377 0.7 17 7.3 7.800000000000681 3.3502146660964853 5.286683229757934
22250 2996.34816496858 0 3.5000000000000377 0.7 17 7.3 7.800000000000681 3.3502146660964853 5.286683229757934
22300 2996.348164968573 0 3.500000000000043 0.7 17 7.30000000000038 7.800000000000245 3.3502146660964938 5.286683229757926
22350 2996.348164968573 0 3.500000000000043 0.7 17 7.30000000000038 7.800000000000245 3.3502146660964938 5.286683229757926
22400 2996.348164968573 0 3.500000000000043 0.7 17 7.30000000000038 7.800000000000245 3.3502146660964938 5.286683229757926
22450 2996.348164968571 0 3.500000000000057 0.7 17.193104897527995 7.300000000000059 7.8 3.350214666096459 5.286683229757941
22500 2996.348164968571 0 3.500000000000057 0.7 17.193104897527995 7.300000000000059 7.8 3.350214666096459 5.286683229757941
22550 2996.3481649685696 0 3.500000000000008 0.7 17.25739883531149 7.3 7.800000000000149 3.3502146660965546 5.2866832297579265
22600 2996.3481649685696 0 3.500000000000008 0.7 17.25739883531149 7.3 7.800000000000149 3.3502146660965546 5.2866832297579265
22650 2996.3481649685696 0 3.500000000000008 0.7 17.25739883531149 7.3 7.800000000000149 3.3502146660965546 5.2866832297579265
22700 2996.348164968565 0 3.5000000000000213 0.7 17.108204109684266 7.300000000000188 7.800000000000653 3.350214666096457 5.28668322975793
22750 2996.348164968565 0 3.5000000000000213 0.7 17.108204109684266 7.300000000000188 7.800000000000653 3.350214666096457 5.28668322975793
22800 2996.348164968565 0 3.500000000000021 0.7000000000000006 17.21851308089462 7.3 7.800000000000003 3.3502146660964582 5.28668322975795
22850 2996.3481649685573 0 3.5000000000000187 0.7000000000000001 17.489957984590607 7.300000000000172 7.800000000000354 3.3502146660964622 5.2866832297579265
22900 2996.3481649685573 0 3.5000000000000187 0.7000000000000001 17.489957984590607 7.300000000000172 7.800000000000354 3.3502146660964622 5.2866832297579265
22950 2996.3481649685573 0 3.5000000000000187 0.7000000000000001 17.489957984590607 7.300000000000172 7.800000000000354 3.3502146660964622 5.2866832297579265
23000 2996.3481649685573 0 3.5000000000000187 0.7000000000000001 17.489957984590607 7.300000000000172 7.800000000000354 3.3502146660964622 5.2866832297579265
23050 2996.3481649685514 0 3.5000000000000044 0.7000000000000005 17.186019507805693 7.300000000000177 7.80000000000006 3.350214666096476 5.286683229757928
23100 2996.3481649685514 0 3.5000000000000044 0.7000000000000005 17.186019507805693 7.300000000000177 7.80000000000006 3.350214666096476 5.286683229757928
23150 2996.3481649685514 0 3.5000000000000044 0.7000000000000005 17.186019507805693 7.300000000000177 7.80000000000006 3.350214666096476 5.286683229757928
23200 2996.348164968551 0 3.5000000000000036 0.7 17.15888347001325 7.3000000000002885 7.800000000000298 3.350214666096478 5.286683229757921
23250 2996.3481649685505 0 3.500000000000006 0.7000000000000001 17.359157539291694 7.300000000000087 7.800000000000078 3.350214666096489 5.286683229757924
23300 2996.3481649685505 0 3.500000000000006 0.7000000000000001 17.359157539291694 7.300000000000087 7.800000000000078 3.350214666096489 5.286683229757924
23350 2996.3481649685436 0 3.5000000000000133 0.7000000000000001 17.002915095408124 7.300000000000129 7.800000000000072 3.350214666096456 5.286683229757922
23400 2996.3481649685436 0 3.5000000000000133 0.7000000000000001 17.002915095408124 7.300000000000129 7.800000000000072 3.350214666096456 5.286683229757922
23450 2996.3481649685414 0 3.5000000000000187 0.7 17.32447993972218 7.3 7.8 3.350214666096452 5.286683229757921
23500 2996.3481649685414 0 3.5000000000000187 0.7 17.32447993972218 7.3 7.8 3.350214666096452 5.286683229757921
23550 2996.3481649685414 0 3.5000000000000187 0.7 17.32447993972218 7.3 7.8 3.350214666096452 5.286683229757921
23600 2996.3481649685414 0 3.5000000000000187 0.7 17.32447993972218 7.3 7.8 3.350214666096452 5.286683229757921
23650 2996.3481649685414 0 3.5000000000000187 0.7 17.32447993972218 7.3 7.8 3.350214666096452 5.286683229757921
23700 2996.3481649685414 0 3.500000000000004 0.7000000000000002 17.446715305945144 7.300000000000038 7.800000000000019 3.350214666096467 5.286683229757922
23750 2996.34816496854 0 3.500000000000011 0.7000000000000001 17.216885510729536 7.3 7.8 3.3502146660964525 5.286683229757923
23800 2996.348164968535 0 3.5000000000000067 0.7 17.235853417738735 7.30000000000002 7.800000000000054 3.3502146660964507 5.286683229757918
23850 2996.348164968535 0 3.5000000000000067 0.7 17.235853417738735 7.30000000000002 7.800000000000054 3.3502146660964507 5.286683229757918
23900 2996.348164968535 0 3.5000000000000013 0.7 17.451808021017808 7.300000000000111 7.8 3.3502146660964556 5.286683229757919
23950 2996.348164968535 0 3.5000000000000013 0.7 17.451808021017808 7.300000000000111 7.8 3.3502146660964556 5.286683229757919
24000 2996.348164968535 0 3.5000000000000013 0.7 17.451808021017808 7.300000000000111 7.8 3.3502146660964556 5.286683229757919
24050 2996.3481649685336 0 3.5000000000000018 0.7 17 7.3 7.800000000000054 3.350214666096453 5.286683229757918
24100 2996.3481649685336 0 3.5000000000000018 0.7 17 7.3 7.800000000000054 3.350214666096453 5.286683229757918
24150 2996.3481649685336 0 3.5000000000000018 0.7 17 7.3 7.800000000000054 3.350214666096453 5.286683229757918
24200 2996.348164968533 0 3.4999999999999996 0.7 17.469477635173185 7.300000000000187 7.8 3.3502146660964485 5.286683229757919
24250 2996.348164968533 0 3.4999999999999996 0.7 17.469477635173185 7.300000000000187 7.8 3.3502146660964485 5.286683229757919
24300 2996.348164968533 0 3.4999999999999996 0.7 17.469477635173185 7.300000000000187 7.8 3.3502146660964485 5.286683229757919
24350 2996.348164968533 0 3.4999999999999996 0.7 17.469477635173185 7.300000000000187 7.8 3.3502146660964485 5.286683229757919
24400 2996.348164968533 0 3.4999999999999996 0.7 17.469477635173185 7.300000000000187 7.8 3.3502146660964485 5.286683229757919
24450 2996.348164968533 0 3.4999999999999996 0.7 17.469477635173185 7.300000000000187 7.8 3.3502146660964485 5.286683229757919
24500 2996.3481649685327 0 3.5000000000000013 0.7000000000000002 17 7.300000000000023 7.8 3.3502146660964494 5.286683229757917
24550 2996.3481649685327 0 3.5000000000000013 0.7000000000000002 17 7.300000000000023 7.8 3.3502146660964494 5.286683229757917
24600 2996.3481649685327 0 3.5000000000000013 0.7000000000000002 17 7.300000000000023 7.8 3.3502146660964494 5.286683229757917
24650 2996.3481649685327 0 3.5000000000000013 0.7000000000000002 17 7.300000000000023 7.8 3.3502146660964494 5.286683229757917
24700 2996.3481649685314 0 3.5 0.7 17.266121084833262 7.3 7.8 3.3502146660964476 5.286683229757919
24750 2996.3481649685314 0 3.5 0.7 17.266121084833262 7.3 7.8 3.3502146660964476 5.286683229757919
24800 2996.3481649685314 0 3.5 0.7 17.266121084833262 7.3 7.8 3.3502146660964476 5.286683229757919
24850 2996.3481649685314 0 3.5 0.7 17.266121084833262 7.3 7.8 3.3502146660964476 5.286683229757919
24900 2996.3481649685314 0 3.5 0.7 17.266121084833262 7.3 7.8 3.3502146660964476 5.286683229757919
24950 2996.3481649685314 0 3.5 0.7 17.266121084833262 7.3 7.8 3.3502146660964476 5.286683229757919
25000 2996.3481649685314 0 3.5 0.7 17.266121084833262 7.3 7.8 3.3502146660964476 5.286683229757919
25050 2996.3481649685314 0 3.5 0.7 17.266121084833262 7.3 7.8 3.3502146660964476 5.286683229757919
25100 2996.3481649685314 0 3.5 0.7 17.266121084833262 7.3 7.8 3.3502146660964476 5.286683229757919
25150 2996.3481649685314 0 3.5 0.7 17.266121084833262 7.3 7.8 3.3502146660964476 5.286683229757919
25200 2996.3481649685314 0 3.5 0.7 17.266121084833262 7.3 7.8 3.3502146660964476 5.286683229757919
25250 2996.348164968531 0 3.4999999999999996 0.7 17.221992010395365 7.3 7.8000000000000105 3.3502146660964485 5.286683229757917
25300 2996.348164968531 0 3.5000000000000004 0.7 17.120782747385505 7.300000000000031 7.8 3.3502146660964476 5.286683229757917
25350 2996.348164968531 0 3.5000000000000004 0.7 17.120782747385505 7.300000000000031 7.8 3.3502146660964476 5.286683229757917
25400 2996.348164968531 0 3.5000000000000004 0.7 17.120782747385505 7.300000000000031 7.8 3.3502146660964476 5.286683229757917
25450 2996.348164968531 0 3.5000000000000004 0.7 17.120782747385505 7.300000000000031 7.8 3.3502146660964476 5.286683229757917
25500 2996.348164968531 0 3.5000000000000004 0.7 17.120782747385505 7.300000000000031 7.8 3.3502146660964476 5.286683229757917
25550 2996.348164968531 0 3.5000000000000004 0.7 17.120782747385505 7.300000000000031 7.8 3.3502146660964476 5.286683229757917
25600 2996.348164968531 0 3.5000000000000004 0.7 17.120782747385505 7.300000000000031 7.8 3.3502146660964476 5.286683229757917
25650 2996.348164968531 0 3.5000000000000004 0.7 17.120782747385505 7.300000000000031 7.8 3.3502146660964476 5.286683229757917
25700 2996.348164968531 0 3.4999999999999996 0.7 17.035728054898236 7.3 7.800000000000012 3.350214666096448 5.286683229757918
25750 2996.348164968531 0 3.4999999999999996 0.7 17.035728054898236 7.3 7.800000000000012 3.350214666096448 5.286683229757918
25800 2996.348164968531 0 3.4999999999999996 0.7 17.035728054898236 7.3 7.800000000000012 3.350214666096448 5.286683229757918
25850 2996.348164968531 0 3.4999999999999996 0.7 17.035728054898236 7.3 7.800000000000012 3.350214666096448 5.286683229757918
25900 2996.348164968531 0 3.4999999999999996 0.7 17.035728054898236 7.3 7.800000000000012 3.350214666096448 5.286683229757918
25950 2996.348164968531 0 3.4999999999999996 0.7 17.035728054898236 7.3 7.800000000000012 3.350214666096448 5.286683229757918
26000 2996.348164968531 0 3.4999999999999996 0.7 17.035728054898236 7.3 7.800000000000012 3.350214666096448 5.286683229757918
26050 2996.348164968531 0 3.5000000000000004 0.7 17.17243484857081 7.300000000000029 7.800000000000003 3.350214666096448 5.286683229757917
26100 2996.3481649685305 0 3.5000000000000004 0.7 17.064747448099272 7.3 7.800000000000009 3.3502146660964476 5.286683229757917
26150 2996.34816496853 0 3.4999999999999996 0.7 17.307382360214714 7.30000000000002 7.800000000000002 3.350214666096448 5.286683229757917
26200 2996.34816496853 0 3.4999999999999996 0.7 17.307382360214714 7.30000000000002 7.800000000000002 3.350214666096448 5.286683229757917
26250 2996.3481649685295 0 3.4999999999999996 0.7 17 7.300000000000003 7.800000000000005 3.3502146660964476 5.286683229757917
26300 2996.3481649685295 0 3.4999999999999996 0.7 17 7.300000000000003 7.800000000000005 3.3502146660964476 5.286683229757917
26350 2996.3481649685295 0 3.4999999999999996 0.7 17 7.300000000000003 7.800000000000005 3.3502146660964476 5.286683229757917
26400 2996.3481649685295 0 3.4999999999999996 0.7 17 7.300000000000003 7.800000000000005 3.3502146660964476 5.286683229757917
26450 2996.3481649685295 0 3.4999999999999996 0.7 17 7.300000000000003 7.800000000000005 3.3502146660964476 5.286683229757917
26500 2996.3481649685295 0 3.4999999999999996 0.7 17 7.300000000000003 7.800000000000005 3.3502146660964476 5.286683229757917
26550 2996.3481649685295 0 3.4999999999999996 0.7 17 7.300000000000003 7.800000000000005 3.3502146660964476 5.286683229757917
26600 2996.3481649685295 0 3.4999999999999996 0.7 17 7.300000000000003 7.800000000000005 3.3502146660964476 5.286683229757917
26650 2996.3481649685295 0 3.4999999999999996 0.7 17 7.300000000000003 7.800000000000005 3.3502146660964476 5.286683229757917
26700 2996.3481649685295 0 3.4999999999999996 0.7 17 7.300000000000003 7.800000000000005 3.3502146660964476 5.286683229757917
26750 2996.3481649685295 0 3.4999999999999996 0.7 17 7.300000000000003 7.800000000000005 3.3502146660964476 5.286683229757917
26800 2996.3481649685295 0 3.4999999999999996 0.7 17 7.300000000000003 7.800000000000005 3.3502146660964476 5.286683229757917
26850 2996.3481649685295 0 3.4999999999999996 0.7 17 7.300000000000003 7.800000000000005 3.3502146660964476 5.286683229757917
26900 2996.3481649685295 0 3.4999999999999996 0.7 17 7.300000000000003 7.800000000000005 3.3502146660964476 5.286683229757917
26950 2996.3481649685295 0 3.4999999999999996 0.7 17 7.300000000000003 7.800000000000005 3.3502146660964476 5.286683229757917
27000 2996.3481649685295 0 3.4999999999999996 0.7 17 7.300000000000003 7.800000000000005 3.3502146660964476 5.286683229757917
27050 2996.3481649685295 0 3.4999999999999996 0.7 17 7.300000000000003 7.800000000000005 3.3502146660964476 5.286683229757917
27100 2996.3481649685295 0 3.4999999999999996 0.7 17 7.300000000000003 7.800000000000005 3.3502146660964476 5.286683229757917
27150 2996.3481649685295 0 3.4999999999999996 0.7 17 7.300000000000003 7.800000000000005 3.3502146660964476 5.286683229757917
27200 2996.3481649685295 0 3.4999999999999996 0.7 17 7.300000000000003 7.800000000000005 3.3502146660964476 5.286683229757917
27250 2996.3481649685295 0 3.4999999999999996 0.7 17.47051310454064 7.3 7.800000000000008 3.3502146660964476 5.286683229757917
27300 2996.3481649685295 0 3.4999999999999996 0.7 17.47051310454064 7.3 7.800000000000008 3.3502146660964476 5.286683229757917
27350 2996.3481649685295 0 3.4999999999999996 0.7 17.47051310454064 7.3 7.800000000000008 3.3502146660964476 5.286683229757917
27400 2996.3481649685295 0 3.4999999999999996 0.7 17.47051310454064 7.3 7.800000000000008 3.3502146660964476 5.286683229757917
27450 2996.3481649685295 0 3.4999999999999996 0.7 17.47051310454064 7.3 7.800000000000008 3.3502146660964476 5.286683229757917
27500 2996.3481649685295 0 3.4999999999999996 0.7 17.47051310454064 7.3 7.800000000000008 3.3502146660964476 5.286683229757917
27550 2996.3481649685295 0 3.4999999999999996 0.7 17.47051310454064 7.3 7.800000000000008 3.3502146660964476 5.286683229757917
27600 2996.3481649685295 0 3.4999999999999996 0.7 17.47051310454064 7.3 7.800000000000008 3.3502146660964476 5.286683229757917
27650 2996.3481649685295 0 3.4999999999999996 0.7 17.47051310454064 7.3 7.800000000000008 3.3502146660964476 5.286683229757917
27700 2996.3481649685295 0 3.4999999999999996 0.7 17.47051310454064 7.3 7.800000000000008 3.3502146660964476 5.286683229757917
27750 2996.3481649685295 0 3.4999999999999996 0.7 17.47051310454064 7.3 7.800000000000008 3.3502146660964476 5.286683229757917
27800 2996.3481649685295 0 3.4999999999999996 0.7 17.47051310454064 7.3 7.800000000000008 3.3502146660964476 5.286683229757917
27850 2996.3481649685295 0 3.4999999999999996 0.7 17.47051310454064 7.3 7.800000000000008 3.3502146660964476 5.286683229757917
27900 2996.3481649685295 0 3.4999999999999996 0.7 17.47051310454064 7.3 7.800000000000008 3.3502146660964476 5.286683229757917
27950 2996.3481649685295 0 3.4999999999999996 0.7 17.47051310454064 7.3 7.800000000000008 3.3502146660964476 5.286683229757917
28000 2996.3481649685295 0 3.4999999999999996 0.7 17.47051310454064 7.3 7.800000000000008 3.3502146660964476 5.286683229757917
28050 2996.3481649685295 0 3.4999999999999996 0.7 17.47051310454064 7.3 7.800000000000008 3.3502146660964476 5.286683229757917
28100 2996.3481649685295 0 3.4999999999999996 0.7 17.47051310454064 7.3 7.800000000000008 3.3502146660964476 5.286683229757917
28150 2996.3481649685295 0 3.4999999999999996 0.7 17.47051310454064 7.3 7.800000000000008 3.3502146660964476 5.286683229757917
28200 2996.3481649685295 0 3.4999999999999996 0.7 17.47051310454064 7.3 7.800000000000008 3.3502146660964476 5.286683229757917
28250 2996.3481649685295 0 3.4999999999999996 0.7 17.47051310454064 7.3 7.800000000000008 3.3502146660964476 5.286683229757917
28300 2996.3481649685295 0 3.4999999999999996 0.7 17.47051310454064 7.3 7.800000000000008 3.3502146660964476 5.286683229757917
28350 2996.3481649685295 0 3.4999999999999996 0.7 17.47051310454064 7.3 7.800000000000008 3.3502146660964476 5.286683229757917
28400 2996.3481649685295 0 3.4999999999999996 0.7 17.47051310454064 7.3 7.800000000000008 3.3502146660964476 5.286683229757917
28450 2996.3481649685295 0 3.4999999999999996 0.7 17.47051310454064 7.3 7.800000000000008 3.3502146660964476 5.286683229757917
28500 2996.3481649685295 0 3.4999999999999996 0.7 17.47051310454064 7.3 7.800000000000008 3.3502146660964476 5.286683229757917
28550 2996.3481649685295 0 3.4999999999999996 0.7 17.47051310454064 7.3 7.800000000000008 3.3502146660964476 5.286683229757917
28600 2996.3481649685295 0 3.4999999999999996 0.7 17.47051310454064 7.3 7.800000000000008 3.3502146660964476 5.286683229757917
28650 2996.3481649685295 0 3.4999999999999996 0.7 17.47051310454064 7.3 7.800000000000008 3.3502146660964476 5.286683229757917
28700 2996.3481649685295 0 3.4999999999999996 0.7 17.47051310454064 7.3 7.800000000000008 3.3502146660964476 5.286683229757917
28750 2996.3481649685295 0 3.4999999999999996 0.7 17.47051310454064 7.3 7.800000000000008 3.3502146660964476 5.286683229757917
28800 2996.3481649685295 0 3.4999999999999996 0.7 17.47051310454064 7.3 7.800000000000008 3.3502146660964476 5.286683229757917
28850 2996.3481649685295 0 3.4999999999999996 0.7 17.47051310454064 7.3 7.800000000000008 3.3502146660964476 5.286683229757917
28900 2996.3481649685295 0 3.4999999999999996 0.7 17.47051310454064 7.3 7.800000000000008 3.3502146660964476 5.286683229757917
28950 2996.3481649685295 0 3.4999999999999996 0.7 17.47051310454064 7.3 7.800000000000008 3.3502146660964476 5.286683229757917
29000 2996.3481649685295 0 3.4999999999999996 0.7 17.47051310454064 7.3 7.800000000000008 3.3502146660964476 5.286683229757917
29050 2996.3481649685295 0 3.4999999999999996 0.7 17.47051310454064 7.3 7.800000000000008 3.3502146660964476 5.286683229757917
29100 2996.3481649685295 0 3.4999999999999996 0.7 17.47051310454064 7.3 7.800000000000008 3.3502146660964476 5.286683229757917
29150 2996.3481649685295 0 3.4999999999999996 0.7 17.47051310454064 7.3 7.800000000000008 3.3502146660964476 5.286683229757917
29200 2996.3481649685295 0 3.4999999999999996 0.7 17.47051310454064 7.3 7.800000000000008 3.3502146660964476 5.286683229757917
29250 2996.3481649685295 0 3.4999999999999996 0.7 17.47051310454064 7.3 7.800000000000008 3.3502146660964476 5.286683229757917
29300 2996.3481649685295 0 3.4999999999999996 0.7 17.47051310454064 7.3 7.800000000000008 3.3502146660964476 5.286683229757917
29350 2996.3481649685295 0 3.4999999999999996 0.7 17.47051310454064 7.3 7.800000000000008 3.3502146660964476 5.286683229757917
29400 2996.3481649685295 0 3.4999999999999996 0.7 17.47051310454064 7.3 7.800000000000008 3.3502146660964476 5.286683229757917
29450 2996.3481649685295 0 3.4999999999999996 0.7 17.47051310454064 7.3 7.800000000000008 3.3502146660964476 5.286683229757917
29500 2996.3481649685295 0 3.4999999999999996 0.7 17.47051310454064 7.3 7.800000000000008 3.3502146660964476 5.286683229757917
29550 2996.3481649685295 0 3.4999999999999996 0.7 17.47051310454064 7.3 7.800000000000008 3.3502146660964476 5.286683229757917
29600 2996.3481649685295 0 3.4999999999999996 0.7 17.47051310454064 7.3 7.800000000000008 3.3502146660964476 5.286683229757917
29650 2996.3481649685295 0 3.4999999999999996 0.7 17.47051310454064 7.3 7.800000000000008 3.3502146660964476 5.286683229757917
29700 2996.3481649685295 0 3.4999999999999996 0.7 17.47051310454064 7.3 7.800000000000008 3.3502146660964476 5.286683229757917
29750 2996.3481649685295 0 3.4999999999999996 0.7 17.47051310454064 7.3 7.800000000000008 3.3502146660964476 5.286683229757917
29800 2996.3481649685295 0 3.4999999999999996 0.7 17.47051310454064 7.3 7.800000000000008 3.3502146660964476 5.286683229757917
29850 2996.3481649685295 0 3.4999999999999996 0.7 17.47051310454064 7.3 7.800000000000008 3.3502146660964476 5.286683229757917
29900 2996.3481649685295 0 3.4999999999999996 0.7 17.47051310454064 7.3 7.800000000000008 3.3502146660964476 5.286683229757917
29950 2996.3481649685295 0 3.4999999999999996 0.7 17.47051310454064 7.3 7.800000000000008 3.3502146660964476 5.286683229757917
30000 2996.3481649685295 0 3.4999999999999996 0.7 17.47051310454064 7.3 7.800000000000008 3.3502146660964476 5.286683229757917
30050 2996.3481649685295 0 3.4999999999999996 0.7 17.47051310454064 7.3 7.800000000000008 3.3502146660964476 5.286683229757917
30100 2996.3481649685295 0 3.4999999999999996 0.7 17.47051310454064 7.3 7.800000000000008 3.3502146660964476 5.286683229757917
30150 2996.3481649685295 0 3.4999999999999996 0.7 17.47051310454064 7.3 7.800000000000008 3.3502146660964476 5.286683229757917
30200 2996.3481649685295 0 3.4999999999999996 0.7 17.47051310454064 7.3 7.800000000000008 3.3502146660964476 5.286683229757917
30250 2996.3481649685295 0 3.4999999999999996 0.7 17.47051310454064 7.3 7.800000000000008 3.3502146660964476 5.286683229757917
30300 2996.3481649685295 0 3.4999999999999996 0.7 17.47051310454064 7.3 7.800000000000008 3.3502146660964476 5.286683229757917
30350 2996.3481649685295 0 3.4999999999999996 0.7 17.47051310454064 7.3 7.800000000000008 3.3502146660964476 5.286683229757917
30400 2996.3481649685295 0 3.4999999999999996 0.7 17.47051310454064 7.3 7.800000000000008 3.3502146660964476 5.286683229757917
30450 2996.3481649685295 0 3.4999999999999996 0.7 17.47051310454064 7.3 7.800000000000008 3.3502146660964476 5.286683229757917
30500 2996.3481649685295 0 3.4999999999999996 0.7 17.47051310454064 7.3 7.800000000000008 3.3502146660964476 5.286683229757917
30550 2996.3481649685295 0 3.4999999999999996 0.7 17.47051310454064 7.3 7.800000000000008 3.3502146660964476 5.286683229757917
30600 2996.3481649685295 0 3.4999999999999996 0.7 17.47051310454064 7.3 7.800000000000008 3.3502146660964476 5.286683229757917
30650 2996.3481649685295 0 3.4999999999999996 0.7 17.47051310454064 7.3 7.800000000000008 3.3502146660964476 5.286683229757917
30700 2996.3481649685295 0 3.4999999999999996 0.7 17.47051310454064 7.3 7.800000000000008 3.3502146660964476 5.286683229757917
30750 2996.3481649685295 0 3.4999999999999996 0.7 17.47051310454064 7.3 7.800000000000008 3.3502146660964476 5.286683229757917
30800 2996.3481649685295 0 3.4999999999999996 0.7 17.47051310454064 7.3 7.800000000000008 3.3502146660964476 5.286683229757917
30850 2996.3481649685295 0 3.4999999999999996 0.7 17.47051310454064 7.3 7.800000000000008 3.3502146660964476 5.286683229757917
30900 2996.3481649685295 0 3.4999999999999996 0.7 17.47051310454064 7.3 7.800000000000008 3.3502146660964476 5.286683229757917
30950 2996.3481649685295 0 3.4999999999999996 0.7 17.47051310454064 7.3 7.800000000000008 3.3502146660964476 5.286683229757917
31000 2996.3481649685295 0 3.4999999999999996 0.7 17.47051310454064 7.3 7.800000000000008 3.3502146660964476 5.286683229757917
31050 2996.3481649685295 0 3.4999999999999996 0.7 17.47051310454064 7.3 7.800000000000008 3.3502146660964476 5.286683229757917
31100 2996.3481649685295 0 3.4999999999999996 0.7 17.47051310454064 7.3 7.800000000000008 3.3502146660964476 5.286683229757917
31150 2996.3481649685295 0 3.4999999999999996 0.7 17.47051310454064 7.3 7.800000000000008 3.3502146660964476 5.286683229757917
31200 2996.3481649685295 0 3.4999999999999996 0.7 17.47051310454064 7.3 7.800000000000008 3.3502146660964476 5.286683229757917
31250 2996.3481649685295 0 3.4999999999999996 0.7 17.47051310454064 7.3 7.800000000000008 3.3502146660964476 5.286683229757917
31300 2996.3481649685295 0 3.4999999999999996 0.7 17.47051310454064 7.3 7.800000000000008 3.3502146660964476 5.286683229757917
31350 2996.3481649685295 0 3.4999999999999996 0.7 17.47051310454064 7.3 7.800000000000008 3.3502146660964476 5.286683229757917
31400 2996.3481649685295 0 3.4999999999999996 0.7 17.47051310454064 7.3 7.800000000000008 3.3502146660964476 5.286683229757917
31450 2996.3481649685295 0 3.4999999999999996 0.7 17.47051310454064 7.3 7.800000000000008 3.3502146660964476 5.286683229757917
31500 2996.3481649685295 0 3.4999999999999996 0.7 17.47051310454064 7.3 7.800000000000008 3.3502146660964476 5.286683229757917
31550 2996.3481649685295 0 3.4999999999999996 0.7 17.47051310454064 7.3 7.800000000000008 3.3502146660964476 5.286683229757917
31600 2996.3481649685295 0 3.4999999999999996 0.7 17.47051310454064 7.3 7.800000000000008 3.3502146660964476 5.286683229757917
31650 2996.3481649685295 0 3.4999999999999996 0.7 17.47051310454064 7.3 7.800000000000008 3.3502146660964476 5.286683229757917
31700 2996.3481649685295 0 3.4999999999999996 0.7 17.47051310454064 7.3 7.800000000000008 3.3502146660964476 5.286683229757917
31750 2996.3481649685295 0 3.4999999999999996 0.7 17.47051310454064 7.3 7.800000000000008 3.3502146660964476 5.286683229757917
31800 2996.3481649685295 0 3.4999999999999996 0.7 17.47051310454064 7.3 7.800000000000008 3.3502146660964476 5.286683229757917
31850 2996.3481649685295 0 3.4999999999999996 0.7 17.47051310454064 7.3 7.800000000000008 3.3502146660964476 5.286683229757917
31900 2996.3481649685295 0 3.4999999999999996 0.7 17.47051310454064 7.3 7.800000000000008 3.3502146660964476 5.286683229757917
31950 2996.3481649685295 0 3.4999999999999996 0.7 17.47051310454064 7.3 7.800000000000008 3.3502146660964476 5.286683229757917
32000 2996.3481649685295 0 3.4999999999999996 0.7 17.47051310454064 7.3 7.800000000000008 3.3502146660964476 5.286683229757917
32050 2996.3481649685295 0 3.4999999999999996 0.7 17.47051310454064 7.3 7.800000000000008 3.3502146660964476 5.286683229757917
32100 2996.3481649685295 0 3.4999999999999996 0.7 17.47051310454064 7.3 7.800000000000008 3.3502146660964476 5.286683229757917
32150 2996.3481649685295 0 3.4999999999999996 0.7 17.47051310454064 7.3 7.800000000000008 3.3502146660964476 5.286683229757917
32200 2996.3481649685295 0 3.4999999999999996 0.7 17.47051310454064 7.3 7.800000000000008 3.3502146660964476 5.286683229757917
32250 2996.3481649685295 0 3.4999999999999996 0.7 17.47051310454064 7.3 7.800000000000008 3.3502146660964476 5.286683229757917
32300 2996.3481649685295 0 3.4999999999999996 0.7 17.47051310454064 7.3 7.800000000000008 3.3502146660964476 5.286683229757917
32350 2996.3481649685295 0 3.4999999999999996 0.7 17.47051310454064 7.3 7.800000000000008 3.3502146660964476 5.286683229757917
32400 2996.3481649685295 0 3.4999999999999996 0.7 17.47051310454064 7.3 7.800000000000008 3.3502146660964476 5.286683229757917
32450 2996.3481649685295 0 3.4999999999999996 0.7 17.47051310454064 7.3 7.800000000000008 3.3502146660964476 5.286683229757917
32500 2996.3481649685295 0 3.4999999999999996 0.7 17.47051310454064 7.3 7.800000000000008 3.3502146660964476 5.286683229757917
32550 2996.3481649685295 0 3.4999999999999996 0.7 17.47051310454064 7.3 7.800000000000008 3.3502146660964476 5.286683229757917
32600 2996.3481649685295 0 3.4999999999999996 0.7 17.47051310454064 7.3 7.800000000000008 3.3502146660964476 5.286683229757917
32650 2996.3481649685295 0 3.4999999999999996 0.7 17.47051310454064 7.3 7.800000000000008 3.3502146660964476 5.286683229757917
32700 2996.3481649685295 0 3.4999999999999996 0.7 17.47051310454064 7.3 7.800000000000008 3.3502146660964476 5.286683229757917
32750 2996.3481649685295 0 3.4999999999999996 0.7 17.47051310454064 7.3 7.800000000000008 3.3502146660964476 5.286683229757917
32800 2996.3481649685295 0 3.4999999999999996 0.7 17.47051310454064 7.3 7.800000000000008 3.3502146660964476 5.286683229757917
32850 2996.3481649685295 0 3.4999999999999996 0.7 17.47051310454064 7.3 7.800000000000008 3.3502146660964476 5.286683229757917
32900 2996.3481649685295 0 3.4999999999999996 0.7 17.47051310454064 7.3 7.800000000000008 3.3502146660964476 5.286683229757917
32950 2996.3481649685295 0 3.4999999999999996 0.7 17.47051310454064 7.3 7.800000000000008 3.3502146660964476 5.286683229757917
33000 2996.3481649685295 0 3.4999999999999996 0.7 17.47051310454064 7.3 7.800000000000008 3.3502146660964476 5.286683229757917
33050 2996.3481649685295 0 3.4999999999999996 0.7 17.47051310454064 7.3 7.800000000000008 3.3502146660964476 5.286683229757917
33100 2996.3481649685295 0 3.4999999999999996 0.7 17.47051310454064 7.3 7.800000000000008 3.3502146660964476 5.286683229757917
33150 2996.3481649685295 0 3.4999999999999996 0.7 17.47051310454064 7.3 7.800000000000008 3.3502146660964476 5.286683229757917
33200 2996.3481649685295 0 3.4999999999999996 0.7 17.47051310454064 7.3 7.800000000000008 3.3502146660964476 5.286683229757917
33250 2996.3481649685295 0 3.4999999999999996 0.7 17.47051310454064 7.3 7.800000000000008 3.3502146660964476 5.286683229757917
33300 2996.3481649685295 0 3.4999999999999996 0.7 17.47051310454064 7.3 7.800000000000008 3.3502146660964476 5.286683229757917
33350 2996.3481649685295 0 3.4999999999999996 0.7 17.47051310454064 7.3 7.800000000000008 3.3502146660964476 5.286683229757917
33400 2996.3481649685295 0 3.4999999999999996 0.7 17.47051310454064 7.3 7.800000000000008 3.3502146660964476 5.286683229757917
33450 2996.3481649685295 0 3.4999999999999996 0.7 17.47051310454064 7.3 7.800000000000008 3.3502146660964476 5.286683229757917
33500 2996.3481649685295 0 3.4999999999999996 0.7 17.47051310454064 7.3 7.800000000000008 3.3502146660964476 5.286683229757917
33550 2996.3481649685295 0 3.4999999999999996 0.7 17.47051310454064 7.3 7.800000000000008 3.3502146660964476 5.286683229757917
33600 2996.3481649685295 0 3.4999999999999996 0.7 17.47051310454064 7.3 7.800000000000008 3.3502146660964476 5.286683229757917
33650 2996.3481649685295 0 3.4999999999999996 0.7 17.47051310454064 7.3 7.800000000000008 3.3502146660964476 5.286683229757917
33700 2996.3481649685295 0 3.4999999999999996 0.7 17.47051310454064 7.3 7.800000000000008 3.3502146660964476 5.286683229757917
33750 2996.3481649685295 0 3.4999999999999996 0.7 17.47051310454064 7.3 7.800000000000008 3.3502146660964476 5.286683229757917
33800 2996.3481649685295 0 3.4999999999999996 0.7 17.47051310454064 7.3 7.800000000000008 3.3502146660964476 5.286683229757917
33850 2996.3481649685295 0 3.4999999999999996 0.7 17.47051310454064 7.3 7.800000000000008 3.3502146660964476 5.286683229757917
33900 2996.3481649685295 0 3.4999999999999996 0.7 17.47051310454064 7.3 7.800000000000008 3.3502146660964476 5.286683229757917
33950 2996.3481649685295 0 3.4999999999999996 0.7 17.47051310454064 7.3 7.800000000000008 3.3502146660964476 5.286683229757917
34000 2996.3481649685295 0 3.4999999999999996 0.7 17.47051310454064 7.3 7.800000000000008 3.3502146660964476 5.286683229757917
34050 2996.3481649685295 0 3.4999999999999996 0.7 17.47051310454064 7.3 7.800000000000008 3.3502146660964476 5.286683229757917
34100 2996.3481649685295 0 3.4999999999999996 0.7 17.47051310454064 7.3 7.800000000000008 3.3502146660964476 5.286683229757917
34150 2996.3481649685295 0 3.4999999999999996 0.7 17.47051310454064 7.3 7.800000000000008 3.3502146660964476 5.286683229757917
34200 2996.3481649685295 0 3.4999999999999996 0.7 17.47051310454064 7.3 7.800000000000008 3.3502146660964476 5.286683229757917
34250 2996.3481649685295 0 3.4999999999999996 0.7 17.47051310454064 7.3 7.800000000000008 3.3502146660964476 5.286683229757917
34300 2996.3481649685295 0 3.4999999999999996 0.7 17.47051310454064 7.3 7.800000000000008 3.3502146660964476 5.286683229757917
34350 2996.3481649685295 0 3.4999999999999996 0.7 17.47051310454064 7.3 7.800000000000008 3.3502146660964476 5.286683229757917
34400 2996.3481649685295 0 3.4999999999999996 0.7 17.47051310454064 7.3 7.800000000000008 3.3502146660964476 5.286683229757917
34450 2996.3481649685295 0 3.4999999999999996 0.7 17.47051310454064 7.3 7.800000000000008 3.3502146660964476 5.286683229757917
34500 2996.3481649685295 0 3.4999999999999996 0.7 17.47051310454064 7.3 7.800000000000008 3.3502146660964476 5.286683229757917
34550 2996.3481649685295 0 3.4999999999999996 0.7 17.47051310454064 7.3 7.800000000000008 3.3502146660964476 5.286683229757917
34600 2996.3481649685295 0 3.4999999999999996 0.7 17.47051310454064 7.3 7.800000000000008 3.3502146660964476 5.286683229757917
34650 2996.3481649685295 0 3.4999999999999996 0.7 17.47051310454064 7.3 7.800000000000008 3.3502146660964476 5.286683229757917
34700 2996.3481649685295 0 3.4999999999999996 0.7 17.47051310454064 7.3 7.800000000000008 3.3502146660964476 5.286683229757917
34750 2996.3481649685295 0 3.4999999999999996 0.7 17.47051310454064 7.3 7.800000000000008 3.3502146660964476 5.286683229757917
34800 2996.3481649685295 0 3.4999999999999996 0.7 17.47051310454064 7.3 7.800000000000008 3.3502146660964476 5.286683229757917
34850 2996.3481649685295 0 3.4999999999999996 0.7 17.47051310454064 7.3 7.800000000000008 3.3502146660964476 5.286683229757917
34900 2996.3481649685295 0 3.4999999999999996 0.7 17.47051310454064 7.3 7.800000000000008 3.3502146660964476 5.286683229757917
34950 2996.3481649685295 0 3.4999999999999996 0.7 17.47051310454064 7.3 7.800000000000008 3.3502146660964476 5.286683229757917
35000 2996.3481649685295 0 3.4999999999999996 0.7 17.47051310454064 7.3 7.800000000000008 3.3502146660964476 5.286683229757917
35050 2996.3481649685295 0 3.4999999999999996 0.7 17.47051310454064 7.3 7.800000000000008 3.3502146660964476 5.286683229757917
35100 2996.3481649685295 0 3.4999999999999996 0.7 17.47051310454064 7.3 7.800000000000008 3.3502146660964476 5.286683229757917
35150 2996.3481649685295 0 3.4999999999999996 0.7 17.47051310454064 7.3 7.800000000000008 3.3502146660964476 5.286683229757917
35200 2996.3481649685295 0 3.4999999999999996 0.7 17.47051310454064 7.3 7.800000000000008 3.3502146660964476 5.286683229757917
35250 2996.3481649685295 0 3.4999999999999996 0.7 17.47051310454064 7.3 7.800000000000008 3.3502146660964476 5.286683229757917
35300 2996.3481649685295 0 3.4999999999999996 0.7 17.47051310454064 7.3 7.800000000000008 3.3502146660964476 5.286683229757917
35350 2996.3481649685295 0 3.4999999999999996 0.7 17.47051310454064 7.3 7.800000000000008 3.3502146660964476 5.286683229757917
35400 2996.3481649685295 0 3.4999999999999996 0.7 17.47051310454064 7.3 7.800000000000008 3.3502146660964476 5.286683229757917
35450 2996.3481649685295 0 3.4999999999999996 0.7 17.47051310454064 7.3 7.800000000000008 3.3502146660964476 5.286683229757917
35500 2996.3481649685295 0 3.4999999999999996 0.7 17.47051310454064 7.3 7.800000000000008 3.3502146660964476 5.286683229757917
35550 2996.3481649685295 0 3.4999999999999996 0.7 17.47051310454064 7.3 7.800000000000008 3.3502146660964476 5.286683229757917
35600 2996.3481649685295 0 3.4999999999999996 0.7 17.47051310454064 7.3 7.800000000000008 3.3502146660964476 5.286683229757917
35650 2996.3481649685295 0 3.4999999999999996 0.7 17.47051310454064 7.3 7.800000000000008 3.3502146660964476 5.286683229757917
35700 2996.3481649685295 0 3.4999999999999996 0.7 17.47051310454064 7.3 7.800000000000008 3.3502146660964476 5.286683229757917
35750 2996.3481649685295 0 3.4999999999999996 0.7 17.47051310454064 7.3 7.800000000000008 3.3502146660964476 5.286683229757917
35800 2996.3481649685295 0 3.4999999999999996 0.7 17.47051310454064 7.3 7.800000000000008 3.3502146660964476 5.286683229757917
35850 2996.3481649685295 0 3.4999999999999996 0.7 17.47051310454064 7.3 7.800000000000008 3.3502146660964476 5.286683229757917
35900 2996.3481649685295 0 3.4999999999999996 0.7 17.47051310454064 7.3 7.800000000000008 3.3502146660964476 5.286683229757917
35950 2996.3481649685295 0 3.4999999999999996 0.7 17.47051310454064 7.3 7.800000000000008 3.3502146660964476 5.286683229757917
*---*---*---*---*---*---*---*---*---*---*---*---*---*---*---*---*---*---*---*---*
Status: Finished
Last individual
2996.3481649685295 0 3.4999999999999996 0.7 17.47051310454064 7.3 7.800000000000008 3.3502146660964476 5.286683229757917
Hall of fame
2996.3481649685295 0 3.4999999999999996 0.7 17 7.300000000000003 7.800000000000005 3.3502146660964476 5.286683229757917
Last factible individual
2996.3481649685295 0 3.4999999999999996 0.7 17.47051310454064 7.3 7.800000000000008 3.3502146660964476 5.286683229757917
CPU time used (seconds)
3.691320136000286
