*---*---*---*---*---*---*---*---*---*---*---*---*---*---*---*---*---*---*---*---*
Algorithm: Differential Evolution
Constrainth handling method: DEB
Function: 22
Case: continuous
Seed: 27
Parents size: 50
Offsprings size: 50
maxFe: 36000
CR: 0.9
F: 0.6
rweights: -
*---*---*---*---*---*---*---*---*---*---*---*---*---*---*---*---*---*---*---*---*
ngen ObjectiveFunction ViolationSum ProjectVariables
50 4187.504152316353 0.024685579046300976 3.524476639288696 0.7 21.8 7.5103979633884475 8.191598617514241 3.863864323988566 5.34220750697748
100 3626.5896207326896 0 3.6 0.7 20.0 7.586605169033825 8.003037698019131 3.352101566920928 5.300515170575922
150 3626.5896207326896 0 3.6 0.7 20.0 7.586605169033825 8.003037698019131 3.352101566920928 5.300515170575922
200 3626.5896207326896 0 3.6 0.7 20.0 7.586605169033825 8.003037698019131 3.352101566920928 5.300515170575922
250 3426.811854370614 0 3.6 0.7 18.215999999999998 7.836890935444967 8.149139546485285 3.6856730734277137 5.441494947800256
300 3121.252621060885 0 3.6 0.7 17 7.320306960838749 8.145724434110774 3.4702458347855045 5.358340156297551
350 3121.252621060885 0 3.6 0.7 17 7.320306960838749 8.145724434110774 3.4702458347855045 5.358340156297551
400 3107.8079446703136 0 3.6 0.7 17 7.3 8.209021070665976 3.46913423022009 5.336300495635801
450 3107.8079446703136 0 3.6 0.7 17 7.3 8.209021070665976 3.46913423022009 5.336300495635801
500 3107.8079446703136 0 3.6 0.7 17 7.3 8.209021070665976 3.46913423022009 5.336300495635801
550 3107.8079446703136 0 3.6 0.7 17 7.3 8.209021070665976 3.46913423022009 5.336300495635801
600 3107.8079446703136 0 3.6 0.7 17 7.3 8.209021070665976 3.46913423022009 5.336300495635801
650 3107.8079446703136 0 3.6 0.7 17 7.3 8.209021070665976 3.46913423022009 5.336300495635801
700 3081.7687032738727 0 3.560265362029499 0.7 17.0691968 7.590327969178182 8.3 3.419022689300452 5.3336074529263895
750 3081.7687032738727 0 3.560265362029499 0.7 17.0691968 7.590327969178182 8.3 3.419022689300452 5.3336074529263895
800 3081.7687032738727 0 3.560265362029499 0.7 17.0691968 7.590327969178182 8.3 3.419022689300452 5.3336074529263895
850 3059.7753112805563 0 3.560265362029499 0.7 17.19315126272 7.3 8.227581068148497 3.464265866182079 5.2872811870764265
900 3059.7753112805563 0 3.560265362029499 0.7 17.19315126272 7.3 8.227581068148497 3.464265866182079 5.2872811870764265
950 3052.4484020746877 0 3.5673307559214558 0.7 17.12395446272 7.3 8.29157873278215 3.3644969349975207 5.310395109170582
1000 3052.4484020746877 0 3.5673307559214558 0.7 17.12395446272 7.3 8.29157873278215 3.3644969349975207 5.310395109170582
1050 3029.5512203826897 0 3.5450548894890037 0.7 17.218062110720002 7.419057866504215 8.17728003757852 3.3661154458762836 5.289973009967483
1100 3029.5512203826897 0 3.5450548894890037 0.7 17.218062110720002 7.419057866504215 8.17728003757852 3.3661154458762836 5.289973009967483
1150 3029.5512203826897 0 3.5450548894890037 0.7 17.218062110720002 7.419057866504215 8.17728003757852 3.3661154458762836 5.289973009967483
1200 3029.5512203826897 0 3.5450548894890037 0.7 17.218062110720002 7.419057866504215 8.17728003757852 3.3661154458762836 5.289973009967483
1250 3029.5512203826897 0 3.5450548894890037 0.7 17.218062110720002 7.419057866504215 8.17728003757852 3.3661154458762836 5.289973009967483
1300 3018.006351947117 0 3.512087823182406 0.7 17.208787556237315 7.3 8.3 3.3579768624702293 5.292853685336165
1350 3018.006351947117 0 3.512087823182406 0.7 17.208787556237315 7.3 8.3 3.3579768624702293 5.292853685336165
1400 3018.006351947117 0 3.512087823182406 0.7 17.208787556237315 7.3 8.3 3.3579768624702293 5.292853685336165
1450 3018.006351947117 0 3.512087823182406 0.7 17.208787556237315 7.3 8.3 3.3579768624702293 5.292853685336165
1500 3018.006351947117 0 3.512087823182406 0.7 17.208787556237315 7.3 8.3 3.3579768624702293 5.292853685336165
1550 3018.006351947117 0 3.512087823182406 0.7 17.208787556237315 7.3 8.3 3.3579768624702293 5.292853685336165
1600 3018.006351947117 0 3.512087823182406 0.7 17.208787556237315 7.3 8.3 3.3579768624702293 5.292853685336165
1650 3016.5326500477663 0 3.51837024627196 0.7000006770862401 17.42222513995121 7.345408025946822 8.296223489568145 3.3506586847620983 5.28912029597646
1700 3011.79434065819 0 3.515342095032906 0.7 17.10810424226433 8.08305290514052 7.8 3.356819482884128 5.287948733659983
1750 3011.79434065819 0 3.515342095032906 0.7 17.10810424226433 8.08305290514052 7.8 3.356819482884128 5.287948733659983
1800 3011.79434065819 0 3.515342095032906 0.7 17.10810424226433 8.08305290514052 7.8 3.356819482884128 5.287948733659983
1850 3011.79434065819 0 3.515342095032906 0.7 17.10810424226433 8.08305290514052 7.8 3.356819482884128 5.287948733659983
1900 3011.79434065819 0 3.515342095032906 0.7 17.10810424226433 8.08305290514052 7.8 3.356819482884128 5.287948733659983
1950 3011.79434065819 0 3.515342095032906 0.7 17.10810424226433 8.08305290514052 7.8 3.356819482884128 5.287948733659983
2000 3011.79434065819 0 3.515342095032906 0.7 17.10810424226433 8.08305290514052 7.8 3.356819482884128 5.287948733659983
2050 3011.79434065819 0 3.515342095032906 0.7 17.10810424226433 8.08305290514052 7.8 3.356819482884128 5.287948733659983
2100 3011.79434065819 0 3.515342095032906 0.7 17.10810424226433 8.08305290514052 7.8 3.356819482884128 5.287948733659983
2150 3009.1891839519567 0 3.5010945826483453 0.7000010833379843 17.494047737309902 7.3 8.06965332112618 3.3748332666182645 5.286945756660845
2200 3009.1696273697466 0 3.514064226868448 0.7000004304703388 17.00295443547955 7.618033302402486 7.90664378717167 3.3534719657216887 5.288748139227337
2250 3008.120768264959 0 3.510498887273028 0.7000001867192923 17.10810424226433 7.3 7.8 3.363847670687037 5.29322022635504
2300 3005.312506528991 0 3.5045156250394345 0.7 17.15212047337113 7.355181871952189 7.8 3.3615076692652357 5.292674413271136
2350 3005.312506528991 0 3.5045156250394345 0.7 17.15212047337113 7.355181871952189 7.8 3.3615076692652357 5.292674413271136
2400 3003.3800634931895 0 3.50243225428853 0.7 17.293079284515713 7.336707115521092 7.8 3.3697239741681506 5.287860991413389
2450 3003.3800634931895 0 3.50243225428853 0.7 17.293079284515713 7.336707115521092 7.8 3.3697239741681506 5.287860991413389
2500 3002.0256027288237 0 3.502870934291124 0.7000000746877169 17.13254591803932 7.376677243089884 7.8 3.3504408283055325 5.2926770879900955
2550 3002.0256027288237 0 3.502870934291124 0.7000000746877169 17.13254591803932 7.376677243089884 7.8 3.3504408283055325 5.2926770879900955
2600 3002.0256027288237 0 3.502870934291124 0.7000000746877169 17.13254591803932 7.376677243089884 7.8 3.3504408283055325 5.2926770879900955
2650 3002.0256027288237 0 3.502870934291124 0.7000000746877169 17.13254591803932 7.376677243089884 7.8 3.3504408283055325 5.2926770879900955
2700 3001.8537927037178 0 3.501482370837565 0.7000002340010046 17.280167351974324 7.3 7.8 3.3507999666838515 5.294178500485357
2750 2999.1415950733835 0 3.5004534070217366 0.7 17.17888515638987 7.3 7.8 3.359245282056325 5.28716728216945
2800 2999.1415950733835 0 3.5004534070217366 0.7 17.17888515638987 7.3 7.8 3.359245282056325 5.28716728216945
2850 2999.1415950733835 0 3.5004534070217366 0.7 17.17888515638987 7.3 7.8 3.359245282056325 5.28716728216945
2900 2999.1415950733835 0 3.5004534070217366 0.7 17.17888515638987 7.3 7.8 3.359245282056325 5.28716728216945
2950 2998.4455070598633 0 3.502870934291124 0.7000004718644636 17.135214619630744 7.380703912009161 7.8 3.3504408283055325 5.286995244716601
3000 2998.1020539554725 0 3.501343367901355 0.7000000448126301 17.21736043766686 7.3 7.8 3.3522620028081507 5.28779006519565
3050 2998.1020539554725 0 3.501343367901355 0.7000000448126301 17.21736043766686 7.3 7.8 3.3522620028081507 5.28779006519565
3100 2998.1020539554725 0 3.501343367901355 0.7000000448126301 17.21736043766686 7.3 7.8 3.3522620028081507 5.28779006519565
3150 2998.1020539554725 0 3.501343367901355 0.7000000448126301 17.21736043766686 7.3 7.8 3.3522620028081507 5.28779006519565
3200 2998.1020539554725 0 3.501343367901355 0.7000000448126301 17.21736043766686 7.3 7.8 3.3522620028081507 5.28779006519565
3250 2998.1020539554725 0 3.501343367901355 0.7000000448126301 17.21736043766686 7.3 7.8 3.3522620028081507 5.28779006519565
3300 2998.1020539554725 0 3.501343367901355 0.7000000448126301 17.21736043766686 7.3 7.8 3.3522620028081507 5.28779006519565
3350 2998.1020539554725 0 3.501343367901355 0.7000000448126301 17.21736043766686 7.3 7.8 3.3522620028081507 5.28779006519565
3400 2997.4144003951587 0 3.5013494313487095 0.7000000448126301 17.452605041083743 7.3 7.8 3.351425937692851 5.287040536747112
3450 2997.3779334597925 0 3.501171923964912 0.7 17.268497501189106 7.34131826356007 7.8 3.3506003573051766 5.286851253681878
3500 2997.3779334597925 0 3.501171923964912 0.7 17.268497501189106 7.34131826356007 7.8 3.3506003573051766 5.286851253681878
3550 2997.3779334597925 0 3.501171923964912 0.7 17.268497501189106 7.34131826356007 7.8 3.3506003573051766 5.286851253681878
3600 2997.3779334597925 0 3.501171923964912 0.7 17.268497501189106 7.34131826356007 7.8 3.3506003573051766 5.286851253681878
3650 2997.3728991040766 0 3.5006699710516287 0.700004419637916 17.264246680742186 7.3 7.8 3.3512871478154347 5.287419396859027
3700 2997.3728991040766 0 3.5006699710516287 0.700004419637916 17.264246680742186 7.3 7.8 3.3512871478154347 5.287419396859027
3750 2997.3728991040766 0 3.5006699710516287 0.700004419637916 17.264246680742186 7.3 7.8 3.3512871478154347 5.287419396859027
3800 2997.3728991040766 0 3.5006699710516287 0.700004419637916 17.264246680742186 7.3 7.8 3.3512871478154347 5.287419396859027
3850 2997.3728991040766 0 3.5006699710516287 0.700004419637916 17.264246680742186 7.3 7.8 3.3512871478154347 5.287419396859027
3900 2997.363161148983 0 3.500469584200488 0.7000007066125169 17.368894362437207 7.330593185284847 7.8 3.3510399752228848 5.287229092491503
3950 2997.363161148983 0 3.500469584200488 0.7000007066125169 17.368894362437207 7.330593185284847 7.8 3.3510399752228848 5.287229092491503
4000 2996.7705585717044 0 3.500254309123792 0.7 17.49053252635086 7.3 7.8 3.35068665080374 5.287001180403466
4050 2996.7705585717044 0 3.500254309123792 0.7 17.49053252635086 7.3 7.8 3.35068665080374 5.287001180403466
4100 2996.7705585717044 0 3.500254309123792 0.7 17.49053252635086 7.3 7.8 3.35068665080374 5.287001180403466
4150 2996.7705585717044 0 3.500254309123792 0.7 17.49053252635086 7.3 7.8 3.35068665080374 5.287001180403466
4200 2996.7705585717044 0 3.500254309123792 0.7 17.49053252635086 7.3 7.8 3.35068665080374 5.287001180403466
4250 2996.7705585717044 0 3.500254309123792 0.7 17.49053252635086 7.3 7.8 3.35068665080374 5.287001180403466
4300 2996.7705585717044 0 3.500254309123792 0.7 17.49053252635086 7.3 7.8 3.35068665080374 5.287001180403466
4350 2996.7705585717044 0 3.500254309123792 0.7 17.49053252635086 7.3 7.8 3.35068665080374 5.287001180403466
4400 2996.6627139521556 0 3.500068497356289 0.7000025406125865 17.274333725926574 7.3 7.8 3.3512759789502535 5.286692061363562
4450 2996.6627139521556 0 3.500068497356289 0.7000025406125865 17.274333725926574 7.3 7.8 3.3512759789502535 5.286692061363562
4500 2996.6443521884657 0 3.5000522017083617 0.700004419637916 17.360492640953908 7.3 7.805990307646293 3.350285895419206 5.286849996358667
4550 2996.6443521884657 0 3.5000522017083617 0.700004419637916 17.360492640953908 7.3 7.805990307646293 3.350285895419206 5.286849996358667
4600 2996.6214318608577 0 3.500185659423864 0.7 17.02997742771277 7.3 7.8 3.3503942936344933 5.286926267629143
4650 2996.6214318608577 0 3.500185659423864 0.7 17.02997742771277 7.3 7.8 3.3503942936344933 5.286926267629143
4700 2996.6214318608577 0 3.500185659423864 0.7 17.02997742771277 7.3 7.8 3.3503942936344933 5.286926267629143
4750 2996.6214318608577 0 3.500185659423864 0.7 17.02997742771277 7.3 7.8 3.3503942936344933 5.286926267629143
4800 2996.5855540559737 0 3.500260228704429 0.7 17 7.3 7.8 3.3502641640743187 5.286875949533891
4850 2996.584596216642 0 3.5000645348027875 0.7000094287084134 17.19968750128838 7.305624690191075 7.802333182639115 3.3504181097679195 5.286708113719561
4900 2996.584596216642 0 3.5000645348027875 0.7000094287084134 17.19968750128838 7.305624690191075 7.802333182639115 3.3504181097679195 5.286708113719561
4950 2996.584596216642 0 3.5000645348027875 0.7000094287084134 17.19968750128838 7.305624690191075 7.802333182639115 3.3504181097679195 5.286708113719561
5000 2996.584596216642 0 3.5000645348027875 0.7000094287084134 17.19968750128838 7.305624690191075 7.802333182639115 3.3504181097679195 5.286708113719561
5050 2996.584596216642 0 3.5000645348027875 0.7000094287084134 17.19968750128838 7.305624690191075 7.802333182639115 3.3504181097679195 5.286708113719561
5100 2996.507237424953 0 3.500216515109384 0.7 17 7.303213718706724 7.8 3.3502676090063255 5.286733875250789
5150 2996.507237424953 0 3.500216515109384 0.7 17 7.303213718706724 7.8 3.3502676090063255 5.286733875250789
5200 2996.507237424953 0 3.500216515109384 0.7 17 7.303213718706724 7.8 3.3502676090063255 5.286733875250789
5250 2996.507237424953 0 3.500216515109384 0.7 17 7.303213718706724 7.8 3.3502676090063255 5.286733875250789
5300 2996.507237424953 0 3.500216515109384 0.7 17 7.303213718706724 7.8 3.3502676090063255 5.286733875250789
5350 2996.507237424953 0 3.500216515109384 0.7 17 7.303213718706724 7.8 3.3502676090063255 5.286733875250789
5400 2996.507237424953 0 3.500216515109384 0.7 17 7.303213718706724 7.8 3.3502676090063255 5.286733875250789
5450 2996.459919353202 0 3.50004740466204 0.7 17 7.3 7.8 3.3504291668690023 5.286743718852428
5500 2996.459919353202 0 3.50004740466204 0.7 17 7.3 7.8 3.3504291668690023 5.286743718852428
5550 2996.459919353202 0 3.50004740466204 0.7 17 7.3 7.8 3.3504291668690023 5.286743718852428
5600 2996.459919353202 0 3.50004740466204 0.7 17 7.3 7.8 3.3504291668690023 5.286743718852428
5650 2996.435579039961 0 3.5000201903070116 0.7 17 7.303196367250287 7.8 3.350405014294265 5.286687621405992
5700 2996.435579039961 0 3.5000201903070116 0.7 17 7.303196367250287 7.8 3.350405014294265 5.286687621405992
5750 2996.411150152737 0 3.5000250214168527 0.7000000756198048 17.116214367914882 7.3 7.8002455375581405 3.3502803852416774 5.286731468427132
5800 2996.411150152737 0 3.5000250214168527 0.7000000756198048 17.116214367914882 7.3 7.8002455375581405 3.3502803852416774 5.286731468427132
5850 2996.411150152737 0 3.5000250214168527 0.7000000756198048 17.116214367914882 7.3 7.8002455375581405 3.3502803852416774 5.286731468427132
5900 2996.411150152737 0 3.5000250214168527 0.7000000756198048 17.116214367914882 7.3 7.8002455375581405 3.3502803852416774 5.286731468427132
5950 2996.411150152737 0 3.5000250214168527 0.7000000756198048 17.116214367914882 7.3 7.8002455375581405 3.3502803852416774 5.286731468427132
6000 2996.411150152737 0 3.5000250214168527 0.7000000756198048 17.116214367914882 7.3 7.8002455375581405 3.3502803852416774 5.286731468427132
6050 2996.4078184130003 0 3.5000073995889642 0.7 17.003904031405146 7.3 7.8 3.3503245679888156 5.286728419773254
6100 2996.4078184130003 0 3.5000073995889642 0.7 17.003904031405146 7.3 7.8 3.3503245679888156 5.286728419773254
6150 2996.403747942732 0 3.5000427336426885 0.7 17.11209911075882 7.3 7.8 3.3502846636674986 5.286716187865191
6200 2996.3875173840343 0 3.500037359802421 0.7 17.119205498299475 7.3 7.800598968570293 3.350252968747585 5.28668601184236
6250 2996.3875173840343 0 3.500037359802421 0.7 17.119205498299475 7.3 7.800598968570293 3.350252968747585 5.28668601184236
6300 2996.3875173840343 0 3.500037359802421 0.7 17.119205498299475 7.3 7.800598968570293 3.350252968747585 5.28668601184236
6350 2996.3875173840343 0 3.500037359802421 0.7 17.119205498299475 7.3 7.800598968570293 3.350252968747585 5.28668601184236
6400 2996.3875173840343 0 3.500037359802421 0.7 17.119205498299475 7.3 7.800598968570293 3.350252968747585 5.28668601184236
6450 2996.3836015413563 0 3.500014607867168 0.7 17.08818842089128 7.3 7.8 3.3502227284586286 5.286726698784218
6500 2996.3836015413563 0 3.500014607867168 0.7 17.08818842089128 7.3 7.8 3.3502227284586286 5.286726698784218
6550 2996.3836015413563 0 3.500014607867168 0.7 17.08818842089128 7.3 7.8 3.3502227284586286 5.286726698784218
6600 2996.3836015413563 0 3.500014607867168 0.7 17.08818842089128 7.3 7.8 3.3502227284586286 5.286726698784218
6650 2996.3836015413563 0 3.500014607867168 0.7 17.08818842089128 7.3 7.8 3.3502227284586286 5.286726698784218
6700 2996.3798154409037 0 3.5000129660834403 0.7000004188635105 17.079045417520895 7.301018022666499 7.800085307419975 3.350221251721227 5.286702319260495
6750 2996.3636625969484 0 3.5000186661007016 0.7 17.053947722654193 7.3 7.800044911544252 3.3502190565706953 5.286692760889244
6800 2996.3636625969484 0 3.5000186661007016 0.7 17.053947722654193 7.3 7.800044911544252 3.3502190565706953 5.286692760889244
6850 2996.3636625969484 0 3.5000186661007016 0.7 17.053947722654193 7.3 7.800044911544252 3.3502190565706953 5.286692760889244
6900 2996.3636625969484 0 3.5000186661007016 0.7 17.053947722654193 7.3 7.800044911544252 3.3502190565706953 5.286692760889244
6950 2996.3636625969484 0 3.5000186661007016 0.7 17.053947722654193 7.3 7.800044911544252 3.3502190565706953 5.286692760889244
7000 2996.354143998736 0 3.50000073674402 0.7 17 7.3 7.800158496328433 3.3502167706456762 5.286685862276152
7050 2996.354143998736 0 3.50000073674402 0.7 17 7.3 7.800158496328433 3.3502167706456762 5.286685862276152
7100 2996.354143998736 0 3.50000073674402 0.7 17 7.3 7.800158496328433 3.3502167706456762 5.286685862276152
7150 2996.354143998736 0 3.50000073674402 0.7 17 7.3 7.800158496328433 3.3502167706456762 5.286685862276152
7200 2996.354143998736 0 3.50000073674402 0.7 17 7.3 7.800158496328433 3.3502167706456762 5.286685862276152
7250 2996.354143998736 0 3.50000073674402 0.7 17 7.3 7.800158496328433 3.3502167706456762 5.286685862276152
7300 2996.354143998736 0 3.50000073674402 0.7 17 7.3 7.800158496328433 3.3502167706456762 5.286685862276152
7350 2996.354143998736 0 3.50000073674402 0.7 17 7.3 7.800158496328433 3.3502167706456762 5.286685862276152
7400 2996.354143998736 0 3.50000073674402 0.7 17 7.3 7.800158496328433 3.3502167706456762 5.286685862276152
7450 2996.3534308991325 0 3.5000011541234675 0.7 17.12045021637325 7.3 7.800015006727509 3.350229347492436 5.286684396190386
7500 2996.3534308991325 0 3.5000011541234675 0.7 17.12045021637325 7.3 7.800015006727509 3.350229347492436 5.286684396190386
7550 2996.3534308991325 0 3.5000011541234675 0.7 17.12045021637325 7.3 7.800015006727509 3.350229347492436 5.286684396190386
7600 2996.35321706106 0 3.500003202288118 0.7000001197403365 17 7.300013835314202 7.8 3.350223810825287 5.2866844890824245
7650 2996.35321706106 0 3.500003202288118 0.7000001197403365 17 7.300013835314202 7.8 3.350223810825287 5.2866844890824245
7700 2996.352005169518 0 3.500000828039944 0.7000001118041613 17 7.300061884019166 7.8 3.350223092581682 5.286683727991976
7750 2996.352005169518 0 3.500000828039944 0.7000001118041613 17 7.300061884019166 7.8 3.350223092581682 5.286683727991976
7800 2996.350307617438 0 3.500000228323554 0.7 17.04249815328361 7.30001716135115 7.80000225088471 3.3502178955786635 5.286684848244316
7850 2996.350307617438 0 3.500000228323554 0.7 17.04249815328361 7.30001716135115 7.80000225088471 3.3502178955786635 5.286684848244316
7900 2996.350307617438 0 3.500000228323554 0.7 17.04249815328361 7.30001716135115 7.80000225088471 3.3502178955786635 5.286684848244316
7950 2996.350307617438 0 3.500000228323554 0.7 17.04249815328361 7.30001716135115 7.80000225088471 3.3502178955786635 5.286684848244316
8000 2996.350307617438 0 3.500000228323554 0.7 17.04249815328361 7.30001716135115 7.80000225088471 3.3502178955786635 5.286684848244316
8050 2996.3497203068923 0 3.500000416389488 0.7 17.039186866711855 7.3 7.8 3.350215154517484 5.286685222557277
8100 2996.3497203068923 0 3.500000416389488 0.7 17.039186866711855 7.3 7.8 3.350215154517484 5.286685222557277
8150 2996.3497203068923 0 3.500000416389488 0.7 17.039186866711855 7.3 7.8 3.350215154517484 5.286685222557277
8200 2996.349552060198 0 3.5000015601094665 0.7 17.046343539951376 7.300017147754592 7.8 3.350215402620484 5.286683914501916
8250 2996.349552060198 0 3.5000015601094665 0.7 17.046343539951376 7.300017147754592 7.8 3.350215402620484 5.286683914501916
8300 2996.349552060198 0 3.5000015601094665 0.7 17.046343539951376 7.300017147754592 7.8 3.350215402620484 5.286683914501916
8350 2996.349552060198 0 3.5000015601094665 0.7 17.046343539951376 7.300017147754592 7.8 3.350215402620484 5.286683914501916
8400 2996.349552060198 0 3.5000015601094665 0.7 17.046343539951376 7.300017147754592 7.8 3.350215402620484 5.286683914501916
8450 2996.349552060198 0 3.5000015601094665 0.7 17.046343539951376 7.300017147754592 7.8 3.350215402620484 5.286683914501916
8500 2996.3489502773264 0 3.5000008199291894 0.7 17.046343539951376 7.300027444565282 7.8 3.3502153731041 5.286683294474938
8550 2996.3489502773264 0 3.5000008199291894 0.7 17.046343539951376 7.300027444565282 7.8 3.3502153731041 5.286683294474938
8600 2996.3489502773264 0 3.5000008199291894 0.7 17.046343539951376 7.300027444565282 7.8 3.3502153731041 5.286683294474938
8650 2996.3489502773264 0 3.5000008199291894 0.7 17.046343539951376 7.300027444565282 7.8 3.3502153731041 5.286683294474938
8700 2996.3489502773264 0 3.5000008199291894 0.7 17.046343539951376 7.300027444565282 7.8 3.3502153731041 5.286683294474938
8750 2996.348892992075 0 3.500000832952318 0.7 17.05315195600934 7.30003863873985 7.8 3.350214825877471 5.2866832604702925
8800 2996.348892992075 0 3.500000832952318 0.7 17.05315195600934 7.30003863873985 7.8 3.350214825877471 5.2866832604702925
8850 2996.348892992075 0 3.500000832952318 0.7 17.05315195600934 7.30003863873985 7.8 3.350214825877471 5.2866832604702925
8900 2996.3487345461044 0 3.500000521235918 0.7 17.029366737480686 7.3 7.800001603248934 3.3502157981807 5.286683294474938
8950 2996.3487345461044 0 3.500000521235918 0.7 17.029366737480686 7.3 7.800001603248934 3.3502157981807 5.286683294474938
9000 2996.3487345461044 0 3.500000521235918 0.7 17.029366737480686 7.3 7.800001603248934 3.3502157981807 5.286683294474938
9050 2996.3487345461044 0 3.500000521235918 0.7 17.029366737480686 7.3 7.800001603248934 3.3502157981807 5.286683294474938
9100 2996.3487345461044 0 3.500000521235918 0.7 17.029366737480686 7.3 7.800001603248934 3.3502157981807 5.286683294474938
9150 2996.3487345461044 0 3.500000521235918 0.7 17.029366737480686 7.3 7.800001603248934 3.3502157981807 5.286683294474938
9200 2996.3486655170445 0 3.5000004242382476 0.7 17.217522032885118 7.300012213780726 7.800000350631901 3.3502154240294613 5.2866832697026105
9250 2996.3484149625638 0 3.5000000484657474 0.7 17 7.3000071498199235 7.800002617919806 3.350214938060231 5.286683294474938
9300 2996.3484149625638 0 3.5000000484657474 0.7 17 7.3000071498199235 7.800002617919806 3.350214938060231 5.286683294474938
9350 2996.3484149625638 0 3.5000000484657474 0.7 17 7.3000071498199235 7.800002617919806 3.350214938060231 5.286683294474938
9400 2996.3484149625638 0 3.5000000484657474 0.7 17 7.3000071498199235 7.800002617919806 3.350214938060231 5.286683294474938
9450 2996.3484149625638 0 3.5000000484657474 0.7 17 7.3000071498199235 7.800002617919806 3.350214938060231 5.286683294474938
9500 2996.3484149625638 0 3.5000000484657474 0.7 17 7.3000071498199235 7.800002617919806 3.350214938060231 5.286683294474938
9550 2996.3484149625638 0 3.5000000484657474 0.7 17 7.3000071498199235 7.800002617919806 3.350214938060231 5.286683294474938
9600 2996.3484149625638 0 3.5000000484657474 0.7 17 7.3000071498199235 7.800002617919806 3.350214938060231 5.286683294474938
9650 2996.3484149625638 0 3.5000000484657474 0.7 17 7.3000071498199235 7.800002617919806 3.350214938060231 5.286683294474938
9700 2996.3483826947568 0 3.50000016147766 0.7000000029184766 17.083083386557234 7.30000276863495 7.800000205576965 3.350214831350863 5.286683339959341
9750 2996.3483826947568 0 3.50000016147766 0.7000000029184766 17.083083386557234 7.30000276863495 7.800000205576965 3.350214831350863 5.286683339959341
9800 2996.3483826947568 0 3.50000016147766 0.7000000029184766 17.083083386557234 7.30000276863495 7.800000205576965 3.350214831350863 5.286683339959341
9850 2996.3483826947568 0 3.50000016147766 0.7000000029184766 17.083083386557234 7.30000276863495 7.800000205576965 3.350214831350863 5.286683339959341
9900 2996.3483224584515 0 3.500000173217583 0.7 17.023427794009454 7.3 7.800000205576965 3.3502147772458737 5.286683318784709
9950 2996.3483224584515 0 3.500000173217583 0.7 17.023427794009454 7.3 7.800000205576965 3.3502147772458737 5.286683318784709
10000 2996.3482806808042 0 3.500000036941183 0.7000000033766244 17 7.3 7.800000741085829 3.3502146928948777 5.286683328584095
10050 2996.3482806808042 0 3.500000036941183 0.7000000033766244 17 7.3 7.800000741085829 3.3502146928948777 5.286683328584095
10100 2996.3482806808042 0 3.500000036941183 0.7000000033766244 17 7.3 7.800000741085829 3.3502146928948777 5.286683328584095
10150 2996.3482806808042 0 3.500000036941183 0.7000000033766244 17 7.3 7.800000741085829 3.3502146928948777 5.286683328584095
10200 2996.3482806808042 0 3.500000036941183 0.7000000033766244 17 7.3 7.800000741085829 3.3502146928948777 5.286683328584095
10250 2996.3482806808042 0 3.500000036941183 0.7000000033766244 17 7.3 7.800000741085829 3.3502146928948777 5.286683328584095
10300 2996.3482806808042 0 3.500000036941183 0.7000000033766244 17 7.3 7.800000741085829 3.3502146928948777 5.286683328584095
10350 2996.3482335885915 0 3.500000088147816 0.7 17.01001783435636 7.3 7.800000013232969 3.350214797377246 5.286683230154017
10400 2996.3482335885915 0 3.500000088147816 0.7 17.01001783435636 7.3 7.800000013232969 3.350214797377246 5.286683230154017
10450 2996.3482148938197 0 3.5000000553602635 0.7 17 7.3 7.8 3.3502147317355133 5.286683247768434
10500 2996.3482148938197 0 3.5000000553602635 0.7 17 7.3 7.8 3.3502147317355133 5.286683247768434
10550 2996.3482148938197 0 3.5000000553602635 0.7 17 7.3 7.8 3.3502147317355133 5.286683247768434
10600 2996.3482148938197 0 3.5000000553602635 0.7 17 7.3 7.8 3.3502147317355133 5.286683247768434
10650 2996.3482148938197 0 3.5000000553602635 0.7 17 7.3 7.8 3.3502147317355133 5.286683247768434
10700 2996.3482148938197 0 3.5000000553602635 0.7 17 7.3 7.8 3.3502147317355133 5.286683247768434
10750 2996.3482148938197 0 3.5000000553602635 0.7 17 7.3 7.8 3.3502147317355133 5.286683247768434
10800 2996.3482148938197 0 3.5000000553602635 0.7 17 7.3 7.8 3.3502147317355133 5.286683247768434
10850 2996.3482148938197 0 3.5000000553602635 0.7 17 7.3 7.8 3.3502147317355133 5.286683247768434
10900 2996.3482090102507 0 3.500000014658187 0.7000000024643132 17 7.300000010158764 7.8 3.3502147676272664 5.286683231622605
10950 2996.3482006656263 0 3.500000013114362 0.7000000024952178 17.01169133086179 7.300000627991274 7.8 3.3502146721411705 5.286683248934241
11000 2996.3482006656263 0 3.500000013114362 0.7000000024952178 17.01169133086179 7.300000627991274 7.8 3.3502146721411705 5.286683248934241
11050 2996.3482006656263 0 3.500000013114362 0.7000000024952178 17.01169133086179 7.300000627991274 7.8 3.3502146721411705 5.286683248934241
11100 2996.3481957660492 0 3.500000010482276 0.7 17.233682174624917 7.300000186497856 7.80000046003564 3.350214678797575 5.286683248157551
11150 2996.348186614349 0 3.50000002794996 0.7 17 7.300000010158764 7.8 3.3502146778294257 5.286683241690009
11200 2996.348186614349 0 3.50000002794996 0.7 17 7.300000010158764 7.8 3.3502146778294257 5.286683241690009
11250 2996.348186614349 0 3.50000002794996 0.7 17 7.300000010158764 7.8 3.3502146778294257 5.286683241690009
11300 2996.348186614349 0 3.50000002794996 0.7 17 7.300000010158764 7.8 3.3502146778294257 5.286683241690009
11350 2996.348186614349 0 3.50000002794996 0.7 17 7.300000010158764 7.8 3.3502146778294257 5.286683241690009
11400 2996.3481822318836 0 3.5000000166427396 0.7 17.12447912316721 7.300000378902687 7.8 3.3502146747903696 5.286683237888783
11450 2996.3481822318836 0 3.5000000166427396 0.7 17.12447912316721 7.300000378902687 7.8 3.3502146747903696 5.286683237888783
11500 2996.3481822318836 0 3.5000000166427396 0.7 17.12447912316721 7.300000378902687 7.8 3.3502146747903696 5.286683237888783
11550 2996.348181686015 0 3.5000000052530185 0.7000000010117327 17 7.300000248176961 7.800000140492115 3.3502146799352697 5.286683231777511
11600 2996.348181686015 0 3.5000000052530185 0.7000000010117327 17 7.300000248176961 7.800000140492115 3.3502146799352697 5.286683231777511
11650 2996.348181686015 0 3.5000000052530185 0.7000000010117327 17 7.300000248176961 7.800000140492115 3.3502146799352697 5.286683231777511
11700 2996.348181686015 0 3.5000000052530185 0.7000000010117327 17 7.300000248176961 7.800000140492115 3.3502146799352697 5.286683231777511
11750 2996.348181686015 0 3.5000000052530185 0.7000000010117327 17 7.300000248176961 7.800000140492115 3.3502146799352697 5.286683231777511
11800 2996.348181686015 0 3.5000000052530185 0.7000000010117327 17 7.300000248176961 7.800000140492115 3.3502146799352697 5.286683231777511
11850 2996.348181686015 0 3.5000000052530185 0.7000000010117327 17 7.300000248176961 7.800000140492115 3.3502146799352697 5.286683231777511
11900 2996.348181686015 0 3.5000000052530185 0.7000000010117327 17 7.300000248176961 7.800000140492115 3.3502146799352697 5.286683231777511
11950 2996.3481803707054 0 3.5000000033053618 0.7 17.119861083535685 7.3000002525035494 7.8 3.3502146739214447 5.28668324529986
12000 2996.34817492927 0 3.5000000114759917 0.7 17 7.300000210757813 7.8000000406527175 3.350214670557574 5.286683232220582
12050 2996.34817492927 0 3.5000000114759917 0.7 17 7.300000210757813 7.8000000406527175 3.350214670557574 5.286683232220582
12100 2996.348172166976 0 3.500000011225448 0.7 17.076729032906613 7.3 7.8 3.3502146741304295 5.286683230924684
12150 2996.348169764581 0 3.5000000026103377 0.7 17.117071231438775 7.3 7.8 3.3502146782166236 5.286683230830455
12200 2996.348169764581 0 3.5000000026103377 0.7 17.117071231438775 7.3 7.8 3.3502146782166236 5.286683230830455
12250 2996.348169764581 0 3.5000000026103377 0.7 17.117071231438775 7.3 7.8 3.3502146782166236 5.286683230830455
12300 2996.348169764581 0 3.5000000026103377 0.7 17.117071231438775 7.3 7.8 3.3502146782166236 5.286683230830455
12350 2996.348169739671 0 3.5000000012727295 0.7000000000145408 17.184106156991234 7.3 7.800000021782525 3.3502146721411705 5.286683233196799
12400 2996.3481683685804 0 3.5000000013657386 0.7000000001018065 17 7.300000000340271 7.8 3.3502146689250907 5.286683232399261
12450 2996.3481683685804 0 3.5000000013657386 0.7000000001018065 17 7.300000000340271 7.8 3.3502146689250907 5.286683232399261
12500 2996.3481683685804 0 3.5000000013657386 0.7000000001018065 17 7.300000000340271 7.8 3.3502146689250907 5.286683232399261
12550 2996.3481683685804 0 3.5000000013657386 0.7000000001018065 17 7.300000000340271 7.8 3.3502146689250907 5.286683232399261
12600 2996.3481683685804 0 3.5000000013657386 0.7000000001018065 17 7.300000000340271 7.8 3.3502146689250907 5.286683232399261
12650 2996.3481683685804 0 3.5000000013657386 0.7000000001018065 17 7.300000000340271 7.8 3.3502146689250907 5.286683232399261
12700 2996.348168337686 0 3.5000000000496363 0.7 17.131896521332642 7.3 7.8 3.350214674602623 5.286683231616477
12750 2996.3481677512154 0 3.5000000000119136 0.7 17.13146015141796 7.3 7.80000001431676 3.3502146742639347 5.286683230359127
12800 2996.3481677512154 0 3.5000000000119136 0.7 17.13146015141796 7.3 7.80000001431676 3.3502146742639347 5.286683230359127
12850 2996.3481674461855 0 3.500000000084552 0.7 17.124396387114313 7.3 7.80000001742665 3.350214667315139 5.28668323251181
12900 2996.3481674461855 0 3.500000000084552 0.7 17.124396387114313 7.3 7.80000001742665 3.350214667315139 5.28668323251181
12950 2996.3481674461855 0 3.500000000084552 0.7 17.124396387114313 7.3 7.80000001742665 3.350214667315139 5.28668323251181
13000 2996.3481674461855 0 3.500000000084552 0.7 17.124396387114313 7.3 7.80000001742665 3.350214667315139 5.28668323251181
13050 2996.3481674461855 0 3.500000000084552 0.7 17.124396387114313 7.3 7.80000001742665 3.350214667315139 5.28668323251181
13100 2996.3481669522594 0 3.50000000149103 0.7000000001088352 17 7.3 7.8 3.350214666127229 5.286683231170728
13150 2996.348166663047 0 3.5000000007451164 0.7 17.06821921667273 7.300000047663261 7.8 3.350214666684495 5.28668323106593
13200 2996.348166663047 0 3.5000000007451164 0.7 17.06821921667273 7.300000047663261 7.8 3.350214666684495 5.28668323106593
13250 2996.3481660439475 0 3.5000000005608634 0.7 17.146935805179734 7.300000000122497 7.800000018632898 3.3502146673239337 5.286683229965825
13300 2996.3481660439475 0 3.5000000005608634 0.7 17.146935805179734 7.300000000122497 7.800000018632898 3.3502146673239337 5.286683229965825
13350 2996.3481660439475 0 3.5000000005608634 0.7 17.146935805179734 7.300000000122497 7.800000018632898 3.3502146673239337 5.286683229965825
13400 2996.3481660439475 0 3.5000000005608634 0.7 17.146935805179734 7.300000000122497 7.800000018632898 3.3502146673239337 5.286683229965825
13450 2996.3481660439475 0 3.5000000005608634 0.7 17.146935805179734 7.300000000122497 7.800000018632898 3.3502146673239337 5.286683229965825
13500 2996.3481660439475 0 3.5000000005608634 0.7 17.146935805179734 7.300000000122497 7.800000018632898 3.3502146673239337 5.286683229965825
13550 2996.3481660439475 0 3.5000000005608634 0.7 17.146935805179734 7.300000000122497 7.800000018632898 3.3502146673239337 5.286683229965825
13600 2996.3481660439475 0 3.5000000005608634 0.7 17.146935805179734 7.300000000122497 7.800000018632898 3.3502146673239337 5.286683229965825
13650 2996.348165926349 0 3.5000000000524625 0.7 17.243235261615737 7.300000000122497 7.8000000110135765 3.350214667644986 5.286683230229249
13700 2996.348165926349 0 3.5000000000524625 0.7 17.243235261615737 7.300000000122497 7.8000000110135765 3.350214667644986 5.286683230229249
13750 2996.3481657773164 0 3.500000000791651 0.7 17.139671730224414 7.3 7.80000000140797 3.3502146661783803 5.286683230459323
13800 2996.3481657773164 0 3.500000000791651 0.7 17.139671730224414 7.3 7.80000000140797 3.3502146661783803 5.286683230459323
13850 2996.3481657773164 0 3.500000000791651 0.7 17.139671730224414 7.3 7.80000000140797 3.3502146661783803 5.286683230459323
13900 2996.3481656377508 0 3.500000000408796 0.7 17.154294478903555 7.3 7.800000002378932 3.3502146660974854 5.286683230475223
13950 2996.3481656377508 0 3.500000000408796 0.7 17.154294478903555 7.3 7.800000002378932 3.3502146660974854 5.286683230475223
14000 2996.3481656158056 0 3.50000000039445 0.7 17.122507391115548 7.300000015251223 7.800000006775169 3.3502146666389776 5.286683229869437
14050 2996.3481656158056 0 3.50000000039445 0.7 17.122507391115548 7.300000015251223 7.800000006775169 3.3502146666389776 5.286683229869437
14100 2996.3481656158056 0 3.50000000039445 0.7 17.122507391115548 7.300000015251223 7.800000006775169 3.3502146666389776 5.286683229869437
14150 2996.348165534202 0 3.5000000003448895 0.7 17.146584048526073 7.3 7.800000006112488 3.350214666795401 5.286683229943327
14200 2996.3481652853 0 3.5000000001583804 0.7000000000196035 17.005472127058816 7.3 7.8 3.3502146663863317 5.2866832299027555
14250 2996.3481652853 0 3.5000000001583804 0.7000000000196035 17.005472127058816 7.3 7.8 3.3502146663863317 5.2866832299027555
14300 2996.3481652823452 0 3.5000000002516507 0.7000000000088652 17 7.3 7.800000004065101 3.350214666112074 5.286683229886386
14350 2996.3481652760665 0 3.500000000225421 0.7 17.220489254534495 7.3 7.8 3.3502146668113415 5.286683229815805
14400 2996.348165271502 0 3.500000000158223 0.7000000000088652 17 7.3 7.8 3.350214666447197 5.286683229933062
14450 2996.348165271502 0 3.500000000158223 0.7000000000088652 17 7.3 7.8 3.350214666447197 5.286683229933062
14500 2996.348165258878 0 3.50000000006022 0.7 17.349683065765102 7.300000007784627 7.8 3.3502146667953348 5.286683229789315
14550 2996.3481652395167 0 3.5000000005720193 0.7 17.286462652619228 7.3 7.800000000022609 3.350214666096592 5.286683229829902
14600 2996.3481652395167 0 3.5000000005720193 0.7 17.286462652619228 7.3 7.800000000022609 3.350214666096592 5.286683229829902
14650 2996.3481652395167 0 3.5000000005720193 0.7 17.286462652619228 7.3 7.800000000022609 3.350214666096592 5.286683229829902
14700 2996.3481652395167 0 3.5000000005720193 0.7 17.286462652619228 7.3 7.800000000022609 3.350214666096592 5.286683229829902
14750 2996.34816522967 0 3.500000000131313 0.7000000000156694 17 7.3 7.800000003669306 3.3502146662173287 5.286683229801018
14800 2996.348165199356 0 3.50000000018086 0.7 17.324709993920113 7.300000002865887 7.800000000036175 3.3502146664469654 5.286683229827742
14850 2996.348165194018 0 3.500000000092972 0.700000000016882 17.253702332576893 7.3 7.8 3.3502146662457135 5.286683229875301
14900 2996.348165194018 0 3.500000000092972 0.700000000016882 17.253702332576893 7.3 7.8 3.3502146662457135 5.286683229875301
14950 2996.348165194018 0 3.500000000092972 0.700000000016882 17.253702332576893 7.3 7.8 3.3502146662457135 5.286683229875301
15000 2996.3481651780185 0 3.500000000160612 0.7000000000139281 17.37770204031199 7.300000001719532 7.800000000021705 3.350214666336899 5.28668322976823
15050 2996.3481651780185 0 3.500000000160612 0.7000000000139281 17.37770204031199 7.300000001719532 7.800000000021705 3.350214666336899 5.28668322976823
15100 2996.348165160641 0 3.5000000002569975 0.7 17.236578905510136 7.3 7.800000001437104 3.350214666178751 5.28668322981869
15150 2996.348165160641 0 3.5000000002569975 0.7 17.236578905510136 7.3 7.800000001437104 3.350214666178751 5.28668322981869
15200 2996.348165160641 0 3.5000000002569975 0.7 17.236578905510136 7.3 7.800000001437104 3.350214666178751 5.28668322981869
15250 2996.348165152198 0 3.500000000034993 0.7 17.40877121705414 7.300000000512825 7.80000000219787 3.3502146662685623 5.28668322987317
15300 2996.3481651292104 0 3.5000000000279368 0.7000000000036284 17 7.3000000010034425 7.800000001309028 3.3502146664493693 5.286683229767028
15350 2996.348165117578 0 3.5000000001022067 0.7 17.437415967819234 7.3 7.800000001611422 3.3502146663595336 5.2866832297681166
15400 2996.3481651059265 0 3.50000000010374 0.7000000000029934 17.369511548310797 7.3 7.800000001168892 3.3502146661335503 5.286683229833411
15450 2996.3481651059265 0 3.50000000010374 0.7000000000029934 17.369511548310797 7.3 7.800000001168892 3.3502146661335503 5.286683229833411
15500 2996.3481651059265 0 3.50000000010374 0.7000000000029934 17.369511548310797 7.3 7.800000001168892 3.3502146661335503 5.286683229833411
15550 2996.3481651059265 0 3.50000000010374 0.7000000000029934 17.369511548310797 7.3 7.800000001168892 3.3502146661335503 5.286683229833411
15600 2996.348165098922 0 3.500000000019723 0.7000000000011262 17.368749233994595 7.3 7.800000001168892 3.3502146662671133 5.286683229834033
15650 2996.3481650839494 0 3.5000000001340736 0.7 17.267002740128135 7.3 7.8 3.3502146663318007 5.286683229762291
15700 2996.3481650797303 0 3.5000000001029794 0.7 17.213848204877948 7.300000002193842 7.800000000549392 3.3502146662382835 5.286683229762962
15750 2996.3481650736694 0 3.5000000001108678 0.7 17.315371969550224 7.3 7.8 3.3502146662793577 5.286683229781474
15800 2996.348165034551 0 3.5000000000696265 0.7 17.452480399721875 7.3000000020761036 7.8 3.3502146661529593 5.286683229767306
15850 2996.348165034551 0 3.5000000000696265 0.7 17.452480399721875 7.3000000020761036 7.8 3.3502146661529593 5.286683229767306
15900 2996.348165034551 0 3.5000000000696265 0.7 17.452480399721875 7.3000000020761036 7.8 3.3502146661529593 5.286683229767306
15950 2996.348165034551 0 3.5000000000696265 0.7 17.452480399721875 7.3000000020761036 7.8 3.3502146661529593 5.286683229767306
16000 2996.348165034551 0 3.5000000000696265 0.7 17.452480399721875 7.3000000020761036 7.8 3.3502146661529593 5.286683229767306
16050 2996.348165034551 0 3.5000000000696265 0.7 17.452480399721875 7.3000000020761036 7.8 3.3502146661529593 5.286683229767306
16100 2996.348165034551 0 3.5000000000696265 0.7 17.452480399721875 7.3000000020761036 7.8 3.3502146661529593 5.286683229767306
16150 2996.3481650244757 0 3.500000000102082 0.7 17.460117858954924 7.3 7.8 3.350214666151117 5.286683229760934
16200 2996.3481650244757 0 3.500000000102082 0.7 17.460117858954924 7.3 7.8 3.350214666151117 5.286683229760934
16250 2996.3481650244757 0 3.500000000102082 0.7 17.460117858954924 7.3 7.8 3.350214666151117 5.286683229760934
16300 2996.3481650244757 0 3.500000000102082 0.7 17.460117858954924 7.3 7.8 3.350214666151117 5.286683229760934
16350 2996.3481650244757 0 3.500000000102082 0.7 17.460117858954924 7.3 7.8 3.350214666151117 5.286683229760934
16400 2996.3481650244757 0 3.500000000102082 0.7 17.460117858954924 7.3 7.8 3.350214666151117 5.286683229760934
16450 2996.3481650244757 0 3.500000000102082 0.7 17.460117858954924 7.3 7.8 3.350214666151117 5.286683229760934
16500 2996.3481650223107 0 3.5000000000631606 0.7 17.17521855082008 7.300000001656065 7.8 3.3502146661088585 5.286683229775546
16550 2996.3481650203057 0 3.500000000027237 0.7000000000002127 17.40069246270015 7.300000003061264 7.800000000133678 3.350214666126535 5.286683229761893
16600 2996.3481650203057 0 3.500000000027237 0.7000000000002127 17.40069246270015 7.300000003061264 7.800000000133678 3.350214666126535 5.286683229761893
16650 2996.3481650064946 0 3.5000000000263527 0.7 17.423353416868903 7.300000000420265 7.800000000476779 3.3502146661255505 5.286683229767394
16700 2996.3481650064946 0 3.5000000000263527 0.7 17.423353416868903 7.300000000420265 7.800000000476779 3.3502146661255505 5.286683229767394
16750 2996.348165004933 0 3.500000000044583 0.7000000000000671 17.385411481008667 7.300000000420265 7.800000000357284 3.3502146661197973 5.286683229759631
16800 2996.348165004933 0 3.500000000044583 0.7000000000000671 17.385411481008667 7.300000000420265 7.800000000357284 3.3502146661197973 5.286683229759631
16850 2996.348165004933 0 3.500000000044583 0.7000000000000671 17.385411481008667 7.300000000420265 7.800000000357284 3.3502146661197973 5.286683229759631
16900 2996.3481649954706 0 3.500000000015368 0.7 17.142920661267766 7.300000000739375 7.8 3.350214666121663 5.286683229770435
16950 2996.3481649954706 0 3.500000000015368 0.7 17.142920661267766 7.300000000739375 7.8 3.350214666121663 5.286683229770435
17000 2996.3481649954706 0 3.500000000015368 0.7 17.142920661267766 7.300000000739375 7.8 3.350214666121663 5.286683229770435
17050 2996.3481649954706 0 3.500000000015368 0.7 17.142920661267766 7.300000000739375 7.8 3.350214666121663 5.286683229770435
17100 2996.348164982228 0 3.500000000009534 0.7000000000000562 17.452280917000085 7.3 7.8 3.3502146661338 5.286683229758199
17150 2996.348164982228 0 3.500000000009534 0.7000000000000562 17.452280917000085 7.3 7.8 3.3502146661338 5.286683229758199
17200 2996.348164982228 0 3.500000000009534 0.7000000000000562 17.452280917000085 7.3 7.8 3.3502146661338 5.286683229758199
17250 2996.348164982228 0 3.500000000009534 0.7000000000000562 17.452280917000085 7.3 7.8 3.3502146661338 5.286683229758199
17300 2996.348164982228 0 3.500000000009534 0.7000000000000562 17.452280917000085 7.3 7.8 3.3502146661338 5.286683229758199
17350 2996.348164982228 0 3.500000000009534 0.7000000000000562 17.452280917000085 7.3 7.8 3.3502146661338 5.286683229758199
17400 2996.348164982228 0 3.500000000009534 0.7000000000000562 17.452280917000085 7.3 7.8 3.3502146661338 5.286683229758199
17450 2996.348164982228 0 3.500000000009534 0.7000000000000562 17.452280917000085 7.3 7.8 3.3502146661338 5.286683229758199
17500 2996.3481649814544 0 3.500000000009534 0.7000000000000562 17.366732272843603 7.300000000472981 7.8 3.3502146661144043 5.286683229758199
17550 2996.3481649814544 0 3.500000000009534 0.7000000000000562 17.366732272843603 7.300000000472981 7.8 3.3502146661144043 5.286683229758199
17600 2996.3481649814544 0 3.500000000009534 0.7000000000000562 17.366732272843603 7.300000000472981 7.8 3.3502146661144043 5.286683229758199
17650 2996.3481649814544 0 3.500000000009534 0.7000000000000562 17.366732272843603 7.300000000472981 7.8 3.3502146661144043 5.286683229758199
17700 2996.3481649814544 0 3.500000000009534 0.7000000000000562 17.366732272843603 7.300000000472981 7.8 3.3502146661144043 5.286683229758199
17750 2996.3481649814544 0 3.500000000009534 0.7000000000000562 17.366732272843603 7.300000000472981 7.8 3.3502146661144043 5.286683229758199
17800 2996.3481649814544 0 3.500000000009534 0.7000000000000562 17.366732272843603 7.300000000472981 7.8 3.3502146661144043 5.286683229758199
17850 2996.3481649802075 0 3.5000000000086398 0.7 17.182899261940015 7.300000000071023 7.8 3.3502146661149976 5.2866832297625255
17900 2996.348164979543 0 3.5000000000036477 0.700000000000192 17.03143657003256 7.3 7.800000000060905 3.3502146661026107 5.286683229767045
17950 2996.348164978795 0 3.5000000000060436 0.7 17 7.300000000117871 7.800000000003603 3.3502146661184864 5.286683229759735
18000 2996.348164978795 0 3.5000000000060436 0.7 17 7.300000000117871 7.800000000003603 3.3502146661184864 5.286683229759735
18050 2996.3481649755136 0 3.50000000000311 0.7000000000005161 17.06130852055885 7.300000000079631 7.8 3.3502146661001984 5.286683229760704
18100 2996.3481649755136 0 3.50000000000311 0.7000000000005161 17.06130852055885 7.300000000079631 7.8 3.3502146661001984 5.286683229760704
18150 2996.3481649755136 0 3.50000000000311 0.7000000000005161 17.06130852055885 7.300000000079631 7.8 3.3502146661001984 5.286683229760704
18200 2996.348164975451 0 3.500000000007805 0.7 17 7.3 7.800000000033314 3.350214666100921 5.286683229761036
18250 2996.348164975451 0 3.500000000007805 0.7 17 7.3 7.800000000033314 3.350214666100921 5.286683229761036
18300 2996.348164974585 0 3.500000000006623 0.7 17 7.300000000040551 7.800000000009985 3.350214666106965 5.286683229758226
18350 2996.348164974585 0 3.500000000006623 0.7 17 7.300000000040551 7.800000000009985 3.350214666106965 5.286683229758226
18400 2996.348164974585 0 3.500000000006623 0.7 17 7.300000000040551 7.800000000009985 3.350214666106965 5.286683229758226
18450 2996.348164973667 0 3.500000000001948 0.7 17.12079183243087 7.300000000063037 7.8 3.350214666105515 5.286683229760284
18500 2996.3481649723262 0 3.5000000000025175 0.7 17.144260599243538 7.300000000037822 7.8 3.3502146661014147 5.2866832297598165
18550 2996.3481649723262 0 3.5000000000025175 0.7 17.144260599243538 7.300000000037822 7.8 3.3502146661014147 5.2866832297598165
18600 2996.3481649723262 0 3.5000000000025175 0.7 17.144260599243538 7.300000000037822 7.8 3.3502146661014147 5.2866832297598165
18650 2996.3481649723262 0 3.5000000000025175 0.7 17.144260599243538 7.300000000037822 7.8 3.3502146661014147 5.2866832297598165
18700 2996.3481649721707 0 3.5000000000033182 0.7 17.1823335195904 7.300000000012765 7.8 3.3502146661018997 5.28668322975923
18750 2996.3481649721707 0 3.5000000000033182 0.7 17.1823335195904 7.300000000012765 7.8 3.3502146661018997 5.28668322975923
18800 2996.3481649721707 0 3.5000000000033182 0.7 17.1823335195904 7.300000000012765 7.8 3.3502146661018997 5.28668322975923
18850 2996.348164971324 0 3.500000000003017 0.7 17.112680394451658 7.300000000094424 7.800000000005991 3.3502146660987795 5.286683229757997
18900 2996.348164971324 0 3.500000000003017 0.7 17.112680394451658 7.300000000094424 7.800000000005991 3.3502146660987795 5.286683229757997
18950 2996.348164971324 0 3.500000000003017 0.7 17.112680394451658 7.300000000094424 7.800000000005991 3.3502146660987795 5.286683229757997
19000 2996.3481649707687 0 3.5 0.7 17.10657412757009 7.3 7.8 3.3502146660979366 5.28668322976084
19050 2996.3481649707687 0 3.5 0.7 17.10657412757009 7.3 7.8 3.3502146660979366 5.28668322976084
19100 2996.3481649707687 0 3.5 0.7 17.10657412757009 7.3 7.8 3.3502146660979366 5.28668322976084
19150 2996.3481649707687 0 3.5 0.7 17.10657412757009 7.3 7.8 3.3502146660979366 5.28668322976084
19200 2996.3481649707687 0 3.5 0.7 17.10657412757009 7.3 7.8 3.3502146660979366 5.28668322976084
19250 2996.3481649707687 0 3.5 0.7 17.10657412757009 7.3 7.8 3.3502146660979366 5.28668322976084
19300 2996.3481649707687 0 3.500000000000232 0.7000000000000299 17.135444148177793 7.3 7.8 3.3502146661012326 5.286683229759163
19350 2996.3481649707687 0 3.500000000000232 0.7000000000000299 17.135444148177793 7.3 7.8 3.3502146661012326 5.286683229759163
19400 2996.3481649707687 0 3.500000000000232 0.7000000000000299 17.135444148177793 7.3 7.8 3.3502146661012326 5.286683229759163
19450 2996.3481649707687 0 3.500000000000232 0.7000000000000299 17.135444148177793 7.3 7.8 3.3502146661012326 5.286683229759163
19500 2996.3481649707687 0 3.500000000000232 0.7000000000000299 17.135444148177793 7.3 7.8 3.3502146661012326 5.286683229759163
19550 2996.3481649700225 0 3.500000000001948 0.700000000000041 17.284090963855174 7.3 7.800000000003334 3.350214666096471 5.286683229758643
19600 2996.3481649700225 0 3.500000000001948 0.700000000000041 17.284090963855174 7.3 7.800000000003334 3.350214666096471 5.286683229758643
19650 2996.3481649700225 0 3.500000000001948 0.700000000000041 17.284090963855174 7.3 7.800000000003334 3.350214666096471 5.286683229758643
19700 2996.3481649700225 0 3.500000000001948 0.700000000000041 17.284090963855174 7.3 7.800000000003334 3.350214666096471 5.286683229758643
19750 2996.3481649700225 0 3.500000000001948 0.700000000000041 17.284090963855174 7.3 7.800000000003334 3.350214666096471 5.286683229758643
19800 2996.3481649700225 0 3.500000000001948 0.700000000000041 17.284090963855174 7.3 7.800000000003334 3.350214666096471 5.286683229758643
19850 2996.348164969996 0 3.5000000000006066 0.7000000000001174 17 7.3 7.800000000006084 3.350214666098054 5.286683229758159
19900 2996.348164969996 0 3.5000000000006066 0.7000000000001174 17 7.3 7.800000000006084 3.350214666098054 5.286683229758159
19950 2996.348164969996 0 3.5000000000006066 0.7000000000001174 17 7.3 7.800000000006084 3.350214666098054 5.286683229758159
20000 2996.348164969996 0 3.5000000000006066 0.7000000000001174 17 7.3 7.800000000006084 3.350214666098054 5.286683229758159
20050 2996.34816496991 0 3.5000000000018576 0.7000000000000256 17 7.300000000025005 7.8 3.35021466609729 5.286683229758073
20100 2996.34816496991 0 3.5000000000018576 0.7000000000000256 17 7.300000000025005 7.8 3.35021466609729 5.286683229758073
20150 2996.348164969726 0 3.500000000000598 0.7000000000000232 17 7.300000000022254 7.8 3.3502146660970706 5.286683229758705
20200 2996.348164969411 0 3.5000000000003992 0.7000000000000138 17.185677903176877 7.300000000003652 7.8 3.3502146660981147 5.286683229758238
20250 2996.348164969411 0 3.5000000000003992 0.7000000000000138 17.185677903176877 7.300000000003652 7.8 3.3502146660981147 5.286683229758238
20300 2996.348164969411 0 3.5000000000003992 0.7000000000000138 17.185677903176877 7.300000000003652 7.8 3.3502146660981147 5.286683229758238
20350 2996.348164969411 0 3.5000000000003992 0.7000000000000138 17.185677903176877 7.300000000003652 7.8 3.3502146660981147 5.286683229758238
20400 2996.3481649690943 0 3.500000000000659 0.7000000000000229 17.123898252392085 7.300000000004708 7.8 3.3502146660966967 5.286683229758068
20450 2996.3481649690943 0 3.500000000000659 0.7000000000000229 17.123898252392085 7.300000000004708 7.8 3.3502146660966967 5.286683229758068
20500 2996.3481649690943 0 3.500000000000659 0.7000000000000229 17.123898252392085 7.300000000004708 7.8 3.3502146660966967 5.286683229758068
20550 2996.3481649690943 0 3.500000000000659 0.7000000000000229 17.123898252392085 7.300000000004708 7.8 3.3502146660966967 5.286683229758068
20600 2996.3481649690943 0 3.500000000000659 0.7000000000000229 17.123898252392085 7.300000000004708 7.8 3.3502146660966967 5.286683229758068
20650 2996.3481649690943 0 3.500000000000659 0.7000000000000229 17.123898252392085 7.300000000004708 7.8 3.3502146660966967 5.286683229758068
20700 2996.3481649690057 0 3.500000000000141 0.7000000000000021 17 7.3 7.8000000000007566 3.350214666097362 5.28668322975817
20750 2996.3481649690057 0 3.500000000000141 0.7000000000000021 17 7.3 7.8000000000007566 3.350214666097362 5.28668322975817
20800 2996.3481649690057 0 3.500000000000141 0.7000000000000021 17 7.3 7.8000000000007566 3.350214666097362 5.28668322975817
20850 2996.3481649690057 0 3.500000000000141 0.7000000000000021 17 7.3 7.8000000000007566 3.350214666097362 5.28668322975817
20900 2996.348164968967 0 3.500000000000368 0.7000000000000044 17.041931858907375 7.3 7.800000000006345 3.3502146660967504 5.286683229758005
20950 2996.348164968967 0 3.500000000000368 0.7000000000000044 17.041931858907375 7.3 7.800000000006345 3.3502146660967504 5.286683229758005
21000 2996.3481649688256 0 3.5000000000002576 0.7000000000000112 17 7.300000000000393 7.8 3.350214666096973 5.2866832297579265
21050 2996.3481649688256 0 3.5000000000002576 0.7000000000000112 17 7.300000000000393 7.8 3.350214666096973 5.2866832297579265
21100 2996.3481649688256 0 3.5000000000002576 0.7000000000000112 17 7.300000000000393 7.8 3.350214666096973 5.2866832297579265
21150 2996.3481649688106 0 3.5000000000002442 0.700000000000016 17 7.3 7.8 3.350214666096506 5.286683229758069
21200 2996.3481649688106 0 3.5000000000002442 0.700000000000016 17 7.3 7.8 3.350214666096506 5.286683229758069
21250 2996.3481649688106 0 3.5000000000002442 0.700000000000016 17 7.3 7.8 3.350214666096506 5.286683229758069
21300 2996.3481649688106 0 3.5000000000002442 0.700000000000016 17 7.3 7.8 3.350214666096506 5.286683229758069
21350 2996.348164968757 0 3.5000000000001266 0.7000000000000048 17.328237406467565 7.300000000005194 7.800000000000119 3.3502146660966425 5.286683229758006
21400 2996.348164968757 0 3.5000000000001266 0.7000000000000048 17.328237406467565 7.300000000005194 7.800000000000119 3.3502146660966425 5.286683229758006
21450 2996.348164968757 0 3.5000000000001266 0.7000000000000048 17.328237406467565 7.300000000005194 7.800000000000119 3.3502146660966425 5.286683229758006
21500 2996.348164968757 0 3.5000000000001266 0.7000000000000048 17.328237406467565 7.300000000005194 7.800000000000119 3.3502146660966425 5.286683229758006
21550 2996.348164968708 0 3.5000000000001674 0.7000000000000083 17.07505104827212 7.300000000000797 7.800000000000585 3.350214666096492 5.286683229757985
21600 2996.348164968708 0 3.5000000000001674 0.7000000000000083 17.07505104827212 7.300000000000797 7.800000000000585 3.350214666096492 5.286683229757985
21650 2996.348164968708 0 3.5000000000001674 0.7000000000000083 17.07505104827212 7.300000000000797 7.800000000000585 3.350214666096492 5.286683229757985
21700 2996.348164968708 0 3.5000000000001674 0.7000000000000083 17.07505104827212 7.300000000000797 7.800000000000585 3.350214666096492 5.286683229757985
21750 2996.348164968708 0 3.5000000000001674 0.7000000000000083 17.07505104827212 7.300000000000797 7.800000000000585 3.350214666096492 5.286683229757985
21800 2996.348164968708 0 3.5000000000001674 0.7000000000000083 17.07505104827212 7.300000000000797 7.800000000000585 3.350214666096492 5.286683229757985
21850 2996.3481649686696 0 3.5000000000001186 0.7 17 7.300000000006643 7.800000000000491 3.350214666096525 5.286683229757923
21900 2996.3481649686696 0 3.5000000000001186 0.7 17 7.300000000006643 7.800000000000491 3.350214666096525 5.286683229757923
21950 2996.3481649686696 0 3.5000000000001186 0.7 17 7.300000000006643 7.800000000000491 3.350214666096525 5.286683229757923
22000 2996.3481649686064 0 3.5000000000000506 0.7 17 7.3 7.8 3.350214666096536 5.28668322975797
22050 2996.3481649686064 0 3.5000000000000506 0.7 17 7.3 7.8 3.350214666096536 5.28668322975797
22100 2996.3481649685996 0 3.500000000000037 0.7 17.0 7.3 7.8 3.3502146660964938 5.286683229757985
22150 2996.3481649685996 0 3.500000000000037 0.7 17.0 7.3 7.8 3.3502146660964938 5.286683229757985
22200 2996.3481649685996 0 3.500000000000037 0.7 17.0 7.3 7.8 3.3502146660964938 5.286683229757985
22250 2996.3481649685996 0 3.500000000000037 0.7 17.0 7.3 7.8 3.3502146660964938 5.286683229757985
22300 2996.3481649685996 0 3.500000000000037 0.7 17.0 7.3 7.8 3.3502146660964938 5.286683229757985
22350 2996.3481649685905 0 3.500000000000035 0.7000000000000016 17.067598931074073 7.30000000000038 7.800000000000062 3.3502146660965084 5.286683229757946
22400 2996.348164968589 0 3.500000000000042 0.7 17.075220338831226 7.3 7.800000000000244 3.350214666096524 5.286683229757945
22450 2996.3481649685646 0 3.5000000000000244 0.7 17 7.3 7.8 3.350214666096511 5.28668322975793
22500 2996.3481649685646 0 3.5000000000000244 0.7 17 7.3 7.8 3.350214666096511 5.28668322975793
22550 2996.3481649685646 0 3.5000000000000244 0.7 17 7.3 7.8 3.350214666096511 5.28668322975793
22600 2996.348164968561 0 3.5000000000000027 0.7 17.03677274873351 7.3 7.8 3.35021466609652 5.286683229757934
22650 2996.348164968561 0 3.5000000000000027 0.7 17.03677274873351 7.3 7.8 3.35021466609652 5.286683229757934
22700 2996.3481649685586 0 3.5000000000000324 0.7000000000000008 17.332007929411464 7.3 7.800000000000054 3.3502146660964827 5.286683229757919
22750 2996.3481649685586 0 3.5000000000000324 0.7000000000000008 17.332007929411464 7.3 7.800000000000054 3.3502146660964827 5.286683229757919
22800 2996.3481649685536 0 3.500000000000009 0.7000000000000001 17.06574177235299 7.300000000000137 7.800000000000097 3.350214666096452 5.28668322975794
22850 2996.3481649685527 0 3.500000000000004 0.7 17.01916896845203 7.3 7.800000000000129 3.3502146660964764 5.286683229757934
22900 2996.3481649685527 0 3.500000000000004 0.7 17.01916896845203 7.3 7.800000000000129 3.3502146660964764 5.286683229757934
22950 2996.3481649685527 0 3.500000000000004 0.7 17.01916896845203 7.3 7.800000000000129 3.3502146660964764 5.286683229757934
23000 2996.3481649685527 0 3.500000000000004 0.7 17.01916896845203 7.3 7.800000000000129 3.3502146660964764 5.286683229757934
23050 2996.348164968539 0 3.5000000000000155 0.7 17.047014939062 7.3 7.8 3.3502146660964542 5.2866832297579185
23100 2996.348164968539 0 3.5000000000000155 0.7 17.047014939062 7.3 7.8 3.3502146660964542 5.2866832297579185
23150 2996.348164968539 0 3.5000000000000155 0.7 17.047014939062 7.3 7.8 3.3502146660964542 5.2866832297579185
23200 2996.348164968539 0 3.500000000000009 0.7 17 7.30000000000022 7.800000000000049 3.3502146660964516 5.28668322975792
23250 2996.348164968539 0 3.500000000000009 0.7 17 7.30000000000022 7.800000000000049 3.3502146660964516 5.28668322975792
23300 2996.348164968539 0 3.500000000000009 0.7 17 7.30000000000022 7.800000000000049 3.3502146660964516 5.28668322975792
23350 2996.348164968539 0 3.500000000000009 0.7 17 7.30000000000022 7.800000000000049 3.3502146660964516 5.28668322975792
23400 2996.348164968539 0 3.500000000000009 0.7 17 7.30000000000022 7.800000000000049 3.3502146660964516 5.28668322975792
23450 2996.3481649685373 0 3.500000000000006 0.7 17.128766277368133 7.300000000000069 7.800000000000028 3.3502146660964573 5.2866832297579185
23500 2996.3481649685373 0 3.500000000000006 0.7 17.128766277368133 7.300000000000069 7.800000000000028 3.3502146660964573 5.2866832297579185
23550 2996.3481649685373 0 3.500000000000006 0.7 17.128766277368133 7.300000000000069 7.800000000000028 3.3502146660964573 5.2866832297579185
23600 2996.3481649685373 0 3.500000000000006 0.7 17.128766277368133 7.300000000000069 7.800000000000028 3.3502146660964573 5.2866832297579185
23650 2996.348164968537 0 3.500000000000012 0.7 17 7.300000000000026 7.800000000000029 3.3502146660964542 5.286683229757917
23700 2996.348164968537 0 3.500000000000012 0.7 17 7.300000000000026 7.800000000000029 3.3502146660964542 5.286683229757917
23750 2996.348164968537 0 3.500000000000012 0.7 17 7.300000000000026 7.800000000000029 3.3502146660964542 5.286683229757917
23800 2996.348164968537 0 3.500000000000012 0.7 17 7.300000000000026 7.800000000000029 3.3502146660964542 5.286683229757917
23850 2996.348164968534 0 3.500000000000008 0.7 17 7.3 7.8 3.3502146660964502 5.286683229757918
23900 2996.348164968534 0 3.500000000000008 0.7 17 7.3 7.8 3.3502146660964502 5.286683229757918
23950 2996.3481649685336 0 3.500000000000002 0.7 17.0 7.300000000000055 7.800000000000027 3.3502146660964507 5.286683229757918
24000 2996.3481649685336 0 3.500000000000002 0.7 17.0 7.300000000000055 7.800000000000027 3.3502146660964507 5.286683229757918
24050 2996.3481649685336 0 3.500000000000002 0.7 17.0 7.300000000000055 7.800000000000027 3.3502146660964507 5.286683229757918
24100 2996.3481649685336 0 3.500000000000002 0.7 17.0 7.300000000000055 7.800000000000027 3.3502146660964507 5.286683229757918
24150 2996.3481649685336 0 3.500000000000002 0.7 17.0 7.300000000000055 7.800000000000027 3.3502146660964507 5.286683229757918
24200 2996.3481649685323 0 3.5000000000000018 0.7 17 7.3 7.800000000000014 3.3502146660964502 5.286683229757918
24250 2996.3481649685323 0 3.5000000000000018 0.7 17 7.3 7.800000000000014 3.3502146660964502 5.286683229757918
24300 2996.3481649685323 0 3.5000000000000018 0.7 17 7.3 7.800000000000014 3.3502146660964502 5.286683229757918
24350 2996.3481649685323 0 3.5000000000000018 0.7 17 7.3 7.800000000000014 3.3502146660964502 5.286683229757918
24400 2996.348164968531 0 3.4999999999999996 0.7 17.03228488193686 7.300000000000011 7.800000000000019 3.3502146660964494 5.286683229757918
24450 2996.348164968531 0 3.4999999999999996 0.7 17.03228488193686 7.300000000000011 7.800000000000019 3.3502146660964494 5.286683229757918
24500 2996.348164968531 0 3.4999999999999996 0.7 17.03228488193686 7.300000000000011 7.800000000000019 3.3502146660964494 5.286683229757918
24550 2996.348164968531 0 3.4999999999999996 0.7 17.03228488193686 7.300000000000011 7.800000000000019 3.3502146660964494 5.286683229757918
24600 2996.348164968531 0 3.4999999999999996 0.7 17.03228488193686 7.300000000000011 7.800000000000019 3.3502146660964494 5.286683229757918
24650 2996.348164968531 0 3.4999999999999996 0.7 17.03228488193686 7.300000000000011 7.800000000000019 3.3502146660964494 5.286683229757918
24700 2996.348164968531 0 3.4999999999999996 0.7 17.03228488193686 7.300000000000011 7.800000000000019 3.3502146660964494 5.286683229757918
24750 2996.3481649685305 0 3.4999999999999996 0.7 17.015994651396486 7.3000000000000105 7.8 3.350214666096449 5.286683229757918
24800 2996.3481649685305 0 3.4999999999999996 0.7 17.015994651396486 7.3000000000000105 7.8 3.350214666096449 5.286683229757918
24850 2996.3481649685305 0 3.4999999999999996 0.7 17.015994651396486 7.3000000000000105 7.8 3.350214666096449 5.286683229757918
24900 2996.3481649685305 0 3.4999999999999996 0.7 17.015994651396486 7.3000000000000105 7.8 3.350214666096449 5.286683229757918
24950 2996.3481649685305 0 3.4999999999999996 0.7 17.015994651396486 7.3000000000000105 7.8 3.350214666096449 5.286683229757918
25000 2996.3481649685305 0 3.4999999999999996 0.7 17.015994651396486 7.3000000000000105 7.8 3.350214666096449 5.286683229757918
25050 2996.3481649685305 0 3.4999999999999996 0.7 17.015994651396486 7.3000000000000105 7.8 3.350214666096449 5.286683229757918
25100 2996.3481649685295 0 3.4999999999999996 0.7 17.13349940880217 7.3 7.800000000000002 3.3502146660964476 5.286683229757917
25150 2996.3481649685295 0 3.4999999999999996 0.7 17.13349940880217 7.3 7.800000000000002 3.3502146660964476 5.286683229757917
25200 2996.3481649685295 0 3.4999999999999996 0.7 17.13349940880217 7.3 7.800000000000002 3.3502146660964476 5.286683229757917
25250 2996.3481649685295 0 3.4999999999999996 0.7 17.13349940880217 7.3 7.800000000000002 3.3502146660964476 5.286683229757917
25300 2996.3481649685295 0 3.4999999999999996 0.7 17.13349940880217 7.3 7.800000000000002 3.3502146660964476 5.286683229757917
25350 2996.3481649685295 0 3.4999999999999996 0.7 17.13349940880217 7.3 7.800000000000002 3.3502146660964476 5.286683229757917
25400 2996.3481649685295 0 3.4999999999999996 0.7 17.13349940880217 7.3 7.800000000000002 3.3502146660964476 5.286683229757917
25450 2996.3481649685295 0 3.4999999999999996 0.7 17.13349940880217 7.3 7.800000000000002 3.3502146660964476 5.286683229757917
25500 2996.3481649685295 0 3.4999999999999996 0.7 17.13349940880217 7.3 7.800000000000002 3.3502146660964476 5.286683229757917
25550 2996.3481649685295 0 3.4999999999999996 0.7 17.13349940880217 7.3 7.800000000000002 3.3502146660964476 5.286683229757917
25600 2996.3481649685295 0 3.4999999999999996 0.7 17.13349940880217 7.3 7.800000000000002 3.3502146660964476 5.286683229757917
25650 2996.3481649685295 0 3.4999999999999996 0.7 17.13349940880217 7.3 7.800000000000002 3.3502146660964476 5.286683229757917
25700 2996.3481649685295 0 3.4999999999999996 0.7 17.13349940880217 7.3 7.800000000000002 3.3502146660964476 5.286683229757917
25750 2996.3481649685295 0 3.4999999999999996 0.7 17.13349940880217 7.3 7.800000000000002 3.3502146660964476 5.286683229757917
25800 2996.3481649685295 0 3.4999999999999996 0.7 17.13349940880217 7.3 7.800000000000002 3.3502146660964476 5.286683229757917
25850 2996.3481649685295 0 3.4999999999999996 0.7 17.13349940880217 7.3 7.800000000000002 3.3502146660964476 5.286683229757917
25900 2996.3481649685295 0 3.4999999999999996 0.7 17.13349940880217 7.3 7.800000000000002 3.3502146660964476 5.286683229757917
25950 2996.3481649685295 0 3.4999999999999996 0.7 17 7.300000000000007 7.8 3.3502146660964476 5.286683229757917
26000 2996.3481649685295 0 3.4999999999999996 0.7 17 7.300000000000007 7.8 3.3502146660964476 5.286683229757917
26050 2996.3481649685295 0 3.4999999999999996 0.7 17 7.300000000000007 7.8 3.3502146660964476 5.286683229757917
26100 2996.3481649685295 0 3.4999999999999996 0.7 17 7.300000000000007 7.8 3.3502146660964476 5.286683229757917
26150 2996.3481649685295 0 3.4999999999999996 0.7 17 7.300000000000007 7.8 3.3502146660964476 5.286683229757917
26200 2996.3481649685295 0 3.4999999999999996 0.7 17 7.300000000000007 7.8 3.3502146660964476 5.286683229757917
26250 2996.3481649685295 0 3.4999999999999996 0.7 17 7.300000000000007 7.8 3.3502146660964476 5.286683229757917
26300 2996.3481649685295 0 3.4999999999999996 0.7 17 7.300000000000007 7.8 3.3502146660964476 5.286683229757917
26350 2996.3481649685295 0 3.4999999999999996 0.7 17 7.300000000000007 7.8 3.3502146660964476 5.286683229757917
26400 2996.3481649685295 0 3.4999999999999996 0.7 17 7.300000000000007 7.8 3.3502146660964476 5.286683229757917
26450 2996.3481649685295 0 3.4999999999999996 0.7 17 7.300000000000007 7.8 3.3502146660964476 5.286683229757917
26500 2996.3481649685295 0 3.4999999999999996 0.7 17.12338165049965 7.30000000000002 7.800000000000002 3.3502146660964476 5.286683229757917
26550 2996.3481649685295 0 3.4999999999999996 0.7 17.12338165049965 7.30000000000002 7.800000000000002 3.3502146660964476 5.286683229757917
26600 2996.3481649685295 0 3.4999999999999996 0.7 17.12338165049965 7.30000000000002 7.800000000000002 3.3502146660964476 5.286683229757917
26650 2996.3481649685295 0 3.4999999999999996 0.7 17.12338165049965 7.30000000000002 7.800000000000002 3.3502146660964476 5.286683229757917
26700 2996.3481649685295 0 3.4999999999999996 0.7 17.12338165049965 7.30000000000002 7.800000000000002 3.3502146660964476 5.286683229757917
26750 2996.3481649685295 0 3.4999999999999996 0.7 17.12338165049965 7.30000000000002 7.800000000000002 3.3502146660964476 5.286683229757917
26800 2996.3481649685295 0 3.4999999999999996 0.7 17.12338165049965 7.30000000000002 7.800000000000002 3.3502146660964476 5.286683229757917
26850 2996.3481649685295 0 3.4999999999999996 0.7 17.12338165049965 7.30000000000002 7.800000000000002 3.3502146660964476 5.286683229757917
26900 2996.3481649685295 0 3.4999999999999996 0.7 17.12338165049965 7.30000000000002 7.800000000000002 3.3502146660964476 5.286683229757917
26950 2996.3481649685295 0 3.4999999999999996 0.7 17.12338165049965 7.30000000000002 7.800000000000002 3.3502146660964476 5.286683229757917
27000 2996.3481649685295 0 3.4999999999999996 0.7 17.12338165049965 7.30000000000002 7.800000000000002 3.3502146660964476 5.286683229757917
27050 2996.3481649685295 0 3.4999999999999996 0.7 17.12338165049965 7.30000000000002 7.800000000000002 3.3502146660964476 5.286683229757917
27100 2996.3481649685295 0 3.4999999999999996 0.7 17.12338165049965 7.30000000000002 7.800000000000002 3.3502146660964476 5.286683229757917
27150 2996.3481649685295 0 3.4999999999999996 0.7 17.12338165049965 7.30000000000002 7.800000000000002 3.3502146660964476 5.286683229757917
27200 2996.3481649685295 0 3.4999999999999996 0.7 17.12338165049965 7.30000000000002 7.800000000000002 3.3502146660964476 5.286683229757917
27250 2996.3481649685295 0 3.4999999999999996 0.7 17.12338165049965 7.30000000000002 7.800000000000002 3.3502146660964476 5.286683229757917
27300 2996.3481649685295 0 3.4999999999999996 0.7 17.12338165049965 7.30000000000002 7.800000000000002 3.3502146660964476 5.286683229757917
27350 2996.3481649685295 0 3.4999999999999996 0.7 17.12338165049965 7.30000000000002 7.800000000000002 3.3502146660964476 5.286683229757917
27400 2996.3481649685295 0 3.4999999999999996 0.7 17.12338165049965 7.30000000000002 7.800000000000002 3.3502146660964476 5.286683229757917
27450 2996.3481649685295 0 3.4999999999999996 0.7 17.12338165049965 7.30000000000002 7.800000000000002 3.3502146660964476 5.286683229757917
27500 2996.3481649685295 0 3.4999999999999996 0.7 17.12338165049965 7.30000000000002 7.800000000000002 3.3502146660964476 5.286683229757917
27550 2996.3481649685295 0 3.4999999999999996 0.7 17.12338165049965 7.30000000000002 7.800000000000002 3.3502146660964476 5.286683229757917
27600 2996.3481649685295 0 3.4999999999999996 0.7 17.12338165049965 7.30000000000002 7.800000000000002 3.3502146660964476 5.286683229757917
27650 2996.3481649685295 0 3.4999999999999996 0.7 17.12338165049965 7.30000000000002 7.800000000000002 3.3502146660964476 5.286683229757917
27700 2996.3481649685295 0 3.4999999999999996 0.7 17.12338165049965 7.30000000000002 7.800000000000002 3.3502146660964476 5.286683229757917
27750 2996.3481649685295 0 3.4999999999999996 0.7 17.12338165049965 7.30000000000002 7.800000000000002 3.3502146660964476 5.286683229757917
27800 2996.3481649685295 0 3.4999999999999996 0.7 17.12338165049965 7.30000000000002 7.800000000000002 3.3502146660964476 5.286683229757917
27850 2996.3481649685295 0 3.4999999999999996 0.7 17.12338165049965 7.30000000000002 7.800000000000002 3.3502146660964476 5.286683229757917
27900 2996.3481649685295 0 3.4999999999999996 0.7 17.12338165049965 7.30000000000002 7.800000000000002 3.3502146660964476 5.286683229757917
27950 2996.3481649685295 0 3.4999999999999996 0.7 17.12338165049965 7.30000000000002 7.800000000000002 3.3502146660964476 5.286683229757917
28000 2996.3481649685295 0 3.4999999999999996 0.7 17.12338165049965 7.30000000000002 7.800000000000002 3.3502146660964476 5.286683229757917
28050 2996.3481649685295 0 3.4999999999999996 0.7 17.12338165049965 7.30000000000002 7.800000000000002 3.3502146660964476 5.286683229757917
28100 2996.3481649685295 0 3.4999999999999996 0.7 17.12338165049965 7.30000000000002 7.800000000000002 3.3502146660964476 5.286683229757917
28150 2996.3481649685295 0 3.4999999999999996 0.7 17.12338165049965 7.30000000000002 7.800000000000002 3.3502146660964476 5.286683229757917
28200 2996.3481649685295 0 3.4999999999999996 0.7 17.12338165049965 7.30000000000002 7.800000000000002 3.3502146660964476 5.286683229757917
28250 2996.3481649685295 0 3.4999999999999996 0.7 17.12338165049965 7.30000000000002 7.800000000000002 3.3502146660964476 5.286683229757917
28300 2996.3481649685295 0 3.4999999999999996 0.7 17.12338165049965 7.30000000000002 7.800000000000002 3.3502146660964476 5.286683229757917
28350 2996.3481649685295 0 3.4999999999999996 0.7 17.12338165049965 7.30000000000002 7.800000000000002 3.3502146660964476 5.286683229757917
28400 2996.3481649685295 0 3.4999999999999996 0.7 17.12338165049965 7.30000000000002 7.800000000000002 3.3502146660964476 5.286683229757917
28450 2996.3481649685295 0 3.4999999999999996 0.7 17.12338165049965 7.30000000000002 7.800000000000002 3.3502146660964476 5.286683229757917
28500 2996.3481649685295 0 3.4999999999999996 0.7 17.12338165049965 7.30000000000002 7.800000000000002 3.3502146660964476 5.286683229757917
28550 2996.3481649685295 0 3.4999999999999996 0.7 17.12338165049965 7.30000000000002 7.800000000000002 3.3502146660964476 5.286683229757917
28600 2996.3481649685295 0 3.4999999999999996 0.7 17.12338165049965 7.30000000000002 7.800000000000002 3.3502146660964476 5.286683229757917
28650 2996.3481649685295 0 3.4999999999999996 0.7 17.12338165049965 7.30000000000002 7.800000000000002 3.3502146660964476 5.286683229757917
28700 2996.3481649685295 0 3.4999999999999996 0.7 17.12338165049965 7.30000000000002 7.800000000000002 3.3502146660964476 5.286683229757917
28750 2996.3481649685295 0 3.4999999999999996 0.7 17.12338165049965 7.30000000000002 7.800000000000002 3.3502146660964476 5.286683229757917
28800 2996.3481649685295 0 3.4999999999999996 0.7 17.12338165049965 7.30000000000002 7.800000000000002 3.3502146660964476 5.286683229757917
28850 2996.3481649685295 0 3.4999999999999996 0.7 17.12338165049965 7.30000000000002 7.800000000000002 3.3502146660964476 5.286683229757917
28900 2996.3481649685295 0 3.4999999999999996 0.7 17.12338165049965 7.30000000000002 7.800000000000002 3.3502146660964476 5.286683229757917
28950 2996.3481649685295 0 3.4999999999999996 0.7 17.12338165049965 7.30000000000002 7.800000000000002 3.3502146660964476 5.286683229757917
29000 2996.3481649685295 0 3.4999999999999996 0.7 17.12338165049965 7.30000000000002 7.800000000000002 3.3502146660964476 5.286683229757917
29050 2996.3481649685295 0 3.4999999999999996 0.7 17.12338165049965 7.30000000000002 7.800000000000002 3.3502146660964476 5.286683229757917
29100 2996.3481649685295 0 3.4999999999999996 0.7 17.12338165049965 7.30000000000002 7.800000000000002 3.3502146660964476 5.286683229757917
29150 2996.3481649685295 0 3.4999999999999996 0.7 17.12338165049965 7.30000000000002 7.800000000000002 3.3502146660964476 5.286683229757917
29200 2996.3481649685295 0 3.4999999999999996 0.7 17.12338165049965 7.30000000000002 7.800000000000002 3.3502146660964476 5.286683229757917
29250 2996.3481649685295 0 3.4999999999999996 0.7 17.12338165049965 7.30000000000002 7.800000000000002 3.3502146660964476 5.286683229757917
29300 2996.3481649685295 0 3.4999999999999996 0.7 17.12338165049965 7.30000000000002 7.800000000000002 3.3502146660964476 5.286683229757917
29350 2996.3481649685295 0 3.4999999999999996 0.7 17.12338165049965 7.30000000000002 7.800000000000002 3.3502146660964476 5.286683229757917
29400 2996.3481649685295 0 3.4999999999999996 0.7 17.12338165049965 7.30000000000002 7.800000000000002 3.3502146660964476 5.286683229757917
29450 2996.3481649685295 0 3.4999999999999996 0.7 17.12338165049965 7.30000000000002 7.800000000000002 3.3502146660964476 5.286683229757917
29500 2996.3481649685295 0 3.4999999999999996 0.7 17.12338165049965 7.30000000000002 7.800000000000002 3.3502146660964476 5.286683229757917
29550 2996.3481649685295 0 3.4999999999999996 0.7 17.12338165049965 7.30000000000002 7.800000000000002 3.3502146660964476 5.286683229757917
29600 2996.3481649685295 0 3.4999999999999996 0.7 17.12338165049965 7.30000000000002 7.800000000000002 3.3502146660964476 5.286683229757917
29650 2996.3481649685295 0 3.4999999999999996 0.7 17.12338165049965 7.30000000000002 7.800000000000002 3.3502146660964476 5.286683229757917
29700 2996.3481649685295 0 3.4999999999999996 0.7 17.12338165049965 7.30000000000002 7.800000000000002 3.3502146660964476 5.286683229757917
29750 2996.3481649685295 0 3.4999999999999996 0.7 17.12338165049965 7.30000000000002 7.800000000000002 3.3502146660964476 5.286683229757917
29800 2996.3481649685295 0 3.4999999999999996 0.7 17.12338165049965 7.30000000000002 7.800000000000002 3.3502146660964476 5.286683229757917
29850 2996.3481649685295 0 3.4999999999999996 0.7 17.12338165049965 7.30000000000002 7.800000000000002 3.3502146660964476 5.286683229757917
29900 2996.3481649685295 0 3.4999999999999996 0.7 17.12338165049965 7.30000000000002 7.800000000000002 3.3502146660964476 5.286683229757917
29950 2996.3481649685295 0 3.4999999999999996 0.7 17.12338165049965 7.30000000000002 7.800000000000002 3.3502146660964476 5.286683229757917
30000 2996.3481649685295 0 3.4999999999999996 0.7 17.12338165049965 7.30000000000002 7.800000000000002 3.3502146660964476 5.286683229757917
30050 2996.3481649685295 0 3.4999999999999996 0.7 17.12338165049965 7.30000000000002 7.800000000000002 3.3502146660964476 5.286683229757917
30100 2996.3481649685295 0 3.4999999999999996 0.7 17.12338165049965 7.30000000000002 7.800000000000002 3.3502146660964476 5.286683229757917
30150 2996.3481649685295 0 3.4999999999999996 0.7 17.12338165049965 7.30000000000002 7.800000000000002 3.3502146660964476 5.286683229757917
30200 2996.3481649685295 0 3.4999999999999996 0.7 17.12338165049965 7.30000000000002 7.800000000000002 3.3502146660964476 5.286683229757917
30250 2996.3481649685295 0 3.4999999999999996 0.7 17.12338165049965 7.30000000000002 7.800000000000002 3.3502146660964476 5.286683229757917
30300 2996.3481649685295 0 3.4999999999999996 0.7 17.12338165049965 7.30000000000002 7.800000000000002 3.3502146660964476 5.286683229757917
30350 2996.3481649685295 0 3.4999999999999996 0.7 17.12338165049965 7.30000000000002 7.800000000000002 3.3502146660964476 5.286683229757917
30400 2996.3481649685295 0 3.4999999999999996 0.7 17.12338165049965 7.30000000000002 7.800000000000002 3.3502146660964476 5.286683229757917
30450 2996.3481649685295 0 3.4999999999999996 0.7 17.12338165049965 7.30000000000002 7.800000000000002 3.3502146660964476 5.286683229757917
30500 2996.3481649685295 0 3.4999999999999996 0.7 17.12338165049965 7.30000000000002 7.800000000000002 3.3502146660964476 5.286683229757917
30550 2996.3481649685295 0 3.4999999999999996 0.7 17.12338165049965 7.30000000000002 7.800000000000002 3.3502146660964476 5.286683229757917
30600 2996.3481649685295 0 3.4999999999999996 0.7 17.12338165049965 7.30000000000002 7.800000000000002 3.3502146660964476 5.286683229757917
30650 2996.3481649685295 0 3.4999999999999996 0.7 17.12338165049965 7.30000000000002 7.800000000000002 3.3502146660964476 5.286683229757917
30700 2996.3481649685295 0 3.4999999999999996 0.7 17.12338165049965 7.30000000000002 7.800000000000002 3.3502146660964476 5.286683229757917
30750 2996.3481649685295 0 3.4999999999999996 0.7 17.12338165049965 7.30000000000002 7.800000000000002 3.3502146660964476 5.286683229757917
30800 2996.3481649685295 0 3.4999999999999996 0.7 17.12338165049965 7.30000000000002 7.800000000000002 3.3502146660964476 5.286683229757917
30850 2996.3481649685295 0 3.4999999999999996 0.7 17.12338165049965 7.30000000000002 7.800000000000002 3.3502146660964476 5.286683229757917
30900 2996.3481649685295 0 3.4999999999999996 0.7 17.12338165049965 7.30000000000002 7.800000000000002 3.3502146660964476 5.286683229757917
30950 2996.3481649685295 0 3.4999999999999996 0.7 17.12338165049965 7.30000000000002 7.800000000000002 3.3502146660964476 5.286683229757917
31000 2996.3481649685295 0 3.4999999999999996 0.7 17.12338165049965 7.30000000000002 7.800000000000002 3.3502146660964476 5.286683229757917
31050 2996.3481649685295 0 3.4999999999999996 0.7 17.12338165049965 7.30000000000002 7.800000000000002 3.3502146660964476 5.286683229757917
31100 2996.3481649685295 0 3.4999999999999996 0.7 17.12338165049965 7.30000000000002 7.800000000000002 3.3502146660964476 5.286683229757917
31150 2996.3481649685295 0 3.4999999999999996 0.7 17.12338165049965 7.30000000000002 7.800000000000002 3.3502146660964476 5.286683229757917
31200 2996.3481649685295 0 3.4999999999999996 0.7 17.12338165049965 7.30000000000002 7.800000000000002 3.3502146660964476 5.286683229757917
31250 2996.3481649685295 0 3.4999999999999996 0.7 17.12338165049965 7.30000000000002 7.800000000000002 3.3502146660964476 5.286683229757917
31300 2996.3481649685295 0 3.4999999999999996 0.7 17.12338165049965 7.30000000000002 7.800000000000002 3.3502146660964476 5.286683229757917
31350 2996.3481649685295 0 3.4999999999999996 0.7 17.12338165049965 7.30000000000002 7.800000000000002 3.3502146660964476 5.286683229757917
31400 2996.3481649685295 0 3.4999999999999996 0.7 17.12338165049965 7.30000000000002 7.800000000000002 3.3502146660964476 5.286683229757917
31450 2996.3481649685295 0 3.4999999999999996 0.7 17.12338165049965 7.30000000000002 7.800000000000002 3.3502146660964476 5.286683229757917
31500 2996.3481649685295 0 3.4999999999999996 0.7 17.12338165049965 7.30000000000002 7.800000000000002 3.3502146660964476 5.286683229757917
31550 2996.3481649685295 0 3.4999999999999996 0.7 17.12338165049965 7.30000000000002 7.800000000000002 3.3502146660964476 5.286683229757917
31600 2996.3481649685295 0 3.4999999999999996 0.7 17.12338165049965 7.30000000000002 7.800000000000002 3.3502146660964476 5.286683229757917
31650 2996.3481649685295 0 3.4999999999999996 0.7 17.12338165049965 7.30000000000002 7.800000000000002 3.3502146660964476 5.286683229757917
31700 2996.3481649685295 0 3.4999999999999996 0.7 17.12338165049965 7.30000000000002 7.800000000000002 3.3502146660964476 5.286683229757917
31750 2996.3481649685295 0 3.4999999999999996 0.7 17.12338165049965 7.30000000000002 7.800000000000002 3.3502146660964476 5.286683229757917
31800 2996.3481649685295 0 3.4999999999999996 0.7 17.12338165049965 7.30000000000002 7.800000000000002 3.3502146660964476 5.286683229757917
31850 2996.3481649685295 0 3.4999999999999996 0.7 17.12338165049965 7.30000000000002 7.800000000000002 3.3502146660964476 5.286683229757917
31900 2996.3481649685295 0 3.4999999999999996 0.7 17.12338165049965 7.30000000000002 7.800000000000002 3.3502146660964476 5.286683229757917
31950 2996.3481649685295 0 3.4999999999999996 0.7 17.12338165049965 7.30000000000002 7.800000000000002 3.3502146660964476 5.286683229757917
32000 2996.3481649685295 0 3.4999999999999996 0.7 17.12338165049965 7.30000000000002 7.800000000000002 3.3502146660964476 5.286683229757917
32050 2996.3481649685295 0 3.4999999999999996 0.7 17.12338165049965 7.30000000000002 7.800000000000002 3.3502146660964476 5.286683229757917
32100 2996.3481649685295 0 3.4999999999999996 0.7 17.12338165049965 7.30000000000002 7.800000000000002 3.3502146660964476 5.286683229757917
32150 2996.3481649685295 0 3.4999999999999996 0.7 17.12338165049965 7.30000000000002 7.800000000000002 3.3502146660964476 5.286683229757917
32200 2996.3481649685295 0 3.4999999999999996 0.7 17.12338165049965 7.30000000000002 7.800000000000002 3.3502146660964476 5.286683229757917
32250 2996.3481649685295 0 3.4999999999999996 0.7 17.12338165049965 7.30000000000002 7.800000000000002 3.3502146660964476 5.286683229757917
32300 2996.3481649685295 0 3.4999999999999996 0.7 17.12338165049965 7.30000000000002 7.800000000000002 3.3502146660964476 5.286683229757917
32350 2996.3481649685295 0 3.4999999999999996 0.7 17.12338165049965 7.30000000000002 7.800000000000002 3.3502146660964476 5.286683229757917
32400 2996.3481649685295 0 3.4999999999999996 0.7 17.12338165049965 7.30000000000002 7.800000000000002 3.3502146660964476 5.286683229757917
32450 2996.3481649685295 0 3.4999999999999996 0.7 17.12338165049965 7.30000000000002 7.800000000000002 3.3502146660964476 5.286683229757917
32500 2996.3481649685295 0 3.4999999999999996 0.7 17.12338165049965 7.30000000000002 7.800000000000002 3.3502146660964476 5.286683229757917
32550 2996.3481649685295 0 3.4999999999999996 0.7 17.12338165049965 7.30000000000002 7.800000000000002 3.3502146660964476 5.286683229757917
32600 2996.3481649685295 0 3.4999999999999996 0.7 17.12338165049965 7.30000000000002 7.800000000000002 3.3502146660964476 5.286683229757917
32650 2996.3481649685295 0 3.4999999999999996 0.7 17.12338165049965 7.30000000000002 7.800000000000002 3.3502146660964476 5.286683229757917
32700 2996.3481649685295 0 3.4999999999999996 0.7 17.12338165049965 7.30000000000002 7.800000000000002 3.3502146660964476 5.286683229757917
32750 2996.3481649685295 0 3.4999999999999996 0.7 17.12338165049965 7.30000000000002 7.800000000000002 3.3502146660964476 5.286683229757917
32800 2996.3481649685295 0 3.4999999999999996 0.7 17.12338165049965 7.30000000000002 7.800000000000002 3.3502146660964476 5.286683229757917
32850 2996.3481649685295 0 3.4999999999999996 0.7 17.12338165049965 7.30000000000002 7.800000000000002 3.3502146660964476 5.286683229757917
32900 2996.3481649685295 0 3.4999999999999996 0.7 17.12338165049965 7.30000000000002 7.800000000000002 3.3502146660964476 5.286683229757917
32950 2996.3481649685295 0 3.4999999999999996 0.7 17.12338165049965 7.30000000000002 7.800000000000002 3.3502146660964476 5.286683229757917
33000 2996.3481649685295 0 3.4999999999999996 0.7 17.12338165049965 7.30000000000002 7.800000000000002 3.3502146660964476 5.286683229757917
33050 2996.3481649685295 0 3.4999999999999996 0.7 17.12338165049965 7.30000000000002 7.800000000000002 3.3502146660964476 5.286683229757917
33100 2996.3481649685295 0 3.4999999999999996 0.7 17.12338165049965 7.30000000000002 7.800000000000002 3.3502146660964476 5.286683229757917
33150 2996.3481649685295 0 3.4999999999999996 0.7 17.12338165049965 7.30000000000002 7.800000000000002 3.3502146660964476 5.286683229757917
33200 2996.3481649685295 0 3.4999999999999996 0.7 17.12338165049965 7.30000000000002 7.800000000000002 3.3502146660964476 5.286683229757917
33250 2996.3481649685295 0 3.4999999999999996 0.7 17.12338165049965 7.30000000000002 7.800000000000002 3.3502146660964476 5.286683229757917
33300 2996.3481649685295 0 3.4999999999999996 0.7 17.12338165049965 7.30000000000002 7.800000000000002 3.3502146660964476 5.286683229757917
33350 2996.3481649685295 0 3.4999999999999996 0.7 17.12338165049965 7.30000000000002 7.800000000000002 3.3502146660964476 5.286683229757917
33400 2996.3481649685295 0 3.4999999999999996 0.7 17.12338165049965 7.30000000000002 7.800000000000002 3.3502146660964476 5.286683229757917
33450 2996.3481649685295 0 3.4999999999999996 0.7 17.12338165049965 7.30000000000002 7.800000000000002 3.3502146660964476 5.286683229757917
33500 2996.3481649685295 0 3.4999999999999996 0.7 17.12338165049965 7.30000000000002 7.800000000000002 3.3502146660964476 5.286683229757917
33550 2996.3481649685295 0 3.4999999999999996 0.7 17.12338165049965 7.30000000000002 7.800000000000002 3.3502146660964476 5.286683229757917
33600 2996.3481649685295 0 3.4999999999999996 0.7 17.12338165049965 7.30000000000002 7.800000000000002 3.3502146660964476 5.286683229757917
33650 2996.3481649685295 0 3.4999999999999996 0.7 17.12338165049965 7.30000000000002 7.800000000000002 3.3502146660964476 5.286683229757917
33700 2996.3481649685295 0 3.4999999999999996 0.7 17.12338165049965 7.30000000000002 7.800000000000002 3.3502146660964476 5.286683229757917
33750 2996.3481649685295 0 3.4999999999999996 0.7 17.12338165049965 7.30000000000002 7.800000000000002 3.3502146660964476 5.286683229757917
33800 2996.3481649685295 0 3.4999999999999996 0.7 17.12338165049965 7.30000000000002 7.800000000000002 3.3502146660964476 5.286683229757917
33850 2996.3481649685295 0 3.4999999999999996 0.7 17.12338165049965 7.30000000000002 7.800000000000002 3.3502146660964476 5.286683229757917
33900 2996.3481649685295 0 3.4999999999999996 0.7 17.12338165049965 7.30000000000002 7.800000000000002 3.3502146660964476 5.286683229757917
33950 2996.3481649685295 0 3.4999999999999996 0.7 17.12338165049965 7.30000000000002 7.800000000000002 3.3502146660964476 5.286683229757917
34000 2996.3481649685295 0 3.4999999999999996 0.7 17.12338165049965 7.30000000000002 7.800000000000002 3.3502146660964476 5.286683229757917
34050 2996.3481649685295 0 3.4999999999999996 0.7 17.12338165049965 7.30000000000002 7.800000000000002 3.3502146660964476 5.286683229757917
34100 2996.3481649685295 0 3.4999999999999996 0.7 17.12338165049965 7.30000000000002 7.800000000000002 3.3502146660964476 5.286683229757917
34150 2996.3481649685295 0 3.4999999999999996 0.7 17.12338165049965 7.30000000000002 7.800000000000002 3.3502146660964476 5.286683229757917
34200 2996.3481649685295 0 3.4999999999999996 0.7 17.12338165049965 7.30000000000002 7.800000000000002 3.3502146660964476 5.286683229757917
34250 2996.3481649685295 0 3.4999999999999996 0.7 17.12338165049965 7.30000000000002 7.800000000000002 3.3502146660964476 5.286683229757917
34300 2996.3481649685295 0 3.4999999999999996 0.7 17.12338165049965 7.30000000000002 7.800000000000002 3.3502146660964476 5.286683229757917
34350 2996.3481649685295 0 3.4999999999999996 0.7 17.12338165049965 7.30000000000002 7.800000000000002 3.3502146660964476 5.286683229757917
34400 2996.3481649685295 0 3.4999999999999996 0.7 17.12338165049965 7.30000000000002 7.800000000000002 3.3502146660964476 5.286683229757917
34450 2996.3481649685295 0 3.4999999999999996 0.7 17.12338165049965 7.30000000000002 7.800000000000002 3.3502146660964476 5.286683229757917
34500 2996.3481649685295 0 3.4999999999999996 0.7 17.12338165049965 7.30000000000002 7.800000000000002 3.3502146660964476 5.286683229757917
34550 2996.3481649685295 0 3.4999999999999996 0.7 17.12338165049965 7.30000000000002 7.800000000000002 3.3502146660964476 5.286683229757917
34600 2996.3481649685295 0 3.4999999999999996 0.7 17.12338165049965 7.30000000000002 7.800000000000002 3.3502146660964476 5.286683229757917
34650 2996.3481649685295 0 3.4999999999999996 0.7 17.12338165049965 7.30000000000002 7.800000000000002 3.3502146660964476 5.286683229757917
34700 2996.3481649685295 0 3.4999999999999996 0.7 17.12338165049965 7.30000000000002 7.800000000000002 3.3502146660964476 5.286683229757917
34750 2996.3481649685295 0 3.4999999999999996 0.7 17.12338165049965 7.30000000000002 7.800000000000002 3.3502146660964476 5.286683229757917
34800 2996.3481649685295 0 3.4999999999999996 0.7 17.12338165049965 7.30000000000002 7.800000000000002 3.3502146660964476 5.286683229757917
34850 2996.3481649685295 0 3.4999999999999996 0.7 17.12338165049965 7.30000000000002 7.800000000000002 3.3502146660964476 5.286683229757917
34900 2996.3481649685295 0 3.4999999999999996 0.7 17.12338165049965 7.30000000000002 7.800000000000002 3.3502146660964476 5.286683229757917
34950 2996.3481649685295 0 3.4999999999999996 0.7 17.12338165049965 7.30000000000002 7.800000000000002 3.3502146660964476 5.286683229757917
35000 2996.3481649685295 0 3.4999999999999996 0.7 17.12338165049965 7.30000000000002 7.800000000000002 3.3502146660964476 5.286683229757917
35050 2996.3481649685295 0 3.4999999999999996 0.7 17.12338165049965 7.30000000000002 7.800000000000002 3.3502146660964476 5.286683229757917
35100 2996.3481649685295 0 3.4999999999999996 0.7 17.12338165049965 7.30000000000002 7.800000000000002 3.3502146660964476 5.286683229757917
35150 2996.3481649685295 0 3.4999999999999996 0.7 17.12338165049965 7.30000000000002 7.800000000000002 3.3502146660964476 5.286683229757917
35200 2996.3481649685295 0 3.4999999999999996 0.7 17.12338165049965 7.30000000000002 7.800000000000002 3.3502146660964476 5.286683229757917
35250 2996.3481649685295 0 3.4999999999999996 0.7 17.12338165049965 7.30000000000002 7.800000000000002 3.3502146660964476 5.286683229757917
35300 2996.3481649685295 0 3.4999999999999996 0.7 17.12338165049965 7.30000000000002 7.800000000000002 3.3502146660964476 5.286683229757917
35350 2996.3481649685295 0 3.4999999999999996 0.7 17.12338165049965 7.30000000000002 7.800000000000002 3.3502146660964476 5.286683229757917
35400 2996.3481649685295 0 3.4999999999999996 0.7 17.12338165049965 7.30000000000002 7.800000000000002 3.3502146660964476 5.286683229757917
35450 2996.3481649685295 0 3.4999999999999996 0.7 17.12338165049965 7.30000000000002 7.800000000000002 3.3502146660964476 5.286683229757917
35500 2996.3481649685295 0 3.4999999999999996 0.7 17.12338165049965 7.30000000000002 7.800000000000002 3.3502146660964476 5.286683229757917
35550 2996.3481649685295 0 3.4999999999999996 0.7 17.12338165049965 7.30000000000002 7.800000000000002 3.3502146660964476 5.286683229757917
35600 2996.3481649685295 0 3.4999999999999996 0.7 17.12338165049965 7.30000000000002 7.800000000000002 3.3502146660964476 5.286683229757917
35650 2996.3481649685295 0 3.4999999999999996 0.7 17.12338165049965 7.30000000000002 7.800000000000002 3.3502146660964476 5.286683229757917
35700 2996.3481649685295 0 3.4999999999999996 0.7 17.12338165049965 7.30000000000002 7.800000000000002 3.3502146660964476 5.286683229757917
35750 2996.3481649685295 0 3.4999999999999996 0.7 17.12338165049965 7.30000000000002 7.800000000000002 3.3502146660964476 5.286683229757917
35800 2996.3481649685295 0 3.4999999999999996 0.7 17.12338165049965 7.30000000000002 7.800000000000002 3.3502146660964476 5.286683229757917
35850 2996.3481649685295 0 3.4999999999999996 0.7 17.12338165049965 7.30000000000002 7.800000000000002 3.3502146660964476 5.286683229757917
35900 2996.3481649685295 0 3.4999999999999996 0.7 17.12338165049965 7.30000000000002 7.800000000000002 3.3502146660964476 5.286683229757917
35950 2996.3481649685295 0 3.4999999999999996 0.7 17.12338165049965 7.30000000000002 7.800000000000002 3.3502146660964476 5.286683229757917
*---*---*---*---*---*---*---*---*---*---*---*---*---*---*---*---*---*---*---*---*
Status: Finished
Last individual
2996.3481649685295 0 3.4999999999999996 0.7 17.12338165049965 7.30000000000002 7.800000000000002 3.3502146660964476 5.286683229757917
Hall of fame
2996.3481649685295 0 3.4999999999999996 0.7 17.13349940880217 7.3 7.800000000000002 3.3502146660964476 5.286683229757917
Last factible individual
2996.3481649685295 0 3.4999999999999996 0.7 17.12338165049965 7.30000000000002 7.800000000000002 3.3502146660964476 5.286683229757917
CPU time used (seconds)
3.596019169999636
