*---*---*---*---*---*---*---*---*---*---*---*---*---*---*---*---*---*---*---*---*
Algorithm: Differential Evolution
Constrainth handling method: DEB
Function: 22
Case: continuous
Seed: 24
Parents size: 50
Offsprings size: 50
maxFe: 36000
CR: 0.9
F: 0.6
rweights: -
*---*---*---*---*---*---*---*---*---*---*---*---*---*---*---*---*---*---*---*---*
ngen ObjectiveFunction ViolationSum ProjectVariables
50 3207.7401889800694 0 3.5782714500756088 0.7040950611578418 17.0 8.168306679236043 7.853364171203282 3.7850545498954657 5.326338272939947
100 3207.7401889800694 0 3.5782714500756088 0.7040950611578418 17.0 8.168306679236043 7.853364171203282 3.7850545498954657 5.326338272939947
150 3207.7401889800694 0 3.5782714500756088 0.7040950611578418 17.0 8.168306679236043 7.853364171203282 3.7850545498954657 5.326338272939947
200 3207.7401889800694 0 3.5782714500756088 0.7040950611578418 17.0 8.168306679236043 7.853364171203282 3.7850545498954657 5.326338272939947
250 3207.7401889800694 0 3.5782714500756088 0.7040950611578418 17.0 8.168306679236043 7.853364171203282 3.7850545498954657 5.326338272939947
300 3207.7401889800694 0 3.5782714500756088 0.7040950611578418 17.0 8.168306679236043 7.853364171203282 3.7850545498954657 5.326338272939947
350 3207.7401889800694 0 3.5782714500756088 0.7040950611578418 17.0 8.168306679236043 7.853364171203282 3.7850545498954657 5.326338272939947
400 3207.7401889800694 0 3.5782714500756088 0.7040950611578418 17.0 8.168306679236043 7.853364171203282 3.7850545498954657 5.326338272939947
450 3115.0580583473393 0 3.5011003210605987 0.7 17 7.7510928357195885 8.085430403137122 3.5878147835579415 5.352506305260979
500 3102.9182581057566 0 3.6 0.7013684287188859 17 7.7510928357195885 7.996890118523056 3.4859108755798474 5.312420130234908
550 3102.9182581057566 0 3.6 0.7013684287188859 17 7.7510928357195885 7.996890118523056 3.4859108755798474 5.312420130234908
600 3079.920977579874 0 3.5169133594278623 0.7 17 7.7510928357195885 7.996890118523056 3.449075753689336 5.352506305260979
650 3079.920977579874 0 3.5169133594278623 0.7 17 7.7510928357195885 7.996890118523056 3.449075753689336 5.352506305260979
700 3061.5093732324494 0 3.567364073434984 0.7 17 8.15899010253677 7.8 3.4358685200787384 5.2998964502538985
750 3061.5093732324494 0 3.567364073434984 0.7 17 8.15899010253677 7.8 3.4358685200787384 5.2998964502538985
800 3061.5093732324494 0 3.567364073434984 0.7 17 8.15899010253677 7.8 3.4358685200787384 5.2998964502538985
850 3061.5093732324494 0 3.567364073434984 0.7 17 8.15899010253677 7.8 3.4358685200787384 5.2998964502538985
900 3049.330224145843 0 3.5528376067149043 0.7 17.0 8.3 7.882580056892331 3.423208612951808 5.290210947065731
950 3044.304728118982 0 3.521462910529357 0.7 17.0 8.214307140388053 7.9767690476042645 3.446456702417566 5.289671006407199
1000 3044.304728118982 0 3.521462910529357 0.7 17.0 8.214307140388053 7.9767690476042645 3.446456702417566 5.289671006407199
1050 3044.304728118982 0 3.521462910529357 0.7 17.0 8.214307140388053 7.9767690476042645 3.446456702417566 5.289671006407199
1100 3044.2854786317757 0 3.5537420019176023 0.7 17.0 8.011685092424063 7.8 3.4096145673008977 5.294477688525705
1150 3041.528942798505 0 3.5004572321442122 0.7 17.12324096 8.011685092424063 7.806974871424528 3.4799895886803083 5.292522790027221
1200 3041.528942798505 0 3.5004572321442122 0.7 17.12324096 8.011685092424063 7.806974871424528 3.4799895886803083 5.292522790027221
1250 3039.00332915903 0 3.5446643638044755 0.7 17.0 8.211616993932378 7.882580056892331 3.4074562412851033 5.286959690028815
1300 3039.00332915903 0 3.5446643638044755 0.7 17.0 8.211616993932378 7.882580056892331 3.4074562412851033 5.286959690028815
1350 3031.4354076553673 0 3.5186365450282917 0.7013439440507369 17.0878294016 8.3 7.923734870533635 3.356049210388865 5.3001661147034005
1400 3024.3234250229953 0 3.5123032090028876 0.7013439440507369 17 8.251494669083316 7.822294711215825 3.366716094907946 5.292745165020044
1450 3024.3234250229953 0 3.5123032090028876 0.7013439440507369 17 8.251494669083316 7.822294711215825 3.366716094907946 5.292745165020044
1500 3024.3234250229953 0 3.5123032090028876 0.7013439440507369 17 8.251494669083316 7.822294711215825 3.366716094907946 5.292745165020044
1550 3016.878923914441 0 3.518497997740245 0.7 17 7.443920173227626 7.922689678277916 3.370910932571943 5.29293470726529
1600 3016.878923914441 0 3.518497997740245 0.7 17 7.443920173227626 7.922689678277916 3.370910932571943 5.29293470726529
1650 3014.6332296342625 0 3.507642731424019 0.7 17.0 7.611349865758553 7.902342593114802 3.3565112562355996 5.300273245325284
1700 3014.6332296342625 0 3.507642731424019 0.7 17.0 7.611349865758553 7.902342593114802 3.3565112562355996 5.300273245325284
1750 3012.985735831633 0 3.5083183802613065 0.7 17.101405253795843 7.637056072531909 7.8 3.3561874650248784 5.300588256130287
1800 3012.377129374823 0 3.513489994449074 0.7 17.05451540627456 7.3 7.810173029574527 3.363665508320855 5.297775621754754
1850 3000.7217542745047 0 3.5014779355038113 0.7 17.033743278080003 7.516324930558904 7.8 3.3508292575439964 5.2894003751054255
1900 3000.7217542745047 0 3.5014779355038113 0.7 17.033743278080003 7.516324930558904 7.8 3.3508292575439964 5.2894003751054255
1950 3000.7217542745047 0 3.5014779355038113 0.7 17.033743278080003 7.516324930558904 7.8 3.3508292575439964 5.2894003751054255
2000 3000.7217542745047 0 3.5014779355038113 0.7 17.033743278080003 7.516324930558904 7.8 3.3508292575439964 5.2894003751054255
2050 3000.7217542745047 0 3.5014779355038113 0.7 17.033743278080003 7.516324930558904 7.8 3.3508292575439964 5.2894003751054255
2100 3000.7217542745047 0 3.5014779355038113 0.7 17.033743278080003 7.516324930558904 7.8 3.3508292575439964 5.2894003751054255
2150 3000.7217542745047 0 3.5014779355038113 0.7 17.033743278080003 7.516324930558904 7.8 3.3508292575439964 5.2894003751054255
2200 3000.7217542745047 0 3.5014779355038113 0.7 17.033743278080003 7.516324930558904 7.8 3.3508292575439964 5.2894003751054255
2250 3000.7217542745047 0 3.5014779355038113 0.7 17.033743278080003 7.516324930558904 7.8 3.3508292575439964 5.2894003751054255
2300 3000.7217542745047 0 3.5014779355038113 0.7 17.033743278080003 7.516324930558904 7.8 3.3508292575439964 5.2894003751054255
2350 3000.7217542745047 0 3.5014779355038113 0.7 17.033743278080003 7.516324930558904 7.8 3.3508292575439964 5.2894003751054255
2400 3000.7217542745047 0 3.5014779355038113 0.7 17.033743278080003 7.516324930558904 7.8 3.3508292575439964 5.2894003751054255
2450 3000.7217542745047 0 3.5014779355038113 0.7 17.033743278080003 7.516324930558904 7.8 3.3508292575439964 5.2894003751054255
2500 3000.7217542745047 0 3.5014779355038113 0.7 17.033743278080003 7.516324930558904 7.8 3.3508292575439964 5.2894003751054255
2550 3000.6957903166667 0 3.5035254793416546 0.7 17 7.5674744265318346 7.8 3.3523412630118976 5.286777339737153
2600 2999.827847187012 0 3.5012334572781305 0.7 17.0 7.3 7.8 3.36115601724084 5.286994568673445
2650 2999.827847187012 0 3.5012334572781305 0.7 17.0 7.3 7.8 3.36115601724084 5.286994568673445
2700 2999.827847187012 0 3.5012334572781305 0.7 17.0 7.3 7.8 3.36115601724084 5.286994568673445
2750 2999.827847187012 0 3.5012334572781305 0.7 17.0 7.3 7.8 3.36115601724084 5.286994568673445
2800 2999.4919438785264 0 3.502300348541801 0.7 17.0 7.375468275931329 7.804177071249941 3.3551510039255166 5.287031714387752
2850 2999.4919438785264 0 3.502300348541801 0.7 17.0 7.375468275931329 7.804177071249941 3.3551510039255166 5.287031714387752
2900 2999.052616112618 0 3.5005736201316786 0.7000444731295608 17.0 7.3 7.836291272394118 3.3551510039255166 5.287031714387752
2950 2999.052616112618 0 3.5005736201316786 0.7000444731295608 17.0 7.3 7.836291272394118 3.3551510039255166 5.287031714387752
3000 2998.5052258158053 0 3.5024983827085636 0.7 17 7.322503642971548 7.8 3.353809972986119 5.286777339737153
3050 2998.3953379024583 0 3.501602713769696 0.7000711062935957 17.033510155971346 7.300096725749515 7.813617436333627 3.3507108724933987 5.287736383480503
3100 2998.3953379024583 0 3.501602713769696 0.7000711062935957 17.033510155971346 7.300096725749515 7.813617436333627 3.3507108724933987 5.287736383480503
3150 2998.3953379024583 0 3.501602713769696 0.7000711062935957 17.033510155971346 7.300096725749515 7.813617436333627 3.3507108724933987 5.287736383480503
3200 2998.3953379024583 0 3.501602713769696 0.7000711062935957 17.033510155971346 7.300096725749515 7.813617436333627 3.3507108724933987 5.287736383480503
3250 2998.24070129775 0 3.5003670077176245 0.7 17.031926661726303 7.3 7.8 3.3549286563123877 5.287540732153262
3300 2998.24070129775 0 3.5003670077176245 0.7 17.031926661726303 7.3 7.8 3.3549286563123877 5.287540732153262
3350 2998.1164873209655 0 3.500112794007318 0.7 17.03406998827435 7.3 7.836291272394118 3.35320440658754 5.28694224798722
3400 2997.9699707137825 0 3.5030701038176915 0.7 17.06069442362084 7.3 7.8 3.3503387886329277 5.2872875309452265
3450 2997.763321001753 0 3.502043829919537 0.7000261712320054 17.11172232331808 7.30442466053421 7.806103010428854 3.350691934030636 5.286996826480017
3500 2997.763321001753 0 3.502043829919537 0.7000261712320054 17.11172232331808 7.30442466053421 7.806103010428854 3.350691934030636 5.286996826480017
3550 2997.34721872743 0 3.500898613499651 0.7000033628149399 17.039534880776042 7.31625370785297 7.8 3.35125527953323 5.287032724997361
3600 2997.3344949998805 0 3.5020578831294538 0.7 17.06342180335497 7.3 7.8 3.350266955218072 5.28694224798722
3650 2997.3344949998805 0 3.5020578831294538 0.7 17.06342180335497 7.3 7.8 3.350266955218072 5.28694224798722
3700 2997.3344949998805 0 3.5020578831294538 0.7 17.06342180335497 7.3 7.8 3.350266955218072 5.28694224798722
3750 2997.3344949998805 0 3.5020578831294538 0.7 17.06342180335497 7.3 7.8 3.350266955218072 5.28694224798722
3800 2997.043470826118 0 3.5011583397337334 0.7 17.046239760291023 7.3026547963205255 7.8 3.350706650452161 5.286827173382045
3850 2996.7964145375595 0 3.5001949232985226 0.7 17.0598015412473 7.301175329516828 7.8 3.3514134052521225 5.286770858791864
3900 2996.7964145375595 0 3.5001949232985226 0.7 17.0598015412473 7.301175329516828 7.8 3.3514134052521225 5.286770858791864
3950 2996.7964145375595 0 3.5001949232985226 0.7 17.0598015412473 7.301175329516828 7.8 3.3514134052521225 5.286770858791864
4000 2996.7964145375595 0 3.5001949232985226 0.7 17.0598015412473 7.301175329516828 7.8 3.3514134052521225 5.286770858791864
4050 2996.7172437398567 0 3.500262890057089 0.7 17.102348632678815 7.301061918528211 7.802214830698555 3.350404079531403 5.286934127874555
4100 2996.7172437398567 0 3.500262890057089 0.7 17.102348632678815 7.301061918528211 7.802214830698555 3.350404079531403 5.286934127874555
4150 2996.7172437398567 0 3.500262890057089 0.7 17.102348632678815 7.301061918528211 7.802214830698555 3.350404079531403 5.286934127874555
4200 2996.7172437398567 0 3.500262890057089 0.7 17.102348632678815 7.301061918528211 7.802214830698555 3.350404079531403 5.286934127874555
4250 2996.5835430074535 0 3.5001435476350307 0.7 17.083587421880548 7.3 7.8 3.350823258845447 5.286720773112707
4300 2996.5835430074535 0 3.5001435476350307 0.7 17.083587421880548 7.3 7.8 3.350823258845447 5.286720773112707
4350 2996.5835430074535 0 3.5001435476350307 0.7 17.083587421880548 7.3 7.8 3.350823258845447 5.286720773112707
4400 2996.5835430074535 0 3.5001435476350307 0.7 17.083587421880548 7.3 7.8 3.350823258845447 5.286720773112707
4450 2996.5835430074535 0 3.5001435476350307 0.7 17.083587421880548 7.3 7.8 3.350823258845447 5.286720773112707
4500 2996.5835430074535 0 3.5001435476350307 0.7 17.083587421880548 7.3 7.8 3.350823258845447 5.286720773112707
4550 2996.5835430074535 0 3.5001435476350307 0.7 17.083587421880548 7.3 7.8 3.350823258845447 5.286720773112707
4600 2996.462027684395 0 3.500030949909178 0.7 17.077317265939918 7.301123150949364 7.800090970213962 3.350235356730836 5.28681615441474
4650 2996.462027684395 0 3.500030949909178 0.7 17.077317265939918 7.301123150949364 7.800090970213962 3.350235356730836 5.28681615441474
4700 2996.462027684395 0 3.500030949909178 0.7 17.077317265939918 7.301123150949364 7.800090970213962 3.350235356730836 5.28681615441474
4750 2996.462027684395 0 3.500030949909178 0.7 17.077317265939918 7.301123150949364 7.800090970213962 3.350235356730836 5.28681615441474
4800 2996.462027684395 0 3.500030949909178 0.7 17.077317265939918 7.301123150949364 7.800090970213962 3.350235356730836 5.28681615441474
4850 2996.462027684395 0 3.500030949909178 0.7 17.077317265939918 7.301123150949364 7.800090970213962 3.350235356730836 5.28681615441474
4900 2996.462027684395 0 3.500030949909178 0.7 17.077317265939918 7.301123150949364 7.800090970213962 3.350235356730836 5.28681615441474
4950 2996.4142403366136 0 3.5000291277078697 0.7000005569638755 17.044999425342667 7.301741016072888 7.8 3.350337302032698 5.286691903209244
5000 2996.4142403366136 0 3.5000291277078697 0.7000005569638755 17.044999425342667 7.301741016072888 7.8 3.350337302032698 5.286691903209244
5050 2996.4142403366136 0 3.5000291277078697 0.7000005569638755 17.044999425342667 7.301741016072888 7.8 3.350337302032698 5.286691903209244
5100 2996.4142403366136 0 3.5000291277078697 0.7000005569638755 17.044999425342667 7.301741016072888 7.8 3.350337302032698 5.286691903209244
5150 2996.4142403366136 0 3.5000291277078697 0.7000005569638755 17.044999425342667 7.301741016072888 7.8 3.350337302032698 5.286691903209244
5200 2996.4142403366136 0 3.5000291277078697 0.7000005569638755 17.044999425342667 7.301741016072888 7.8 3.350337302032698 5.286691903209244
5250 2996.4142403366136 0 3.5000291277078697 0.7000005569638755 17.044999425342667 7.301741016072888 7.8 3.350337302032698 5.286691903209244
5300 2996.4142403366136 0 3.5000291277078697 0.7000005569638755 17.044999425342667 7.301741016072888 7.8 3.350337302032698 5.286691903209244
5350 2996.4142403366136 0 3.5000291277078697 0.7000005569638755 17.044999425342667 7.301741016072888 7.8 3.350337302032698 5.286691903209244
5400 2996.4142403366136 0 3.5000291277078697 0.7000005569638755 17.044999425342667 7.301741016072888 7.8 3.350337302032698 5.286691903209244
5450 2996.4142403366136 0 3.5000291277078697 0.7000005569638755 17.044999425342667 7.301741016072888 7.8 3.350337302032698 5.286691903209244
5500 2996.402146257743 0 3.500031468466574 0.7 17.250278514542515 7.3 7.8 3.3503318179736663 5.286701730190702
5550 2996.3803961883955 0 3.5000497430917323 0.7000001302373807 17.057720655455338 7.3 7.8001615192942975 3.350246824149239 5.286683802453153
5600 2996.3803961883955 0 3.5000497430917323 0.7000001302373807 17.057720655455338 7.3 7.8001615192942975 3.350246824149239 5.286683802453153
5650 2996.3803961883955 0 3.5000497430917323 0.7000001302373807 17.057720655455338 7.3 7.8001615192942975 3.350246824149239 5.286683802453153
5700 2996.3803961883955 0 3.5000497430917323 0.7000001302373807 17.057720655455338 7.3 7.8001615192942975 3.350246824149239 5.286683802453153
5750 2996.3803961883955 0 3.5000497430917323 0.7000001302373807 17.057720655455338 7.3 7.8001615192942975 3.350246824149239 5.286683802453153
5800 2996.3802627777463 0 3.5000181307267226 0.7 17.259138223183168 7.300584300299047 7.800204904094602 3.350244192286061 5.286695499981338
5850 2996.367681698039 0 3.500016420930265 0.7000008068797978 17.210599678287654 7.30033242768261 7.8 3.350232277770439 5.286686378573039
5900 2996.367681698039 0 3.500016420930265 0.7000008068797978 17.210599678287654 7.30033242768261 7.8 3.350232277770439 5.286686378573039
5950 2996.367681698039 0 3.500016420930265 0.7000008068797978 17.210599678287654 7.30033242768261 7.8 3.350232277770439 5.286686378573039
6000 2996.363253205675 0 3.5000078586390875 0.7000004841278786 17 7.3 7.80012495709388 3.3502388677419157 5.2866846504942995
6050 2996.363253205675 0 3.5000078586390875 0.7000004841278786 17 7.3 7.80012495709388 3.3502388677419157 5.2866846504942995
6100 2996.363253205675 0 3.5000078586390875 0.7000004841278786 17 7.3 7.80012495709388 3.3502388677419157 5.2866846504942995
6150 2996.363253205675 0 3.5000078586390875 0.7000004841278786 17 7.3 7.80012495709388 3.3502388677419157 5.2866846504942995
6200 2996.363253205675 0 3.5000078586390875 0.7000004841278786 17 7.3 7.80012495709388 3.3502388677419157 5.2866846504942995
6250 2996.363253205675 0 3.5000078586390875 0.7000004841278786 17 7.3 7.80012495709388 3.3502388677419157 5.2866846504942995
6300 2996.363253205675 0 3.5000078586390875 0.7000004841278786 17 7.3 7.80012495709388 3.3502388677419157 5.2866846504942995
6350 2996.363253205675 0 3.5000078586390875 0.7000004841278786 17 7.3 7.80012495709388 3.3502388677419157 5.2866846504942995
6400 2996.363253205675 0 3.5000078586390875 0.7000004841278786 17 7.3 7.80012495709388 3.3502388677419157 5.2866846504942995
6450 2996.363253205675 0 3.5000078586390875 0.7000004841278786 17 7.3 7.80012495709388 3.3502388677419157 5.2866846504942995
6500 2996.363253205675 0 3.5000078586390875 0.7000004841278786 17 7.3 7.80012495709388 3.3502388677419157 5.2866846504942995
6550 2996.362889349355 0 3.5000036128508496 0.7000004841278786 17 7.300025265393719 7.8 3.350222830033564 5.286697090244585
6600 2996.362889349355 0 3.5000036128508496 0.7000004841278786 17 7.300025265393719 7.8 3.350222830033564 5.286697090244585
6650 2996.362344682345 0 3.5000017117247944 0.7 17 7.3 7.800062736349607 3.3502608038327866 5.286683815323478
6700 2996.36035332262 0 3.500005294957323 0.7000001232916468 17.191097586608006 7.300143729522866 7.8 3.3502258164813252 5.286691788510796
6750 2996.356091147052 0 3.500009216425042 0.7000001023897309 17.30701068625832 7.3 7.8 3.3502158469895447 5.286688800344719
6800 2996.356091147052 0 3.500009216425042 0.7000001023897309 17.30701068625832 7.3 7.8 3.3502158469895447 5.286688800344719
6850 2996.356091147052 0 3.500009216425042 0.7000001023897309 17.30701068625832 7.3 7.8 3.3502158469895447 5.286688800344719
6900 2996.356091147052 0 3.500009216425042 0.7000001023897309 17.30701068625832 7.3 7.8 3.3502158469895447 5.286688800344719
6950 2996.356091147052 0 3.500009216425042 0.7000001023897309 17.30701068625832 7.3 7.8 3.3502158469895447 5.286688800344719
7000 2996.356091147052 0 3.500009216425042 0.7000001023897309 17.30701068625832 7.3 7.8 3.3502158469895447 5.286688800344719
7050 2996.3560835511516 0 3.5000098101518184 0.7000003707522316 17.370936245553537 7.300048901460136 7.8 3.3502167362824964 5.286685480758465
7100 2996.354918809629 0 3.5000013006945037 0.7000001679047105 17.148216167001795 7.300026823770432 7.800079274687741 3.3502163695951874 5.286688062733951
7150 2996.354918809629 0 3.5000013006945037 0.7000001679047105 17.148216167001795 7.300026823770432 7.800079274687741 3.3502163695951874 5.286688062733951
7200 2996.354918809629 0 3.5000013006945037 0.7000001679047105 17.148216167001795 7.300026823770432 7.800079274687741 3.3502163695951874 5.286688062733951
7250 2996.354918809629 0 3.5000013006945037 0.7000001679047105 17.148216167001795 7.300026823770432 7.800079274687741 3.3502163695951874 5.286688062733951
7300 2996.354918809629 0 3.5000013006945037 0.7000001679047105 17.148216167001795 7.300026823770432 7.800079274687741 3.3502163695951874 5.286688062733951
7350 2996.353899107929 0 3.50000233791229 0.7000003727394662 17.35253457492726 7.300195843640527 7.8 3.3502182322083387 5.286684010396831
7400 2996.353675497397 0 3.500004781330164 0.7000000837778368 17.051581834245606 7.3 7.8 3.3502225165139397 5.286685200663836
7450 2996.353675497397 0 3.500004781330164 0.7000000837778368 17.051581834245606 7.3 7.8 3.3502225165139397 5.286685200663836
7500 2996.352931130711 0 3.5000040832069184 0.7 17 7.300110500886503 7.800018428983137 3.3502163515473984 5.286685359214516
7550 2996.352931130711 0 3.5000040832069184 0.7 17 7.300110500886503 7.800018428983137 3.3502163515473984 5.286685359214516
7600 2996.352931130711 0 3.5000040832069184 0.7 17 7.300110500886503 7.800018428983137 3.3502163515473984 5.286685359214516
7650 2996.3520896154087 0 3.5000023260584228 0.7000001534702738 17.29310195948933 7.300126074136149 7.8 3.3502176515501816 5.286683930107333
7700 2996.3520896154087 0 3.5000023260584228 0.7000001534702738 17.29310195948933 7.300126074136149 7.8 3.3502176515501816 5.286683930107333
7750 2996.351585303043 0 3.500001272216278 0.7000000337196445 17.079392941650717 7.3 7.800011057389882 3.3502183747580148 5.2866857149235775
7800 2996.351563168471 0 3.5000017753957944 0.7000000786847593 17 7.3 7.800019208081192 3.350221930600779 5.286683343620837
7850 2996.351563168471 0 3.5000017753957944 0.7000000786847593 17 7.3 7.800019208081192 3.350221930600779 5.286683343620837
7900 2996.351208866619 0 3.500000607254086 0.7 17.152585574826624 7.3 7.8000124818263314 3.3502193955178763 5.286685315060156
7950 2996.350177164929 0 3.5000032629235833 0.7000000518877149 17.084924831916542 7.3 7.800010754358238 3.350215314612434 5.28668337884675
8000 2996.3495670554894 0 3.5000005224135764 0.7000000359405321 17.031136047487983 7.300055419547617 7.8 3.350216110578886 5.286683509417847
8050 2996.3495670554894 0 3.5000005224135764 0.7000000359405321 17.031136047487983 7.300055419547617 7.8 3.350216110578886 5.286683509417847
8100 2996.3495670554894 0 3.5000005224135764 0.7000000359405321 17.031136047487983 7.300055419547617 7.8 3.350216110578886 5.286683509417847
8150 2996.3495670554894 0 3.5000005224135764 0.7000000359405321 17.031136047487983 7.300055419547617 7.8 3.350216110578886 5.286683509417847
8200 2996.3492691859537 0 3.500001080447406 0.7 17.07604491908995 7.3 7.8 3.35021558530235 5.286683930434617
8250 2996.3492691859537 0 3.500001080447406 0.7 17.07604491908995 7.3 7.8 3.35021558530235 5.286683930434617
8300 2996.3492691859537 0 3.500001080447406 0.7 17.07604491908995 7.3 7.8 3.35021558530235 5.286683930434617
8350 2996.3491447471006 0 3.5000020245291887 0.7 17 7.3 7.8 3.350214823096995 5.286683457111992
8400 2996.3491447471006 0 3.5000020245291887 0.7 17 7.3 7.8 3.350214823096995 5.286683457111992
8450 2996.3491447471006 0 3.5000020245291887 0.7 17 7.3 7.8 3.350214823096995 5.286683457111992
8500 2996.3491447471006 0 3.5000020245291887 0.7 17 7.3 7.8 3.350214823096995 5.286683457111992
8550 2996.34913879829 0 3.5000002448755314 0.7000000385733701 17.251971758660005 7.3 7.8 3.3502149985574334 5.286684202525476
8600 2996.3490484122162 0 3.500000791044927 0.7 17 7.3 7.8000024177202905 3.350214823096995 5.286683983998785
8650 2996.3490484122162 0 3.500000791044927 0.7 17 7.3 7.8000024177202905 3.350214823096995 5.286683983998785
8700 2996.349026690607 0 3.5000014401142217 0.7000000177296262 17.056902600427183 7.3 7.800003288345082 3.35021503358812 5.286683308596352
8750 2996.349026690607 0 3.5000014401142217 0.7000000177296262 17.056902600427183 7.3 7.800003288345082 3.35021503358812 5.286683308596352
8800 2996.348716440119 0 3.500000446874896 0.7 17 7.300006278249275 7.800002854954055 3.3502148105848857 5.286683577450394
8850 2996.348603763321 0 3.500000375111207 0.7 17 7.300012835149068 7.800002806056845 3.350214927366193 5.286683308596352
8900 2996.348603763321 0 3.500000375111207 0.7 17 7.300012835149068 7.800002806056845 3.350214927366193 5.286683308596352
8950 2996.348603763321 0 3.500000375111207 0.7 17 7.300012835149068 7.800002806056845 3.350214927366193 5.286683308596352
9000 2996.348531696216 0 3.500000172195435 0.7000000060760028 17 7.300001810606296 7.800004221522808 3.3502147726466163 5.286683443387758
9050 2996.348531696216 0 3.500000172195435 0.7000000060760028 17 7.300001810606296 7.800004221522808 3.3502147726466163 5.286683443387758
9100 2996.348531696216 0 3.500000172195435 0.7000000060760028 17 7.300001810606296 7.800004221522808 3.3502147726466163 5.286683443387758
9150 2996.348531696216 0 3.500000172195435 0.7000000060760028 17 7.300001810606296 7.800004221522808 3.3502147726466163 5.286683443387758
9200 2996.348531696216 0 3.500000172195435 0.7000000060760028 17 7.300001810606296 7.800004221522808 3.3502147726466163 5.286683443387758
9250 2996.348531696216 0 3.500000172195435 0.7000000060760028 17 7.300001810606296 7.800004221522808 3.3502147726466163 5.286683443387758
9300 2996.3484642758576 0 3.500000174815769 0.7000000063078887 17.0 7.300000873778474 7.800000289986279 3.3502147134291915 5.286683506527547
9350 2996.3484642758576 0 3.500000174815769 0.7000000063078887 17.0 7.300000873778474 7.800000289986279 3.3502147134291915 5.286683506527547
9400 2996.3484642758576 0 3.500000174815769 0.7000000063078887 17.0 7.300000873778474 7.800000289986279 3.3502147134291915 5.286683506527547
9450 2996.3484642758576 0 3.500000174815769 0.7000000063078887 17.0 7.300000873778474 7.800000289986279 3.3502147134291915 5.286683506527547
9500 2996.348435394383 0 3.5000000592667866 0.700000008413717 17 7.300001730914713 7.8 3.350215106929992 5.286683357959787
9550 2996.3483968179657 0 3.5000002655999647 0.7000000000769676 17.056487704510772 7.30000353356638 7.800000094845285 3.3502147753933147 5.286683333691116
9600 2996.3483968179657 0 3.5000002655999647 0.7000000000769676 17.056487704510772 7.30000353356638 7.800000094845285 3.3502147753933147 5.286683333691116
9650 2996.3483968179657 0 3.5000002655999647 0.7000000000769676 17.056487704510772 7.30000353356638 7.800000094845285 3.3502147753933147 5.286683333691116
9700 2996.348343305411 0 3.5000000482247673 0.7 17 7.3 7.8 3.3502148958803755 5.286683388319707
9750 2996.348262172855 0 3.5000000826419844 0.7 17.033350491664272 7.3 7.8 3.35021486343862 5.286683252486346
9800 2996.348262172855 0 3.5000000826419844 0.7 17.033350491664272 7.3 7.8 3.35021486343862 5.286683252486346
9850 2996.348262172855 0 3.5000000826419844 0.7 17.033350491664272 7.3 7.8 3.35021486343862 5.286683252486346
9900 2996.348262172855 0 3.5000000826419844 0.7 17.033350491664272 7.3 7.8 3.35021486343862 5.286683252486346
9950 2996.3482517127495 0 3.500000066636696 0.7 17.049732867974473 7.3 7.80000027440724 3.3502148393761706 5.286683246094116
10000 2996.3482517127495 0 3.500000066636696 0.7 17.049732867974473 7.3 7.80000027440724 3.3502148393761706 5.286683246094116
10050 2996.3482517127495 0 3.500000066636696 0.7 17.049732867974473 7.3 7.80000027440724 3.3502148393761706 5.286683246094116
10100 2996.3482517127495 0 3.500000066636696 0.7 17.049732867974473 7.3 7.80000027440724 3.3502148393761706 5.286683246094116
10150 2996.3482421320587 0 3.500000077500666 0.7000000008228426 17 7.3 7.80000117169566 3.3502147007191714 5.28668324306394
10200 2996.3482421320587 0 3.500000077500666 0.7000000008228426 17 7.3 7.80000117169566 3.3502147007191714 5.28668324306394
10250 2996.3482421320587 0 3.500000077500666 0.7000000008228426 17 7.3 7.80000117169566 3.3502147007191714 5.28668324306394
10300 2996.3482421320587 0 3.500000077500666 0.7000000008228426 17 7.3 7.80000117169566 3.3502147007191714 5.28668324306394
10350 2996.3482336844013 0 3.5000000785094096 0.7 17 7.3 7.8 3.3502147598375527 5.286683251757255
10400 2996.3482201518373 0 3.500000024140994 0.7000000001054242 17 7.3 7.800001154484683 3.350214726635103 5.286683236763318
10450 2996.3482035099623 0 3.5000000158333946 0.7 17 7.3 7.800000294560331 3.3502147502221944 5.286683236704999
10500 2996.3482035099623 0 3.5000000158333946 0.7 17 7.3 7.800000294560331 3.3502147502221944 5.286683236704999
10550 2996.3482035099623 0 3.5000000158333946 0.7 17 7.3 7.800000294560331 3.3502147502221944 5.286683236704999
10600 2996.3482035099623 0 3.5000000158333946 0.7 17 7.3 7.800000294560331 3.3502147502221944 5.286683236704999
10650 2996.3482035099623 0 3.5000000158333946 0.7 17 7.3 7.800000294560331 3.3502147502221944 5.286683236704999
10700 2996.348193743043 0 3.5000000133168085 0.7 17 7.300000300431547 7.8000002469665155 3.3502147238426825 5.28668323095049
10750 2996.348193743043 0 3.5000000133168085 0.7 17 7.300000300431547 7.8000002469665155 3.3502147238426825 5.28668323095049
10800 2996.348193743043 0 3.5000000133168085 0.7 17 7.300000300431547 7.8000002469665155 3.3502147238426825 5.28668323095049
10850 2996.348193743043 0 3.5000000133168085 0.7 17 7.300000300431547 7.8000002469665155 3.3502147238426825 5.28668323095049
10900 2996.3481866708908 0 3.500000006439069 0.7000000000534844 17.0 7.300000382720624 7.800000137821224 3.35021467054215 5.286683247683094
10950 2996.3481866708908 0 3.500000006439069 0.7000000000534844 17.0 7.300000382720624 7.800000137821224 3.35021467054215 5.286683247683094
11000 2996.3481866708908 0 3.500000006439069 0.7000000000534844 17.0 7.300000382720624 7.800000137821224 3.35021467054215 5.286683247683094
11050 2996.348181257127 0 3.500000001166061 0.7000000000433769 17 7.300000420760017 7.800000034483343 3.3502146955535315 5.286683235515774
11100 2996.3481765426513 0 3.5000000050762123 0.7 17 7.300000564851458 7.8 3.3502146790550666 5.286683231799942
11150 2996.3481765426513 0 3.5000000050762123 0.7 17 7.300000564851458 7.8 3.3502146790550666 5.286683231799942
11200 2996.3481765426513 0 3.5000000050762123 0.7 17 7.300000564851458 7.8 3.3502146790550666 5.286683231799942
11250 2996.3481765426513 0 3.5000000050762123 0.7 17 7.300000564851458 7.8 3.3502146790550666 5.286683231799942
11300 2996.348175854235 0 3.500000006578049 0.7000000005542272 17.07777633123465 7.30000005292882 7.8 3.3502146722980015 5.286683235655822
11350 2996.3481742402655 0 3.5000000062764407 0.7000000000156157 17.04858911146315 7.300000252931772 7.8 3.350214679949357 5.286683231292663
11400 2996.3481742402655 0 3.5000000062764407 0.7000000000156157 17.04858911146315 7.300000252931772 7.8 3.350214679949357 5.286683231292663
11450 2996.3481742402655 0 3.5000000062764407 0.7000000000156157 17.04858911146315 7.300000252931772 7.8 3.350214679949357 5.286683231292663
11500 2996.3481742402655 0 3.5000000062764407 0.7000000000156157 17.04858911146315 7.300000252931772 7.8 3.350214679949357 5.286683231292663
11550 2996.348170871971 0 3.5000000065542434 0.7000000000007479 17.07569750348772 7.300000204687883 7.8 3.350214671922647 5.286683229815466
11600 2996.348170871971 0 3.5000000065542434 0.7000000000007479 17.07569750348772 7.300000204687883 7.8 3.350214671922647 5.286683229815466
11650 2996.348170871971 0 3.5000000065542434 0.7000000000007479 17.07569750348772 7.300000204687883 7.8 3.350214671922647 5.286683229815466
11700 2996.348170871971 0 3.5000000065542434 0.7000000000007479 17.07569750348772 7.300000204687883 7.8 3.350214671922647 5.286683229815466
11750 2996.348170871971 0 3.5000000065542434 0.7000000000007479 17.07569750348772 7.300000204687883 7.8 3.350214671922647 5.286683229815466
11800 2996.348170871971 0 3.5000000065542434 0.7000000000007479 17.07569750348772 7.300000204687883 7.8 3.350214671922647 5.286683229815466
11850 2996.348170871971 0 3.5000000065542434 0.7000000000007479 17.07569750348772 7.300000204687883 7.8 3.350214671922647 5.286683229815466
11900 2996.348170635338 0 3.5000000110303513 0.7 17 7.300000093095334 7.8 3.3502146674719455 5.286683230014507
11950 2996.3481703916727 0 3.500000002967336 0.7000000001706533 17.05156772973061 7.3 7.800000005357992 3.350214670325891 5.286683233360579
12000 2996.3481693718995 0 3.500000002443969 0.7 17.056290341914423 7.3 7.8 3.3502146724474478 5.28668323262757
12050 2996.348168173445 0 3.5000000004630953 0.7 17 7.300000159676836 7.8000000062167665 3.350214667790689 5.28668323140459
12100 2996.348168173445 0 3.5000000004630953 0.7 17 7.300000159676836 7.8000000062167665 3.350214667790689 5.28668323140459
12150 2996.348168173445 0 3.5000000004630953 0.7 17 7.300000159676836 7.8000000062167665 3.350214667790689 5.28668323140459
12200 2996.348168173445 0 3.5000000004630953 0.7 17 7.300000159676836 7.8000000062167665 3.350214667790689 5.28668323140459
12250 2996.34816739695 0 3.500000002895434 0.7 17 7.3 7.80000000373006 3.3502146702942603 5.286683229977308
12300 2996.34816739695 0 3.500000002895434 0.7 17 7.3 7.80000000373006 3.3502146702942603 5.286683229977308
12350 2996.34816739695 0 3.500000002895434 0.7 17 7.3 7.80000000373006 3.3502146702942603 5.286683229977308
12400 2996.34816739695 0 3.500000002895434 0.7 17 7.3 7.80000000373006 3.3502146702942603 5.286683229977308
12450 2996.34816739695 0 3.500000002895434 0.7 17 7.3 7.80000000373006 3.3502146702942603 5.286683229977308
12500 2996.3481660994685 0 3.500000000772274 0.7000000000142964 17 7.300000027581802 7.800000005679397 3.350214666815065 5.286683230091383
12550 2996.3481660994685 0 3.500000000772274 0.7000000000142964 17 7.300000027581802 7.800000005679397 3.350214666815065 5.286683230091383
12600 2996.3481660994685 0 3.500000000772274 0.7000000000142964 17 7.300000027581802 7.800000005679397 3.350214666815065 5.286683230091383
12650 2996.3481660994685 0 3.500000000772274 0.7000000000142964 17 7.300000027581802 7.800000005679397 3.350214666815065 5.286683230091383
12700 2996.3481660994685 0 3.500000000772274 0.7000000000142964 17 7.300000027581802 7.800000005679397 3.350214666815065 5.286683230091383
12750 2996.3481660994685 0 3.500000000772274 0.7000000000142964 17 7.300000027581802 7.800000005679397 3.350214666815065 5.286683230091383
12800 2996.3481660994685 0 3.500000000772274 0.7000000000142964 17 7.300000027581802 7.800000005679397 3.350214666815065 5.286683230091383
12850 2996.3481660994685 0 3.500000000772274 0.7000000000142964 17 7.300000027581802 7.800000005679397 3.350214666815065 5.286683230091383
12900 2996.3481660994685 0 3.500000000772274 0.7000000000142964 17 7.300000027581802 7.800000005679397 3.350214666815065 5.286683230091383
12950 2996.3481660994685 0 3.500000000772274 0.7000000000142964 17 7.300000027581802 7.800000005679397 3.350214666815065 5.286683230091383
13000 2996.348165968766 0 3.500000000217052 0.7 17.051616420709 7.3 7.800000011698926 3.3502146667883834 5.286683230515594
13050 2996.3481659397503 0 3.50000000026274 0.7000000000230636 17 7.300000019252179 7.8000000060720565 3.350214667849736 5.286683229779933
13100 2996.3481658350265 0 3.500000000487471 0.7 17.05110673917407 7.3 7.8 3.350214666494351 5.28668323065992
13150 2996.3481657402494 0 3.5000000002723626 0.7000000000296519 17.110123884576268 7.3 7.8 3.350214667163098 5.286683230165082
13200 2996.3481657402494 0 3.5000000002723626 0.7000000000296519 17.110123884576268 7.3 7.8 3.350214667163098 5.286683230165082
13250 2996.3481657402494 0 3.5000000002723626 0.7000000000296519 17.110123884576268 7.3 7.8 3.350214667163098 5.286683230165082
13300 2996.3481657402494 0 3.5000000002723626 0.7000000000296519 17.110123884576268 7.3 7.8 3.350214667163098 5.286683230165082
13350 2996.3481657402494 0 3.5000000002723626 0.7000000000296519 17.110123884576268 7.3 7.8 3.350214667163098 5.286683230165082
13400 2996.3481657402494 0 3.5000000002723626 0.7000000000296519 17.110123884576268 7.3 7.8 3.350214667163098 5.286683230165082
13450 2996.3481657402494 0 3.5000000002723626 0.7000000000296519 17.110123884576268 7.3 7.8 3.350214667163098 5.286683230165082
13500 2996.3481656574268 0 3.500000000633479 0.7 17.156463230639215 7.3 7.8 3.3502146667045505 5.286683230206243
13550 2996.3481656574268 0 3.500000000633479 0.7 17.156463230639215 7.3 7.8 3.3502146667045505 5.286683230206243
13600 2996.3481656574268 0 3.500000000633479 0.7 17.156463230639215 7.3 7.8 3.3502146667045505 5.286683230206243
13650 2996.3481656574268 0 3.500000000633479 0.7 17.156463230639215 7.3 7.8 3.3502146667045505 5.286683230206243
13700 2996.348165564072 0 3.5000000002555316 0.7000000000344073 17.139099392554026 7.3 7.8 3.3502146666618238 5.286683230065531
13750 2996.3481654749216 0 3.5000000002463585 0.7000000000042397 17.057016083762825 7.300000002874448 7.800000003930807 3.3502146667469117 5.286683229935734
13800 2996.3481654749216 0 3.5000000002463585 0.7000000000042397 17.057016083762825 7.300000002874448 7.800000003930807 3.3502146667469117 5.286683229935734
13850 2996.3481652541777 0 3.500000000082466 0.7000000000158694 17.056638521976907 7.300000000317961 7.800000002358484 3.3502146663014454 5.286683229875435
13900 2996.3481652541777 0 3.500000000082466 0.7000000000158694 17.056638521976907 7.300000000317961 7.800000002358484 3.3502146663014454 5.286683229875435
13950 2996.3481652541777 0 3.500000000082466 0.7000000000158694 17.056638521976907 7.300000000317961 7.800000002358484 3.3502146663014454 5.286683229875435
14000 2996.3481652541777 0 3.500000000082466 0.7000000000158694 17.056638521976907 7.300000000317961 7.800000002358484 3.3502146663014454 5.286683229875435
14050 2996.3481652541777 0 3.500000000082466 0.7000000000158694 17.056638521976907 7.300000000317961 7.800000002358484 3.3502146663014454 5.286683229875435
14100 2996.3481652541777 0 3.500000000082466 0.7000000000158694 17.056638521976907 7.300000000317961 7.800000002358484 3.3502146663014454 5.286683229875435
14150 2996.3481652541777 0 3.500000000082466 0.7000000000158694 17.056638521976907 7.300000000317961 7.800000002358484 3.3502146663014454 5.286683229875435
14200 2996.348165207599 0 3.500000000127438 0.7000000000103133 17 7.3 7.800000000048567 3.350214666537971 5.286683229803251
14250 2996.348165207599 0 3.500000000127438 0.7000000000103133 17 7.3 7.800000000048567 3.350214666537971 5.286683229803251
14300 2996.3481651904494 0 3.5000000000287574 0.7 17.045132991999655 7.3 7.8 3.35021466639052 5.286683229971272
14350 2996.3481651904494 0 3.5000000000287574 0.7 17.045132991999655 7.3 7.8 3.35021466639052 5.286683229971272
14400 2996.3481651672737 0 3.500000000247037 0.7000000000107158 17.12973441267014 7.3 7.8 3.3502146661748347 5.286683229810309
14450 2996.3481651672737 0 3.500000000247037 0.7000000000107158 17.12973441267014 7.3 7.8 3.3502146661748347 5.286683229810309
14500 2996.3481651530083 0 3.5000000001340617 0.7 17 7.3 7.8 3.3502146662583567 5.286683229900319
14550 2996.3481651530083 0 3.5000000001340617 0.7 17 7.3 7.8 3.3502146662583567 5.286683229900319
14600 2996.3481651122916 0 3.5000000002045706 0.700000000001785 17 7.3 7.800000000019427 3.3502146662594487 5.286683229778957
14650 2996.3481650646186 0 3.5000000000786184 0.7000000000001679 17 7.300000001772358 7.800000000725436 3.35021466613256 5.286683229795182
14700 2996.3481650646186 0 3.5000000000786184 0.7000000000001679 17 7.300000001772358 7.800000000725436 3.35021466613256 5.286683229795182
14750 2996.3481650646186 0 3.5000000000786184 0.7000000000001679 17 7.300000001772358 7.800000000725436 3.35021466613256 5.286683229795182
14800 2996.3481650646186 0 3.5000000000786184 0.7000000000001679 17 7.300000001772358 7.800000000725436 3.35021466613256 5.286683229795182
14850 2996.3481650646186 0 3.5000000000786184 0.7000000000001679 17 7.300000001772358 7.800000000725436 3.35021466613256 5.286683229795182
14900 2996.3481650646186 0 3.5000000000786184 0.7000000000001679 17 7.300000001772358 7.800000000725436 3.35021466613256 5.286683229795182
14950 2996.348165035489 0 3.500000000106371 0.7000000000031854 17 7.3 7.8 3.3502146661274472 5.286683229762454
15000 2996.348165035489 0 3.500000000106371 0.7000000000031854 17 7.3 7.8 3.3502146661274472 5.286683229762454
15050 2996.348165035489 0 3.500000000106371 0.7000000000031854 17 7.3 7.8 3.3502146661274472 5.286683229762454
15100 2996.348165035489 0 3.500000000106371 0.7000000000031854 17 7.3 7.8 3.3502146661274472 5.286683229762454
15150 2996.348165035489 0 3.500000000106371 0.7000000000031854 17 7.3 7.8 3.3502146661274472 5.286683229762454
15200 2996.3481650327744 0 3.5000000001096234 0.7 17.0626331213595 7.300000000053254 7.800000000235216 3.3502146661399492 5.286683229764943
15250 2996.3481650050685 0 3.500000000061898 0.7000000000015569 17 7.3 7.8 3.350214666115464 5.286683229758459
15300 2996.3481650050685 0 3.500000000061898 0.7000000000015569 17 7.3 7.8 3.350214666115464 5.286683229758459
15350 2996.3481650050685 0 3.500000000061898 0.7000000000015569 17 7.3 7.8 3.350214666115464 5.286683229758459
15400 2996.3481650050685 0 3.500000000061898 0.7000000000015569 17 7.3 7.8 3.350214666115464 5.286683229758459
15450 2996.3481650050685 0 3.500000000061898 0.7000000000015569 17 7.3 7.8 3.350214666115464 5.286683229758459
15500 2996.3481650050685 0 3.500000000061898 0.7000000000015569 17 7.3 7.8 3.350214666115464 5.286683229758459
15550 2996.3481649988025 0 3.5000000000360463 0.7 17.11261964319202 7.300000000394598 7.800000000098413 3.3502146661069054 5.2866832297701984
15600 2996.3481649988025 0 3.5000000000360463 0.7 17.11261964319202 7.300000000394598 7.800000000098413 3.3502146661069054 5.2866832297701984
15650 2996.3481649988025 0 3.5000000000360463 0.7 17.11261964319202 7.300000000394598 7.800000000098413 3.3502146661069054 5.2866832297701984
15700 2996.3481649988025 0 3.5000000000360463 0.7 17.11261964319202 7.300000000394598 7.800000000098413 3.3502146661069054 5.2866832297701984
15750 2996.3481649859086 0 3.500000000014461 0.7000000000004194 17.100973062759575 7.3 7.800000000098413 3.350214666106385 5.286683229765953
15800 2996.3481649859086 0 3.500000000014461 0.7000000000004194 17.100973062759575 7.3 7.800000000098413 3.350214666106385 5.286683229765953
15850 2996.3481649859086 0 3.500000000014461 0.7000000000004194 17.100973062759575 7.3 7.800000000098413 3.350214666106385 5.286683229765953
15900 2996.3481649859086 0 3.500000000014461 0.7000000000004194 17.100973062759575 7.3 7.800000000098413 3.350214666106385 5.286683229765953
15950 2996.3481649859086 0 3.500000000014461 0.7000000000004194 17.100973062759575 7.3 7.800000000098413 3.350214666106385 5.286683229765953
16000 2996.3481649859086 0 3.500000000014461 0.7000000000004194 17.100973062759575 7.3 7.800000000098413 3.350214666106385 5.286683229765953
16050 2996.3481649859086 0 3.500000000014461 0.7000000000004194 17.100973062759575 7.3 7.800000000098413 3.350214666106385 5.286683229765953
16100 2996.34816498483 0 3.500000000032242 0.7 17.093414457345794 7.300000000111063 7.800000000030916 3.3502146661011243 5.286683229759153
16150 2996.348164984377 0 3.5000000000115494 0.7000000000004194 17.09496446467085 7.3 7.800000000039365 3.350214666117301 5.286683229763007
16200 2996.348164984377 0 3.5000000000115494 0.7000000000004194 17.09496446467085 7.3 7.800000000039365 3.350214666117301 5.286683229763007
16250 2996.348164984377 0 3.5000000000115494 0.7000000000004194 17.09496446467085 7.3 7.800000000039365 3.350214666117301 5.286683229763007
16300 2996.348164984377 0 3.5000000000115494 0.7000000000004194 17.09496446467085 7.3 7.800000000039365 3.350214666117301 5.286683229763007
16350 2996.3481649821524 0 3.500000000003377 0.7000000000006711 17.099579998077008 7.3 7.800000000232977 3.3502146661037333 5.286683229761522
16400 2996.3481649821524 0 3.500000000003377 0.7000000000006711 17.099579998077008 7.3 7.800000000232977 3.3502146661037333 5.286683229761522
16450 2996.3481649821524 0 3.500000000003377 0.7000000000006711 17.099579998077008 7.3 7.800000000232977 3.3502146661037333 5.286683229761522
16500 2996.3481649821524 0 3.500000000003377 0.7000000000006711 17.099579998077008 7.3 7.800000000232977 3.3502146661037333 5.286683229761522
16550 2996.348164978402 0 3.500000000002683 0.7000000000002516 17 7.3 7.800000000019766 3.350214666110423 5.286683229763712
16600 2996.348164978402 0 3.500000000002683 0.7000000000002516 17 7.3 7.800000000019766 3.350214666110423 5.286683229763712
16650 2996.3481649783866 0 3.500000000016717 0.7000000000001443 17.138239637758605 7.300000000041864 7.8 3.350214666100785 5.286683229759747
16700 2996.348164972735 0 3.5000000000014384 0.7000000000001808 17.410545707478725 7.300000000047038 7.8 3.3502146660967926 5.286683229761565
16750 2996.348164972735 0 3.5000000000014384 0.7000000000001808 17.410545707478725 7.300000000047038 7.8 3.3502146660967926 5.286683229761565
16800 2996.348164972735 0 3.5000000000014384 0.7000000000001808 17.410545707478725 7.300000000047038 7.8 3.3502146660967926 5.286683229761565
16850 2996.348164972735 0 3.5000000000014384 0.7000000000001808 17.410545707478725 7.300000000047038 7.8 3.3502146660967926 5.286683229761565
16900 2996.348164972735 0 3.5000000000014384 0.7000000000001808 17.410545707478725 7.300000000047038 7.8 3.3502146660967926 5.286683229761565
16950 2996.348164972735 0 3.5000000000014384 0.7000000000001808 17.410545707478725 7.300000000047038 7.8 3.3502146660967926 5.286683229761565
17000 2996.348164972735 0 3.5000000000014384 0.7000000000001808 17.410545707478725 7.300000000047038 7.8 3.3502146660967926 5.286683229761565
17050 2996.348164972735 0 3.5000000000014384 0.7000000000001808 17.410545707478725 7.300000000047038 7.8 3.3502146660967926 5.286683229761565
17100 2996.348164972735 0 3.5000000000014384 0.7000000000001808 17.410545707478725 7.300000000047038 7.8 3.3502146660967926 5.286683229761565
17150 2996.348164972735 0 3.5000000000014384 0.7000000000001808 17.410545707478725 7.300000000047038 7.8 3.3502146660967926 5.286683229761565
17200 2996.348164972735 0 3.5000000000014384 0.7000000000001808 17.410545707478725 7.300000000047038 7.8 3.3502146660967926 5.286683229761565
17250 2996.348164972735 0 3.5000000000014384 0.7000000000001808 17.410545707478725 7.300000000047038 7.8 3.3502146660967926 5.286683229761565
17300 2996.348164972735 0 3.5000000000014384 0.7000000000001808 17.410545707478725 7.300000000047038 7.8 3.3502146660967926 5.286683229761565
17350 2996.3481649720998 0 3.500000000000695 0.7000000000000473 17.120176393427542 7.300000000106989 7.800000000004889 3.3502146661020347 5.286683229758874
17400 2996.3481649720998 0 3.500000000000695 0.7000000000000473 17.120176393427542 7.300000000106989 7.800000000004889 3.3502146661020347 5.286683229758874
17450 2996.34816497078 0 3.500000000002909 0.7000000000000441 17.121591054841087 7.3 7.8 3.3502146660967926 5.286683229759206
17500 2996.34816497078 0 3.500000000002909 0.7000000000000441 17.121591054841087 7.3 7.8 3.3502146660967926 5.286683229759206
17550 2996.34816497078 0 3.500000000002909 0.7000000000000441 17.121591054841087 7.3 7.8 3.3502146660967926 5.286683229759206
17600 2996.34816497078 0 3.500000000002909 0.7000000000000441 17.121591054841087 7.3 7.8 3.3502146660967926 5.286683229759206
17650 2996.348164970716 0 3.500000000001517 0.7 17.342177557166153 7.3 7.8 3.3502146660970156 5.28668322976019
17700 2996.348164970716 0 3.500000000001517 0.7 17.342177557166153 7.3 7.8 3.3502146660970156 5.28668322976019
17750 2996.3481649706614 0 3.500000000003432 0.7000000000000963 17.197911936322765 7.3 7.8 3.350214666097495 5.286683229758044
17800 2996.3481649704718 0 3.5000000000007994 0.7000000000000093 17.289536945299886 7.300000000088643 7.8 3.3502146660972096 5.286683229758876
17850 2996.3481649704718 0 3.5000000000007994 0.7000000000000093 17.289536945299886 7.300000000088643 7.8 3.3502146660972096 5.286683229758876
17900 2996.3481649704718 0 3.5000000000007994 0.7000000000000093 17.289536945299886 7.300000000088643 7.8 3.3502146660972096 5.286683229758876
17950 2996.348164970317 0 3.5000000000007336 0.7000000000000164 17.451499715004868 7.300000000071 7.800000000002131 3.350214666096797 5.2866832297589585
18000 2996.348164970149 0 3.5000000000021707 0.7000000000000086 17.404905099393194 7.3 7.8 3.3502146660987093 5.286683229758154
18050 2996.348164970149 0 3.5000000000021707 0.7000000000000086 17.404905099393194 7.3 7.8 3.3502146660987093 5.286683229758154
18100 2996.348164969691 0 3.5000000000014038 0.7 17.428118126153116 7.300000000020582 7.8 3.3502146660972087 5.286683229758285
18150 2996.348164969691 0 3.5000000000014038 0.7 17.428118126153116 7.300000000020582 7.8 3.3502146660972087 5.286683229758285
18200 2996.348164969691 0 3.5000000000014038 0.7 17.428118126153116 7.300000000020582 7.8 3.3502146660972087 5.286683229758285
18250 2996.348164969691 0 3.5000000000014038 0.7 17.428118126153116 7.300000000020582 7.8 3.3502146660972087 5.286683229758285
18300 2996.348164969526 0 3.500000000001307 0.7000000000000131 17.440003479628437 7.300000000029709 7.800000000002854 3.3502146660967984 5.286683229757932
18350 2996.348164969526 0 3.500000000001307 0.7000000000000131 17.440003479628437 7.300000000029709 7.800000000002854 3.3502146660967984 5.286683229757932
18400 2996.348164969424 0 3.500000000000134 0.700000000000004 17.32007352701429 7.300000000046151 7.800000000003573 3.3502146660977705 5.286683229757918
18450 2996.348164969421 0 3.500000000000268 0.7 17.457619673095014 7.3000000000098835 7.800000000005969 3.3502146660978656 5.286683229758241
18500 2996.348164969421 0 3.500000000000268 0.7 17.457619673095014 7.3000000000098835 7.800000000005969 3.3502146660978656 5.286683229758241
18550 2996.3481649693963 0 3.500000000000391 0.700000000000006 17.237893299092057 7.3000000000093435 7.800000000003552 3.3502146660970924 5.286683229758484
18600 2996.348164969329 0 3.500000000000639 0.7000000000000086 17.29495352628634 7.30000000001524 7.800000000000661 3.350214666097047 5.286683229758243
18650 2996.348164969329 0 3.500000000000639 0.7000000000000086 17.29495352628634 7.30000000001524 7.800000000000661 3.350214666097047 5.286683229758243
18700 2996.348164969329 0 3.500000000000639 0.7000000000000086 17.29495352628634 7.30000000001524 7.800000000000661 3.350214666097047 5.286683229758243
18750 2996.348164969135 0 3.5000000000002616 0.7000000000000461 17.239998516460652 7.3000000000070235 7.800000000005742 3.350214666096688 5.286683229757986
18800 2996.3481649690984 0 3.5000000000001457 0.7000000000000028 17.079227871705353 7.300000000020643 7.800000000002295 3.3502146660973486 5.286683229757974
18850 2996.3481649688824 0 3.5000000000002665 0.7000000000000016 17.182064030222534 7.3 7.800000000002295 3.350214666096944 5.286683229758016
18900 2996.3481649688824 0 3.5000000000002665 0.7000000000000016 17.182064030222534 7.3 7.800000000002295 3.350214666096944 5.286683229758016
18950 2996.3481649688824 0 3.5000000000002665 0.7000000000000016 17.182064030222534 7.3 7.800000000002295 3.350214666096944 5.286683229758016
19000 2996.3481649688824 0 3.5000000000002665 0.7000000000000016 17.182064030222534 7.3 7.800000000002295 3.350214666096944 5.286683229758016
19050 2996.3481649688133 0 3.500000000000006 0.7 17.3179174279532 7.300000000015494 7.8 3.350214666096745 5.286683229758024
19100 2996.3481649688133 0 3.500000000000006 0.7 17.3179174279532 7.300000000015494 7.8 3.350214666096745 5.286683229758024
19150 2996.3481649688133 0 3.500000000000006 0.7 17.3179174279532 7.300000000015494 7.8 3.350214666096745 5.286683229758024
19200 2996.348164968812 0 3.50000000000001 0.7 17.207505037534407 7.3000000000049905 7.8 3.3502146660970364 5.286683229758049
19250 2996.348164968723 0 3.500000000000107 0.7 17.31035709738998 7.300000000009161 7.8 3.350214666096517 5.286683229757999
19300 2996.348164968723 0 3.500000000000107 0.7 17.31035709738998 7.300000000009161 7.8 3.350214666096517 5.286683229757999
19350 2996.3481649687174 0 3.5000000000001483 0.7000000000000037 17.00421238052139 7.3 7.8 3.350214666096469 5.286683229758084
19400 2996.3481649687146 0 3.5000000000001283 0.7000000000000016 17.182064030222534 7.300000000004024 7.8 3.350214666096694 5.286683229757961
19450 2996.3481649687146 0 3.5000000000001283 0.7000000000000016 17.182064030222534 7.300000000004024 7.8 3.350214666096694 5.286683229757961
19500 2996.3481649687146 0 3.5000000000001283 0.7000000000000016 17.182064030222534 7.300000000004024 7.8 3.350214666096694 5.286683229757961
19550 2996.348164968685 0 3.5000000000001004 0.700000000000006 17.040704857516015 7.3 7.800000000001706 3.350214666096595 5.286683229757938
19600 2996.3481649686605 0 3.5000000000001887 0.7000000000000016 17.215833067053406 7.3000000000002245 7.8 3.3502146660965573 5.286683229757946
19650 2996.3481649686605 0 3.5000000000001887 0.7000000000000016 17.215833067053406 7.3000000000002245 7.8 3.3502146660965573 5.286683229757946
19700 2996.3481649686523 0 3.5000000000001785 0.7000000000000016 17.268324943378612 7.3 7.8 3.3502146660965195 5.286683229757958
19750 2996.3481649686523 0 3.5000000000001785 0.7000000000000016 17.268324943378612 7.3 7.8 3.3502146660965195 5.286683229757958
19800 2996.3481649686523 0 3.5000000000001785 0.7000000000000016 17.268324943378612 7.3 7.8 3.3502146660965195 5.286683229757958
19850 2996.348164968649 0 3.500000000000173 0.7 17.0602905849951 7.300000000003877 7.8 3.3502146660964893 5.2866832297579265
19900 2996.3481649686314 0 3.500000000000111 0.7 17.1471604747419 7.3 7.8 3.350214666096626 5.286683229757935
19950 2996.3481649686096 0 3.5000000000000178 0.700000000000001 17.169529003128623 7.300000000003877 7.8 3.350214666096575 5.286683229757919
20000 2996.3481649686096 0 3.5000000000000178 0.700000000000001 17.169529003128623 7.300000000003877 7.8 3.350214666096575 5.286683229757919
20050 2996.3481649685846 0 3.5000000000000306 0.7000000000000002 17.017833246236975 7.3 7.8 3.3502146660965595 5.286683229757937
20100 2996.3481649685846 0 3.5000000000000306 0.7000000000000002 17.017833246236975 7.3 7.8 3.3502146660965595 5.286683229757937
20150 2996.3481649685846 0 3.5000000000000306 0.7000000000000002 17.017833246236975 7.3 7.8 3.3502146660965595 5.286683229757937
20200 2996.348164968574 0 3.500000000000049 0.7 17.106129531082114 7.3 7.8 3.3502146660965386 5.286683229757919
20250 2996.348164968574 0 3.500000000000049 0.7 17.106129531082114 7.3 7.8 3.3502146660965386 5.286683229757919
20300 2996.348164968574 0 3.500000000000049 0.7 17.106129531082114 7.3 7.8 3.3502146660965386 5.286683229757919
20350 2996.348164968574 0 3.500000000000049 0.7 17.106129531082114 7.3 7.8 3.3502146660965386 5.286683229757919
20400 2996.348164968574 0 3.500000000000049 0.7 17.106129531082114 7.3 7.8 3.3502146660965386 5.286683229757919
20450 2996.348164968572 0 3.500000000000041 0.7 17.12434421207713 7.3 7.8 3.3502146660964978 5.286683229757938
20500 2996.3481649685637 0 3.5000000000000377 0.7000000000000004 17.269990562021373 7.3 7.800000000000199 3.350214666096466 5.286683229757928
20550 2996.3481649685637 0 3.5000000000000377 0.7000000000000004 17.269990562021373 7.3 7.800000000000199 3.350214666096466 5.286683229757928
20600 2996.3481649685577 0 3.500000000000006 0.7 17.0519096464511 7.300000000000631 7.8 3.350214666096506 5.286683229757925
20650 2996.3481649685577 0 3.500000000000006 0.7 17.0519096464511 7.300000000000631 7.8 3.350214666096506 5.286683229757925
20700 2996.3481649685577 0 3.500000000000006 0.7 17.0519096464511 7.300000000000631 7.8 3.350214666096506 5.286683229757925
20750 2996.3481649685577 0 3.500000000000006 0.7 17.0519096464511 7.300000000000631 7.8 3.350214666096506 5.286683229757925
20800 2996.3481649685577 0 3.500000000000006 0.7 17.0519096464511 7.300000000000631 7.8 3.350214666096506 5.286683229757925
20850 2996.3481649685573 0 3.500000000000022 0.7 17.06082920487759 7.300000000000487 7.8 3.350214666096455 5.286683229757936
20900 2996.348164968556 0 3.5000000000000293 0.7 17.08430710708088 7.3 7.800000000000199 3.350214666096466 5.286683229757926
20950 2996.348164968556 0 3.5000000000000293 0.7 17.08430710708088 7.3 7.800000000000199 3.350214666096466 5.286683229757926
21000 2996.3481649685505 0 3.5000000000000187 0.7 17.01753444835974 7.300000000000487 7.8 3.350214666096472 5.286683229757921
21050 2996.3481649685505 0 3.5000000000000187 0.7 17.01753444835974 7.300000000000487 7.8 3.350214666096472 5.286683229757921
21100 2996.3481649685505 0 3.5000000000000187 0.7 17.01753444835974 7.300000000000487 7.8 3.350214666096472 5.286683229757921
21150 2996.348164968549 0 3.5000000000000018 0.7000000000000004 17.102074387266235 7.3 7.8 3.350214666096484 5.286683229757928
21200 2996.348164968549 0 3.5000000000000018 0.7000000000000004 17.102074387266235 7.3 7.8 3.350214666096484 5.286683229757928
21250 2996.348164968541 0 3.5000000000000147 0.7 17.094260417581502 7.3 7.8 3.3502146660964613 5.286683229757919
21300 2996.348164968541 0 3.5000000000000147 0.7 17.094260417581502 7.3 7.8 3.3502146660964613 5.286683229757919
21350 2996.348164968541 0 3.5000000000000147 0.7 17.094260417581502 7.3 7.8 3.3502146660964613 5.286683229757919
21400 2996.3481649685373 0 3.5000000000000027 0.7 17.135661333039206 7.3 7.8 3.350214666096466 5.2866832297579185
21450 2996.3481649685373 0 3.5000000000000027 0.7 17.135661333039206 7.3 7.8 3.350214666096466 5.2866832297579185
21500 2996.3481649685373 0 3.5000000000000027 0.7 17.135661333039206 7.3 7.8 3.350214666096466 5.2866832297579185
21550 2996.3481649685373 0 3.5000000000000027 0.7 17.135661333039206 7.3 7.8 3.350214666096466 5.2866832297579185
21600 2996.348164968536 0 3.5000000000000013 0.7 17.06315204874684 7.300000000000175 7.8 3.350214666096456 5.286683229757919
21650 2996.3481649685355 0 3.5000000000000027 0.7000000000000002 17.00038568989079 7.3 7.8 3.3502146660964582 5.286683229757917
21700 2996.3481649685355 0 3.5000000000000027 0.7000000000000002 17.00038568989079 7.3 7.8 3.3502146660964582 5.286683229757917
21750 2996.348164968535 0 3.5000000000000053 0.7 17.296849258394627 7.3 7.8 3.350214666096453 5.286683229757919
21800 2996.3481649685345 0 3.5000000000000027 0.7 17 7.300000000000011 7.8 3.350214666096454 5.2866832297579185
21850 2996.3481649685345 0 3.5000000000000027 0.7 17 7.300000000000011 7.8 3.350214666096454 5.2866832297579185
21900 2996.3481649685336 0 3.500000000000006 0.7000000000000001 17.29661784446015 7.300000000000011 7.8 3.350214666096449 5.286683229757918
21950 2996.3481649685336 0 3.500000000000006 0.7000000000000001 17.29661784446015 7.300000000000011 7.8 3.350214666096449 5.286683229757918
22000 2996.3481649685336 0 3.500000000000006 0.7000000000000001 17.29661784446015 7.300000000000011 7.8 3.350214666096449 5.286683229757918
22050 2996.3481649685327 0 3.5000000000000013 0.7000000000000001 17.002105263490883 7.300000000000011 7.8 3.3502146660964534 5.286683229757917
22100 2996.3481649685327 0 3.5000000000000013 0.7000000000000001 17.002105263490883 7.300000000000011 7.8 3.3502146660964534 5.286683229757917
22150 2996.3481649685327 0 3.5000000000000013 0.7000000000000001 17.05519602321918 7.300000000000021 7.8 3.3502146660964525 5.286683229757918
22200 2996.3481649685327 0 3.5000000000000004 0.7 17.095586481964617 7.3000000000000025 7.800000000000011 3.3502146660964547 5.286683229757917
22250 2996.3481649685323 0 3.5000000000000036 0.7 17.26931409444606 7.3 7.8 3.3502146660964485 5.286683229757918
22300 2996.3481649685323 0 3.5000000000000036 0.7 17.26931409444606 7.3 7.8 3.3502146660964485 5.286683229757918
22350 2996.3481649685323 0 3.5000000000000036 0.7 17.26931409444606 7.3 7.8 3.3502146660964485 5.286683229757918
22400 2996.348164968532 0 3.4999999999999996 0.7 17.20111583755931 7.30000000000001 7.800000000000004 3.3502146660964485 5.2866832297579185
22450 2996.348164968532 0 3.5000000000000013 0.7000000000000001 17 7.3 7.800000000000007 3.3502146660964494 5.286683229757918
22500 2996.3481649685314 0 3.5000000000000018 0.7000000000000001 17 7.30000000000001 7.8 3.350214666096448 5.286683229757917
22550 2996.3481649685314 0 3.5000000000000018 0.7000000000000001 17 7.30000000000001 7.8 3.350214666096448 5.286683229757917
22600 2996.348164968531 0 3.5000000000000004 0.7 17 7.300000000000001 7.800000000000001 3.350214666096448 5.286683229757918
22650 2996.348164968531 0 3.5000000000000004 0.7 17 7.300000000000001 7.800000000000001 3.350214666096448 5.286683229757918
22700 2996.348164968531 0 3.5000000000000004 0.7 17 7.300000000000001 7.800000000000001 3.350214666096448 5.286683229757918
22750 2996.348164968531 0 3.5000000000000004 0.7 17 7.300000000000001 7.800000000000001 3.350214666096448 5.286683229757918
22800 2996.3481649685305 0 3.5000000000000013 0.7 17.137709756143884 7.300000000000002 7.8000000000000025 3.3502146660964476 5.286683229757917
22850 2996.3481649685305 0 3.5000000000000013 0.7 17.137709756143884 7.300000000000002 7.8000000000000025 3.3502146660964476 5.286683229757917
22900 2996.3481649685305 0 3.5000000000000013 0.7 17.137709756143884 7.300000000000002 7.8000000000000025 3.3502146660964476 5.286683229757917
22950 2996.3481649685305 0 3.5000000000000013 0.7 17.137709756143884 7.300000000000002 7.8000000000000025 3.3502146660964476 5.286683229757917
23000 2996.34816496853 0 3.5 0.7 17.0 7.300000000000002 7.8 3.3502146660964476 5.286683229757917
23050 2996.34816496853 0 3.5 0.7 17.0 7.300000000000002 7.8 3.3502146660964476 5.286683229757917
23100 2996.34816496853 0 3.5 0.7 17.0 7.300000000000002 7.8 3.3502146660964476 5.286683229757917
23150 2996.3481649685295 0 3.4999999999999996 0.7 17 7.300000000000009 7.8000000000000025 3.3502146660964476 5.286683229757917
23200 2996.3481649685295 0 3.4999999999999996 0.7 17 7.300000000000009 7.8000000000000025 3.3502146660964476 5.286683229757917
23250 2996.3481649685295 0 3.4999999999999996 0.7 17 7.300000000000009 7.8000000000000025 3.3502146660964476 5.286683229757917
23300 2996.3481649685295 0 3.4999999999999996 0.7 17 7.300000000000009 7.8000000000000025 3.3502146660964476 5.286683229757917
23350 2996.3481649685295 0 3.4999999999999996 0.7 17.35817140578892 7.3000000000000105 7.8 3.3502146660964476 5.286683229757917
23400 2996.3481649685295 0 3.4999999999999996 0.7 17.35817140578892 7.3000000000000105 7.8 3.3502146660964476 5.286683229757917
23450 2996.3481649685295 0 3.4999999999999996 0.7 17.35817140578892 7.3000000000000105 7.8 3.3502146660964476 5.286683229757917
23500 2996.3481649685295 0 3.4999999999999996 0.7 17.35817140578892 7.3000000000000105 7.8 3.3502146660964476 5.286683229757917
23550 2996.3481649685295 0 3.4999999999999996 0.7 17.35817140578892 7.3000000000000105 7.8 3.3502146660964476 5.286683229757917
23600 2996.3481649685295 0 3.4999999999999996 0.7 17.390637376959976 7.300000000000004 7.800000000000005 3.3502146660964476 5.286683229757917
23650 2996.3481649685295 0 3.4999999999999996 0.7 17.011850402799336 7.300000000000005 7.800000000000003 3.3502146660964476 5.286683229757917
23700 2996.3481649685295 0 3.4999999999999996 0.7 17.011850402799336 7.300000000000005 7.800000000000003 3.3502146660964476 5.286683229757917
23750 2996.3481649685295 0 3.4999999999999996 0.7 17.011850402799336 7.300000000000005 7.800000000000003 3.3502146660964476 5.286683229757917
23800 2996.3481649685295 0 3.4999999999999996 0.7 17.011850402799336 7.300000000000005 7.800000000000003 3.3502146660964476 5.286683229757917
23850 2996.3481649685295 0 3.4999999999999996 0.7 17.011850402799336 7.300000000000005 7.800000000000003 3.3502146660964476 5.286683229757917
23900 2996.3481649685295 0 3.4999999999999996 0.7 17.011850402799336 7.300000000000005 7.800000000000003 3.3502146660964476 5.286683229757917
23950 2996.3481649685295 0 3.4999999999999996 0.7 17.011850402799336 7.300000000000005 7.800000000000003 3.3502146660964476 5.286683229757917
24000 2996.3481649685295 0 3.4999999999999996 0.7 17.011850402799336 7.300000000000005 7.800000000000003 3.3502146660964476 5.286683229757917
24050 2996.3481649685295 0 3.4999999999999996 0.7 17.011850402799336 7.300000000000005 7.800000000000003 3.3502146660964476 5.286683229757917
24100 2996.3481649685295 0 3.4999999999999996 0.7 17.011850402799336 7.300000000000005 7.800000000000003 3.3502146660964476 5.286683229757917
24150 2996.3481649685295 0 3.4999999999999996 0.7 17.011850402799336 7.300000000000005 7.800000000000003 3.3502146660964476 5.286683229757917
24200 2996.3481649685295 0 3.4999999999999996 0.7 17.011850402799336 7.300000000000005 7.800000000000003 3.3502146660964476 5.286683229757917
24250 2996.3481649685295 0 3.4999999999999996 0.7 17.011850402799336 7.300000000000005 7.800000000000003 3.3502146660964476 5.286683229757917
24300 2996.3481649685295 0 3.4999999999999996 0.7 17.011850402799336 7.300000000000005 7.800000000000003 3.3502146660964476 5.286683229757917
24350 2996.3481649685295 0 3.4999999999999996 0.7 17.011850402799336 7.300000000000005 7.800000000000003 3.3502146660964476 5.286683229757917
24400 2996.3481649685295 0 3.4999999999999996 0.7 17.011850402799336 7.300000000000005 7.800000000000003 3.3502146660964476 5.286683229757917
24450 2996.3481649685295 0 3.4999999999999996 0.7 17.011850402799336 7.300000000000005 7.800000000000003 3.3502146660964476 5.286683229757917
24500 2996.3481649685295 0 3.4999999999999996 0.7 17.011850402799336 7.300000000000005 7.800000000000003 3.3502146660964476 5.286683229757917
24550 2996.3481649685295 0 3.4999999999999996 0.7 17.011850402799336 7.300000000000005 7.800000000000003 3.3502146660964476 5.286683229757917
24600 2996.3481649685295 0 3.4999999999999996 0.7 17.011850402799336 7.300000000000005 7.800000000000003 3.3502146660964476 5.286683229757917
24650 2996.3481649685295 0 3.4999999999999996 0.7 17.011850402799336 7.300000000000005 7.800000000000003 3.3502146660964476 5.286683229757917
24700 2996.3481649685295 0 3.4999999999999996 0.7 17.011850402799336 7.300000000000005 7.800000000000003 3.3502146660964476 5.286683229757917
24750 2996.3481649685295 0 3.4999999999999996 0.7 17.011850402799336 7.300000000000005 7.800000000000003 3.3502146660964476 5.286683229757917
24800 2996.3481649685295 0 3.4999999999999996 0.7 17.011850402799336 7.300000000000005 7.800000000000003 3.3502146660964476 5.286683229757917
24850 2996.3481649685295 0 3.4999999999999996 0.7 17.011850402799336 7.300000000000005 7.800000000000003 3.3502146660964476 5.286683229757917
24900 2996.3481649685295 0 3.4999999999999996 0.7 17.011850402799336 7.300000000000005 7.800000000000003 3.3502146660964476 5.286683229757917
24950 2996.3481649685295 0 3.4999999999999996 0.7 17.011850402799336 7.300000000000005 7.800000000000003 3.3502146660964476 5.286683229757917
25000 2996.3481649685295 0 3.4999999999999996 0.7 17.011850402799336 7.300000000000005 7.800000000000003 3.3502146660964476 5.286683229757917
25050 2996.3481649685295 0 3.4999999999999996 0.7 17.011850402799336 7.300000000000005 7.800000000000003 3.3502146660964476 5.286683229757917
25100 2996.3481649685295 0 3.4999999999999996 0.7 17.011850402799336 7.300000000000005 7.800000000000003 3.3502146660964476 5.286683229757917
25150 2996.3481649685295 0 3.4999999999999996 0.7 17.011850402799336 7.300000000000005 7.800000000000003 3.3502146660964476 5.286683229757917
25200 2996.3481649685295 0 3.4999999999999996 0.7 17.011850402799336 7.300000000000005 7.800000000000003 3.3502146660964476 5.286683229757917
25250 2996.3481649685295 0 3.4999999999999996 0.7 17.011850402799336 7.300000000000005 7.800000000000003 3.3502146660964476 5.286683229757917
25300 2996.3481649685295 0 3.4999999999999996 0.7 17.011850402799336 7.300000000000005 7.800000000000003 3.3502146660964476 5.286683229757917
25350 2996.3481649685295 0 3.4999999999999996 0.7 17.011850402799336 7.300000000000005 7.800000000000003 3.3502146660964476 5.286683229757917
25400 2996.3481649685295 0 3.4999999999999996 0.7 17.011850402799336 7.300000000000005 7.800000000000003 3.3502146660964476 5.286683229757917
25450 2996.3481649685295 0 3.4999999999999996 0.7 17.011850402799336 7.300000000000005 7.800000000000003 3.3502146660964476 5.286683229757917
25500 2996.3481649685295 0 3.4999999999999996 0.7 17.011850402799336 7.300000000000005 7.800000000000003 3.3502146660964476 5.286683229757917
25550 2996.3481649685295 0 3.4999999999999996 0.7 17.011850402799336 7.300000000000005 7.800000000000003 3.3502146660964476 5.286683229757917
25600 2996.3481649685295 0 3.4999999999999996 0.7 17.011850402799336 7.300000000000005 7.800000000000003 3.3502146660964476 5.286683229757917
25650 2996.3481649685295 0 3.4999999999999996 0.7 17.011850402799336 7.300000000000005 7.800000000000003 3.3502146660964476 5.286683229757917
25700 2996.3481649685295 0 3.4999999999999996 0.7 17.011850402799336 7.300000000000005 7.800000000000003 3.3502146660964476 5.286683229757917
25750 2996.3481649685295 0 3.4999999999999996 0.7 17.011850402799336 7.300000000000005 7.800000000000003 3.3502146660964476 5.286683229757917
25800 2996.3481649685295 0 3.4999999999999996 0.7 17.011850402799336 7.300000000000005 7.800000000000003 3.3502146660964476 5.286683229757917
25850 2996.3481649685295 0 3.4999999999999996 0.7 17.011850402799336 7.300000000000005 7.800000000000003 3.3502146660964476 5.286683229757917
25900 2996.3481649685295 0 3.4999999999999996 0.7 17.011850402799336 7.300000000000005 7.800000000000003 3.3502146660964476 5.286683229757917
25950 2996.3481649685295 0 3.4999999999999996 0.7 17.011850402799336 7.300000000000005 7.800000000000003 3.3502146660964476 5.286683229757917
26000 2996.3481649685295 0 3.4999999999999996 0.7 17.011850402799336 7.300000000000005 7.800000000000003 3.3502146660964476 5.286683229757917
26050 2996.3481649685295 0 3.4999999999999996 0.7 17.011850402799336 7.300000000000005 7.800000000000003 3.3502146660964476 5.286683229757917
26100 2996.3481649685295 0 3.4999999999999996 0.7 17.011850402799336 7.300000000000005 7.800000000000003 3.3502146660964476 5.286683229757917
26150 2996.3481649685295 0 3.4999999999999996 0.7 17.011850402799336 7.300000000000005 7.800000000000003 3.3502146660964476 5.286683229757917
26200 2996.3481649685295 0 3.4999999999999996 0.7 17.011850402799336 7.300000000000005 7.800000000000003 3.3502146660964476 5.286683229757917
26250 2996.3481649685295 0 3.4999999999999996 0.7 17.011850402799336 7.300000000000005 7.800000000000003 3.3502146660964476 5.286683229757917
26300 2996.3481649685295 0 3.4999999999999996 0.7 17.011850402799336 7.300000000000005 7.800000000000003 3.3502146660964476 5.286683229757917
26350 2996.3481649685295 0 3.4999999999999996 0.7 17.011850402799336 7.300000000000005 7.800000000000003 3.3502146660964476 5.286683229757917
26400 2996.3481649685295 0 3.4999999999999996 0.7 17.011850402799336 7.300000000000005 7.800000000000003 3.3502146660964476 5.286683229757917
26450 2996.3481649685295 0 3.4999999999999996 0.7 17.011850402799336 7.300000000000005 7.800000000000003 3.3502146660964476 5.286683229757917
26500 2996.3481649685295 0 3.4999999999999996 0.7 17.011850402799336 7.300000000000005 7.800000000000003 3.3502146660964476 5.286683229757917
26550 2996.3481649685295 0 3.4999999999999996 0.7 17.011850402799336 7.300000000000005 7.800000000000003 3.3502146660964476 5.286683229757917
26600 2996.3481649685295 0 3.4999999999999996 0.7 17.011850402799336 7.300000000000005 7.800000000000003 3.3502146660964476 5.286683229757917
26650 2996.3481649685295 0 3.4999999999999996 0.7 17.011850402799336 7.300000000000005 7.800000000000003 3.3502146660964476 5.286683229757917
26700 2996.3481649685295 0 3.4999999999999996 0.7 17.011850402799336 7.300000000000005 7.800000000000003 3.3502146660964476 5.286683229757917
26750 2996.3481649685295 0 3.4999999999999996 0.7 17.011850402799336 7.300000000000005 7.800000000000003 3.3502146660964476 5.286683229757917
26800 2996.3481649685295 0 3.4999999999999996 0.7 17.011850402799336 7.300000000000005 7.800000000000003 3.3502146660964476 5.286683229757917
26850 2996.3481649685295 0 3.4999999999999996 0.7 17.011850402799336 7.300000000000005 7.800000000000003 3.3502146660964476 5.286683229757917
26900 2996.3481649685295 0 3.4999999999999996 0.7 17.011850402799336 7.300000000000005 7.800000000000003 3.3502146660964476 5.286683229757917
26950 2996.3481649685295 0 3.4999999999999996 0.7 17.011850402799336 7.300000000000005 7.800000000000003 3.3502146660964476 5.286683229757917
27000 2996.3481649685295 0 3.4999999999999996 0.7 17.011850402799336 7.300000000000005 7.800000000000003 3.3502146660964476 5.286683229757917
27050 2996.3481649685295 0 3.4999999999999996 0.7 17.011850402799336 7.300000000000005 7.800000000000003 3.3502146660964476 5.286683229757917
27100 2996.3481649685295 0 3.4999999999999996 0.7 17.011850402799336 7.300000000000005 7.800000000000003 3.3502146660964476 5.286683229757917
27150 2996.3481649685295 0 3.4999999999999996 0.7 17.011850402799336 7.300000000000005 7.800000000000003 3.3502146660964476 5.286683229757917
27200 2996.3481649685295 0 3.4999999999999996 0.7 17.011850402799336 7.300000000000005 7.800000000000003 3.3502146660964476 5.286683229757917
27250 2996.3481649685295 0 3.4999999999999996 0.7 17.011850402799336 7.300000000000005 7.800000000000003 3.3502146660964476 5.286683229757917
27300 2996.3481649685295 0 3.4999999999999996 0.7 17.011850402799336 7.300000000000005 7.800000000000003 3.3502146660964476 5.286683229757917
27350 2996.3481649685295 0 3.4999999999999996 0.7 17.011850402799336 7.300000000000005 7.800000000000003 3.3502146660964476 5.286683229757917
27400 2996.3481649685295 0 3.4999999999999996 0.7 17.011850402799336 7.300000000000005 7.800000000000003 3.3502146660964476 5.286683229757917
27450 2996.3481649685295 0 3.4999999999999996 0.7 17.011850402799336 7.300000000000005 7.800000000000003 3.3502146660964476 5.286683229757917
27500 2996.3481649685295 0 3.4999999999999996 0.7 17.011850402799336 7.300000000000005 7.800000000000003 3.3502146660964476 5.286683229757917
27550 2996.3481649685295 0 3.4999999999999996 0.7 17.011850402799336 7.300000000000005 7.800000000000003 3.3502146660964476 5.286683229757917
27600 2996.3481649685295 0 3.4999999999999996 0.7 17.011850402799336 7.300000000000005 7.800000000000003 3.3502146660964476 5.286683229757917
27650 2996.3481649685295 0 3.4999999999999996 0.7 17.011850402799336 7.300000000000005 7.800000000000003 3.3502146660964476 5.286683229757917
27700 2996.3481649685295 0 3.4999999999999996 0.7 17.011850402799336 7.300000000000005 7.800000000000003 3.3502146660964476 5.286683229757917
27750 2996.3481649685295 0 3.4999999999999996 0.7 17.011850402799336 7.300000000000005 7.800000000000003 3.3502146660964476 5.286683229757917
27800 2996.3481649685295 0 3.4999999999999996 0.7 17.011850402799336 7.300000000000005 7.800000000000003 3.3502146660964476 5.286683229757917
27850 2996.3481649685295 0 3.4999999999999996 0.7 17.011850402799336 7.300000000000005 7.800000000000003 3.3502146660964476 5.286683229757917
27900 2996.3481649685295 0 3.4999999999999996 0.7 17.011850402799336 7.300000000000005 7.800000000000003 3.3502146660964476 5.286683229757917
27950 2996.3481649685295 0 3.4999999999999996 0.7 17.011850402799336 7.300000000000005 7.800000000000003 3.3502146660964476 5.286683229757917
28000 2996.3481649685295 0 3.4999999999999996 0.7 17.011850402799336 7.300000000000005 7.800000000000003 3.3502146660964476 5.286683229757917
28050 2996.3481649685295 0 3.4999999999999996 0.7 17.011850402799336 7.300000000000005 7.800000000000003 3.3502146660964476 5.286683229757917
28100 2996.3481649685295 0 3.4999999999999996 0.7 17.011850402799336 7.300000000000005 7.800000000000003 3.3502146660964476 5.286683229757917
28150 2996.3481649685295 0 3.4999999999999996 0.7 17.011850402799336 7.300000000000005 7.800000000000003 3.3502146660964476 5.286683229757917
28200 2996.3481649685295 0 3.4999999999999996 0.7 17.011850402799336 7.300000000000005 7.800000000000003 3.3502146660964476 5.286683229757917
28250 2996.3481649685295 0 3.4999999999999996 0.7 17.011850402799336 7.300000000000005 7.800000000000003 3.3502146660964476 5.286683229757917
28300 2996.3481649685295 0 3.4999999999999996 0.7 17.011850402799336 7.300000000000005 7.800000000000003 3.3502146660964476 5.286683229757917
28350 2996.3481649685295 0 3.4999999999999996 0.7 17.011850402799336 7.300000000000005 7.800000000000003 3.3502146660964476 5.286683229757917
28400 2996.3481649685295 0 3.4999999999999996 0.7 17.011850402799336 7.300000000000005 7.800000000000003 3.3502146660964476 5.286683229757917
28450 2996.3481649685295 0 3.4999999999999996 0.7 17.011850402799336 7.300000000000005 7.800000000000003 3.3502146660964476 5.286683229757917
28500 2996.3481649685295 0 3.4999999999999996 0.7 17.011850402799336 7.300000000000005 7.800000000000003 3.3502146660964476 5.286683229757917
28550 2996.3481649685295 0 3.4999999999999996 0.7 17.011850402799336 7.300000000000005 7.800000000000003 3.3502146660964476 5.286683229757917
28600 2996.3481649685295 0 3.4999999999999996 0.7 17.011850402799336 7.300000000000005 7.800000000000003 3.3502146660964476 5.286683229757917
28650 2996.3481649685295 0 3.4999999999999996 0.7 17.011850402799336 7.300000000000005 7.800000000000003 3.3502146660964476 5.286683229757917
28700 2996.3481649685295 0 3.4999999999999996 0.7 17.011850402799336 7.300000000000005 7.800000000000003 3.3502146660964476 5.286683229757917
28750 2996.3481649685295 0 3.4999999999999996 0.7 17.011850402799336 7.300000000000005 7.800000000000003 3.3502146660964476 5.286683229757917
28800 2996.3481649685295 0 3.4999999999999996 0.7 17.011850402799336 7.300000000000005 7.800000000000003 3.3502146660964476 5.286683229757917
28850 2996.3481649685295 0 3.4999999999999996 0.7 17.011850402799336 7.300000000000005 7.800000000000003 3.3502146660964476 5.286683229757917
28900 2996.3481649685295 0 3.4999999999999996 0.7 17.011850402799336 7.300000000000005 7.800000000000003 3.3502146660964476 5.286683229757917
28950 2996.3481649685295 0 3.4999999999999996 0.7 17.011850402799336 7.300000000000005 7.800000000000003 3.3502146660964476 5.286683229757917
29000 2996.3481649685295 0 3.4999999999999996 0.7 17.011850402799336 7.300000000000005 7.800000000000003 3.3502146660964476 5.286683229757917
29050 2996.3481649685295 0 3.4999999999999996 0.7 17.011850402799336 7.300000000000005 7.800000000000003 3.3502146660964476 5.286683229757917
29100 2996.3481649685295 0 3.4999999999999996 0.7 17.011850402799336 7.300000000000005 7.800000000000003 3.3502146660964476 5.286683229757917
29150 2996.3481649685295 0 3.4999999999999996 0.7 17.011850402799336 7.300000000000005 7.800000000000003 3.3502146660964476 5.286683229757917
29200 2996.3481649685295 0 3.4999999999999996 0.7 17.011850402799336 7.300000000000005 7.800000000000003 3.3502146660964476 5.286683229757917
29250 2996.3481649685295 0 3.4999999999999996 0.7 17.011850402799336 7.300000000000005 7.800000000000003 3.3502146660964476 5.286683229757917
29300 2996.3481649685295 0 3.4999999999999996 0.7 17.011850402799336 7.300000000000005 7.800000000000003 3.3502146660964476 5.286683229757917
29350 2996.3481649685295 0 3.4999999999999996 0.7 17.011850402799336 7.300000000000005 7.800000000000003 3.3502146660964476 5.286683229757917
29400 2996.3481649685295 0 3.4999999999999996 0.7 17.011850402799336 7.300000000000005 7.800000000000003 3.3502146660964476 5.286683229757917
29450 2996.3481649685295 0 3.4999999999999996 0.7 17.011850402799336 7.300000000000005 7.800000000000003 3.3502146660964476 5.286683229757917
29500 2996.3481649685295 0 3.4999999999999996 0.7 17.011850402799336 7.300000000000005 7.800000000000003 3.3502146660964476 5.286683229757917
29550 2996.3481649685295 0 3.4999999999999996 0.7 17.011850402799336 7.300000000000005 7.800000000000003 3.3502146660964476 5.286683229757917
29600 2996.3481649685295 0 3.4999999999999996 0.7 17.011850402799336 7.300000000000005 7.800000000000003 3.3502146660964476 5.286683229757917
29650 2996.3481649685295 0 3.4999999999999996 0.7 17.011850402799336 7.300000000000005 7.800000000000003 3.3502146660964476 5.286683229757917
29700 2996.3481649685295 0 3.4999999999999996 0.7 17.011850402799336 7.300000000000005 7.800000000000003 3.3502146660964476 5.286683229757917
29750 2996.3481649685295 0 3.4999999999999996 0.7 17.011850402799336 7.300000000000005 7.800000000000003 3.3502146660964476 5.286683229757917
29800 2996.3481649685295 0 3.4999999999999996 0.7 17.011850402799336 7.300000000000005 7.800000000000003 3.3502146660964476 5.286683229757917
29850 2996.3481649685295 0 3.4999999999999996 0.7 17.011850402799336 7.300000000000005 7.800000000000003 3.3502146660964476 5.286683229757917
29900 2996.3481649685295 0 3.4999999999999996 0.7 17.011850402799336 7.300000000000005 7.800000000000003 3.3502146660964476 5.286683229757917
29950 2996.3481649685295 0 3.4999999999999996 0.7 17.011850402799336 7.300000000000005 7.800000000000003 3.3502146660964476 5.286683229757917
30000 2996.3481649685295 0 3.4999999999999996 0.7 17.011850402799336 7.300000000000005 7.800000000000003 3.3502146660964476 5.286683229757917
30050 2996.3481649685295 0 3.4999999999999996 0.7 17.011850402799336 7.300000000000005 7.800000000000003 3.3502146660964476 5.286683229757917
30100 2996.3481649685295 0 3.4999999999999996 0.7 17.011850402799336 7.300000000000005 7.800000000000003 3.3502146660964476 5.286683229757917
30150 2996.3481649685295 0 3.4999999999999996 0.7 17.011850402799336 7.300000000000005 7.800000000000003 3.3502146660964476 5.286683229757917
30200 2996.3481649685295 0 3.4999999999999996 0.7 17.011850402799336 7.300000000000005 7.800000000000003 3.3502146660964476 5.286683229757917
30250 2996.3481649685295 0 3.4999999999999996 0.7 17.011850402799336 7.300000000000005 7.800000000000003 3.3502146660964476 5.286683229757917
30300 2996.3481649685295 0 3.4999999999999996 0.7 17.011850402799336 7.300000000000005 7.800000000000003 3.3502146660964476 5.286683229757917
30350 2996.3481649685295 0 3.4999999999999996 0.7 17.011850402799336 7.300000000000005 7.800000000000003 3.3502146660964476 5.286683229757917
30400 2996.3481649685295 0 3.4999999999999996 0.7 17.011850402799336 7.300000000000005 7.800000000000003 3.3502146660964476 5.286683229757917
30450 2996.3481649685295 0 3.4999999999999996 0.7 17.011850402799336 7.300000000000005 7.800000000000003 3.3502146660964476 5.286683229757917
30500 2996.3481649685295 0 3.4999999999999996 0.7 17.011850402799336 7.300000000000005 7.800000000000003 3.3502146660964476 5.286683229757917
30550 2996.3481649685295 0 3.4999999999999996 0.7 17.011850402799336 7.300000000000005 7.800000000000003 3.3502146660964476 5.286683229757917
30600 2996.3481649685295 0 3.4999999999999996 0.7 17.011850402799336 7.300000000000005 7.800000000000003 3.3502146660964476 5.286683229757917
30650 2996.3481649685295 0 3.4999999999999996 0.7 17.011850402799336 7.300000000000005 7.800000000000003 3.3502146660964476 5.286683229757917
30700 2996.3481649685295 0 3.4999999999999996 0.7 17.011850402799336 7.300000000000005 7.800000000000003 3.3502146660964476 5.286683229757917
30750 2996.3481649685295 0 3.4999999999999996 0.7 17.011850402799336 7.300000000000005 7.800000000000003 3.3502146660964476 5.286683229757917
30800 2996.3481649685295 0 3.4999999999999996 0.7 17.011850402799336 7.300000000000005 7.800000000000003 3.3502146660964476 5.286683229757917
30850 2996.3481649685295 0 3.4999999999999996 0.7 17.011850402799336 7.300000000000005 7.800000000000003 3.3502146660964476 5.286683229757917
30900 2996.3481649685295 0 3.4999999999999996 0.7 17.011850402799336 7.300000000000005 7.800000000000003 3.3502146660964476 5.286683229757917
30950 2996.3481649685295 0 3.4999999999999996 0.7 17.011850402799336 7.300000000000005 7.800000000000003 3.3502146660964476 5.286683229757917
31000 2996.3481649685295 0 3.4999999999999996 0.7 17.011850402799336 7.300000000000005 7.800000000000003 3.3502146660964476 5.286683229757917
31050 2996.3481649685295 0 3.4999999999999996 0.7 17.011850402799336 7.300000000000005 7.800000000000003 3.3502146660964476 5.286683229757917
31100 2996.3481649685295 0 3.4999999999999996 0.7 17.011850402799336 7.300000000000005 7.800000000000003 3.3502146660964476 5.286683229757917
31150 2996.3481649685295 0 3.4999999999999996 0.7 17.011850402799336 7.300000000000005 7.800000000000003 3.3502146660964476 5.286683229757917
31200 2996.3481649685295 0 3.4999999999999996 0.7 17.011850402799336 7.300000000000005 7.800000000000003 3.3502146660964476 5.286683229757917
31250 2996.3481649685295 0 3.4999999999999996 0.7 17.011850402799336 7.300000000000005 7.800000000000003 3.3502146660964476 5.286683229757917
31300 2996.3481649685295 0 3.4999999999999996 0.7 17.011850402799336 7.300000000000005 7.800000000000003 3.3502146660964476 5.286683229757917
31350 2996.3481649685295 0 3.4999999999999996 0.7 17.011850402799336 7.300000000000005 7.800000000000003 3.3502146660964476 5.286683229757917
31400 2996.3481649685295 0 3.4999999999999996 0.7 17.011850402799336 7.300000000000005 7.800000000000003 3.3502146660964476 5.286683229757917
31450 2996.3481649685295 0 3.4999999999999996 0.7 17.011850402799336 7.300000000000005 7.800000000000003 3.3502146660964476 5.286683229757917
31500 2996.3481649685295 0 3.4999999999999996 0.7 17.011850402799336 7.300000000000005 7.800000000000003 3.3502146660964476 5.286683229757917
31550 2996.3481649685295 0 3.4999999999999996 0.7 17.011850402799336 7.300000000000005 7.800000000000003 3.3502146660964476 5.286683229757917
31600 2996.3481649685295 0 3.4999999999999996 0.7 17.011850402799336 7.300000000000005 7.800000000000003 3.3502146660964476 5.286683229757917
31650 2996.3481649685295 0 3.4999999999999996 0.7 17.011850402799336 7.300000000000005 7.800000000000003 3.3502146660964476 5.286683229757917
31700 2996.3481649685295 0 3.4999999999999996 0.7 17.011850402799336 7.300000000000005 7.800000000000003 3.3502146660964476 5.286683229757917
31750 2996.3481649685295 0 3.4999999999999996 0.7 17.011850402799336 7.300000000000005 7.800000000000003 3.3502146660964476 5.286683229757917
31800 2996.3481649685295 0 3.4999999999999996 0.7 17.011850402799336 7.300000000000005 7.800000000000003 3.3502146660964476 5.286683229757917
31850 2996.3481649685295 0 3.4999999999999996 0.7 17.011850402799336 7.300000000000005 7.800000000000003 3.3502146660964476 5.286683229757917
31900 2996.3481649685295 0 3.4999999999999996 0.7 17.011850402799336 7.300000000000005 7.800000000000003 3.3502146660964476 5.286683229757917
31950 2996.3481649685295 0 3.4999999999999996 0.7 17.011850402799336 7.300000000000005 7.800000000000003 3.3502146660964476 5.286683229757917
32000 2996.3481649685295 0 3.4999999999999996 0.7 17.011850402799336 7.300000000000005 7.800000000000003 3.3502146660964476 5.286683229757917
32050 2996.3481649685295 0 3.4999999999999996 0.7 17.011850402799336 7.300000000000005 7.800000000000003 3.3502146660964476 5.286683229757917
32100 2996.3481649685295 0 3.4999999999999996 0.7 17.011850402799336 7.300000000000005 7.800000000000003 3.3502146660964476 5.286683229757917
32150 2996.3481649685295 0 3.4999999999999996 0.7 17.011850402799336 7.300000000000005 7.800000000000003 3.3502146660964476 5.286683229757917
32200 2996.3481649685295 0 3.4999999999999996 0.7 17.011850402799336 7.300000000000005 7.800000000000003 3.3502146660964476 5.286683229757917
32250 2996.3481649685295 0 3.4999999999999996 0.7 17.011850402799336 7.300000000000005 7.800000000000003 3.3502146660964476 5.286683229757917
32300 2996.3481649685295 0 3.4999999999999996 0.7 17.011850402799336 7.300000000000005 7.800000000000003 3.3502146660964476 5.286683229757917
32350 2996.3481649685295 0 3.4999999999999996 0.7 17.011850402799336 7.300000000000005 7.800000000000003 3.3502146660964476 5.286683229757917
32400 2996.3481649685295 0 3.4999999999999996 0.7 17.011850402799336 7.300000000000005 7.800000000000003 3.3502146660964476 5.286683229757917
32450 2996.3481649685295 0 3.4999999999999996 0.7 17.011850402799336 7.300000000000005 7.800000000000003 3.3502146660964476 5.286683229757917
32500 2996.3481649685295 0 3.4999999999999996 0.7 17.011850402799336 7.300000000000005 7.800000000000003 3.3502146660964476 5.286683229757917
32550 2996.3481649685295 0 3.4999999999999996 0.7 17.011850402799336 7.300000000000005 7.800000000000003 3.3502146660964476 5.286683229757917
32600 2996.3481649685295 0 3.4999999999999996 0.7 17.011850402799336 7.300000000000005 7.800000000000003 3.3502146660964476 5.286683229757917
32650 2996.3481649685295 0 3.4999999999999996 0.7 17.011850402799336 7.300000000000005 7.800000000000003 3.3502146660964476 5.286683229757917
32700 2996.3481649685295 0 3.4999999999999996 0.7 17.011850402799336 7.300000000000005 7.800000000000003 3.3502146660964476 5.286683229757917
32750 2996.3481649685295 0 3.4999999999999996 0.7 17.011850402799336 7.300000000000005 7.800000000000003 3.3502146660964476 5.286683229757917
32800 2996.3481649685295 0 3.4999999999999996 0.7 17.011850402799336 7.300000000000005 7.800000000000003 3.3502146660964476 5.286683229757917
32850 2996.3481649685295 0 3.4999999999999996 0.7 17.011850402799336 7.300000000000005 7.800000000000003 3.3502146660964476 5.286683229757917
32900 2996.3481649685295 0 3.4999999999999996 0.7 17.011850402799336 7.300000000000005 7.800000000000003 3.3502146660964476 5.286683229757917
32950 2996.3481649685295 0 3.4999999999999996 0.7 17.011850402799336 7.300000000000005 7.800000000000003 3.3502146660964476 5.286683229757917
33000 2996.3481649685295 0 3.4999999999999996 0.7 17.011850402799336 7.300000000000005 7.800000000000003 3.3502146660964476 5.286683229757917
33050 2996.3481649685295 0 3.4999999999999996 0.7 17.011850402799336 7.300000000000005 7.800000000000003 3.3502146660964476 5.286683229757917
33100 2996.3481649685295 0 3.4999999999999996 0.7 17.011850402799336 7.300000000000005 7.800000000000003 3.3502146660964476 5.286683229757917
33150 2996.3481649685295 0 3.4999999999999996 0.7 17.011850402799336 7.300000000000005 7.800000000000003 3.3502146660964476 5.286683229757917
33200 2996.3481649685295 0 3.4999999999999996 0.7 17.011850402799336 7.300000000000005 7.800000000000003 3.3502146660964476 5.286683229757917
33250 2996.3481649685295 0 3.4999999999999996 0.7 17.011850402799336 7.300000000000005 7.800000000000003 3.3502146660964476 5.286683229757917
33300 2996.3481649685295 0 3.4999999999999996 0.7 17.011850402799336 7.300000000000005 7.800000000000003 3.3502146660964476 5.286683229757917
33350 2996.3481649685295 0 3.4999999999999996 0.7 17.011850402799336 7.300000000000005 7.800000000000003 3.3502146660964476 5.286683229757917
33400 2996.3481649685295 0 3.4999999999999996 0.7 17.011850402799336 7.300000000000005 7.800000000000003 3.3502146660964476 5.286683229757917
33450 2996.3481649685295 0 3.4999999999999996 0.7 17.011850402799336 7.300000000000005 7.800000000000003 3.3502146660964476 5.286683229757917
33500 2996.3481649685295 0 3.4999999999999996 0.7 17.011850402799336 7.300000000000005 7.800000000000003 3.3502146660964476 5.286683229757917
33550 2996.3481649685295 0 3.4999999999999996 0.7 17.011850402799336 7.300000000000005 7.800000000000003 3.3502146660964476 5.286683229757917
33600 2996.3481649685295 0 3.4999999999999996 0.7 17.011850402799336 7.300000000000005 7.800000000000003 3.3502146660964476 5.286683229757917
33650 2996.3481649685295 0 3.4999999999999996 0.7 17.011850402799336 7.300000000000005 7.800000000000003 3.3502146660964476 5.286683229757917
33700 2996.3481649685295 0 3.4999999999999996 0.7 17.011850402799336 7.300000000000005 7.800000000000003 3.3502146660964476 5.286683229757917
33750 2996.3481649685295 0 3.4999999999999996 0.7 17.011850402799336 7.300000000000005 7.800000000000003 3.3502146660964476 5.286683229757917
33800 2996.3481649685295 0 3.4999999999999996 0.7 17.011850402799336 7.300000000000005 7.800000000000003 3.3502146660964476 5.286683229757917
33850 2996.3481649685295 0 3.4999999999999996 0.7 17.011850402799336 7.300000000000005 7.800000000000003 3.3502146660964476 5.286683229757917
33900 2996.3481649685295 0 3.4999999999999996 0.7 17.011850402799336 7.300000000000005 7.800000000000003 3.3502146660964476 5.286683229757917
33950 2996.3481649685295 0 3.4999999999999996 0.7 17.011850402799336 7.300000000000005 7.800000000000003 3.3502146660964476 5.286683229757917
34000 2996.3481649685295 0 3.4999999999999996 0.7 17.011850402799336 7.300000000000005 7.800000000000003 3.3502146660964476 5.286683229757917
34050 2996.3481649685295 0 3.4999999999999996 0.7 17.011850402799336 7.300000000000005 7.800000000000003 3.3502146660964476 5.286683229757917
34100 2996.3481649685295 0 3.4999999999999996 0.7 17.011850402799336 7.300000000000005 7.800000000000003 3.3502146660964476 5.286683229757917
34150 2996.3481649685295 0 3.4999999999999996 0.7 17.011850402799336 7.300000000000005 7.800000000000003 3.3502146660964476 5.286683229757917
34200 2996.3481649685295 0 3.4999999999999996 0.7 17.011850402799336 7.300000000000005 7.800000000000003 3.3502146660964476 5.286683229757917
34250 2996.3481649685295 0 3.4999999999999996 0.7 17.011850402799336 7.300000000000005 7.800000000000003 3.3502146660964476 5.286683229757917
34300 2996.3481649685295 0 3.4999999999999996 0.7 17.011850402799336 7.300000000000005 7.800000000000003 3.3502146660964476 5.286683229757917
34350 2996.3481649685295 0 3.4999999999999996 0.7 17.011850402799336 7.300000000000005 7.800000000000003 3.3502146660964476 5.286683229757917
34400 2996.3481649685295 0 3.4999999999999996 0.7 17.011850402799336 7.300000000000005 7.800000000000003 3.3502146660964476 5.286683229757917
34450 2996.3481649685295 0 3.4999999999999996 0.7 17.011850402799336 7.300000000000005 7.800000000000003 3.3502146660964476 5.286683229757917
34500 2996.3481649685295 0 3.4999999999999996 0.7 17.011850402799336 7.300000000000005 7.800000000000003 3.3502146660964476 5.286683229757917
34550 2996.3481649685295 0 3.4999999999999996 0.7 17.011850402799336 7.300000000000005 7.800000000000003 3.3502146660964476 5.286683229757917
34600 2996.3481649685295 0 3.4999999999999996 0.7 17.011850402799336 7.300000000000005 7.800000000000003 3.3502146660964476 5.286683229757917
34650 2996.3481649685295 0 3.4999999999999996 0.7 17.011850402799336 7.300000000000005 7.800000000000003 3.3502146660964476 5.286683229757917
34700 2996.3481649685295 0 3.4999999999999996 0.7 17.011850402799336 7.300000000000005 7.800000000000003 3.3502146660964476 5.286683229757917
34750 2996.3481649685295 0 3.4999999999999996 0.7 17.011850402799336 7.300000000000005 7.800000000000003 3.3502146660964476 5.286683229757917
34800 2996.3481649685295 0 3.4999999999999996 0.7 17.011850402799336 7.300000000000005 7.800000000000003 3.3502146660964476 5.286683229757917
34850 2996.3481649685295 0 3.4999999999999996 0.7 17.011850402799336 7.300000000000005 7.800000000000003 3.3502146660964476 5.286683229757917
34900 2996.3481649685295 0 3.4999999999999996 0.7 17.011850402799336 7.300000000000005 7.800000000000003 3.3502146660964476 5.286683229757917
34950 2996.3481649685295 0 3.4999999999999996 0.7 17.011850402799336 7.300000000000005 7.800000000000003 3.3502146660964476 5.286683229757917
35000 2996.3481649685295 0 3.4999999999999996 0.7 17.011850402799336 7.300000000000005 7.800000000000003 3.3502146660964476 5.286683229757917
35050 2996.3481649685295 0 3.4999999999999996 0.7 17.011850402799336 7.300000000000005 7.800000000000003 3.3502146660964476 5.286683229757917
35100 2996.3481649685295 0 3.4999999999999996 0.7 17.011850402799336 7.300000000000005 7.800000000000003 3.3502146660964476 5.286683229757917
35150 2996.3481649685295 0 3.4999999999999996 0.7 17.011850402799336 7.300000000000005 7.800000000000003 3.3502146660964476 5.286683229757917
35200 2996.3481649685295 0 3.4999999999999996 0.7 17.011850402799336 7.300000000000005 7.800000000000003 3.3502146660964476 5.286683229757917
35250 2996.3481649685295 0 3.4999999999999996 0.7 17.011850402799336 7.300000000000005 7.800000000000003 3.3502146660964476 5.286683229757917
35300 2996.3481649685295 0 3.4999999999999996 0.7 17.011850402799336 7.300000000000005 7.800000000000003 3.3502146660964476 5.286683229757917
35350 2996.3481649685295 0 3.4999999999999996 0.7 17.011850402799336 7.300000000000005 7.800000000000003 3.3502146660964476 5.286683229757917
35400 2996.3481649685295 0 3.4999999999999996 0.7 17.011850402799336 7.300000000000005 7.800000000000003 3.3502146660964476 5.286683229757917
35450 2996.3481649685295 0 3.4999999999999996 0.7 17.011850402799336 7.300000000000005 7.800000000000003 3.3502146660964476 5.286683229757917
35500 2996.3481649685295 0 3.4999999999999996 0.7 17.011850402799336 7.300000000000005 7.800000000000003 3.3502146660964476 5.286683229757917
35550 2996.3481649685295 0 3.4999999999999996 0.7 17.011850402799336 7.300000000000005 7.800000000000003 3.3502146660964476 5.286683229757917
35600 2996.3481649685295 0 3.4999999999999996 0.7 17.011850402799336 7.300000000000005 7.800000000000003 3.3502146660964476 5.286683229757917
35650 2996.3481649685295 0 3.4999999999999996 0.7 17.011850402799336 7.300000000000005 7.800000000000003 3.3502146660964476 5.286683229757917
35700 2996.3481649685295 0 3.4999999999999996 0.7 17.011850402799336 7.300000000000005 7.800000000000003 3.3502146660964476 5.286683229757917
35750 2996.3481649685295 0 3.4999999999999996 0.7 17.011850402799336 7.300000000000005 7.800000000000003 3.3502146660964476 5.286683229757917
35800 2996.3481649685295 0 3.4999999999999996 0.7 17.011850402799336 7.300000000000005 7.800000000000003 3.3502146660964476 5.286683229757917
35850 2996.3481649685295 0 3.4999999999999996 0.7 17.011850402799336 7.300000000000005 7.800000000000003 3.3502146660964476 5.286683229757917
35900 2996.3481649685295 0 3.4999999999999996 0.7 17.011850402799336 7.300000000000005 7.800000000000003 3.3502146660964476 5.286683229757917
35950 2996.3481649685295 0 3.4999999999999996 0.7 17.011850402799336 7.300000000000005 7.800000000000003 3.3502146660964476 5.286683229757917
*---*---*---*---*---*---*---*---*---*---*---*---*---*---*---*---*---*---*---*---*
Status: Finished
Last individual
2996.3481649685295 0 3.4999999999999996 0.7 17.011850402799336 7.300000000000005 7.800000000000003 3.3502146660964476 5.286683229757917
Hall of fame
2996.3481649685295 0 3.4999999999999996 0.7 17 7.300000000000009 7.8000000000000025 3.3502146660964476 5.286683229757917
Last factible individual
2996.3481649685295 0 3.4999999999999996 0.7 17.011850402799336 7.300000000000005 7.800000000000003 3.3502146660964476 5.286683229757917
CPU time used (seconds)
3.4726685260011436
