*---*---*---*---*---*---*---*---*---*---*---*---*---*---*---*---*---*---*---*---*
Algorithm: Differential Evolution
Constrainth handling method: DEB
Function: 22
Case: continuous
Seed: 22
Parents size: 50
Offsprings size: 50
maxFe: 36000
CR: 0.9
F: 0.6
rweights: -
*---*---*---*---*---*---*---*---*---*---*---*---*---*---*---*---*---*---*---*---*
ngen ObjectiveFunction ViolationSum ProjectVariables
50 5213.885167196158 0 3.5848883413728805 0.7 26.0 8.118285127932184 7.96884035971249 3.9 5.351752700674753
100 3358.663468193547 0 3.6 0.7114301207583662 17 7.660239647251343 8.038821314669812 3.7655480163301362 5.5
150 3221.3342670558513 0 3.6 0.7 17.264 7.786178079767735 8.267419205348125 3.673136012294096 5.409505914829908
200 3221.3342670558513 0 3.6 0.7 17.264 7.786178079767735 8.267419205348125 3.673136012294096 5.409505914829908
250 3221.3342670558513 0 3.6 0.7 17.264 7.786178079767735 8.267419205348125 3.673136012294096 5.409505914829908
300 3221.3342670558513 0 3.6 0.7 17.264 7.786178079767735 8.267419205348125 3.673136012294096 5.409505914829908
350 3141.4724790516225 0 3.6 0.7 17 8.013047510207269 8.031393994666718 3.5163177439556237 5.36346930137296
400 3141.4724790516225 0 3.6 0.7 17 8.013047510207269 8.031393994666718 3.5163177439556237 5.36346930137296
450 3108.3765763817537 0 3.6 0.7 17 7.794842265436301 8.162555064100234 3.3561028923560228 5.377564156310746
500 3108.3765763817537 0 3.6 0.7 17 7.794842265436301 8.162555064100234 3.3561028923560228 5.377564156310746
550 3108.3765763817537 0 3.6 0.7 17 7.794842265436301 8.162555064100234 3.3561028923560228 5.377564156310746
600 3061.9986573107776 0 3.6 0.7 17 7.64142152341971 8.148951817029065 3.3791992519882466 5.299567554130685
650 3061.9986573107776 0 3.6 0.7 17 7.64142152341971 8.148951817029065 3.3791992519882466 5.299567554130685
700 3061.9986573107776 0 3.6 0.7 17 7.64142152341971 8.148951817029065 3.3791992519882466 5.299567554130685
750 3061.9986573107776 0 3.6 0.7 17 7.64142152341971 8.148951817029065 3.3791992519882466 5.299567554130685
800 3061.9986573107776 0 3.6 0.7 17 7.64142152341971 8.148951817029065 3.3791992519882466 5.299567554130685
850 3060.701126260061 0 3.6 0.7 17.0 7.7691206742151655 8.067329284925432 3.4008111345799565 5.289680534724768
900 3060.701126260061 0 3.6 0.7 17.0 7.7691206742151655 8.067329284925432 3.4008111345799565 5.289680534724768
950 3060.701126260061 0 3.6 0.7 17.0 7.7691206742151655 8.067329284925432 3.4008111345799565 5.289680534724768
1000 3060.701126260061 0 3.6 0.7 17.0 7.7691206742151655 8.067329284925432 3.4008111345799565 5.289680534724768
1050 3058.879777713062 0 3.6 0.700433649463566 17.0 7.447787530937029 7.946795696448943 3.4071473188341965 5.28978296222518
1100 3049.356935949303 0 3.5136749619230137 0.7019828428130268 17.0 8.050920336887437 8.01902605812297 3.451712929352208 5.286930351940555
1150 3042.668506629626 0 3.556814662651399 0.7010841236589151 17.0 8.3 7.8 3.3532158992287453 5.301488486266909
1200 3031.3108870623996 0 3.5157607105727444 0.7 17.0 7.618280998578738 8.100416100045493 3.3887947664374054 5.301322865306541
1250 3023.520556404085 0 3.5255062794638143 0.7 17.0 8.3 7.8 3.3745039443455065 5.28980050076918
1300 3023.520556404085 0 3.5255062794638143 0.7 17.0 8.3 7.8 3.3745039443455065 5.28980050076918
1350 3023.520556404085 0 3.5255062794638143 0.7 17.0 8.3 7.8 3.3745039443455065 5.28980050076918
1400 3021.9505745204756 0 3.5123239199876495 0.7001492748100053 17.0 8.252039951202558 7.8 3.369818874511839 5.2969995414251585
1450 3021.9505745204756 0 3.5123239199876495 0.7001492748100053 17.0 8.252039951202558 7.8 3.369818874511839 5.2969995414251585
1500 3010.380743313811 0 3.5157607105727444 0.7 17.0 7.3 7.958551182392456 3.3591014347076134 5.289966115866118
1550 3010.380743313811 0 3.5157607105727444 0.7 17.0 7.3 7.958551182392456 3.3591014347076134 5.289966115866118
1600 3010.380743313811 0 3.5157607105727444 0.7 17.0 7.3 7.958551182392456 3.3591014347076134 5.289966115866118
1650 3010.380743313811 0 3.5157607105727444 0.7 17.0 7.3 7.958551182392456 3.3591014347076134 5.289966115866118
1700 3010.380743313811 0 3.5157607105727444 0.7 17.0 7.3 7.958551182392456 3.3591014347076134 5.289966115866118
1750 3010.380743313811 0 3.5157607105727444 0.7 17.0 7.3 7.958551182392456 3.3591014347076134 5.289966115866118
1800 3010.380743313811 0 3.5157607105727444 0.7 17.0 7.3 7.958551182392456 3.3591014347076134 5.289966115866118
1850 3009.5545164758987 0 3.5105434049138435 0.7001967414253382 17.0 7.377047314899656 7.949868520545756 3.360702868890093 5.289068477954329
1900 3009.5545164758987 0 3.5105434049138435 0.7001967414253382 17.0 7.377047314899656 7.949868520545756 3.360702868890093 5.289068477954329
1950 3009.5545164758987 0 3.5105434049138435 0.7001967414253382 17.0 7.377047314899656 7.949868520545756 3.360702868890093 5.289068477954329
2000 3008.8543380071724 0 3.50887879485783 0.7 17.0 7.3 7.929696822458603 3.3662242153587902 5.289937686286056
2050 3007.418564843768 0 3.5021867820287813 0.7002976532936458 17.0 7.394839821285006 7.8 3.3543428625128295 5.297627733226224
2100 3004.6014929794615 0 3.50174915411369 0.7 17.0 7.331354523394166 7.8 3.372702363794006 5.289068477954329
2150 3004.6014929794615 0 3.50174915411369 0.7 17.0 7.331354523394166 7.8 3.372702363794006 5.289068477954329
2200 3004.6014929794615 0 3.50174915411369 0.7 17.0 7.331354523394166 7.8 3.372702363794006 5.289068477954329
2250 3004.6014929794615 0 3.50174915411369 0.7 17.0 7.331354523394166 7.8 3.372702363794006 5.289068477954329
2300 3004.324997285771 0 3.503042170986905 0.7001825634126227 17.0 7.523018008349265 7.8337970425415975 3.3588812015748095 5.288292640034453
2350 3004.129192818036 0 3.5054264680302865 0.7000413854725097 17.0 7.3 7.879208098366221 3.3606715115237864 5.288334084487008
2400 3003.676388966512 0 3.5030334569078927 0.7 17.0 7.3 7.9895844835322265 3.352726474548012 5.288776059221631
2450 3003.676388966512 0 3.5030334569078927 0.7 17.0 7.3 7.9895844835322265 3.352726474548012 5.288776059221631
2500 3002.7623703335 0 3.501208290321534 0.7000796701869427 17.0 7.3 7.918846928280557 3.3558461094799976 5.2890893857975225
2550 3002.6728695679312 0 3.502656857448929 0.7000556544695602 17.0 7.449813700445224 7.80652827149933 3.3625035614009406 5.287332609916484
2600 3001.721188338814 0 3.501425164574792 0.7000556544695602 17.0 7.449813700445224 7.860582368595551 3.357088588828948 5.286919726889936
2650 3001.721188338814 0 3.501425164574792 0.7000556544695602 17.0 7.449813700445224 7.860582368595551 3.357088588828948 5.286919726889936
2700 3000.558141636786 0 3.501425164574792 0.700148055053356 17.0 7.3 7.855892374839702 3.3567158954929996 5.286831103843623
2750 3000.558141636786 0 3.501425164574792 0.700148055053356 17.0 7.3 7.855892374839702 3.3567158954929996 5.286831103843623
2800 2999.8411709542283 0 3.502197116571249 0.7001792681390909 17.0 7.3 7.81270396652795 3.3523036493496297 5.288267454479694
2850 2999.5928978628285 0 3.5008534527644746 0.7001525877984657 17.0 7.3 7.830262867651051 3.3542038172688784 5.2875283571601255
2900 2999.5928978628285 0 3.5008534527644746 0.7001525877984657 17.0 7.3 7.830262867651051 3.3542038172688784 5.2875283571601255
2950 2999.5928978628285 0 3.5008534527644746 0.7001525877984657 17.0 7.3 7.830262867651051 3.3542038172688784 5.2875283571601255
3000 2999.2369698331095 0 3.5021775962691377 0.7000266648730797 17.0 7.3 7.807976411370462 3.3557082567897587 5.287211028035691
3050 2998.0053938840556 0 3.5024110027609825 0.7000813572914818 17.0 7.30088006380529 7.805469555114719 3.3506169442970015 5.28685937194835
3100 2998.0053938840556 0 3.5024110027609825 0.7000813572914818 17.0 7.30088006380529 7.805469555114719 3.3506169442970015 5.28685937194835
3150 2998.0053938840556 0 3.5024110027609825 0.7000813572914818 17.0 7.30088006380529 7.805469555114719 3.3506169442970015 5.28685937194835
3200 2998.0053938840556 0 3.5024110027609825 0.7000813572914818 17.0 7.30088006380529 7.805469555114719 3.3506169442970015 5.28685937194835
3250 2998.0053938840556 0 3.5024110027609825 0.7000813572914818 17.0 7.30088006380529 7.805469555114719 3.3506169442970015 5.28685937194835
3300 2998.0053938840556 0 3.5024110027609825 0.7000813572914818 17.0 7.30088006380529 7.805469555114719 3.3506169442970015 5.28685937194835
3350 2998.0053938840556 0 3.5024110027609825 0.7000813572914818 17.0 7.30088006380529 7.805469555114719 3.3506169442970015 5.28685937194835
3400 2998.0053938840556 0 3.5024110027609825 0.7000813572914818 17.0 7.30088006380529 7.805469555114719 3.3506169442970015 5.28685937194835
3450 2998.0053938840556 0 3.5024110027609825 0.7000813572914818 17.0 7.30088006380529 7.805469555114719 3.3506169442970015 5.28685937194835
3500 2998.0053938840556 0 3.5024110027609825 0.7000813572914818 17.0 7.30088006380529 7.805469555114719 3.3506169442970015 5.28685937194835
3550 2997.721006071281 0 3.501048025908262 0.7000583514101487 17.0 7.317487472010713 7.809034208702144 3.351106243758468 5.28686819647517
3600 2997.491453208518 0 3.5013539621069993 0.7 17.0 7.3 7.805797473848842 3.3520848331331083 5.286694857211801
3650 2997.3055767575106 0 3.5001595729260377 0.7 17.0 7.3 7.802951702086193 3.351757095445655 5.287369795703664
3700 2996.771261612378 0 3.500034932553278 0.7 17.0 7.3 7.8 3.350963119660713 5.287026943052832
3750 2996.771261612378 0 3.500034932553278 0.7 17.0 7.3 7.8 3.350963119660713 5.287026943052832
3800 2996.771261612378 0 3.500034932553278 0.7 17.0 7.3 7.8 3.350963119660713 5.287026943052832
3850 2996.771261612378 0 3.500034932553278 0.7 17.0 7.3 7.8 3.350963119660713 5.287026943052832
3900 2996.765025635385 0 3.500577054455671 0.7 17.0 7.3 7.8 3.350244799122108 5.286970236991556
3950 2996.765025635385 0 3.500577054455671 0.7 17.0 7.3 7.8 3.350244799122108 5.286970236991556
4000 2996.765025635385 0 3.500577054455671 0.7 17.0 7.3 7.8 3.350244799122108 5.286970236991556
4050 2996.765025635385 0 3.500577054455671 0.7 17.0 7.3 7.8 3.350244799122108 5.286970236991556
4100 2996.765025635385 0 3.500577054455671 0.7 17.0 7.3 7.8 3.350244799122108 5.286970236991556
4150 2996.7599619431885 0 3.5003837698994156 0.7000047758500978 17.0 7.3 7.8 3.350474473087871 5.286955671972318
4200 2996.711049239489 0 3.5001462887662376 0.7 17.0 7.300425289998075 7.8 3.3510059716429668 5.286840428338296
4250 2996.711049239489 0 3.5001462887662376 0.7 17.0 7.300425289998075 7.8 3.3510059716429668 5.286840428338296
4300 2996.711049239489 0 3.5001462887662376 0.7 17.0 7.300425289998075 7.8 3.3510059716429668 5.286840428338296
4350 2996.711049239489 0 3.5001462887662376 0.7 17.0 7.300425289998075 7.8 3.3510059716429668 5.286840428338296
4400 2996.6445421956587 0 3.500088663057274 0.7000111963285346 17.0 7.3025520738952 7.8 3.3507377879201696 5.28676990861392
4450 2996.6391827068496 0 3.5000421829755246 0.7000037442664767 17.0 7.3 7.8 3.350990690194372 5.286777141394501
4500 2996.6391827068496 0 3.5000421829755246 0.7000037442664767 17.0 7.3 7.8 3.350990690194372 5.286777141394501
4550 2996.6391827068496 0 3.5000421829755246 0.7000037442664767 17.0 7.3 7.8 3.350990690194372 5.286777141394501
4600 2996.581007681333 0 3.500030446562632 0.7000019532912651 17.0 7.3 7.8014675793612565 3.3505631826692457 5.286826344872636
4650 2996.581007681333 0 3.500030446562632 0.7000019532912651 17.0 7.3 7.8014675793612565 3.3505631826692457 5.286826344872636
4700 2996.581007681333 0 3.500030446562632 0.7000019532912651 17.0 7.3 7.8014675793612565 3.3505631826692457 5.286826344872636
4750 2996.5513019166997 0 3.500193098161391 0.7000028655100586 17.0 7.3 7.8 3.350246569470115 5.28685024187201
4800 2996.489756653705 0 3.5000808107214554 0.7 17.0 7.300881988162563 7.801182063584806 3.350253233898998 5.286787479432494
4850 2996.489756653705 0 3.5000808107214554 0.7 17.0 7.300881988162563 7.801182063584806 3.350253233898998 5.286787479432494
4900 2996.489756653705 0 3.5000808107214554 0.7 17.0 7.300881988162563 7.801182063584806 3.350253233898998 5.286787479432494
4950 2996.489756653705 0 3.5000808107214554 0.7 17.0 7.300881988162563 7.801182063584806 3.350253233898998 5.286787479432494
5000 2996.489756653705 0 3.5000808107214554 0.7 17.0 7.300881988162563 7.801182063584806 3.350253233898998 5.286787479432494
5050 2996.4488183649664 0 3.500041133057093 0.7000035532324728 17.0 7.30038535585684 7.8 3.3503301966775765 5.286739211641458
5100 2996.426463127993 0 3.500011939040548 0.7 17.0 7.300872240213801 7.8 3.350251034067294 5.286772309928369
5150 2996.4240130915277 0 3.5000567332133166 0.7 17.0 7.300872240213801 7.800559141762665 3.350251034067294 5.286721492760917
5200 2996.4240130915277 0 3.5000567332133166 0.7 17.0 7.300872240213801 7.800559141762665 3.350251034067294 5.286721492760917
5250 2996.4240130915277 0 3.5000567332133166 0.7 17.0 7.300872240213801 7.800559141762665 3.350251034067294 5.286721492760917
5300 2996.409805036884 0 3.500016819149956 0.7000029729380909 17.0 7.3000429398962385 7.8 3.350368433386782 5.286686428833913
5350 2996.407113449847 0 3.500056269499056 0.7 17.0 7.30031506361783 7.800252599735722 3.350254614410275 5.286712075313969
5400 2996.407113449847 0 3.500056269499056 0.7 17.0 7.30031506361783 7.800252599735722 3.350254614410275 5.286712075313969
5450 2996.407113449847 0 3.500056269499056 0.7 17.0 7.30031506361783 7.800252599735722 3.350254614410275 5.286712075313969
5500 2996.407113449847 0 3.500056269499056 0.7 17.0 7.30031506361783 7.800252599735722 3.350254614410275 5.286712075313969
5550 2996.4044420462087 0 3.5000152992904243 0.7 17.0 7.301555452792222 7.800217961849861 3.350295023118889 5.286700986358457
5600 2996.393793287236 0 3.500058889270298 0.7000023035804376 17.0 7.3 7.8 3.3502541213199013 5.286686428833913
5650 2996.393793287236 0 3.500058889270298 0.7000023035804376 17.0 7.3 7.8 3.3502541213199013 5.286686428833913
5700 2996.393793287236 0 3.500058889270298 0.7000023035804376 17.0 7.3 7.8 3.3502541213199013 5.286686428833913
5750 2996.393793287236 0 3.500058889270298 0.7000023035804376 17.0 7.3 7.8 3.3502541213199013 5.286686428833913
5800 2996.3700229997803 0 3.5000152992904243 0.7 17.0 7.300507877836565 7.800193418495079 3.3502346739767725 5.2866864173326755
5850 2996.3700229997803 0 3.5000152992904243 0.7 17.0 7.300507877836565 7.800193418495079 3.3502346739767725 5.2866864173326755
5900 2996.3700229997803 0 3.5000152992904243 0.7 17.0 7.300507877836565 7.800193418495079 3.3502346739767725 5.2866864173326755
5950 2996.3700229997803 0 3.5000152992904243 0.7 17.0 7.300507877836565 7.800193418495079 3.3502346739767725 5.2866864173326755
6000 2996.3700229997803 0 3.5000152992904243 0.7 17.0 7.300507877836565 7.800193418495079 3.3502346739767725 5.2866864173326755
6050 2996.3700229997803 0 3.5000152992904243 0.7 17.0 7.300507877836565 7.800193418495079 3.3502346739767725 5.2866864173326755
6100 2996.369276938547 0 3.500017144712472 0.7000009144374891 17.0 7.3 7.80003248234002 3.350240105294669 5.286688025902552
6150 2996.3640583672795 0 3.500001944331632 0.7000002088338962 17.0 7.300062680692186 7.800367523684859 3.3502293243225965 5.286686108070142
6200 2996.3640583672795 0 3.500001944331632 0.7000002088338962 17.0 7.300062680692186 7.800367523684859 3.3502293243225965 5.286686108070142
6250 2996.3640583672795 0 3.500001944331632 0.7000002088338962 17.0 7.300062680692186 7.800367523684859 3.3502293243225965 5.286686108070142
6300 2996.3640583672795 0 3.500001944331632 0.7000002088338962 17.0 7.300062680692186 7.800367523684859 3.3502293243225965 5.286686108070142
6350 2996.3640583672795 0 3.500001944331632 0.7000002088338962 17.0 7.300062680692186 7.800367523684859 3.3502293243225965 5.286686108070142
6400 2996.3640583672795 0 3.500001944331632 0.7000002088338962 17.0 7.300062680692186 7.800367523684859 3.3502293243225965 5.286686108070142
6450 2996.3640583672795 0 3.500001944331632 0.7000002088338962 17.0 7.300062680692186 7.800367523684859 3.3502293243225965 5.286686108070142
6500 2996.3631756506757 0 3.500010587241229 0.7000000928931454 17.0 7.3 7.800162435131345 3.3502290960416583 5.286688245198331
6550 2996.3631756506757 0 3.500010587241229 0.7000000928931454 17.0 7.3 7.800162435131345 3.3502290960416583 5.286688245198331
6600 2996.3585660498516 0 3.500020651954579 0.7 17.0 7.3 7.8000673882615565 3.3502173132604383 5.28668344310134
6650 2996.3583966395095 0 3.500005849491627 0.7000000500658131 17.0 7.300098373828746 7.800026022944053 3.350227315674481 5.286688019223802
6700 2996.3583966395095 0 3.500005849491627 0.7000000500658131 17.0 7.300098373828746 7.800026022944053 3.350227315674481 5.286688019223802
6750 2996.356329434114 0 3.5000041248306295 0.7000001667118549 17.0 7.300111595641248 7.8 3.350218975811241 5.286689061997622
6800 2996.356329434114 0 3.5000041248306295 0.7000001667118549 17.0 7.300111595641248 7.8 3.350218975811241 5.286689061997622
6850 2996.356329434114 0 3.5000041248306295 0.7000001667118549 17.0 7.300111595641248 7.8 3.350218975811241 5.286689061997622
6900 2996.356329434114 0 3.5000041248306295 0.7000001667118549 17.0 7.300111595641248 7.8 3.350218975811241 5.286689061997622
6950 2996.3557112362173 0 3.5000037503636463 0.7 17.0 7.300172229831895 7.8 3.350222906560708 5.286687090057491
7000 2996.3557112362173 0 3.5000037503636463 0.7 17.0 7.300172229831895 7.8 3.350222906560708 5.286687090057491
7050 2996.3557112362173 0 3.5000037503636463 0.7 17.0 7.300172229831895 7.8 3.350222906560708 5.286687090057491
7100 2996.3538788055675 0 3.5000022489056457 0.7 17.0 7.300119829016918 7.800057938314579 3.3502179293029695 5.2866858569862485
7150 2996.353730941624 0 3.500005608536962 0.7 17.0 7.300020366636826 7.800022134627164 3.3502177617596116 5.286686231198069
7200 2996.353730941624 0 3.500005608536962 0.7 17.0 7.300020366636826 7.800022134627164 3.3502177617596116 5.286686231198069
7250 2996.353730941624 0 3.500005608536962 0.7 17.0 7.300020366636826 7.800022134627164 3.3502177617596116 5.286686231198069
7300 2996.3533642684824 0 3.500002222972626 0.7000001667118549 17.0 7.300086142271762 7.8 3.350218724288386 5.286686027667008
7350 2996.351408003146 0 3.5000008818202004 0.700000100027113 17.0 7.3 7.80002781424808 3.3502178537732097 5.28668483649789
7400 2996.351408003146 0 3.5000008818202004 0.700000100027113 17.0 7.3 7.80002781424808 3.3502178537732097 5.28668483649789
7450 2996.351408003146 0 3.5000008818202004 0.700000100027113 17.0 7.3 7.80002781424808 3.3502178537732097 5.28668483649789
7500 2996.351408003146 0 3.5000008818202004 0.700000100027113 17.0 7.3 7.80002781424808 3.3502178537732097 5.28668483649789
7550 2996.351127424073 0 3.5000016803124017 0.7 17.0 7.3 7.800001003489945 3.3502168577848823 5.2866859373818444
7600 2996.351127424073 0 3.5000016803124017 0.7 17.0 7.3 7.800001003489945 3.3502168577848823 5.2866859373818444
7650 2996.351127424073 0 3.5000016803124017 0.7 17.0 7.3 7.800001003489945 3.3502168577848823 5.2866859373818444
7700 2996.350909215502 0 3.5000023425319298 0.700000100027113 17.0 7.3 7.8 3.350216206285316 5.286684770271017
7750 2996.3501179986006 0 3.500000480939776 0.7000000189424354 17.0 7.3 7.8 3.3502205388146935 5.28668351584442
7800 2996.3501179986006 0 3.500000480939776 0.7000000189424354 17.0 7.3 7.8 3.3502205388146935 5.28668351584442
7850 2996.3501179986006 0 3.500000480939776 0.7000000189424354 17.0 7.3 7.8 3.3502205388146935 5.28668351584442
7900 2996.3500791021265 0 3.5000019991906997 0.7000000372693687 17.0 7.300084093030034 7.8 3.350214879209955 5.286683489037642
7950 2996.349779297754 0 3.5000005964624905 0.7 17.0 7.300040800017215 7.800005708200775 3.3502158210014215 5.286684174443417
8000 2996.349779297754 0 3.5000005964624905 0.7 17.0 7.300040800017215 7.800005708200775 3.3502158210014215 5.286684174443417
8050 2996.349779297754 0 3.5000005964624905 0.7 17.0 7.300040800017215 7.800005708200775 3.3502158210014215 5.286684174443417
8100 2996.349779297754 0 3.5000005964624905 0.7 17.0 7.300040800017215 7.800005708200775 3.3502158210014215 5.286684174443417
8150 2996.349779297754 0 3.5000005964624905 0.7 17.0 7.300040800017215 7.800005708200775 3.3502158210014215 5.286684174443417
8200 2996.349779297754 0 3.5000005964624905 0.7 17.0 7.300040800017215 7.800005708200775 3.3502158210014215 5.286684174443417
8250 2996.349483542829 0 3.50000036347054 0.7000000638254531 17.0 7.3 7.800034509789801 3.3502150409612077 5.286683283785488
8300 2996.349483542829 0 3.50000036347054 0.7000000638254531 17.0 7.3 7.800034509789801 3.3502150409612077 5.286683283785488
8350 2996.349483542829 0 3.50000036347054 0.7000000638254531 17.0 7.3 7.800034509789801 3.3502150409612077 5.286683283785488
8400 2996.349483542829 0 3.50000036347054 0.7000000638254531 17.0 7.3 7.800034509789801 3.3502150409612077 5.286683283785488
8450 2996.3492736016588 0 3.500000702730514 0.700000071838616 17.0 7.3 7.8 3.3502164940112893 5.286683296104901
8500 2996.3492736016588 0 3.500000702730514 0.700000071838616 17.0 7.3 7.8 3.3502164940112893 5.286683296104901
8550 2996.3492736016588 0 3.500000702730514 0.700000071838616 17.0 7.3 7.8 3.3502164940112893 5.286683296104901
8600 2996.3492736016588 0 3.500000702730514 0.700000071838616 17.0 7.3 7.8 3.3502164940112893 5.286683296104901
8650 2996.349222607917 0 3.5000009036521402 0.700000071838616 17.0 7.3 7.800002539119078 3.3502155498033073 5.286683382549096
8700 2996.3490513934876 0 3.500000398028456 0.7000000435468117 17.0 7.300017505884645 7.8000059891785 3.3502154605583767 5.2866833006373115
8750 2996.3490513934876 0 3.500000398028456 0.7000000435468117 17.0 7.300017505884645 7.8000059891785 3.3502154605583767 5.2866833006373115
8800 2996.348881014594 0 3.5000003622707463 0.700000018039514 17.0 7.300010598684876 7.800003022043171 3.350215524716254 5.28668340849288
8850 2996.348881014594 0 3.5000003622707463 0.700000018039514 17.0 7.300010598684876 7.800003022043171 3.350215524716254 5.28668340849288
8900 2996.3487230624205 0 3.500000182780159 0.7000000207222835 17.0 7.3 7.800005121186971 3.3502146839514606 5.286683663287424
8950 2996.3487230624205 0 3.500000182780159 0.7000000207222835 17.0 7.3 7.800005121186971 3.3502146839514606 5.286683663287424
9000 2996.3487230624205 0 3.500000182780159 0.7000000207222835 17.0 7.3 7.800005121186971 3.3502146839514606 5.286683663287424
9050 2996.3487160420264 0 3.5000003600841283 0.7000000159830229 17.0 7.3 7.800003209092565 3.3502150484754556 5.286683496342207
9100 2996.3487160420264 0 3.5000003600841283 0.7000000159830229 17.0 7.3 7.800003209092565 3.3502150484754556 5.286683496342207
9150 2996.34868710371 0 3.500000249994562 0.7000000077991069 17.0 7.3 7.800003209092565 3.350215526113309 5.286683385578728
9200 2996.3485798326883 0 3.5000004836366294 0.7000000133983318 17.0 7.3 7.800000642331852 3.350214814584247 5.286683406538593
9250 2996.348436905913 0 3.500000209645178 0.7 17.0 7.3 7.800005689726059 3.3502146839514606 5.286683324337473
9300 2996.348436905913 0 3.500000209645178 0.7 17.0 7.3 7.800005689726059 3.3502146839514606 5.286683324337473
9350 2996.348436905913 0 3.500000209645178 0.7 17.0 7.3 7.800005689726059 3.3502146839514606 5.286683324337473
9400 2996.348436905913 0 3.500000209645178 0.7 17.0 7.3 7.800005689726059 3.3502146839514606 5.286683324337473
9450 2996.348436905913 0 3.500000209645178 0.7 17.0 7.3 7.800005689726059 3.3502146839514606 5.286683324337473
9500 2996.348436905913 0 3.500000209645178 0.7 17.0 7.3 7.800005689726059 3.3502146839514606 5.286683324337473
9550 2996.348436905913 0 3.500000209645178 0.7 17.0 7.3 7.800005689726059 3.3502146839514606 5.286683324337473
9600 2996.3484156742184 0 3.500000396830993 0.7000000026041547 17.0 7.3 7.800000409561482 3.3502147698311844 5.28668330468183
9650 2996.3484156742184 0 3.500000396830993 0.7000000026041547 17.0 7.3 7.800000409561482 3.3502147698311844 5.28668330468183
9700 2996.348353421747 0 3.5000001055859715 0.7 17.0 7.30000046010978 7.80000149963061 3.3502147435665686 5.286683371694592
9750 2996.348353421747 0 3.5000001055859715 0.7 17.0 7.30000046010978 7.80000149963061 3.3502147435665686 5.286683371694592
9800 2996.348353421747 0 3.5000001055859715 0.7 17.0 7.30000046010978 7.80000149963061 3.3502147435665686 5.286683371694592
9850 2996.348353421747 0 3.5000001055859715 0.7 17.0 7.30000046010978 7.80000149963061 3.3502147435665686 5.286683371694592
9900 2996.3483461990595 0 3.5000000318191744 0.7 17.0 7.300006795927073 7.800000572371667 3.3502147838500322 5.286683333936302
9950 2996.3483461990595 0 3.5000000318191744 0.7 17.0 7.300006795927073 7.800000572371667 3.3502147838500322 5.286683333936302
10000 2996.3483461990595 0 3.5000000318191744 0.7 17.0 7.300006795927073 7.800000572371667 3.3502147838500322 5.286683333936302
10050 2996.3483461990595 0 3.5000000318191744 0.7 17.0 7.300006795927073 7.800000572371667 3.3502147838500322 5.286683333936302
10100 2996.3483461990595 0 3.5000000318191744 0.7 17.0 7.300006795927073 7.800000572371667 3.3502147838500322 5.286683333936302
10150 2996.348321778702 0 3.5000001835805907 0.7 17.0 7.3 7.8000008123895705 3.350214715008345 5.286683315309995
10200 2996.348321778702 0 3.5000001835805907 0.7 17.0 7.3 7.8000008123895705 3.350214715008345 5.286683315309995
10250 2996.348321778702 0 3.5000001835805907 0.7 17.0 7.3 7.8000008123895705 3.350214715008345 5.286683315309995
10300 2996.3483068699634 0 3.50000013791453 0.7 17.0 7.3 7.8000008123895705 3.350214760816668 5.286683301714523
10350 2996.348253473826 0 3.5000000389190533 0.7000000053932346 17.0 7.3 7.800001347831989 3.3502147382078666 5.286683231151792
10400 2996.348253473826 0 3.5000000389190533 0.7000000053932346 17.0 7.3 7.800001347831989 3.3502147382078666 5.286683231151792
10450 2996.348253473826 0 3.5000000389190533 0.7000000053932346 17.0 7.3 7.800001347831989 3.3502147382078666 5.286683231151792
10500 2996.3482284278994 0 3.5000000539292127 0.7 17.0 7.3000001786099755 7.800000743708872 3.3502147571299745 5.286683231611338
10550 2996.3482284278994 0 3.5000000539292127 0.7 17.0 7.3000001786099755 7.800000743708872 3.3502147571299745 5.286683231611338
10600 2996.3482284278994 0 3.5000000539292127 0.7 17.0 7.3000001786099755 7.800000743708872 3.3502147571299745 5.286683231611338
10650 2996.3482284278994 0 3.5000000539292127 0.7 17.0 7.3000001786099755 7.800000743708872 3.3502147571299745 5.286683231611338
10700 2996.3482284278994 0 3.5000000539292127 0.7 17.0 7.3000001786099755 7.800000743708872 3.3502147571299745 5.286683231611338
10750 2996.3482041890247 0 3.5000000336565007 0.7000000005002952 17.0 7.3 7.8 3.3502146694372175 5.286683265749962
10800 2996.3482041890247 0 3.5000000336565007 0.7000000005002952 17.0 7.3 7.8 3.3502146694372175 5.286683265749962
10850 2996.3482041890247 0 3.5000000336565007 0.7000000005002952 17.0 7.3 7.8 3.3502146694372175 5.286683265749962
10900 2996.3482041890247 0 3.5000000336565007 0.7000000005002952 17.0 7.3 7.8 3.3502146694372175 5.286683265749962
10950 2996.3482041890247 0 3.5000000336565007 0.7000000005002952 17.0 7.3 7.8 3.3502146694372175 5.286683265749962
11000 2996.3482041890247 0 3.5000000336565007 0.7000000005002952 17.0 7.3 7.8 3.3502146694372175 5.286683265749962
11050 2996.3482041890247 0 3.5000000336565007 0.7000000005002952 17.0 7.3 7.8 3.3502146694372175 5.286683265749962
11100 2996.3482041890247 0 3.5000000336565007 0.7000000005002952 17.0 7.3 7.8 3.3502146694372175 5.286683265749962
11150 2996.3482041890247 0 3.5000000336565007 0.7000000005002952 17.0 7.3 7.8 3.3502146694372175 5.286683265749962
11200 2996.3482041890247 0 3.5000000336565007 0.7000000005002952 17.0 7.3 7.8 3.3502146694372175 5.286683265749962
11250 2996.3482041890247 0 3.5000000336565007 0.7000000005002952 17.0 7.3 7.8 3.3502146694372175 5.286683265749962
11300 2996.3482041890247 0 3.5000000336565007 0.7000000005002952 17.0 7.3 7.8 3.3502146694372175 5.286683265749962
11350 2996.3482041890247 0 3.5000000336565007 0.7000000005002952 17.0 7.3 7.8 3.3502146694372175 5.286683265749962
11400 2996.3482041890247 0 3.5000000336565007 0.7000000005002952 17.0 7.3 7.8 3.3502146694372175 5.286683265749962
11450 2996.3482041890247 0 3.5000000336565007 0.7000000005002952 17.0 7.3 7.8 3.3502146694372175 5.286683265749962
11500 2996.3482001140187 0 3.5000000119840147 0.7000000007126567 17.0 7.300001316261774 7.8 3.3502147017548563 5.286683240022834
11550 2996.3482001140187 0 3.5000000119840147 0.7000000007126567 17.0 7.300001316261774 7.8 3.3502147017548563 5.286683240022834
11600 2996.348194235072 0 3.5000000114201497 0.7000000009320302 17.0 7.3 7.8000000027596075 3.350214688483543 5.286683253036398
11650 2996.348194235072 0 3.5000000114201497 0.7000000009320302 17.0 7.3 7.8000000027596075 3.350214688483543 5.286683253036398
11700 2996.348194235072 0 3.5000000114201497 0.7000000009320302 17.0 7.3 7.8000000027596075 3.350214688483543 5.286683253036398
11750 2996.3481891161264 0 3.500000009300483 0.7 17.0 7.3 7.8 3.3502147017548563 5.286683247695543
11800 2996.3481891161264 0 3.500000009300483 0.7 17.0 7.3 7.8 3.3502147017548563 5.286683247695543
11850 2996.3481891161264 0 3.500000009300483 0.7 17.0 7.3 7.8 3.3502147017548563 5.286683247695543
11900 2996.348183970496 0 3.5000000073124222 0.7 17.0 7.300000320264166 7.800000093840044 3.3502146709656366 5.28668324549162
11950 2996.348183970496 0 3.5000000073124222 0.7 17.0 7.300000320264166 7.800000093840044 3.3502146709656366 5.28668324549162
12000 2996.348183970496 0 3.5000000073124222 0.7 17.0 7.300000320264166 7.800000093840044 3.3502146709656366 5.28668324549162
12050 2996.348183970496 0 3.5000000073124222 0.7 17.0 7.300000320264166 7.800000093840044 3.3502146709656366 5.28668324549162
12100 2996.348183970496 0 3.5000000073124222 0.7 17.0 7.300000320264166 7.800000093840044 3.3502146709656366 5.28668324549162
12150 2996.348183970496 0 3.5000000073124222 0.7 17.0 7.300000320264166 7.800000093840044 3.3502146709656366 5.28668324549162
12200 2996.348183970496 0 3.5000000073124222 0.7 17.0 7.300000320264166 7.800000093840044 3.3502146709656366 5.28668324549162
12250 2996.3481785410577 0 3.500000005363037 0.7 17.0 7.300000269826973 7.800000011153788 3.350214681426075 5.286683237519582
12300 2996.3481738532137 0 3.5000000035060737 0.7 17.0 7.300000158987548 7.800000026930633 3.3502146666588666 5.286683238204459
12350 2996.3481738532137 0 3.5000000035060737 0.7 17.0 7.300000158987548 7.800000026930633 3.3502146666588666 5.286683238204459
12400 2996.3481738532137 0 3.5000000035060737 0.7 17.0 7.300000158987548 7.800000026930633 3.3502146666588666 5.286683238204459
12450 2996.3481738532137 0 3.5000000035060737 0.7 17.0 7.300000158987548 7.800000026930633 3.3502146666588666 5.286683238204459
12500 2996.3481738532137 0 3.5000000035060737 0.7 17.0 7.300000158987548 7.800000026930633 3.3502146666588666 5.286683238204459
12550 2996.348171943575 0 3.5000000120594894 0.7000000000583928 17.0 7.3 7.8 3.3502146716135393 5.286683230651966
12600 2996.348171943575 0 3.5000000120594894 0.7000000000583928 17.0 7.3 7.8 3.3502146716135393 5.286683230651966
12650 2996.348171943575 0 3.5000000120594894 0.7000000000583928 17.0 7.3 7.8 3.3502146716135393 5.286683230651966
12700 2996.348170315971 0 3.5000000017049246 0.7 17.0 7.3 7.800000081717471 3.3502146673534186 5.2866832337891605
12750 2996.348170315971 0 3.5000000017049246 0.7 17.0 7.3 7.800000081717471 3.3502146673534186 5.2866832337891605
12800 2996.348170315971 0 3.5000000017049246 0.7 17.0 7.3 7.800000081717471 3.3502146673534186 5.2866832337891605
12850 2996.348170315971 0 3.5000000017049246 0.7 17.0 7.3 7.800000081717471 3.3502146673534186 5.2866832337891605
12900 2996.348170315971 0 3.5000000017049246 0.7 17.0 7.3 7.800000081717471 3.3502146673534186 5.2866832337891605
12950 2996.3481691467014 0 3.5000000026407743 0.7 17.0 7.3 7.800000014552046 3.3502146703727833 5.286683232480976
13000 2996.3481691467014 0 3.5000000026407743 0.7 17.0 7.3 7.800000014552046 3.3502146703727833 5.286683232480976
13050 2996.3481691467014 0 3.5000000026407743 0.7 17.0 7.3 7.800000014552046 3.3502146703727833 5.286683232480976
13100 2996.3481691467014 0 3.5000000026407743 0.7 17.0 7.3 7.800000014552046 3.3502146703727833 5.286683232480976
13150 2996.3481691467014 0 3.5000000026407743 0.7 17.0 7.3 7.800000014552046 3.3502146703727833 5.286683232480976
13200 2996.348168792213 0 3.500000001154078 0.7 17.0 7.3 7.800000030004995 3.3502146743387295 5.286683230719139
13250 2996.3481672609214 0 3.5000000014939134 0.7000000001891237 17.0 7.3 7.8000000286028905 3.3502146661184042 5.286683230100095
13300 2996.3481672609214 0 3.5000000014939134 0.7000000001891237 17.0 7.3 7.8000000286028905 3.3502146661184042 5.286683230100095
13350 2996.3481672609214 0 3.5000000014939134 0.7000000001891237 17.0 7.3 7.8000000286028905 3.3502146661184042 5.286683230100095
13400 2996.3481672609214 0 3.5000000014939134 0.7000000001891237 17.0 7.3 7.8000000286028905 3.3502146661184042 5.286683230100095
13450 2996.3481672609214 0 3.5000000014939134 0.7000000001891237 17.0 7.3 7.8000000286028905 3.3502146661184042 5.286683230100095
13500 2996.348166798312 0 3.5000000009027676 0.7 17.0 7.3 7.800000004037793 3.350214668203172 5.286683231094007
13550 2996.348166798312 0 3.5000000009027676 0.7 17.0 7.3 7.800000004037793 3.350214668203172 5.286683231094007
13600 2996.3481659743143 0 3.500000000088389 0.7 17.0 7.3000000116554 7.8 3.350214668844656 5.286683230022042
13650 2996.3481659743143 0 3.500000000088389 0.7 17.0 7.3000000116554 7.8 3.350214668844656 5.286683230022042
13700 2996.3481659743143 0 3.500000000088389 0.7 17.0 7.3000000116554 7.8 3.350214668844656 5.286683230022042
13750 2996.3481659743143 0 3.500000000088389 0.7 17.0 7.3000000116554 7.8 3.350214668844656 5.286683230022042
13800 2996.3481659743143 0 3.500000000088389 0.7 17.0 7.3000000116554 7.8 3.350214668844656 5.286683230022042
13850 2996.3481659743143 0 3.500000000088389 0.7 17.0 7.3000000116554 7.8 3.350214668844656 5.286683230022042
13900 2996.3481659743143 0 3.500000000088389 0.7 17.0 7.3000000116554 7.8 3.350214668844656 5.286683230022042
13950 2996.3481659743143 0 3.500000000088389 0.7 17.0 7.3000000116554 7.8 3.350214668844656 5.286683230022042
14000 2996.3481659743143 0 3.500000000088389 0.7 17.0 7.3000000116554 7.8 3.350214668844656 5.286683230022042
14050 2996.3481659743143 0 3.500000000088389 0.7 17.0 7.3000000116554 7.8 3.350214668844656 5.286683230022042
14100 2996.3481659743143 0 3.500000000088389 0.7 17.0 7.3000000116554 7.8 3.350214668844656 5.286683230022042
14150 2996.3481659743143 0 3.500000000088389 0.7 17.0 7.3000000116554 7.8 3.350214668844656 5.286683230022042
14200 2996.348165480844 0 3.500000000247791 0.7000000000156378 17.0 7.300000015013281 7.8000000007250065 3.3502146664724073 5.286683229915568
14250 2996.348165480844 0 3.500000000247791 0.7000000000156378 17.0 7.300000015013281 7.8000000007250065 3.3502146664724073 5.286683229915568
14300 2996.348165480844 0 3.500000000247791 0.7000000000156378 17.0 7.300000015013281 7.8000000007250065 3.3502146664724073 5.286683229915568
14350 2996.348165480844 0 3.500000000247791 0.7000000000156378 17.0 7.300000015013281 7.8000000007250065 3.3502146664724073 5.286683229915568
14400 2996.348165480844 0 3.500000000247791 0.7000000000156378 17.0 7.300000015013281 7.8000000007250065 3.3502146664724073 5.286683229915568
14450 2996.348165480844 0 3.500000000247791 0.7000000000156378 17.0 7.300000015013281 7.8000000007250065 3.3502146664724073 5.286683229915568
14500 2996.348165480844 0 3.500000000247791 0.7000000000156378 17.0 7.300000015013281 7.8000000007250065 3.3502146664724073 5.286683229915568
14550 2996.348165480844 0 3.500000000247791 0.7000000000156378 17.0 7.300000015013281 7.8000000007250065 3.3502146664724073 5.286683229915568
14600 2996.3481654605357 0 3.5000000001706906 0.7000000000122488 17.0 7.300000009296238 7.800000000550622 3.3502146666041153 5.286683229987821
14650 2996.3481653236477 0 3.5000000001546043 0.7000000000208453 17.0 7.3000000083350995 7.8 3.3502146663049395 5.286683229873644
14700 2996.3481653236477 0 3.5000000001546043 0.7000000000208453 17.0 7.3000000083350995 7.8 3.3502146663049395 5.286683229873644
14750 2996.3481653236477 0 3.5000000001546043 0.7000000000208453 17.0 7.3000000083350995 7.8 3.3502146663049395 5.286683229873644
14800 2996.3481653236477 0 3.5000000001546043 0.7000000000208453 17.0 7.3000000083350995 7.8 3.3502146663049395 5.286683229873644
14850 2996.3481652985834 0 3.5000000003145444 0.7000000000156378 17.0 7.3 7.8000000007250065 3.3502146663796486 5.286683229833024
14900 2996.3481652231562 0 3.500000000074793 0.7 17.0 7.3 7.8 3.3502146666732777 5.286683229880962
14950 2996.3481652231562 0 3.500000000074793 0.7 17.0 7.3 7.8 3.3502146666732777 5.286683229880962
15000 2996.3481651961424 0 3.500000000174915 0.7 17.0 7.3 7.8 3.3502146661199483 5.286683229998378
15050 2996.3481651961424 0 3.500000000174915 0.7 17.0 7.3 7.8 3.3502146661199483 5.286683229998378
15100 2996.3481651961424 0 3.500000000174915 0.7 17.0 7.3 7.8 3.3502146661199483 5.286683229998378
15150 2996.3481651961424 0 3.500000000174915 0.7 17.0 7.3 7.8 3.3502146661199483 5.286683229998378
15200 2996.3481651961424 0 3.500000000174915 0.7 17.0 7.3 7.8 3.3502146661199483 5.286683229998378
15250 2996.3481651961424 0 3.500000000174915 0.7 17.0 7.3 7.8 3.3502146661199483 5.286683229998378
15300 2996.3481651629504 0 3.500000000112173 0.7 17.0 7.3 7.800000001292485 3.35021466645503 5.286683229806049
15350 2996.348165143332 0 3.5000000000021565 0.7000000000001746 17.0 7.3 7.8 3.3502146661382866 5.286683230013446
15400 2996.348165143332 0 3.5000000000021565 0.7000000000001746 17.0 7.3 7.8 3.3502146661382866 5.286683230013446
15450 2996.348165143332 0 3.5000000000021565 0.7000000000001746 17.0 7.3 7.8 3.3502146661382866 5.286683230013446
15500 2996.348165143332 0 3.5000000000021565 0.7000000000001746 17.0 7.3 7.8 3.3502146661382866 5.286683230013446
15550 2996.348165143332 0 3.5000000000021565 0.7000000000001746 17.0 7.3 7.8 3.3502146661382866 5.286683230013446
15600 2996.348165143332 0 3.5000000000021565 0.7000000000001746 17.0 7.3 7.8 3.3502146661382866 5.286683230013446
15650 2996.348165111561 0 3.5000000000078884 0.7 17.0 7.3 7.800000000296767 3.3502146663161048 5.286683229879688
15700 2996.348165106942 0 3.500000000090195 0.7 17.0 7.3 7.8 3.3502146661310546 5.2866832299059885
15750 2996.3481651037496 0 3.5000000000229416 0.7 17.0 7.3 7.8 3.3502146661710097 5.286683229926495
15800 2996.3481650683607 0 3.5000000000764606 0.7000000000045117 17.0 7.300000001332345 7.8 3.3502146661063996 5.286683229813159
15850 2996.3481650683607 0 3.5000000000764606 0.7000000000045117 17.0 7.300000001332345 7.8 3.3502146661063996 5.286683229813159
15900 2996.3481650683607 0 3.5000000000764606 0.7000000000045117 17.0 7.300000001332345 7.8 3.3502146661063996 5.286683229813159
15950 2996.3481650683607 0 3.5000000000764606 0.7000000000045117 17.0 7.300000001332345 7.8 3.3502146661063996 5.286683229813159
16000 2996.348165044215 0 3.5000000000819234 0.7000000000014003 17.0 7.30000000011487 7.8 3.3502146662163224 5.286683229766751
16050 2996.348165044215 0 3.5000000000819234 0.7000000000014003 17.0 7.30000000011487 7.8 3.3502146662163224 5.286683229766751
16100 2996.348165044215 0 3.5000000000819234 0.7000000000014003 17.0 7.30000000011487 7.8 3.3502146662163224 5.286683229766751
16150 2996.348165044215 0 3.5000000000819234 0.7000000000014003 17.0 7.30000000011487 7.8 3.3502146662163224 5.286683229766751
16200 2996.348165044215 0 3.5000000000819234 0.7000000000014003 17.0 7.30000000011487 7.8 3.3502146662163224 5.286683229766751
16250 2996.3481650324206 0 3.5000000001038414 0.7 17.0 7.300000001007592 7.800000000598102 3.3502146660989025 5.286683229758652
16300 2996.3481650324206 0 3.5000000001038414 0.7 17.0 7.300000001007592 7.800000000598102 3.3502146660989025 5.286683229758652
16350 2996.348165018103 0 3.5000000000586367 0.7 17.0 7.300000000703518 7.800000000444618 3.350214666136651 5.286683229758443
16400 2996.348165018103 0 3.5000000000586367 0.7 17.0 7.300000000703518 7.800000000444618 3.350214666136651 5.286683229758443
16450 2996.348164998422 0 3.500000000008909 0.7 17.0 7.3 7.80000000054534 3.350214666108983 5.286683229775571
16500 2996.348164998422 0 3.500000000008909 0.7 17.0 7.3 7.80000000054534 3.350214666108983 5.286683229775571
16550 2996.348164998422 0 3.500000000008909 0.7 17.0 7.3 7.80000000054534 3.350214666108983 5.286683229775571
16600 2996.348164998422 0 3.500000000008909 0.7 17.0 7.3 7.80000000054534 3.350214666108983 5.286683229775571
16650 2996.348164998422 0 3.500000000008909 0.7 17.0 7.3 7.80000000054534 3.350214666108983 5.286683229775571
16700 2996.348164998422 0 3.500000000008909 0.7 17.0 7.3 7.80000000054534 3.350214666108983 5.286683229775571
16750 2996.348164998422 0 3.500000000008909 0.7 17.0 7.3 7.80000000054534 3.350214666108983 5.286683229775571
16800 2996.348164998422 0 3.500000000008909 0.7 17.0 7.3 7.80000000054534 3.350214666108983 5.286683229775571
16850 2996.348164998422 0 3.500000000008909 0.7 17.0 7.3 7.80000000054534 3.350214666108983 5.286683229775571
16900 2996.348164998422 0 3.500000000008909 0.7 17.0 7.3 7.80000000054534 3.350214666108983 5.286683229775571
16950 2996.3481649948058 0 3.5000000000247113 0.700000000001043 17.0 7.3 7.800000000270228 3.3502146661178154 5.286683229758671
17000 2996.348164994572 0 3.500000000005944 0.70000000000033 17.0 7.3 7.80000000054534 3.350214666112122 5.286683229767746
17050 2996.348164994572 0 3.500000000005944 0.70000000000033 17.0 7.3 7.80000000054534 3.350214666112122 5.286683229767746
17100 2996.348164994572 0 3.500000000005944 0.70000000000033 17.0 7.3 7.80000000054534 3.350214666112122 5.286683229767746
17150 2996.348164994572 0 3.500000000005944 0.70000000000033 17.0 7.3 7.80000000054534 3.350214666112122 5.286683229767746
17200 2996.3481649868636 0 3.5000000000181433 0.7 17.0 7.3 7.800000000110681 3.3502146661167367 5.286683229763589
17250 2996.3481649836544 0 3.500000000007185 0.7000000000001155 17.0 7.3 7.8 3.3502146661343866 5.286683229761237
17300 2996.3481649818 0 3.5000000000063096 0.700000000000835 17.0 7.3 7.800000000015079 3.3502146661046206 5.286683229765157
17350 2996.3481649818 0 3.5000000000063096 0.700000000000835 17.0 7.3 7.800000000015079 3.3502146661046206 5.286683229765157
17400 2996.348164978198 0 3.5000000000092384 0.7000000000005049 17.0 7.3 7.8 3.3502146661010817 5.286683229761969
17450 2996.348164978198 0 3.5000000000092384 0.7000000000005049 17.0 7.3 7.8 3.3502146661010817 5.286683229761969
17500 2996.348164977309 0 3.5000000000076126 0.7000000000000813 17.0 7.3 7.8 3.3502146661035415 5.286683229763598
17550 2996.3481649766477 0 3.500000000007391 0.7000000000001603 17.0 7.300000000000291 7.8 3.350214666103614 5.286683229762102
17600 2996.3481649766477 0 3.500000000007391 0.7000000000001603 17.0 7.300000000000291 7.8 3.350214666103614 5.286683229762102
17650 2996.34816497512 0 3.5000000000100244 0.7000000000002397 17.0 7.3 7.800000000015079 3.3502146660968837 5.28668322975969
17700 2996.34816497512 0 3.5000000000100244 0.7000000000002397 17.0 7.3 7.800000000015079 3.3502146660968837 5.28668322975969
17750 2996.34816497512 0 3.5000000000100244 0.7000000000002397 17.0 7.3 7.800000000015079 3.3502146660968837 5.28668322975969
17800 2996.34816497512 0 3.5000000000100244 0.7000000000002397 17.0 7.3 7.800000000015079 3.3502146660968837 5.28668322975969
17850 2996.34816497512 0 3.5000000000100244 0.7000000000002397 17.0 7.3 7.800000000015079 3.3502146660968837 5.28668322975969
17900 2996.34816497512 0 3.5000000000100244 0.7000000000002397 17.0 7.3 7.800000000015079 3.3502146660968837 5.28668322975969
17950 2996.34816497512 0 3.5000000000100244 0.7000000000002397 17.0 7.3 7.800000000015079 3.3502146660968837 5.28668322975969
18000 2996.34816497512 0 3.5000000000100244 0.7000000000002397 17.0 7.3 7.800000000015079 3.3502146660968837 5.28668322975969
18050 2996.34816497512 0 3.5000000000100244 0.7000000000002397 17.0 7.3 7.800000000015079 3.3502146660968837 5.28668322975969
18100 2996.3481649736964 0 3.5000000000047415 0.7000000000002355 17.0 7.3 7.8 3.3502146660978998 5.286683229760857
18150 2996.3481649736964 0 3.5000000000047415 0.7000000000002355 17.0 7.3 7.8 3.3502146660978998 5.286683229760857
18200 2996.3481649736964 0 3.5000000000047415 0.7000000000002355 17.0 7.3 7.8 3.3502146660978998 5.286683229760857
18250 2996.3481649736964 0 3.5000000000047415 0.7000000000002355 17.0 7.3 7.8 3.3502146660978998 5.286683229760857
18300 2996.348164971506 0 3.5000000000013842 0.7 17.0 7.300000000000628 7.800000000021276 3.3502146661039953 5.286683229757974
18350 2996.348164971506 0 3.5000000000013842 0.7 17.0 7.300000000000628 7.800000000021276 3.3502146661039953 5.286683229757974
18400 2996.348164971506 0 3.5000000000013842 0.7 17.0 7.300000000000628 7.800000000021276 3.3502146661039953 5.286683229757974
18450 2996.3481649707364 0 3.5000000000038334 0.7 17.0 7.300000000003276 7.8000000000010035 3.3502146660986067 5.286683229758073
18500 2996.348164970306 0 3.5000000000012736 0.7000000000000923 17.0 7.300000000019059 7.800000000006034 3.35021466609709 5.286683229758536
18550 2996.348164970306 0 3.5000000000012736 0.7000000000000923 17.0 7.300000000019059 7.800000000006034 3.35021466609709 5.286683229758536
18600 2996.348164970306 0 3.5000000000012736 0.7000000000000923 17.0 7.300000000019059 7.800000000006034 3.35021466609709 5.286683229758536
18650 2996.348164970306 0 3.5000000000012736 0.7000000000000923 17.0 7.300000000019059 7.800000000006034 3.35021466609709 5.286683229758536
18700 2996.348164970306 0 3.5000000000012736 0.7000000000000923 17.0 7.300000000019059 7.800000000006034 3.35021466609709 5.286683229758536
18750 2996.348164970306 0 3.5000000000012736 0.7000000000000923 17.0 7.300000000019059 7.800000000006034 3.35021466609709 5.286683229758536
18800 2996.348164970191 0 3.500000000001168 0.7 17.0 7.300000000006314 7.8 3.3502146660996925 5.286683229758419
18850 2996.348164970191 0 3.500000000001168 0.7 17.0 7.300000000006314 7.8 3.3502146660996925 5.286683229758419
18900 2996.348164970191 0 3.500000000001168 0.7 17.0 7.300000000006314 7.8 3.3502146660996925 5.286683229758419
18950 2996.348164970133 0 3.500000000002975 0.7 17.0 7.300000000029857 7.8 3.350214666096691 5.286683229758088
19000 2996.3481649693954 0 3.5000000000001323 0.7 17.0 7.300000000020637 7.80000000001371 3.3502146660975405 5.286683229757998
19050 2996.3481649693954 0 3.5000000000001323 0.7 17.0 7.300000000020637 7.80000000001371 3.3502146660975405 5.286683229757998
19100 2996.3481649693954 0 3.5000000000001323 0.7 17.0 7.300000000020637 7.80000000001371 3.3502146660975405 5.286683229757998
19150 2996.3481649693954 0 3.5000000000001323 0.7 17.0 7.300000000020637 7.80000000001371 3.3502146660975405 5.286683229757998
19200 2996.3481649693954 0 3.5000000000001323 0.7 17.0 7.300000000020637 7.80000000001371 3.3502146660975405 5.286683229757998
19250 2996.3481649693954 0 3.5000000000001323 0.7 17.0 7.300000000020637 7.80000000001371 3.3502146660975405 5.286683229757998
19300 2996.3481649693954 0 3.5000000000001323 0.7 17.0 7.300000000020637 7.80000000001371 3.3502146660975405 5.286683229757998
19350 2996.3481649693954 0 3.5000000000001323 0.7 17.0 7.300000000020637 7.80000000001371 3.3502146660975405 5.286683229757998
19400 2996.3481649693954 0 3.5000000000001323 0.7 17.0 7.300000000020637 7.80000000001371 3.3502146660975405 5.286683229757998
19450 2996.3481649693954 0 3.5000000000001323 0.7 17.0 7.300000000020637 7.80000000001371 3.3502146660975405 5.286683229757998
19500 2996.3481649693954 0 3.5000000000001323 0.7 17.0 7.300000000020637 7.80000000001371 3.3502146660975405 5.286683229757998
19550 2996.348164969319 0 3.500000000000385 0.7 17.0 7.300000000014887 7.800000000017278 3.3502146660965497 5.286683229758075
19600 2996.3481649691357 0 3.5000000000004867 0.700000000000026 17.0 7.3 7.800000000002535 3.35021466609694 5.286683229758098
19650 2996.3481649691357 0 3.5000000000004867 0.700000000000026 17.0 7.3 7.800000000002535 3.35021466609694 5.286683229758098
19700 2996.3481649691357 0 3.5000000000004867 0.700000000000026 17.0 7.3 7.800000000002535 3.35021466609694 5.286683229758098
19750 2996.3481649691357 0 3.5000000000004867 0.700000000000026 17.0 7.3 7.800000000002535 3.35021466609694 5.286683229758098
19800 2996.3481649691357 0 3.5000000000004867 0.700000000000026 17.0 7.3 7.800000000002535 3.35021466609694 5.286683229758098
19850 2996.348164969035 0 3.500000000000618 0.7000000000000427 17.0 7.30000000000112 7.8 3.3502146660964867 5.286683229757994
19900 2996.3481649690143 0 3.5000000000005644 0.7 17.0 7.3000000000025596 7.800000000000579 3.3502146660967482 5.286683229758153
19950 2996.3481649690034 0 3.500000000000271 0.7 17.0 7.300000000020637 7.8 3.3502146660969685 5.286683229757998
20000 2996.3481649689465 0 3.500000000000801 0.7 17.0 7.3000000000000735 7.800000000001817 3.350214666096674 5.286683229757922
20050 2996.3481649689465 0 3.500000000000801 0.7 17.0 7.3000000000000735 7.800000000001817 3.350214666096674 5.286683229757922
20100 2996.3481649689465 0 3.500000000000801 0.7 17.0 7.3000000000000735 7.800000000001817 3.350214666096674 5.286683229757922
20150 2996.3481649689115 0 3.5000000000000426 0.7000000000000046 17.0 7.300000000005708 7.80000000000084 3.350214666096702 5.286683229758246
20200 2996.3481649687806 0 3.500000000000177 0.7 17.0 7.300000000007694 7.800000000000018 3.3502146660964702 5.2866832297580855
20250 2996.3481649687806 0 3.500000000000177 0.7 17.0 7.300000000007694 7.800000000000018 3.3502146660964702 5.2866832297580855
20300 2996.3481649687806 0 3.500000000000177 0.7 17.0 7.300000000007694 7.800000000000018 3.3502146660964702 5.2866832297580855
20350 2996.3481649687806 0 3.500000000000177 0.7 17.0 7.300000000007694 7.800000000000018 3.3502146660964702 5.2866832297580855
20400 2996.3481649687806 0 3.500000000000177 0.7 17.0 7.300000000007694 7.800000000000018 3.3502146660964702 5.2866832297580855
20450 2996.348164968755 0 3.500000000000216 0.7000000000000014 17.0 7.3 7.800000000000018 3.350214666096635 5.286683229758051
20500 2996.348164968676 0 3.500000000000168 0.7000000000000028 17.0 7.3 7.800000000000269 3.3502146660965826 5.2866832297579585
20550 2996.348164968676 0 3.500000000000168 0.7000000000000028 17.0 7.3 7.800000000000269 3.3502146660965826 5.2866832297579585
20600 2996.348164968676 0 3.500000000000168 0.7000000000000028 17.0 7.3 7.800000000000269 3.3502146660965826 5.2866832297579585
20650 2996.348164968676 0 3.500000000000168 0.7000000000000028 17.0 7.3 7.800000000000269 3.3502146660965826 5.2866832297579585
20700 2996.348164968676 0 3.500000000000168 0.7000000000000028 17.0 7.3 7.800000000000269 3.3502146660965826 5.2866832297579585
20750 2996.348164968676 0 3.500000000000168 0.7000000000000028 17.0 7.3 7.800000000000269 3.3502146660965826 5.2866832297579585
20800 2996.348164968676 0 3.500000000000168 0.7000000000000028 17.0 7.3 7.800000000000269 3.3502146660965826 5.2866832297579585
20850 2996.348164968676 0 3.500000000000168 0.7000000000000028 17.0 7.3 7.800000000000269 3.3502146660965826 5.2866832297579585
20900 2996.348164968676 0 3.500000000000168 0.7000000000000028 17.0 7.3 7.800000000000269 3.3502146660965826 5.2866832297579585
20950 2996.3481649686237 0 3.5000000000000338 0.7000000000000053 17.0 7.3 7.800000000000018 3.3502146660964627 5.286683229757998
21000 2996.3481649686237 0 3.5000000000000338 0.7000000000000053 17.0 7.3 7.800000000000018 3.3502146660964627 5.286683229757998
21050 2996.3481649686237 0 3.5000000000000338 0.7000000000000053 17.0 7.3 7.800000000000018 3.3502146660964627 5.286683229757998
21100 2996.3481649686237 0 3.5000000000000338 0.7000000000000053 17.0 7.3 7.800000000000018 3.3502146660964627 5.286683229757998
21150 2996.3481649686237 0 3.5000000000000338 0.7000000000000053 17.0 7.3 7.800000000000018 3.3502146660964627 5.286683229757998
21200 2996.3481649686237 0 3.5000000000000338 0.7000000000000053 17.0 7.3 7.800000000000018 3.3502146660964627 5.286683229757998
21250 2996.3481649686237 0 3.5000000000000338 0.7000000000000053 17.0 7.3 7.800000000000018 3.3502146660964627 5.286683229757998
21300 2996.3481649686237 0 3.5000000000000338 0.7000000000000053 17.0 7.3 7.800000000000018 3.3502146660964627 5.286683229757998
21350 2996.3481649686237 0 3.5000000000000338 0.7000000000000053 17.0 7.3 7.800000000000018 3.3502146660964627 5.286683229757998
21400 2996.3481649685973 0 3.50000000000004 0.7 17.0 7.300000000000522 7.8 3.3502146660965506 5.28668322975795
21450 2996.348164968584 0 3.5000000000000115 0.7000000000000004 17.0 7.3 7.8 3.3502146660964995 5.28668322975797
21500 2996.348164968584 0 3.5000000000000115 0.7000000000000004 17.0 7.3 7.8 3.3502146660964995 5.28668322975797
21550 2996.3481649685828 0 3.500000000000023 0.7000000000000003 17.0 7.300000000000313 7.8 3.3502146660965066 5.286683229757955
21600 2996.3481649685828 0 3.500000000000023 0.7000000000000003 17.0 7.300000000000313 7.8 3.3502146660965066 5.286683229757955
21650 2996.3481649685828 0 3.500000000000023 0.7000000000000003 17.0 7.300000000000313 7.8 3.3502146660965066 5.286683229757955
21700 2996.3481649685828 0 3.500000000000023 0.7000000000000003 17.0 7.300000000000313 7.8 3.3502146660965066 5.286683229757955
21750 2996.3481649685828 0 3.500000000000023 0.7000000000000003 17.0 7.300000000000313 7.8 3.3502146660965066 5.286683229757955
21800 2996.3481649685828 0 3.500000000000023 0.7000000000000003 17.0 7.300000000000313 7.8 3.3502146660965066 5.286683229757955
21850 2996.3481649685796 0 3.500000000000054 0.7 17.0 7.300000000000313 7.8 3.35021466609645 5.286683229757955
21900 2996.3481649685764 0 3.500000000000027 0.7000000000000012 17.0 7.300000000000172 7.8 3.3502146660965058 5.286683229757939
21950 2996.348164968571 0 3.5000000000000164 0.7 17.0 7.30000000000023 7.8 3.3502146660965195 5.286683229757939
22000 2996.3481649685687 0 3.500000000000045 0.7 17.0 7.3 7.8 3.3502146660964813 5.286683229757936
22050 2996.3481649685687 0 3.500000000000045 0.7 17.0 7.3 7.8 3.3502146660964813 5.286683229757936
22100 2996.3481649685687 0 3.500000000000045 0.7 17.0 7.3 7.8 3.3502146660964813 5.286683229757936
22150 2996.348164968565 0 3.500000000000037 0.7000000000000013 17.0 7.300000000000132 7.8 3.3502146660964724 5.286683229757927
22200 2996.3481649685446 0 3.500000000000008 0.7000000000000007 17.0 7.3 7.8 3.3502146660964724 5.286683229757919
22250 2996.3481649685414 0 3.5000000000000018 0.7 17.0 7.3 7.8 3.3502146660964742 5.286683229757923
22300 2996.3481649685414 0 3.5000000000000018 0.7 17.0 7.3 7.8 3.3502146660964742 5.286683229757923
22350 2996.3481649685414 0 3.5000000000000018 0.7 17.0 7.3 7.8 3.3502146660964742 5.286683229757923
22400 2996.348164968539 0 3.500000000000005 0.7 17.0 7.3 7.800000000000031 3.3502146660964556 5.286683229757924
22450 2996.348164968539 0 3.500000000000005 0.7 17.0 7.3 7.800000000000031 3.3502146660964556 5.286683229757924
22500 2996.3481649685345 0 3.500000000000008 0.7 17.0 7.3 7.800000000000003 3.3502146660964485 5.2866832297579185
22550 2996.3481649685345 0 3.500000000000008 0.7 17.0 7.3 7.800000000000003 3.3502146660964485 5.2866832297579185
22600 2996.3481649685345 0 3.500000000000008 0.7 17.0 7.3 7.800000000000003 3.3502146660964485 5.2866832297579185
22650 2996.3481649685345 0 3.500000000000008 0.7 17.0 7.3 7.800000000000003 3.3502146660964485 5.2866832297579185
22700 2996.3481649685345 0 3.500000000000008 0.7 17.0 7.3 7.800000000000003 3.3502146660964485 5.2866832297579185
22750 2996.3481649685345 0 3.500000000000008 0.7 17.0 7.3 7.800000000000003 3.3502146660964485 5.2866832297579185
22800 2996.3481649685345 0 3.500000000000008 0.7 17.0 7.3 7.800000000000003 3.3502146660964485 5.2866832297579185
22850 2996.3481649685345 0 3.5000000000000036 0.7000000000000001 17.0 7.300000000000009 7.8 3.350214666096451 5.2866832297579185
22900 2996.3481649685345 0 3.5000000000000036 0.7000000000000001 17.0 7.300000000000009 7.8 3.350214666096451 5.2866832297579185
22950 2996.3481649685345 0 3.5000000000000036 0.7000000000000001 17.0 7.300000000000009 7.8 3.350214666096451 5.2866832297579185
23000 2996.3481649685345 0 3.5000000000000036 0.7000000000000001 17.0 7.300000000000009 7.8 3.350214666096451 5.2866832297579185
23050 2996.3481649685336 0 3.500000000000002 0.7 17.0 7.3 7.8 3.350214666096452 5.2866832297579185
23100 2996.3481649685336 0 3.500000000000002 0.7 17.0 7.3 7.8 3.350214666096452 5.2866832297579185
23150 2996.3481649685336 0 3.500000000000002 0.7 17.0 7.3 7.8 3.350214666096452 5.2866832297579185
23200 2996.3481649685336 0 3.500000000000002 0.7 17.0 7.3 7.8 3.350214666096452 5.2866832297579185
23250 2996.3481649685336 0 3.500000000000002 0.7 17.0 7.3 7.8 3.350214666096452 5.2866832297579185
23300 2996.3481649685336 0 3.500000000000002 0.7 17.0 7.3 7.8 3.350214666096452 5.2866832297579185
23350 2996.348164968533 0 3.5000000000000027 0.7000000000000002 17.0 7.3 7.800000000000018 3.35021466609645 5.286683229757917
23400 2996.348164968533 0 3.5000000000000027 0.7000000000000002 17.0 7.3 7.800000000000018 3.35021466609645 5.286683229757917
23450 2996.348164968533 0 3.5000000000000027 0.7000000000000002 17.0 7.3 7.800000000000018 3.35021466609645 5.286683229757917
23500 2996.3481649685327 0 3.5000000000000044 0.7 17.0 7.3 7.8 3.3502146660964516 5.286683229757917
23550 2996.3481649685323 0 3.500000000000003 0.7000000000000001 17.0 7.30000000000007 7.8 3.3502146660964476 5.286683229757917
23600 2996.3481649685323 0 3.500000000000003 0.7000000000000001 17.0 7.30000000000007 7.8 3.3502146660964476 5.286683229757917
23650 2996.3481649685314 0 3.500000000000001 0.7 17.0 7.3 7.8 3.3502146660964525 5.286683229757917
23700 2996.348164968531 0 3.5000000000000013 0.7 17.0 7.3000000000000185 7.8 3.350214666096449 5.286683229757917
23750 2996.348164968531 0 3.5000000000000013 0.7 17.0 7.3000000000000185 7.8 3.350214666096449 5.286683229757917
23800 2996.348164968531 0 3.5000000000000013 0.7 17.0 7.3000000000000185 7.8 3.350214666096449 5.286683229757917
23850 2996.348164968531 0 3.5000000000000013 0.7 17.0 7.3000000000000185 7.8 3.350214666096449 5.286683229757917
23900 2996.348164968531 0 3.5000000000000013 0.7 17.0 7.3000000000000185 7.8 3.350214666096449 5.286683229757917
23950 2996.348164968531 0 3.5000000000000013 0.7 17.0 7.3000000000000185 7.8 3.350214666096449 5.286683229757917
24000 2996.348164968531 0 3.5000000000000013 0.7 17.0 7.30000000000004 7.8 3.350214666096448 5.286683229757917
24050 2996.3481649685305 0 3.5000000000000013 0.7 17.0 7.3 7.8 3.3502146660964476 5.286683229757917
24100 2996.3481649685295 0 3.4999999999999996 0.7 17.0 7.300000000000006 7.8 3.3502146660964476 5.286683229757917
24150 2996.3481649685295 0 3.4999999999999996 0.7 17.0 7.300000000000006 7.8 3.3502146660964476 5.286683229757917
24200 2996.3481649685295 0 3.4999999999999996 0.7 17.0 7.300000000000006 7.8 3.3502146660964476 5.286683229757917
24250 2996.3481649685295 0 3.4999999999999996 0.7 17.0 7.300000000000006 7.8 3.3502146660964476 5.286683229757917
24300 2996.3481649685295 0 3.4999999999999996 0.7 17.0 7.300000000000006 7.8 3.3502146660964476 5.286683229757917
24350 2996.3481649685295 0 3.4999999999999996 0.7 17.0 7.300000000000006 7.8 3.3502146660964476 5.286683229757917
24400 2996.3481649685295 0 3.4999999999999996 0.7 17.0 7.300000000000006 7.8 3.3502146660964476 5.286683229757917
24450 2996.3481649685295 0 3.4999999999999996 0.7 17.0 7.300000000000006 7.8 3.3502146660964476 5.286683229757917
24500 2996.3481649685295 0 3.4999999999999996 0.7 17.0 7.300000000000006 7.8 3.3502146660964476 5.286683229757917
24550 2996.3481649685295 0 3.4999999999999996 0.7 17.0 7.300000000000006 7.8 3.3502146660964476 5.286683229757917
24600 2996.3481649685295 0 3.4999999999999996 0.7 17.0 7.300000000000006 7.8 3.3502146660964476 5.286683229757917
24650 2996.3481649685295 0 3.4999999999999996 0.7 17.0 7.300000000000006 7.8 3.3502146660964476 5.286683229757917
24700 2996.3481649685295 0 3.4999999999999996 0.7 17.0 7.300000000000006 7.8 3.3502146660964476 5.286683229757917
24750 2996.3481649685295 0 3.4999999999999996 0.7 17.0 7.300000000000006 7.8 3.3502146660964476 5.286683229757917
24800 2996.3481649685295 0 3.4999999999999996 0.7 17.0 7.3 7.800000000000004 3.3502146660964476 5.286683229757917
24850 2996.3481649685295 0 3.4999999999999996 0.7 17.0 7.3 7.800000000000004 3.3502146660964476 5.286683229757917
24900 2996.3481649685295 0 3.4999999999999996 0.7 17.0 7.3 7.800000000000004 3.3502146660964476 5.286683229757917
24950 2996.3481649685295 0 3.4999999999999996 0.7 17.0 7.3 7.800000000000004 3.3502146660964476 5.286683229757917
25000 2996.3481649685295 0 3.4999999999999996 0.7 17.0 7.3 7.800000000000004 3.3502146660964476 5.286683229757917
25050 2996.3481649685295 0 3.4999999999999996 0.7 17.0 7.3 7.800000000000004 3.3502146660964476 5.286683229757917
25100 2996.3481649685295 0 3.4999999999999996 0.7 17.0 7.3 7.800000000000004 3.3502146660964476 5.286683229757917
25150 2996.3481649685295 0 3.4999999999999996 0.7 17.0 7.3 7.800000000000004 3.3502146660964476 5.286683229757917
25200 2996.3481649685295 0 3.4999999999999996 0.7 17.0 7.3 7.800000000000004 3.3502146660964476 5.286683229757917
25250 2996.3481649685295 0 3.4999999999999996 0.7 17.0 7.3 7.800000000000004 3.3502146660964476 5.286683229757917
25300 2996.3481649685295 0 3.4999999999999996 0.7 17.0 7.3 7.800000000000004 3.3502146660964476 5.286683229757917
25350 2996.3481649685295 0 3.4999999999999996 0.7 17.0 7.3 7.800000000000004 3.3502146660964476 5.286683229757917
25400 2996.3481649685295 0 3.4999999999999996 0.7 17.0 7.3 7.800000000000004 3.3502146660964476 5.286683229757917
25450 2996.3481649685295 0 3.4999999999999996 0.7 17.0 7.3 7.800000000000004 3.3502146660964476 5.286683229757917
25500 2996.3481649685295 0 3.4999999999999996 0.7 17.0 7.3 7.800000000000004 3.3502146660964476 5.286683229757917
25550 2996.3481649685295 0 3.4999999999999996 0.7 17.0 7.3 7.800000000000004 3.3502146660964476 5.286683229757917
25600 2996.3481649685295 0 3.4999999999999996 0.7 17.0 7.300000000000002 7.800000000000001 3.3502146660964476 5.286683229757917
25650 2996.3481649685295 0 3.4999999999999996 0.7 17.0 7.300000000000002 7.800000000000001 3.3502146660964476 5.286683229757917
25700 2996.3481649685295 0 3.4999999999999996 0.7 17.0 7.300000000000002 7.800000000000001 3.3502146660964476 5.286683229757917
25750 2996.3481649685295 0 3.4999999999999996 0.7 17.0 7.300000000000002 7.800000000000001 3.3502146660964476 5.286683229757917
25800 2996.3481649685295 0 3.4999999999999996 0.7 17.0 7.300000000000002 7.800000000000001 3.3502146660964476 5.286683229757917
25850 2996.3481649685295 0 3.4999999999999996 0.7 17.0 7.300000000000002 7.800000000000001 3.3502146660964476 5.286683229757917
25900 2996.3481649685295 0 3.4999999999999996 0.7 17.0 7.300000000000002 7.800000000000001 3.3502146660964476 5.286683229757917
25950 2996.3481649685295 0 3.4999999999999996 0.7 17.0 7.300000000000002 7.800000000000001 3.3502146660964476 5.286683229757917
26000 2996.3481649685295 0 3.4999999999999996 0.7 17.0 7.300000000000002 7.800000000000001 3.3502146660964476 5.286683229757917
26050 2996.3481649685295 0 3.4999999999999996 0.7 17.0 7.300000000000002 7.800000000000001 3.3502146660964476 5.286683229757917
26100 2996.3481649685295 0 3.4999999999999996 0.7 17.0 7.300000000000002 7.800000000000001 3.3502146660964476 5.286683229757917
26150 2996.3481649685295 0 3.4999999999999996 0.7 17.0 7.300000000000002 7.800000000000001 3.3502146660964476 5.286683229757917
26200 2996.3481649685295 0 3.4999999999999996 0.7 17.0 7.300000000000002 7.800000000000001 3.3502146660964476 5.286683229757917
26250 2996.3481649685295 0 3.4999999999999996 0.7 17.0 7.300000000000002 7.800000000000001 3.3502146660964476 5.286683229757917
26300 2996.3481649685295 0 3.4999999999999996 0.7 17.0 7.300000000000002 7.800000000000001 3.3502146660964476 5.286683229757917
26350 2996.3481649685295 0 3.4999999999999996 0.7 17.0 7.300000000000002 7.800000000000001 3.3502146660964476 5.286683229757917
26400 2996.3481649685295 0 3.4999999999999996 0.7 17.0 7.300000000000002 7.800000000000001 3.3502146660964476 5.286683229757917
26450 2996.3481649685295 0 3.4999999999999996 0.7 17.0 7.300000000000002 7.800000000000001 3.3502146660964476 5.286683229757917
26500 2996.3481649685295 0 3.4999999999999996 0.7 17.0 7.300000000000002 7.800000000000001 3.3502146660964476 5.286683229757917
26550 2996.3481649685295 0 3.4999999999999996 0.7 17.0 7.300000000000002 7.800000000000001 3.3502146660964476 5.286683229757917
26600 2996.3481649685295 0 3.4999999999999996 0.7 17.0 7.300000000000002 7.800000000000001 3.3502146660964476 5.286683229757917
26650 2996.3481649685295 0 3.4999999999999996 0.7 17.0 7.300000000000002 7.800000000000001 3.3502146660964476 5.286683229757917
26700 2996.3481649685295 0 3.4999999999999996 0.7 17.0 7.300000000000002 7.800000000000001 3.3502146660964476 5.286683229757917
26750 2996.3481649685295 0 3.4999999999999996 0.7 17.0 7.300000000000002 7.800000000000001 3.3502146660964476 5.286683229757917
26800 2996.3481649685295 0 3.4999999999999996 0.7 17.0 7.300000000000002 7.800000000000001 3.3502146660964476 5.286683229757917
26850 2996.3481649685295 0 3.4999999999999996 0.7 17.0 7.300000000000002 7.800000000000001 3.3502146660964476 5.286683229757917
26900 2996.3481649685295 0 3.4999999999999996 0.7 17.0 7.300000000000002 7.800000000000001 3.3502146660964476 5.286683229757917
26950 2996.3481649685295 0 3.4999999999999996 0.7 17.0 7.300000000000002 7.800000000000001 3.3502146660964476 5.286683229757917
27000 2996.3481649685295 0 3.4999999999999996 0.7 17.0 7.300000000000002 7.800000000000001 3.3502146660964476 5.286683229757917
27050 2996.3481649685295 0 3.4999999999999996 0.7 17.0 7.300000000000002 7.800000000000001 3.3502146660964476 5.286683229757917
27100 2996.3481649685295 0 3.4999999999999996 0.7 17.0 7.300000000000002 7.800000000000001 3.3502146660964476 5.286683229757917
27150 2996.3481649685295 0 3.4999999999999996 0.7 17.0 7.300000000000002 7.800000000000001 3.3502146660964476 5.286683229757917
27200 2996.3481649685295 0 3.4999999999999996 0.7 17.0 7.300000000000002 7.800000000000001 3.3502146660964476 5.286683229757917
27250 2996.3481649685295 0 3.4999999999999996 0.7 17.0 7.300000000000002 7.800000000000001 3.3502146660964476 5.286683229757917
27300 2996.3481649685295 0 3.4999999999999996 0.7 17.0 7.300000000000002 7.800000000000001 3.3502146660964476 5.286683229757917
27350 2996.3481649685295 0 3.4999999999999996 0.7 17.0 7.300000000000002 7.800000000000001 3.3502146660964476 5.286683229757917
27400 2996.3481649685295 0 3.4999999999999996 0.7 17.0 7.300000000000002 7.800000000000001 3.3502146660964476 5.286683229757917
27450 2996.3481649685295 0 3.4999999999999996 0.7 17.0 7.300000000000002 7.800000000000001 3.3502146660964476 5.286683229757917
27500 2996.3481649685295 0 3.4999999999999996 0.7 17.0 7.300000000000002 7.800000000000001 3.3502146660964476 5.286683229757917
27550 2996.3481649685295 0 3.4999999999999996 0.7 17.0 7.300000000000002 7.800000000000001 3.3502146660964476 5.286683229757917
27600 2996.3481649685295 0 3.4999999999999996 0.7 17.0 7.300000000000002 7.800000000000001 3.3502146660964476 5.286683229757917
27650 2996.3481649685295 0 3.4999999999999996 0.7 17.0 7.300000000000002 7.800000000000001 3.3502146660964476 5.286683229757917
27700 2996.3481649685295 0 3.4999999999999996 0.7 17.0 7.300000000000002 7.800000000000001 3.3502146660964476 5.286683229757917
27750 2996.3481649685295 0 3.4999999999999996 0.7 17.0 7.300000000000002 7.800000000000001 3.3502146660964476 5.286683229757917
27800 2996.3481649685295 0 3.4999999999999996 0.7 17.0 7.300000000000002 7.800000000000001 3.3502146660964476 5.286683229757917
27850 2996.3481649685295 0 3.4999999999999996 0.7 17.0 7.300000000000002 7.800000000000001 3.3502146660964476 5.286683229757917
27900 2996.3481649685295 0 3.4999999999999996 0.7 17.0 7.300000000000002 7.800000000000001 3.3502146660964476 5.286683229757917
27950 2996.3481649685295 0 3.4999999999999996 0.7 17.0 7.300000000000002 7.800000000000001 3.3502146660964476 5.286683229757917
28000 2996.3481649685295 0 3.4999999999999996 0.7 17.0 7.300000000000002 7.800000000000001 3.3502146660964476 5.286683229757917
28050 2996.3481649685295 0 3.4999999999999996 0.7 17.0 7.300000000000002 7.800000000000001 3.3502146660964476 5.286683229757917
28100 2996.3481649685295 0 3.4999999999999996 0.7 17.0 7.300000000000002 7.800000000000001 3.3502146660964476 5.286683229757917
28150 2996.3481649685295 0 3.4999999999999996 0.7 17.0 7.300000000000002 7.800000000000001 3.3502146660964476 5.286683229757917
28200 2996.3481649685295 0 3.4999999999999996 0.7 17.0 7.300000000000002 7.800000000000001 3.3502146660964476 5.286683229757917
28250 2996.3481649685295 0 3.4999999999999996 0.7 17.0 7.300000000000002 7.800000000000001 3.3502146660964476 5.286683229757917
28300 2996.3481649685295 0 3.4999999999999996 0.7 17.0 7.300000000000002 7.800000000000001 3.3502146660964476 5.286683229757917
28350 2996.3481649685295 0 3.4999999999999996 0.7 17.0 7.300000000000002 7.800000000000001 3.3502146660964476 5.286683229757917
28400 2996.3481649685295 0 3.4999999999999996 0.7 17.0 7.300000000000002 7.800000000000001 3.3502146660964476 5.286683229757917
28450 2996.3481649685295 0 3.4999999999999996 0.7 17.0 7.300000000000002 7.800000000000001 3.3502146660964476 5.286683229757917
28500 2996.3481649685295 0 3.4999999999999996 0.7 17.0 7.300000000000002 7.800000000000001 3.3502146660964476 5.286683229757917
28550 2996.3481649685295 0 3.4999999999999996 0.7 17.0 7.300000000000002 7.800000000000001 3.3502146660964476 5.286683229757917
28600 2996.3481649685295 0 3.4999999999999996 0.7 17.0 7.300000000000002 7.800000000000001 3.3502146660964476 5.286683229757917
28650 2996.3481649685295 0 3.4999999999999996 0.7 17.0 7.300000000000002 7.800000000000001 3.3502146660964476 5.286683229757917
28700 2996.3481649685295 0 3.4999999999999996 0.7 17.0 7.300000000000002 7.800000000000001 3.3502146660964476 5.286683229757917
28750 2996.3481649685295 0 3.4999999999999996 0.7 17.0 7.300000000000002 7.800000000000001 3.3502146660964476 5.286683229757917
28800 2996.3481649685295 0 3.4999999999999996 0.7 17.0 7.300000000000002 7.800000000000001 3.3502146660964476 5.286683229757917
28850 2996.3481649685295 0 3.4999999999999996 0.7 17.0 7.300000000000002 7.800000000000001 3.3502146660964476 5.286683229757917
28900 2996.3481649685295 0 3.4999999999999996 0.7 17.0 7.300000000000002 7.800000000000001 3.3502146660964476 5.286683229757917
28950 2996.3481649685295 0 3.4999999999999996 0.7 17.0 7.300000000000002 7.800000000000001 3.3502146660964476 5.286683229757917
29000 2996.3481649685295 0 3.4999999999999996 0.7 17.0 7.300000000000002 7.800000000000001 3.3502146660964476 5.286683229757917
29050 2996.3481649685295 0 3.4999999999999996 0.7 17.0 7.300000000000002 7.800000000000001 3.3502146660964476 5.286683229757917
29100 2996.3481649685295 0 3.4999999999999996 0.7 17.0 7.300000000000002 7.800000000000001 3.3502146660964476 5.286683229757917
29150 2996.3481649685295 0 3.4999999999999996 0.7 17.0 7.300000000000002 7.800000000000001 3.3502146660964476 5.286683229757917
29200 2996.3481649685295 0 3.4999999999999996 0.7 17.0 7.300000000000002 7.800000000000001 3.3502146660964476 5.286683229757917
29250 2996.3481649685295 0 3.4999999999999996 0.7 17.0 7.300000000000002 7.800000000000001 3.3502146660964476 5.286683229757917
29300 2996.3481649685295 0 3.4999999999999996 0.7 17.0 7.300000000000002 7.800000000000001 3.3502146660964476 5.286683229757917
29350 2996.3481649685295 0 3.4999999999999996 0.7 17.0 7.300000000000002 7.800000000000001 3.3502146660964476 5.286683229757917
29400 2996.3481649685295 0 3.4999999999999996 0.7 17.0 7.300000000000002 7.800000000000001 3.3502146660964476 5.286683229757917
29450 2996.3481649685295 0 3.4999999999999996 0.7 17.0 7.300000000000002 7.800000000000001 3.3502146660964476 5.286683229757917
29500 2996.3481649685295 0 3.4999999999999996 0.7 17.0 7.300000000000002 7.800000000000001 3.3502146660964476 5.286683229757917
29550 2996.3481649685295 0 3.4999999999999996 0.7 17.0 7.300000000000002 7.800000000000001 3.3502146660964476 5.286683229757917
29600 2996.3481649685295 0 3.4999999999999996 0.7 17.0 7.300000000000002 7.800000000000001 3.3502146660964476 5.286683229757917
29650 2996.3481649685295 0 3.4999999999999996 0.7 17.0 7.300000000000002 7.800000000000001 3.3502146660964476 5.286683229757917
29700 2996.3481649685295 0 3.4999999999999996 0.7 17.0 7.300000000000002 7.800000000000001 3.3502146660964476 5.286683229757917
29750 2996.3481649685295 0 3.4999999999999996 0.7 17.0 7.300000000000002 7.800000000000001 3.3502146660964476 5.286683229757917
29800 2996.3481649685295 0 3.4999999999999996 0.7 17.0 7.300000000000002 7.800000000000001 3.3502146660964476 5.286683229757917
29850 2996.3481649685295 0 3.4999999999999996 0.7 17.0 7.300000000000002 7.800000000000001 3.3502146660964476 5.286683229757917
29900 2996.3481649685295 0 3.4999999999999996 0.7 17.0 7.300000000000002 7.800000000000001 3.3502146660964476 5.286683229757917
29950 2996.3481649685295 0 3.4999999999999996 0.7 17.0 7.300000000000002 7.800000000000001 3.3502146660964476 5.286683229757917
30000 2996.3481649685295 0 3.4999999999999996 0.7 17.0 7.300000000000002 7.800000000000001 3.3502146660964476 5.286683229757917
30050 2996.3481649685295 0 3.4999999999999996 0.7 17.0 7.300000000000002 7.800000000000001 3.3502146660964476 5.286683229757917
30100 2996.3481649685295 0 3.4999999999999996 0.7 17.0 7.300000000000002 7.800000000000001 3.3502146660964476 5.286683229757917
30150 2996.3481649685295 0 3.4999999999999996 0.7 17.0 7.300000000000002 7.800000000000001 3.3502146660964476 5.286683229757917
30200 2996.3481649685295 0 3.4999999999999996 0.7 17.0 7.300000000000002 7.800000000000001 3.3502146660964476 5.286683229757917
30250 2996.3481649685295 0 3.4999999999999996 0.7 17.0 7.300000000000002 7.800000000000001 3.3502146660964476 5.286683229757917
30300 2996.3481649685295 0 3.4999999999999996 0.7 17.0 7.300000000000002 7.800000000000001 3.3502146660964476 5.286683229757917
30350 2996.3481649685295 0 3.4999999999999996 0.7 17.0 7.300000000000002 7.800000000000001 3.3502146660964476 5.286683229757917
30400 2996.3481649685295 0 3.4999999999999996 0.7 17.0 7.300000000000002 7.800000000000001 3.3502146660964476 5.286683229757917
30450 2996.3481649685295 0 3.4999999999999996 0.7 17.0 7.300000000000002 7.800000000000001 3.3502146660964476 5.286683229757917
30500 2996.3481649685295 0 3.4999999999999996 0.7 17.0 7.300000000000002 7.800000000000001 3.3502146660964476 5.286683229757917
30550 2996.3481649685295 0 3.4999999999999996 0.7 17.0 7.300000000000002 7.800000000000001 3.3502146660964476 5.286683229757917
30600 2996.3481649685295 0 3.4999999999999996 0.7 17.0 7.300000000000002 7.800000000000001 3.3502146660964476 5.286683229757917
30650 2996.3481649685295 0 3.4999999999999996 0.7 17.0 7.300000000000002 7.800000000000001 3.3502146660964476 5.286683229757917
30700 2996.3481649685295 0 3.4999999999999996 0.7 17.0 7.300000000000002 7.800000000000001 3.3502146660964476 5.286683229757917
30750 2996.3481649685295 0 3.4999999999999996 0.7 17.0 7.300000000000002 7.800000000000001 3.3502146660964476 5.286683229757917
30800 2996.3481649685295 0 3.4999999999999996 0.7 17.0 7.300000000000002 7.800000000000001 3.3502146660964476 5.286683229757917
30850 2996.3481649685295 0 3.4999999999999996 0.7 17.0 7.300000000000002 7.800000000000001 3.3502146660964476 5.286683229757917
30900 2996.3481649685295 0 3.4999999999999996 0.7 17.0 7.300000000000002 7.800000000000001 3.3502146660964476 5.286683229757917
30950 2996.3481649685295 0 3.4999999999999996 0.7 17.0 7.300000000000002 7.800000000000001 3.3502146660964476 5.286683229757917
31000 2996.3481649685295 0 3.4999999999999996 0.7 17.0 7.300000000000002 7.800000000000001 3.3502146660964476 5.286683229757917
31050 2996.3481649685295 0 3.4999999999999996 0.7 17.0 7.300000000000002 7.800000000000001 3.3502146660964476 5.286683229757917
31100 2996.3481649685295 0 3.4999999999999996 0.7 17.0 7.300000000000002 7.800000000000001 3.3502146660964476 5.286683229757917
31150 2996.3481649685295 0 3.4999999999999996 0.7 17.0 7.300000000000002 7.800000000000001 3.3502146660964476 5.286683229757917
31200 2996.3481649685295 0 3.4999999999999996 0.7 17.0 7.300000000000002 7.800000000000001 3.3502146660964476 5.286683229757917
31250 2996.3481649685295 0 3.4999999999999996 0.7 17.0 7.300000000000002 7.800000000000001 3.3502146660964476 5.286683229757917
31300 2996.3481649685295 0 3.4999999999999996 0.7 17.0 7.300000000000002 7.800000000000001 3.3502146660964476 5.286683229757917
31350 2996.3481649685295 0 3.4999999999999996 0.7 17.0 7.300000000000002 7.800000000000001 3.3502146660964476 5.286683229757917
31400 2996.3481649685295 0 3.4999999999999996 0.7 17.0 7.300000000000002 7.800000000000001 3.3502146660964476 5.286683229757917
31450 2996.3481649685295 0 3.4999999999999996 0.7 17.0 7.300000000000002 7.800000000000001 3.3502146660964476 5.286683229757917
31500 2996.3481649685295 0 3.4999999999999996 0.7 17.0 7.300000000000002 7.800000000000001 3.3502146660964476 5.286683229757917
31550 2996.3481649685295 0 3.4999999999999996 0.7 17.0 7.300000000000002 7.800000000000001 3.3502146660964476 5.286683229757917
31600 2996.3481649685295 0 3.4999999999999996 0.7 17.0 7.300000000000002 7.800000000000001 3.3502146660964476 5.286683229757917
31650 2996.3481649685295 0 3.4999999999999996 0.7 17.0 7.300000000000002 7.800000000000001 3.3502146660964476 5.286683229757917
31700 2996.3481649685295 0 3.4999999999999996 0.7 17.0 7.300000000000002 7.800000000000001 3.3502146660964476 5.286683229757917
31750 2996.3481649685295 0 3.4999999999999996 0.7 17.0 7.300000000000002 7.800000000000001 3.3502146660964476 5.286683229757917
31800 2996.3481649685295 0 3.4999999999999996 0.7 17.0 7.300000000000002 7.800000000000001 3.3502146660964476 5.286683229757917
31850 2996.3481649685295 0 3.4999999999999996 0.7 17.0 7.300000000000002 7.800000000000001 3.3502146660964476 5.286683229757917
31900 2996.3481649685295 0 3.4999999999999996 0.7 17.0 7.300000000000002 7.800000000000001 3.3502146660964476 5.286683229757917
31950 2996.3481649685295 0 3.4999999999999996 0.7 17.0 7.300000000000002 7.800000000000001 3.3502146660964476 5.286683229757917
32000 2996.3481649685295 0 3.4999999999999996 0.7 17.0 7.300000000000002 7.800000000000001 3.3502146660964476 5.286683229757917
32050 2996.3481649685295 0 3.4999999999999996 0.7 17.0 7.300000000000002 7.800000000000001 3.3502146660964476 5.286683229757917
32100 2996.3481649685295 0 3.4999999999999996 0.7 17.0 7.300000000000002 7.800000000000001 3.3502146660964476 5.286683229757917
32150 2996.3481649685295 0 3.4999999999999996 0.7 17.0 7.300000000000002 7.800000000000001 3.3502146660964476 5.286683229757917
32200 2996.3481649685295 0 3.4999999999999996 0.7 17.0 7.300000000000002 7.800000000000001 3.3502146660964476 5.286683229757917
32250 2996.3481649685295 0 3.4999999999999996 0.7 17.0 7.300000000000002 7.800000000000001 3.3502146660964476 5.286683229757917
32300 2996.3481649685295 0 3.4999999999999996 0.7 17.0 7.300000000000002 7.800000000000001 3.3502146660964476 5.286683229757917
32350 2996.3481649685295 0 3.4999999999999996 0.7 17.0 7.300000000000002 7.800000000000001 3.3502146660964476 5.286683229757917
32400 2996.3481649685295 0 3.4999999999999996 0.7 17.0 7.300000000000002 7.800000000000001 3.3502146660964476 5.286683229757917
32450 2996.3481649685295 0 3.4999999999999996 0.7 17.0 7.300000000000002 7.800000000000001 3.3502146660964476 5.286683229757917
32500 2996.3481649685295 0 3.4999999999999996 0.7 17.0 7.300000000000002 7.800000000000001 3.3502146660964476 5.286683229757917
32550 2996.3481649685295 0 3.4999999999999996 0.7 17.0 7.300000000000002 7.800000000000001 3.3502146660964476 5.286683229757917
32600 2996.3481649685295 0 3.4999999999999996 0.7 17.0 7.300000000000002 7.800000000000001 3.3502146660964476 5.286683229757917
32650 2996.3481649685295 0 3.4999999999999996 0.7 17.0 7.300000000000002 7.800000000000001 3.3502146660964476 5.286683229757917
32700 2996.3481649685295 0 3.4999999999999996 0.7 17.0 7.300000000000002 7.800000000000001 3.3502146660964476 5.286683229757917
32750 2996.3481649685295 0 3.4999999999999996 0.7 17.0 7.300000000000002 7.800000000000001 3.3502146660964476 5.286683229757917
32800 2996.3481649685295 0 3.4999999999999996 0.7 17.0 7.300000000000002 7.800000000000001 3.3502146660964476 5.286683229757917
32850 2996.3481649685295 0 3.4999999999999996 0.7 17.0 7.300000000000002 7.800000000000001 3.3502146660964476 5.286683229757917
32900 2996.3481649685295 0 3.4999999999999996 0.7 17.0 7.300000000000002 7.800000000000001 3.3502146660964476 5.286683229757917
32950 2996.3481649685295 0 3.4999999999999996 0.7 17.0 7.300000000000002 7.800000000000001 3.3502146660964476 5.286683229757917
33000 2996.3481649685295 0 3.4999999999999996 0.7 17.0 7.300000000000002 7.800000000000001 3.3502146660964476 5.286683229757917
33050 2996.3481649685295 0 3.4999999999999996 0.7 17.0 7.300000000000002 7.800000000000001 3.3502146660964476 5.286683229757917
33100 2996.3481649685295 0 3.4999999999999996 0.7 17.0 7.300000000000002 7.800000000000001 3.3502146660964476 5.286683229757917
33150 2996.3481649685295 0 3.4999999999999996 0.7 17.0 7.300000000000002 7.800000000000001 3.3502146660964476 5.286683229757917
33200 2996.3481649685295 0 3.4999999999999996 0.7 17.0 7.300000000000002 7.800000000000001 3.3502146660964476 5.286683229757917
33250 2996.3481649685295 0 3.4999999999999996 0.7 17.0 7.300000000000002 7.800000000000001 3.3502146660964476 5.286683229757917
33300 2996.3481649685295 0 3.4999999999999996 0.7 17.0 7.300000000000002 7.800000000000001 3.3502146660964476 5.286683229757917
33350 2996.3481649685295 0 3.4999999999999996 0.7 17.0 7.300000000000002 7.800000000000001 3.3502146660964476 5.286683229757917
33400 2996.3481649685295 0 3.4999999999999996 0.7 17.0 7.300000000000002 7.800000000000001 3.3502146660964476 5.286683229757917
33450 2996.3481649685295 0 3.4999999999999996 0.7 17.0 7.300000000000002 7.800000000000001 3.3502146660964476 5.286683229757917
33500 2996.3481649685295 0 3.4999999999999996 0.7 17.0 7.300000000000002 7.800000000000001 3.3502146660964476 5.286683229757917
33550 2996.3481649685295 0 3.4999999999999996 0.7 17.0 7.300000000000002 7.800000000000001 3.3502146660964476 5.286683229757917
33600 2996.3481649685295 0 3.4999999999999996 0.7 17.0 7.300000000000002 7.800000000000001 3.3502146660964476 5.286683229757917
33650 2996.3481649685295 0 3.4999999999999996 0.7 17.0 7.300000000000002 7.800000000000001 3.3502146660964476 5.286683229757917
33700 2996.3481649685295 0 3.4999999999999996 0.7 17.0 7.300000000000002 7.800000000000001 3.3502146660964476 5.286683229757917
33750 2996.3481649685295 0 3.4999999999999996 0.7 17.0 7.300000000000002 7.800000000000001 3.3502146660964476 5.286683229757917
33800 2996.3481649685295 0 3.4999999999999996 0.7 17.0 7.300000000000002 7.800000000000001 3.3502146660964476 5.286683229757917
33850 2996.3481649685295 0 3.4999999999999996 0.7 17.0 7.300000000000002 7.800000000000001 3.3502146660964476 5.286683229757917
33900 2996.3481649685295 0 3.4999999999999996 0.7 17.0 7.300000000000002 7.800000000000001 3.3502146660964476 5.286683229757917
33950 2996.3481649685295 0 3.4999999999999996 0.7 17.0 7.300000000000002 7.800000000000001 3.3502146660964476 5.286683229757917
34000 2996.3481649685295 0 3.4999999999999996 0.7 17.0 7.300000000000002 7.800000000000001 3.3502146660964476 5.286683229757917
34050 2996.3481649685295 0 3.4999999999999996 0.7 17.0 7.300000000000002 7.800000000000001 3.3502146660964476 5.286683229757917
34100 2996.3481649685295 0 3.4999999999999996 0.7 17.0 7.300000000000002 7.800000000000001 3.3502146660964476 5.286683229757917
34150 2996.3481649685295 0 3.4999999999999996 0.7 17.0 7.300000000000002 7.800000000000001 3.3502146660964476 5.286683229757917
34200 2996.3481649685295 0 3.4999999999999996 0.7 17.0 7.300000000000002 7.800000000000001 3.3502146660964476 5.286683229757917
34250 2996.3481649685295 0 3.4999999999999996 0.7 17.0 7.300000000000002 7.800000000000001 3.3502146660964476 5.286683229757917
34300 2996.3481649685295 0 3.4999999999999996 0.7 17.0 7.300000000000002 7.800000000000001 3.3502146660964476 5.286683229757917
34350 2996.3481649685295 0 3.4999999999999996 0.7 17.0 7.300000000000002 7.800000000000001 3.3502146660964476 5.286683229757917
34400 2996.3481649685295 0 3.4999999999999996 0.7 17.0 7.300000000000002 7.800000000000001 3.3502146660964476 5.286683229757917
34450 2996.3481649685295 0 3.4999999999999996 0.7 17.0 7.300000000000002 7.800000000000001 3.3502146660964476 5.286683229757917
34500 2996.3481649685295 0 3.4999999999999996 0.7 17.0 7.300000000000002 7.800000000000001 3.3502146660964476 5.286683229757917
34550 2996.3481649685295 0 3.4999999999999996 0.7 17.0 7.300000000000002 7.800000000000001 3.3502146660964476 5.286683229757917
34600 2996.3481649685295 0 3.4999999999999996 0.7 17.0 7.300000000000002 7.800000000000001 3.3502146660964476 5.286683229757917
34650 2996.3481649685295 0 3.4999999999999996 0.7 17.0 7.300000000000002 7.800000000000001 3.3502146660964476 5.286683229757917
34700 2996.3481649685295 0 3.4999999999999996 0.7 17.0 7.300000000000002 7.800000000000001 3.3502146660964476 5.286683229757917
34750 2996.3481649685295 0 3.4999999999999996 0.7 17.0 7.300000000000002 7.800000000000001 3.3502146660964476 5.286683229757917
34800 2996.3481649685295 0 3.4999999999999996 0.7 17.0 7.300000000000002 7.800000000000001 3.3502146660964476 5.286683229757917
34850 2996.3481649685295 0 3.4999999999999996 0.7 17.0 7.300000000000002 7.800000000000001 3.3502146660964476 5.286683229757917
34900 2996.3481649685295 0 3.4999999999999996 0.7 17.0 7.300000000000002 7.800000000000001 3.3502146660964476 5.286683229757917
34950 2996.3481649685295 0 3.4999999999999996 0.7 17.0 7.300000000000002 7.800000000000001 3.3502146660964476 5.286683229757917
35000 2996.3481649685295 0 3.4999999999999996 0.7 17.0 7.300000000000002 7.800000000000001 3.3502146660964476 5.286683229757917
35050 2996.3481649685295 0 3.4999999999999996 0.7 17.0 7.300000000000002 7.800000000000001 3.3502146660964476 5.286683229757917
35100 2996.3481649685295 0 3.4999999999999996 0.7 17.0 7.300000000000002 7.800000000000001 3.3502146660964476 5.286683229757917
35150 2996.3481649685295 0 3.4999999999999996 0.7 17.0 7.300000000000002 7.800000000000001 3.3502146660964476 5.286683229757917
35200 2996.3481649685295 0 3.4999999999999996 0.7 17.0 7.300000000000002 7.800000000000001 3.3502146660964476 5.286683229757917
35250 2996.3481649685295 0 3.4999999999999996 0.7 17.0 7.300000000000002 7.800000000000001 3.3502146660964476 5.286683229757917
35300 2996.3481649685295 0 3.4999999999999996 0.7 17.0 7.300000000000002 7.800000000000001 3.3502146660964476 5.286683229757917
35350 2996.3481649685295 0 3.4999999999999996 0.7 17.0 7.300000000000002 7.800000000000001 3.3502146660964476 5.286683229757917
35400 2996.3481649685295 0 3.4999999999999996 0.7 17.0 7.300000000000002 7.800000000000001 3.3502146660964476 5.286683229757917
35450 2996.3481649685295 0 3.4999999999999996 0.7 17.0 7.300000000000002 7.800000000000001 3.3502146660964476 5.286683229757917
35500 2996.3481649685295 0 3.4999999999999996 0.7 17.0 7.300000000000002 7.800000000000001 3.3502146660964476 5.286683229757917
35550 2996.3481649685295 0 3.4999999999999996 0.7 17.0 7.300000000000002 7.800000000000001 3.3502146660964476 5.286683229757917
35600 2996.3481649685295 0 3.4999999999999996 0.7 17.0 7.300000000000002 7.800000000000001 3.3502146660964476 5.286683229757917
35650 2996.3481649685295 0 3.4999999999999996 0.7 17.0 7.300000000000002 7.800000000000001 3.3502146660964476 5.286683229757917
35700 2996.3481649685295 0 3.4999999999999996 0.7 17.0 7.300000000000002 7.800000000000001 3.3502146660964476 5.286683229757917
35750 2996.3481649685295 0 3.4999999999999996 0.7 17.0 7.300000000000002 7.800000000000001 3.3502146660964476 5.286683229757917
35800 2996.3481649685295 0 3.4999999999999996 0.7 17.0 7.300000000000002 7.800000000000001 3.3502146660964476 5.286683229757917
35850 2996.3481649685295 0 3.4999999999999996 0.7 17.0 7.300000000000002 7.800000000000001 3.3502146660964476 5.286683229757917
35900 2996.3481649685295 0 3.4999999999999996 0.7 17.0 7.300000000000002 7.800000000000001 3.3502146660964476 5.286683229757917
35950 2996.3481649685295 0 3.4999999999999996 0.7 17.0 7.300000000000002 7.800000000000001 3.3502146660964476 5.286683229757917
*---*---*---*---*---*---*---*---*---*---*---*---*---*---*---*---*---*---*---*---*
Status: Finished
Last individual
2996.3481649685295 0 3.4999999999999996 0.7 17.0 7.300000000000002 7.800000000000001 3.3502146660964476 5.286683229757917
Hall of fame
2996.3481649685295 0 3.4999999999999996 0.7 17.0 7.300000000000006 7.8 3.3502146660964476 5.286683229757917
Last factible individual
2996.3481649685295 0 3.4999999999999996 0.7 17.0 7.300000000000002 7.800000000000001 3.3502146660964476 5.286683229757917
CPU time used (seconds)
3.4135989869992045
