TRELICA DE 60 BARRAS 
   24    1    3    1
    1    0    0    1 100.00000       0.0       0.0
    2    0    0    1  86.60254  50.00000       0.0
    3    0    0    1  50.00000  86.60254       0.0
    4    0    0    1       0.0 100.00000       0.0
    5    0    0    1 -50.00000  86.60254       0.0  
    6    0    0    1 -86.60254  50.00000       0.0
    7    0    0    1 -100.0000       0.0       0.0   
    8    0    0    1 -86.60254 -50.00000       0.0 
    9    0    0    1 -50.00000 -86.60254       0.0
   10    1    1    1       0.0 -100.0000       0.0
   11    0    0    1  50.00000 -86.60254       0.0
   12    0    0    1  86.60254 -50.00000       0.0
   13    0    0    1  90.00000       0.0       0.0
   14    0    0    1  77.94229  45.00000       0.0
   15    0    0    1  45.00000  77.94229       0.0
   16    1    0    1       0.0  90.00000       0.0
   17    0    0    1 -45.00000  77.94229       0.0
   18    0    0    1 -77.94229  45.00000       0.0
   19    0    0    1 -90.00000       0.0       0.0
   20    0    0    1 -77.94229 -45.00000       0.0
   21    0    0    1 -45.00000 -77.94229       0.0
   22    0    0    1       0.0 -90.00000       0.0
   23    0    0    1  45.00000 -77.94229       0.0
   24    0    0    1  77.94229 -45.00000       0.0
    1    2 
    1    1  -10000.0
    7    1    9000.0
    2    4
   15    1   -8000.0
   15    2    3000.0
   18    1   -8000.0
   18    2    3000.0
    3    2
   22    1  -20000.0
   22    2   10000.0
    1   60   60    0    0    0    0    0    0    0
    1 10000000.       0.1
    2 10000000.       0.1
    3 10000000.       0.1
    4 10000000.       0.1
    5 10000000.       0.1
    6 10000000.       0.1
    7 10000000.       0.1
    8 10000000.       0.1
    9 10000000.       0.1
   10 10000000.       0.1
   11 10000000.       0.1
   12 10000000.       0.1
   13 10000000.       0.1
   14 10000000.       0.1
   15 10000000.       0.1
   16 10000000.       0.1
   17 10000000.       0.1
   18 10000000.       0.1
   19 10000000.       0.1
   20 10000000.       0.1
   21 10000000.       0.1
   22 10000000.       0.1
   23 10000000.       0.1
   24 10000000.       0.1
   25 10000000.       0.1
   26 10000000.       0.1
   27 10000000.       0.1
   28 10000000.       0.1
   29 10000000.       0.1
   30 10000000.       0.1
   31 10000000.       0.1
   32 10000000.       0.1
   33 10000000.       0.1
   34 10000000.       0.1
   35 10000000.       0.1
   36 10000000.       0.1
   37 10000000.       0.1
   38 10000000.       0.1
   39 10000000.       0.1
   40 10000000.       0.1
   41 10000000.       0.1
   42 10000000.       0.1
   43 10000000.       0.1
   44 10000000.       0.1
   45 10000000.       0.1
   46 10000000.       0.1
   47 10000000.       0.1
   48 10000000.       0.1
   49 10000000.       0.1
   50 10000000.       0.1
   51 10000000.       0.1
   52 10000000.       0.1
   53 10000000.       0.1
   54 10000000.       0.1
   55 10000000.       0.1
   56 10000000.       0.1
   57 10000000.       0.1
   58 10000000.       0.1
   59 10000000.       0.1
   60 10000000.       0.1
    1    1    2    1    0
    2    2    3    2    0
    3    3    4    3    0
    4    4    5    4    0
    5    5    6    5    0
    6    6    7    6    0
    7    7    8    7    0
    8    8    9    8    0
    9    9   10    9    0
   10   10   11   10    0
   11   11   12   11    0
   12   12    1   12    0
   13   13   14   13    0
   14   14   15   14    0
   15   15   16   15    0
   16   16   17   16    0
   17   17   18   17    0
   18   18   19   18    0
   19   19   20   19    0
   20   20   21   20    0
   21   21   22   21    0
   22   22   23   22    0
   23   23   24   23    0 
   24   24   13   24    0
   25    1   14   25    0
   26    2   15   26    0
   27    3   16   27    0
   28    4   17   28    0
   29    5   18   29    0
   30    6   19   30    0
   31    7   20   31    0
   32    8   21   32    0
   33    9   22   33    0
   34   10   23   34    0
   35   11   24   35    0
   36   12   13   36    0
   37   13    2   37    0
   38   14    3   38    0
   39   15    4   39    0
   40   16    5   40    0
   41   17    6   41    0
   42   18    7   42    0
   43   19    8   43    0
   44   20    9   44    0
   45   21   10   45    0
   46   22   11   46    0
   47   23   12   47    0
   48   24    1   48    0
   49   13    1   49    0
   50   14    2   50    0
   51   15    3   51    0
   52   16    4   52    0
   53   17    5   53    0
   54   18    6   54    0
   55   19    7   55    0
   56   20    8   56    0
   57   21    9   57    0
   58   22   10   58    0
   59   23   11   59    0
   60   24   12   60    0
