*---*---*---*---*---*---*---*---*---*---*---*---*---*---*---*---*---*---*---*---*
Algorithm: Differential Evolution
Constrainth handling method: APM
Function: 21
Case: continuous
Seed: 10
Parents size: 50
Offsprings size: 50
maxFe: 36000
CR: 0.9
F: 0.6
rweights: -
*---*---*---*---*---*---*---*---*---*---*---*---*---*---*---*---*---*---*---*---*
ngen ObjectiveFunction Fitness ProjectVariables
50 0.033007141612924604 17.57919223532643 12.284358108036269 0.9242877100471188 0.05
100 0.042850521071281594 0.042850521071281594 3.0015312896952535 1.1322482106365723 0.08698727719871036
150 0.042850521071281594 0.042850521071281594 3.0015312896952535 1.1322482106365723 0.08698727719871036
200 0.042850521071281594 0.042850521071281594 3.0015312896952535 1.1322482106365723 0.08698727719871036
250 0.042850521071281594 0.042850521071281594 3.0015312896952535 1.1322482106365723 0.08698727719871036
300 0.042850521071281594 0.042850521071281594 3.0015312896952535 1.1322482106365723 0.08698727719871036
350 0.042850521071281594 0.042850521071281594 3.0015312896952535 1.1322482106365723 0.08698727719871036
400 0.029062622074808274 0.029062622074808274 3.325567538115223 1.0470956202750135 0.07219236631922621
450 0.02197321313260369 0.02197321313260369 6.699938320524982 0.586475385048074 0.0656241668543326
500 0.02197321313260369 0.02197321313260369 6.699938320524982 0.586475385048074 0.0656241668543326
550 0.01998707776132442 0.01998707776132442 11.890649326489104 0.4293183827608504 0.05789267737349528
600 0.01998707776132442 0.01998707776132442 11.890649326489104 0.4293183827608504 0.05789267737349528
650 0.014864481229068782 0.014864481229068782 15 0.3376566304809282 0.05088769465276906
700 0.014864481229068782 0.014864481229068782 15 0.3376566304809282 0.05088769465276906
750 0.014864481229068782 0.014864481229068782 15 0.3376566304809282 0.05088769465276906
800 0.014864481229068782 0.014864481229068782 15 0.3376566304809282 0.05088769465276906
850 0.014864481229068782 0.014864481229068782 15 0.3376566304809282 0.05088769465276906
900 0.014864481229068782 0.014864481229068782 15 0.3376566304809282 0.05088769465276906
950 0.014864481229068782 0.014864481229068782 15 0.3376566304809282 0.05088769465276906
1000 0.014864481229068782 0.014864481229068782 15 0.3376566304809282 0.05088769465276906
1050 0.014864481229068782 0.014864481229068782 15 0.3376566304809282 0.05088769465276906
1100 0.013677045705129736 0.013677045705129736 7.713434808804614 0.4563161451615745 0.05554907310819851
1150 0.013677045705129736 0.013677045705129736 7.713434808804614 0.4563161451615745 0.05554907310819851
1200 0.013677045705129736 0.013677045705129736 7.713434808804614 0.4563161451615745 0.05554907310819851
1250 0.013677045705129736 0.013677045705129736 7.713434808804614 0.4563161451615745 0.05554907310819851
1300 0.013677045705129736 0.013677045705129736 7.713434808804614 0.4563161451615745 0.05554907310819851
1350 0.013677045705129736 0.013677045705129736 7.713434808804614 0.4563161451615745 0.05554907310819851
1400 0.013677045705129736 0.013677045705129736 7.713434808804614 0.4563161451615745 0.05554907310819851
1450 0.013677045705129736 0.013677045705129736 7.713434808804614 0.4563161451615745 0.05554907310819851
1500 0.013425090302556938 0.013425090302556938 7.717742297219268 0.45067062649210676 0.05536640082001091
1550 0.013425090302556938 0.013425090302556938 7.717742297219268 0.45067062649210676 0.05536640082001091
1600 0.013425090302556938 0.013425090302556938 7.717742297219268 0.45067062649210676 0.05536640082001091
1650 0.012876364108893389 0.012876364108893389 13.97755095224101 0.3204972834719212 0.05014519707203608
1700 0.012876364108893389 0.012876364108893389 13.97755095224101 0.3204972834719212 0.05014519707203608
1750 0.012876364108893389 0.012876364108893389 13.97755095224101 0.3204972834719212 0.05014519707203608
1800 0.012876364108893389 0.012876364108893389 13.97755095224101 0.3204972834719212 0.05014519707203608
1850 0.012876364108893389 0.012876364108893389 13.97755095224101 0.3204972834719212 0.05014519707203608
1900 0.012876364108893389 0.012876364108893389 13.97755095224101 0.3204972834719212 0.05014519707203608
1950 0.012876364108893389 0.012876364108893389 13.97755095224101 0.3204972834719212 0.05014519707203608
2000 0.012876364108893389 0.012876364108893389 13.97755095224101 0.3204972834719212 0.05014519707203608
2050 0.012876364108893389 0.012876364108893389 13.97755095224101 0.3204972834719212 0.05014519707203608
2100 0.012876364108893389 0.012876364108893389 13.97755095224101 0.3204972834719212 0.05014519707203608
2150 0.012876364108893389 0.012876364108893389 13.97755095224101 0.3204972834719212 0.05014519707203608
2200 0.012876364108893389 0.012876364108893389 13.97755095224101 0.3204972834719212 0.05014519707203608
2250 0.012876364108893389 0.012876364108893389 13.97755095224101 0.3204972834719212 0.05014519707203608
2300 0.012876364108893389 0.012876364108893389 13.97755095224101 0.3204972834719212 0.05014519707203608
2350 0.012876364108893389 0.012876364108893389 13.97755095224101 0.3204972834719212 0.05014519707203608
2400 0.012876364108893389 0.012876364108893389 13.97755095224101 0.3204972834719212 0.05014519707203608
2450 0.012876364108893389 0.012876364108893389 13.97755095224101 0.3204972834719212 0.05014519707203608
2500 0.012876364108893389 0.012876364108893389 13.97755095224101 0.3204972834719212 0.05014519707203608
2550 0.012788578145571198 0.012788578145571198 8.923081548427936 0.4061204648639065 0.05369218841173258
2600 0.012788578145571198 0.012788578145571198 8.923081548427936 0.4061204648639065 0.05369218841173258
2650 0.012788578145571198 0.012788578145571198 8.923081548427936 0.4061204648639065 0.05369218841173258
2700 0.012788578145571198 0.012788578145571198 8.923081548427936 0.4061204648639065 0.05369218841173258
2750 0.012681332785448661 0.012681332785448661 10.69553322342017 0.3674650074174973 0.05213735345606358
2800 0.012681332785448661 0.012681332785448661 10.69553322342017 0.3674650074174973 0.05213735345606358
2850 0.012681332785448661 0.012681332785448661 10.69553322342017 0.3674650074174973 0.05213735345606358
2900 0.012681332785448661 0.012681332785448661 10.69553322342017 0.3674650074174973 0.05213735345606358
2950 0.012681332785448661 0.012681332785448661 10.69553322342017 0.3674650074174973 0.05213735345606358
3000 0.012681332785448661 0.012681332785448661 10.69553322342017 0.3674650074174973 0.05213735345606358
3050 0.012681332785448661 0.012681332785448661 10.69553322342017 0.3674650074174973 0.05213735345606358
3100 0.012681332785448661 0.012681332785448661 10.69553322342017 0.3674650074174973 0.05213735345606358
3150 0.012681332785448661 0.012681332785448661 10.69553322342017 0.3674650074174973 0.05213735345606358
3200 0.012681332785448661 0.012681332785448661 10.69553322342017 0.3674650074174973 0.05213735345606358
3250 0.012681332785448661 0.012681332785448661 10.69553322342017 0.3674650074174973 0.05213735345606358
3300 0.012681332785448661 0.012681332785448661 10.69553322342017 0.3674650074174973 0.05213735345606358
3350 0.012681332785448661 0.012681332785448661 10.69553322342017 0.3674650074174973 0.05213735345606358
3400 0.012681332785448661 0.012681332785448661 10.69553322342017 0.3674650074174973 0.05213735345606358
3450 0.012681332785448661 0.012681332785448661 10.69553322342017 0.3674650074174973 0.05213735345606358
3500 0.012681332785448661 0.012681332785448661 10.69553322342017 0.3674650074174973 0.05213735345606358
3550 0.012681332785448661 0.012681332785448661 10.69553322342017 0.3674650074174973 0.05213735345606358
3600 0.012681332785448661 0.012681332785448661 10.69553322342017 0.3674650074174973 0.05213735345606358
3650 0.012681332785448661 0.012681332785448661 10.69553322342017 0.3674650074174973 0.05213735345606358
3700 0.012681332785448661 0.012681332785448661 10.69553322342017 0.3674650074174973 0.05213735345606358
3750 0.012681332785448661 0.012681332785448661 10.69553322342017 0.3674650074174973 0.05213735345606358
3800 0.012681332785448661 0.012681332785448661 10.69553322342017 0.3674650074174973 0.05213735345606358
3850 0.012681332785448661 0.012681332785448661 10.69553322342017 0.3674650074174973 0.05213735345606358
3900 0.012681332785448661 0.012681332785448661 10.69553322342017 0.3674650074174973 0.05213735345606358
3950 0.012681332785448661 0.012681332785448661 10.69553322342017 0.3674650074174973 0.05213735345606358
4000 0.012681332785448661 0.012681332785448661 10.69553322342017 0.3674650074174973 0.05213735345606358
4050 0.012681332785448661 0.012681332785448661 10.69553322342017 0.3674650074174973 0.05213735345606358
4100 0.012681332785448661 0.012681332785448661 10.69553322342017 0.3674650074174973 0.05213735345606358
4150 0.012681332785448661 0.012681332785448661 10.69553322342017 0.3674650074174973 0.05213735345606358
4200 0.012681332785448661 0.012681332785448661 10.69553322342017 0.3674650074174973 0.05213735345606358
4250 0.012681332785448661 0.012681332785448661 10.69553322342017 0.3674650074174973 0.05213735345606358
4300 0.012681332785448661 0.012681332785448661 10.69553322342017 0.3674650074174973 0.05213735345606358
4350 0.012681332785448661 0.012681332785448661 10.69553322342017 0.3674650074174973 0.05213735345606358
4400 0.012679296864886211 0.012679296864886211 11.291374744525156 0.3568504185135128 0.05170345063761141
4450 0.012679296864886211 0.012679296864886211 11.291374744525156 0.3568504185135128 0.05170345063761141
4500 0.012679296864886211 0.012679296864886211 11.291374744525156 0.3568504185135128 0.05170345063761141
4550 0.012679296864886211 0.012679296864886211 11.291374744525156 0.3568504185135128 0.05170345063761141
4600 0.012679296864886211 0.012679296864886211 11.291374744525156 0.3568504185135128 0.05170345063761141
4650 0.012679296864886211 0.012679296864886211 11.291374744525156 0.3568504185135128 0.05170345063761141
4700 0.012679296864886211 0.012679296864886211 11.291374744525156 0.3568504185135128 0.05170345063761141
4750 0.012679982866166546 0.012679982866166546 11.077426088527654 0.3606018128891472 0.05185423641527049
4800 0.012679982866166546 0.012679982866166546 11.077426088527654 0.3606018128891472 0.05185423641527049
4850 0.012679520673373546 0.012679520673373546 10.779996019722189 0.365920669532034 0.052070600699284826
4900 0.012678910880907541 0.012678910880907541 11.101127340326862 0.3601429782176231 0.05183811070456898
4950 0.012675333500514821 0.012675333500514821 10.831121127037813 0.3649153850126502 0.052029698364466484
5000 0.012674539986840858 0.012674539986840858 10.868162808178985 0.36424621624716313 0.052000833513825916
5050 0.012668434163831439 0.012668434163831439 10.982683334236814 0.36209381196001966 0.05191211052872263
5100 0.012668434163831439 0.012668434163831439 10.982683334236814 0.36209381196001966 0.05191211052872263
5150 0.012668434163831439 0.012668434163831439 10.982683334236814 0.36209381196001966 0.05191211052872263
5200 0.012668434163831439 0.012668434163831439 10.982683334236814 0.36209381196001966 0.05191211052872263
5250 0.012668434163831439 0.012668434163831439 10.982683334236814 0.36209381196001966 0.05191211052872263
5300 0.012668434163831439 0.012668434163831439 10.982683334236814 0.36209381196001966 0.05191211052872263
5350 0.012668434163831439 0.012668434163831439 10.982683334236814 0.36209381196001966 0.05191211052872263
5400 0.012668434163831439 0.012668434163831439 10.982683334236814 0.36209381196001966 0.05191211052872263
5450 0.012668434163831439 0.012668434163831439 10.982683334236814 0.36209381196001966 0.05191211052872263
5500 0.012668434163831439 0.012668434163831439 10.982683334236814 0.36209381196001966 0.05191211052872263
5550 0.012668434163831439 0.012668434163831439 10.982683334236814 0.36209381196001966 0.05191211052872263
5600 0.012668434163831439 0.012668434163831439 10.982683334236814 0.36209381196001966 0.05191211052872263
5650 0.012668434163831439 0.012668434163831439 10.982683334236814 0.36209381196001966 0.05191211052872263
5700 0.012668434163831439 0.012668434163831439 10.982683334236814 0.36209381196001966 0.05191211052872263
5750 0.012668434163831439 0.012668434163831439 10.982683334236814 0.36209381196001966 0.05191211052872263
5800 0.012668434163831439 0.012668434163831439 10.982683334236814 0.36209381196001966 0.05191211052872263
5850 0.012668434163831439 0.012668434163831439 10.982683334236814 0.36209381196001966 0.05191211052872263
5900 0.012668434163831439 0.012668434163831439 10.982683334236814 0.36209381196001966 0.05191211052872263
5950 0.012667560123816084 0.012667560123816084 11.656079048104356 0.35062618360989367 0.05143530314523287
6000 0.012667560123816084 0.012667560123816084 11.656079048104356 0.35062618360989367 0.05143530314523287
6050 0.012666211559985248 0.012666211559985248 11.102060012732185 0.35995758206195666 0.05182363999074139
6100 0.012666211559985248 0.012666211559985248 11.102060012732185 0.35995758206195666 0.05182363999074139
6150 0.012666211559985248 0.012666211559985248 11.102060012732185 0.35995758206195666 0.05182363999074139
6200 0.012666211559985248 0.012666211559985248 11.102060012732185 0.35995758206195666 0.05182363999074139
6250 0.012666211559985248 0.012666211559985248 11.102060012732185 0.35995758206195666 0.05182363999074139
6300 0.012666211559985248 0.012666211559985248 11.102060012732185 0.35995758206195666 0.05182363999074139
6350 0.012666211559985248 0.012666211559985248 11.102060012732185 0.35995758206195666 0.05182363999074139
6400 0.012666211559985248 0.012666211559985248 11.102060012732185 0.35995758206195666 0.05182363999074139
6450 0.012666211559985248 0.012666211559985248 11.102060012732185 0.35995758206195666 0.05182363999074139
6500 0.012666211559985248 0.012666211559985248 11.102060012732185 0.35995758206195666 0.05182363999074139
6550 0.012666211559985248 0.012666211559985248 11.102060012732185 0.35995758206195666 0.05182363999074139
6600 0.012666211559985248 0.012666211559985248 11.102060012732185 0.35995758206195666 0.05182363999074139
6650 0.012666211559985248 0.012666211559985248 11.102060012732185 0.35995758206195666 0.05182363999074139
6700 0.012666211559985248 0.012666211559985248 11.102060012732185 0.35995758206195666 0.05182363999074139
6750 0.012666211559985248 0.012666211559985248 11.102060012732185 0.35995758206195666 0.05182363999074139
6800 0.012666211559985248 0.012666211559985248 11.102060012732185 0.35995758206195666 0.05182363999074139
6850 0.012666211559985248 0.012666211559985248 11.102060012732185 0.35995758206195666 0.05182363999074139
6900 0.012665646873258867 0.012665646873258867 11.379410026926218 0.35518966875519475 0.05162559183638568
6950 0.012665646873258867 0.012665646873258867 11.379410026926218 0.35518966875519475 0.05162559183638568
7000 0.012665646873258867 0.012665646873258867 11.379410026926218 0.35518966875519475 0.05162559183638568
7050 0.012665646873258867 0.012665646873258867 11.379410026926218 0.35518966875519475 0.05162559183638568
7100 0.012665646873258867 0.012665646873258867 11.379410026926218 0.35518966875519475 0.05162559183638568
7150 0.012665646873258867 0.012665646873258867 11.379410026926218 0.35518966875519475 0.05162559183638568
7200 0.01266533299719807 0.01266533299719807 11.23841047431749 0.3575844397473861 0.051725069018970664
7250 0.01266533299719807 0.01266533299719807 11.23841047431749 0.3575844397473861 0.051725069018970664
7300 0.01266533299719807 0.01266533299719807 11.23841047431749 0.3575844397473861 0.051725069018970664
7350 0.01266533299719807 0.01266533299719807 11.23841047431749 0.3575844397473861 0.051725069018970664
7400 0.01266533299719807 0.01266533299719807 11.23841047431749 0.3575844397473861 0.051725069018970664
7450 0.01266533299719807 0.01266533299719807 11.23841047431749 0.3575844397473861 0.051725069018970664
7500 0.01266533299719807 0.01266533299719807 11.23841047431749 0.3575844397473861 0.051725069018970664
7550 0.01266533299719807 0.01266533299719807 11.23841047431749 0.3575844397473861 0.051725069018970664
7600 0.01266533299719807 0.01266533299719807 11.23841047431749 0.3575844397473861 0.051725069018970664
7650 0.01266533299719807 0.01266533299719807 11.23841047431749 0.3575844397473861 0.051725069018970664
7700 0.01266533299719807 0.01266533299719807 11.23841047431749 0.3575844397473861 0.051725069018970664
7750 0.01266533299719807 0.01266533299719807 11.23841047431749 0.3575844397473861 0.051725069018970664
7800 0.01266533299719807 0.01266533299719807 11.23841047431749 0.3575844397473861 0.051725069018970664
7850 0.01266533299719807 0.01266533299719807 11.23841047431749 0.3575844397473861 0.051725069018970664
7900 0.01266533299719807 0.01266533299719807 11.23841047431749 0.3575844397473861 0.051725069018970664
7950 0.01266533299719807 0.01266533299719807 11.23841047431749 0.3575844397473861 0.051725069018970664
8000 0.01266533299719807 0.01266533299719807 11.23841047431749 0.3575844397473861 0.051725069018970664
8050 0.01266533299719807 0.01266533299719807 11.23841047431749 0.3575844397473861 0.051725069018970664
8100 0.01266533299719807 0.01266533299719807 11.23841047431749 0.3575844397473861 0.051725069018970664
8150 0.012665328975351331 0.012665328975351331 11.235363046585878 0.35763658283117217 0.05172724397811049
8200 0.012665328975351331 0.012665328975351331 11.235363046585878 0.35763658283117217 0.05172724397811049
8250 0.012665328975351331 0.012665328975351331 11.235363046585878 0.35763658283117217 0.05172724397811049
8300 0.012665328975351331 0.012665328975351331 11.235363046585878 0.35763658283117217 0.05172724397811049
8350 0.012665328975351331 0.012665328975351331 11.235363046585878 0.35763658283117217 0.05172724397811049
8400 0.012665272881655039 0.012665272881655039 11.31892080610666 0.35620832957105697 0.05166788948707695
8450 0.012665272881655039 0.012665272881655039 11.31892080610666 0.35620832957105697 0.05166788948707695
8500 0.012665272881655039 0.012665272881655039 11.31892080610666 0.35620832957105697 0.05166788948707695
8550 0.012665272881655039 0.012665272881655039 11.31892080610666 0.35620832957105697 0.05166788948707695
8600 0.012665272881655039 0.012665272881655039 11.31892080610666 0.35620832957105697 0.05166788948707695
8650 0.012665272881655039 0.012665272881655039 11.31892080610666 0.35620832957105697 0.05166788948707695
8700 0.012665272881655039 0.012665272881655039 11.31892080610666 0.35620832957105697 0.05166788948707695
8750 0.012665272881655039 0.012665272881655039 11.31892080610666 0.35620832957105697 0.05166788948707695
8800 0.012665272881655039 0.012665272881655039 11.31892080610666 0.35620832957105697 0.05166788948707695
8850 0.012665272881655039 0.012665272881655039 11.31892080610666 0.35620832957105697 0.05166788948707695
8900 0.012665272881655039 0.012665272881655039 11.31892080610666 0.35620832957105697 0.05166788948707695
8950 0.012665272881655039 0.012665272881655039 11.31892080610666 0.35620832957105697 0.05166788948707695
9000 0.012665272881655039 0.012665272881655039 11.31892080610666 0.35620832957105697 0.05166788948707695
9050 0.012665272881655039 0.012665272881655039 11.31892080610666 0.35620832957105697 0.05166788948707695
9100 0.012665272881655039 0.012665272881655039 11.31892080610666 0.35620832957105697 0.05166788948707695
9150 0.012665270577758115 0.012665270577758115 11.26137348798054 0.3571898049194873 0.05170868050590219
9200 0.012665270577758115 0.012665270577758115 11.26137348798054 0.3571898049194873 0.05170868050590219
9250 0.012665270577758115 0.012665270577758115 11.26137348798054 0.3571898049194873 0.05170868050590219
9300 0.012665270577758115 0.012665270577758115 11.26137348798054 0.3571898049194873 0.05170868050590219
9350 0.012665270577758115 0.012665270577758115 11.26137348798054 0.3571898049194873 0.05170868050590219
9400 0.012665268889860611 0.012665268889860611 11.306182704187487 0.3564248589381873 0.05167690233485227
9450 0.012665268889860611 0.012665268889860611 11.306182704187487 0.3564248589381873 0.05167690233485227
9500 0.012665261418050532 0.012665261418050532 11.293018442889373 0.35664905380951206 0.05168621590710319
9550 0.012665261418050532 0.012665261418050532 11.293018442889373 0.35664905380951206 0.05168621590710319
9600 0.012665261418050532 0.012665261418050532 11.293018442889373 0.35664905380951206 0.05168621590710319
9650 0.012665261418050532 0.012665261418050532 11.293018442889373 0.35664905380951206 0.05168621590710319
9700 0.012665261418050532 0.012665261418050532 11.293018442889373 0.35664905380951206 0.05168621590710319
9750 0.012665261418050532 0.012665261418050532 11.293018442889373 0.35664905380951206 0.05168621590710319
9800 0.012665261418050532 0.012665261418050532 11.293018442889373 0.35664905380951206 0.05168621590710319
9850 0.012665261418050532 0.012665261418050532 11.293018442889373 0.35664905380951206 0.05168621590710319
9900 0.012665261418050532 0.012665261418050532 11.293018442889373 0.35664905380951206 0.05168621590710319
9950 0.012665261418050532 0.012665261418050532 11.293018442889373 0.35664905380951206 0.05168621590710319
10000 0.01266525815890443 0.01266525815890443 11.327954764211025 0.35605465191042224 0.05166149099302362
10050 0.01266525815890443 0.01266525815890443 11.327954764211025 0.35605465191042224 0.05166149099302362
10100 0.01266525815890443 0.01266525815890443 11.327954764211025 0.35605465191042224 0.05166149099302362
10150 0.01266525815890443 0.01266525815890443 11.327954764211025 0.35605465191042224 0.05166149099302362
10200 0.012665253879052358 0.012665253879052358 11.304996918114181 0.35644493210295797 0.05167771929369569
10250 0.012665246703183357 0.012665246703183357 11.312876074723045 0.35631072790702334 0.05167213818989644
10300 0.012665246703183357 0.012665246703183357 11.312876074723045 0.35631072790702334 0.05167213818989644
10350 0.012665246703183357 0.012665246703183357 11.312876074723045 0.35631072790702334 0.05167213818989644
10400 0.012665242679648612 0.012665242679648612 11.310251132566535 0.3563552908157221 0.051673993646060776
10450 0.012665242679648612 0.012665242679648612 11.310251132566535 0.3563552908157221 0.051673993646060776
10500 0.012665242679648612 0.012665242679648612 11.310251132566535 0.3563552908157221 0.051673993646060776
10550 0.012665242679648612 0.012665242679648612 11.310251132566535 0.3563552908157221 0.051673993646060776
10600 0.012665242679648612 0.012665242679648612 11.310251132566535 0.3563552908157221 0.051673993646060776
10650 0.012665239186913112 0.012665239186913112 11.27604473038582 0.3569384157955788 0.05169823288877573
10700 0.012665239186913112 0.012665239186913112 11.27604473038582 0.3569384157955788 0.05169823288877573
10750 0.012665239186913112 0.012665239186913112 11.27604473038582 0.3569384157955788 0.05169823288877573
10800 0.012665239186913112 0.012665239186913112 11.27604473038582 0.3569384157955788 0.05169823288877573
10850 0.012665239186913112 0.012665239186913112 11.27604473038582 0.3569384157955788 0.05169823288877573
10900 0.012665238416166595 0.012665238416166595 11.30035225989891 0.3565237264206131 0.05168099834062711
10950 0.012665238416166595 0.012665238416166595 11.30035225989891 0.3565237264206131 0.05168099834062711
11000 0.012665235202381477 0.012665235202381477 11.298530672627678 0.3565547276644507 0.05168228425762441
11050 0.012665235202381477 0.012665235202381477 11.298530672627678 0.3565547276644507 0.05168228425762441
11100 0.012665235202381477 0.012665235202381477 11.298530672627678 0.3565547276644507 0.05168228425762441
11150 0.012665235202381477 0.012665235202381477 11.298530672627678 0.3565547276644507 0.05168228425762441
11200 0.012665235202381477 0.012665235202381477 11.298530672627678 0.3565547276644507 0.05168228425762441
11250 0.012665235202381477 0.012665235202381477 11.298530672627678 0.3565547276644507 0.05168228425762441
11300 0.012665235202381477 0.012665235202381477 11.298530672627678 0.3565547276644507 0.05168228425762441
11350 0.012665235202381477 0.012665235202381477 11.298530672627678 0.3565547276644507 0.05168228425762441
11400 0.012665235202381477 0.012665235202381477 11.298530672627678 0.3565547276644507 0.05168228425762441
11450 0.012665234667014828 0.012665234667014828 11.292635499826249 0.35665518355228715 0.051686461654772684
11500 0.012665234667014828 0.012665234667014828 11.292635499826249 0.35665518355228715 0.051686461654772684
11550 0.012665234667014828 0.012665234667014828 11.292635499826249 0.35665518355228715 0.051686461654772684
11600 0.012665234667014828 0.012665234667014828 11.292635499826249 0.35665518355228715 0.051686461654772684
11650 0.012665234667014828 0.012665234667014828 11.292635499826249 0.35665518355228715 0.051686461654772684
11700 0.012665234667014828 0.012665234667014828 11.292635499826249 0.35665518355228715 0.051686461654772684
11750 0.012665234667014828 0.012665234667014828 11.292635499826249 0.35665518355228715 0.051686461654772684
11800 0.012665234667014828 0.012665234667014828 11.292635499826249 0.35665518355228715 0.051686461654772684
11850 0.012665234667014828 0.012665234667014828 11.292635499826249 0.35665518355228715 0.051686461654772684
11900 0.012665234667014828 0.012665234667014828 11.292635499826249 0.35665518355228715 0.051686461654772684
11950 0.01266523375031963 0.01266523375031963 11.290572536268622 0.35669035178199554 0.051687922717721324
12000 0.01266523375031963 0.01266523375031963 11.290572536268622 0.35669035178199554 0.051687922717721324
12050 0.01266523375031963 0.01266523375031963 11.290572536268622 0.35669035178199554 0.051687922717721324
12100 0.01266523375031963 0.01266523375031963 11.290572536268622 0.35669035178199554 0.051687922717721324
12150 0.01266523375031963 0.01266523375031963 11.290572536268622 0.35669035178199554 0.051687922717721324
12200 0.01266523375031963 0.01266523375031963 11.290572536268622 0.35669035178199554 0.051687922717721324
12250 0.01266523375031963 0.01266523375031963 11.290572536268622 0.35669035178199554 0.051687922717721324
12300 0.01266523375031963 0.01266523375031963 11.290572536268622 0.35669035178199554 0.051687922717721324
12350 0.01266523375031963 0.01266523375031963 11.290572536268622 0.35669035178199554 0.051687922717721324
12400 0.01266523375031963 0.01266523375031963 11.290572536268622 0.35669035178199554 0.051687922717721324
12450 0.01266523375031963 0.01266523375031963 11.290572536268622 0.35669035178199554 0.051687922717721324
12500 0.01266523375031963 0.01266523375031963 11.290572536268622 0.35669035178199554 0.051687922717721324
12550 0.01266523375031963 0.01266523375031963 11.290572536268622 0.35669035178199554 0.051687922717721324
12600 0.012665233693222215 0.012665233693222215 11.292381384035705 0.3566595031456935 0.05168664072297058
12650 0.01266523309488533 0.01266523309488533 11.291717814091674 0.3566708104245106 0.05168711035746097
12700 0.01266523309488533 0.01266523309488533 11.291717814091674 0.3566708104245106 0.05168711035746097
12750 0.01266523309488533 0.01266523309488533 11.291717814091674 0.3566708104245106 0.05168711035746097
12800 0.01266523309488533 0.01266523309488533 11.291717814091674 0.3566708104245106 0.05168711035746097
12850 0.01266523309488533 0.01266523309488533 11.291717814091674 0.3566708104245106 0.05168711035746097
12900 0.01266523309488533 0.01266523309488533 11.291717814091674 0.3566708104245106 0.05168711035746097
12950 0.01266523309488533 0.01266523309488533 11.291717814091674 0.3566708104245106 0.05168711035746097
13000 0.01266523309488533 0.01266523309488533 11.291717814091674 0.3566708104245106 0.05168711035746097
13050 0.01266523309488533 0.01266523309488533 11.291717814091674 0.3566708104245106 0.05168711035746097
13100 0.01266523309488533 0.01266523309488533 11.291717814091674 0.3566708104245106 0.05168711035746097
13150 0.01266523309488533 0.01266523309488533 11.291717814091674 0.3566708104245106 0.05168711035746097
13200 0.01266523309488533 0.01266523309488533 11.291717814091674 0.3566708104245106 0.05168711035746097
13250 0.012665232938138265 0.012665232938138265 11.288894675117456 0.3567189543657522 0.05168911162294362
13300 0.012665232938138265 0.012665232938138265 11.288894675117456 0.3567189543657522 0.05168911162294362
13350 0.012665232938138265 0.012665232938138265 11.288894675117456 0.3567189543657522 0.05168911162294362
13400 0.012665232938138265 0.012665232938138265 11.288894675117456 0.3567189543657522 0.05168911162294362
13450 0.012665232938138265 0.012665232938138265 11.288894675117456 0.3567189543657522 0.05168911162294362
13500 0.012665232938138265 0.012665232938138265 11.288894675117456 0.3567189543657522 0.05168911162294362
13550 0.012665232938138265 0.012665232938138265 11.288894675117456 0.3567189543657522 0.05168911162294362
13600 0.012665232938138265 0.012665232938138265 11.288894675117456 0.3567189543657522 0.05168911162294362
13650 0.012665232938138265 0.012665232938138265 11.288894675117456 0.3567189543657522 0.05168911162294362
13700 0.012665232938138265 0.012665232938138265 11.288894675117456 0.3567189543657522 0.05168911162294362
13750 0.012665232858719145 0.012665232858719145 11.288870240423714 0.3567193698444721 0.051689128880369646
13800 0.012665232858719145 0.012665232858719145 11.288870240423714 0.3567193698444721 0.051689128880369646
13850 0.012665232845476862 0.012665232845476862 11.29049307692014 0.3566916913984696 0.051687978321607625
13900 0.012665232845476862 0.012665232845476862 11.29049307692014 0.3566916913984696 0.051687978321607625
13950 0.012665232845476862 0.012665232845476862 11.29049307692014 0.3566916913984696 0.051687978321607625
14000 0.012665232845476862 0.012665232845476862 11.29049307692014 0.3566916913984696 0.051687978321607625
14050 0.012665232845476862 0.012665232845476862 11.29049307692014 0.3566916913984696 0.051687978321607625
14100 0.012665232845476862 0.012665232845476862 11.29049307692014 0.3566916913984696 0.051687978321607625
14150 0.012665232845476862 0.012665232845476862 11.29049307692014 0.3566916913984696 0.051687978321607625
14200 0.012665232845476862 0.012665232845476862 11.29049307692014 0.3566916913984696 0.051687978321607625
14250 0.012665232845476862 0.012665232845476862 11.29049307692014 0.3566916913984696 0.051687978321607625
14300 0.012665232845476862 0.012665232845476862 11.29049307692014 0.3566916913984696 0.051687978321607625
14350 0.012665232845476862 0.012665232845476862 11.29049307692014 0.3566916913984696 0.051687978321607625
14400 0.012665232845476862 0.012665232845476862 11.29049307692014 0.3566916913984696 0.051687978321607625
14450 0.012665232845476862 0.012665232845476862 11.29049307692014 0.3566916913984696 0.051687978321607625
14500 0.012665232845476862 0.012665232845476862 11.29049307692014 0.3566916913984696 0.051687978321607625
14550 0.012665232845476862 0.012665232845476862 11.29049307692014 0.3566916913984696 0.051687978321607625
14600 0.012665232845476862 0.012665232845476862 11.29049307692014 0.3566916913984696 0.051687978321607625
14650 0.012665232845476862 0.012665232845476862 11.29049307692014 0.3566916913984696 0.051687978321607625
14700 0.012665232828694124 0.012665232828694124 11.289416180509555 0.35671005752317725 0.05168874177580561
14750 0.012665232828694124 0.012665232828694124 11.289416180509555 0.35671005752317725 0.05168874177580561
14800 0.012665232828694124 0.012665232828694124 11.289416180509555 0.35671005752317725 0.05168874177580561
14850 0.012665232810384544 0.012665232810384544 11.289077492264424 0.3567158341161789 0.0516889818831702
14900 0.012665232810384544 0.012665232810384544 11.289077492264424 0.3567158341161789 0.0516889818831702
14950 0.012665232810384544 0.012665232810384544 11.289077492264424 0.3567158341161789 0.0516889818831702
15000 0.012665232810384544 0.012665232810384544 11.289077492264424 0.3567158341161789 0.0516889818831702
15050 0.012665232810384544 0.012665232810384544 11.289077492264424 0.3567158341161789 0.0516889818831702
15100 0.012665232810341313 0.012665232810341313 11.289817272648936 0.3567032164976421 0.05168845738464691
15150 0.012665232810341313 0.012665232810341313 11.289817272648936 0.3567032164976421 0.05168845738464691
15200 0.012665232810341313 0.012665232810341313 11.289817272648936 0.3567032164976421 0.05168845738464691
15250 0.012665232810341313 0.012665232810341313 11.289817272648936 0.3567032164976421 0.05168845738464691
15300 0.012665232810341313 0.012665232810341313 11.289817272648936 0.3567032164976421 0.05168845738464691
15350 0.012665232810341313 0.012665232810341313 11.289817272648936 0.3567032164976421 0.05168845738464691
15400 0.012665232810341313 0.012665232810341313 11.289817272648936 0.3567032164976421 0.05168845738464691
15450 0.012665232810341313 0.012665232810341313 11.289817272648936 0.3567032164976421 0.05168845738464691
15500 0.012665232810341313 0.012665232810341313 11.289817272648936 0.3567032164976421 0.05168845738464691
15550 0.012665232810341313 0.012665232810341313 11.289817272648936 0.3567032164976421 0.05168845738464691
15600 0.012665232802884424 0.012665232802884424 11.289179421902231 0.35671409547530125 0.051688909603665525
15650 0.012665232802884424 0.012665232802884424 11.289179421902231 0.35671409547530125 0.051688909603665525
15700 0.012665232802884424 0.012665232802884424 11.289179421902231 0.35671409547530125 0.051688909603665525
15750 0.012665232798267432 0.012665232798267432 11.289015316680986 0.35671689454394534 0.05168902594816798
15800 0.012665232798267432 0.012665232798267432 11.289015316680986 0.35671689454394534 0.05168902594816798
15850 0.012665232798267432 0.012665232798267432 11.289015316680986 0.35671689454394534 0.05168902594816798
15900 0.012665232798267432 0.012665232798267432 11.289015316680986 0.35671689454394534 0.05168902594816798
15950 0.012665232795751505 0.012665232795751505 11.288944892725306 0.3567180957081391 0.051689075878662186
16000 0.012665232795751505 0.012665232795751505 11.288944892725306 0.3567180957081391 0.051689075878662186
16050 0.012665232795751505 0.012665232795751505 11.288944892725306 0.3567180957081391 0.051689075878662186
16100 0.012665232795372062 0.012665232795372062 11.28868949007131 0.35672245216733084 0.051689256966513254
16150 0.012665232795372062 0.012665232795372062 11.28868949007131 0.35672245216733084 0.051689256966513254
16200 0.012665232795372062 0.012665232795372062 11.28868949007131 0.35672245216733084 0.051689256966513254
16250 0.012665232795372062 0.012665232795372062 11.28868949007131 0.35672245216733084 0.051689256966513254
16300 0.012665232794229106 0.012665232794229106 11.289060227911207 0.356716128395605 0.05168899410491273
16350 0.01266523279012544 0.01266523279012544 11.289042852534122 0.3567164247247348 0.051689006418727715
16400 0.01266523279012544 0.01266523279012544 11.289042852534122 0.3567164247247348 0.051689006418727715
16450 0.01266523279012544 0.01266523279012544 11.289042852534122 0.3567164247247348 0.051689006418727715
16500 0.01266523279012544 0.01266523279012544 11.289042852534122 0.3567164247247348 0.051689006418727715
16550 0.01266523279012544 0.01266523279012544 11.289042852534122 0.3567164247247348 0.051689006418727715
16600 0.01266523279012544 0.01266523279012544 11.289042852534122 0.3567164247247348 0.051689006418727715
16650 0.01266523279012544 0.01266523279012544 11.289042852534122 0.3567164247247348 0.051689006418727715
16700 0.01266523279012544 0.01266523279012544 11.289042852534122 0.3567164247247348 0.051689006418727715
16750 0.01266523279012544 0.01266523279012544 11.289042852534122 0.3567164247247348 0.051689006418727715
16800 0.01266523279012544 0.01266523279012544 11.289042852534122 0.3567164247247348 0.051689006418727715
16850 0.012665232789935938 0.012665232789935938 11.288645146998332 0.3567232084935278 0.051689288400643144
16900 0.012665232789920322 0.012665232789920322 11.288856507823425 0.35671960320486407 0.05168913854042119
16950 0.012665232789920322 0.012665232789920322 11.288856507823425 0.35671960320486407 0.05168913854042119
17000 0.012665232789920322 0.012665232789920322 11.288856507823425 0.35671960320486407 0.05168913854042119
17050 0.012665232789920322 0.012665232789920322 11.288856507823425 0.35671960320486407 0.05168913854042119
17100 0.012665232789860443 0.012665232789860443 11.289058540668206 0.3567161571240621 0.051688995295930025
17150 0.012665232789860443 0.012665232789860443 11.289058540668206 0.3567161571240621 0.051688995295930025
17200 0.012665232789860443 0.012665232789860443 11.289058540668206 0.3567161571240621 0.051688995295930025
17250 0.012665232789860443 0.012665232789860443 11.289058540668206 0.3567161571240621 0.051688995295930025
17300 0.012665232789860443 0.012665232789860443 11.289058540668206 0.3567161571240621 0.051688995295930025
17350 0.012665232789860443 0.012665232789860443 11.289058540668206 0.3567161571240621 0.051688995295930025
17400 0.012665232789860443 0.012665232789860443 11.289058540668206 0.3567161571240621 0.051688995295930025
17450 0.012665232789860443 0.012665232789860443 11.289058540668206 0.3567161571240621 0.051688995295930025
17500 0.012665232789860443 0.012665232789860443 11.289058540668206 0.3567161571240621 0.051688995295930025
17550 0.012665232789860443 0.012665232789860443 11.289058540668206 0.3567161571240621 0.051688995295930025
17600 0.012665232789360015 0.012665232789360015 11.289042272495022 0.35671643460284175 0.05168900682954481
17650 0.012665232789360015 0.012665232789360015 11.289042272495022 0.35671643460284175 0.05168900682954481
17700 0.012665232789360015 0.012665232789360015 11.289042272495022 0.35671643460284175 0.05168900682954481
17750 0.012665232789360015 0.012665232789360015 11.289042272495022 0.35671643460284175 0.05168900682954481
17800 0.012665232789360015 0.012665232789360015 11.289042272495022 0.35671643460284175 0.05168900682954481
17850 0.012665232789360015 0.012665232789360015 11.289042272495022 0.35671643460284175 0.05168900682954481
17900 0.012665232789360015 0.012665232789360015 11.289042272495022 0.35671643460284175 0.05168900682954481
17950 0.012665232789360015 0.012665232789360015 11.289042272495022 0.35671643460284175 0.05168900682954481
18000 0.012665232789279654 0.012665232789279654 11.289139687875569 0.3567147730116176 0.05168893776129704
18050 0.012665232789279654 0.012665232789279654 11.289139687875569 0.3567147730116176 0.05168893776129704
18100 0.012665232789279654 0.012665232789279654 11.289139687875569 0.3567147730116176 0.05168893776129704
18150 0.012665232789279654 0.012665232789279654 11.289139687875569 0.3567147730116176 0.05168893776129704
18200 0.012665232788800664 0.012665232788800664 11.288971949653442 0.35671763408570867 0.05168905668878907
18250 0.012665232788800664 0.012665232788800664 11.288971949653442 0.35671763408570867 0.05168905668878907
18300 0.012665232788800664 0.012665232788800664 11.288971949653442 0.35671763408570867 0.05168905668878907
18350 0.01266523278877535 0.01266523278877535 11.288924979887007 0.3567184352533678 0.05168908999090515
18400 0.01266523278877535 0.01266523278877535 11.288924979887007 0.3567184352533678 0.05168908999090515
18450 0.012665232788553516 0.012665232788553516 11.28892811654395 0.3567183817461935 0.051689087766864525
18500 0.01266523278849833 0.01266523278849833 11.289048867078582 0.3567163221068419 0.05168900215311856
18550 0.01266523278849833 0.01266523278849833 11.289048867078582 0.3567163221068419 0.05168900215311856
18600 0.01266523278849833 0.01266523278849833 11.289048867078582 0.3567163221068419 0.05168900215311856
18650 0.012665232788443698 0.012665232788443698 11.28898176451961 0.35671746666941057 0.05168904972948744
18700 0.012665232788443698 0.012665232788443698 11.28898176451961 0.35671746666941057 0.05168904972948744
18750 0.012665232788443698 0.012665232788443698 11.28898176451961 0.35671746666941057 0.05168904972948744
18800 0.012665232788443698 0.012665232788443698 11.28898176451961 0.35671746666941057 0.05168904972948744
18850 0.012665232788443698 0.012665232788443698 11.28898176451961 0.35671746666941057 0.05168904972948744
18900 0.012665232788443698 0.012665232788443698 11.28898176451961 0.35671746666941057 0.05168904972948744
18950 0.012665232788443698 0.012665232788443698 11.28898176451961 0.35671746666941057 0.05168904972948744
19000 0.012665232788443698 0.012665232788443698 11.28898176451961 0.35671746666941057 0.05168904972948744
19050 0.012665232788443698 0.012665232788443698 11.28898176451961 0.35671746666941057 0.05168904972948744
19100 0.012665232788443698 0.012665232788443698 11.28898176451961 0.35671746666941057 0.05168904972948744
19150 0.012665232788443698 0.012665232788443698 11.28898176451961 0.35671746666941057 0.05168904972948744
19200 0.012665232788443698 0.012665232788443698 11.28898176451961 0.35671746666941057 0.05168904972948744
19250 0.012665232788443698 0.012665232788443698 11.28898176451961 0.35671746666941057 0.05168904972948744
19300 0.012665232788414705 0.012665232788414705 11.288986573898855 0.35671738463530317 0.051689046319559354
19350 0.012665232788414705 0.012665232788414705 11.288986573898855 0.35671738463530317 0.051689046319559354
19400 0.012665232788414705 0.012665232788414705 11.288986573898855 0.35671738463530317 0.051689046319559354
19450 0.012665232788414705 0.012665232788414705 11.288986573898855 0.35671738463530317 0.051689046319559354
19500 0.012665232788414705 0.012665232788414705 11.288986573898855 0.35671738463530317 0.051689046319559354
19550 0.012665232788414705 0.012665232788414705 11.288986573898855 0.35671738463530317 0.051689046319559354
19600 0.012665232788414705 0.012665232788414705 11.288986573898855 0.35671738463530317 0.051689046319559354
19650 0.012665232788380242 0.012665232788380242 11.288981805823193 0.356717465963711 0.05168904970015901
19700 0.012665232788363668 0.012665232788363668 11.288977382375545 0.3567175414140132 0.05168905283643866
19750 0.012665232788363668 0.012665232788363668 11.288977382375545 0.3567175414140132 0.05168905283643866
19800 0.012665232788363668 0.012665232788363668 11.288977382375545 0.3567175414140132 0.05168905283643866
19850 0.012665232788363668 0.012665232788363668 11.288977382375545 0.3567175414140132 0.05168905283643866
19900 0.012665232788363668 0.012665232788363668 11.288977382375545 0.3567175414140132 0.05168905283643866
19950 0.012665232788363668 0.012665232788363668 11.288977382375545 0.3567175414140132 0.05168905283643866
20000 0.012665232788354618 0.012665232788354618 11.288960984264648 0.35671782111676825 0.0516890644629156
20050 0.012665232788354618 0.012665232788354618 11.288960984264648 0.35671782111676825 0.0516890644629156
20100 0.012665232788354618 0.012665232788354618 11.288960984264648 0.35671782111676825 0.0516890644629156
20150 0.012665232788354618 0.012665232788354618 11.288960984264648 0.35671782111676825 0.0516890644629156
20200 0.012665232788354618 0.012665232788354618 11.288960984264648 0.35671782111676825 0.0516890644629156
20250 0.012665232788354618 0.012665232788354618 11.288960984264648 0.35671782111676825 0.0516890644629156
20300 0.012665232788354618 0.012665232788354618 11.288960984264648 0.35671782111676825 0.0516890644629156
20350 0.012665232788354618 0.012665232788354618 11.288960984264648 0.35671782111676825 0.0516890644629156
20400 0.012665232788354618 0.012665232788354618 11.288960984264648 0.35671782111676825 0.0516890644629156
20450 0.012665232788354618 0.012665232788354618 11.288960984264648 0.35671782111676825 0.0516890644629156
20500 0.012665232788354618 0.012665232788354618 11.288960984264648 0.35671782111676825 0.0516890644629156
20550 0.012665232788354618 0.012665232788354618 11.288960984264648 0.35671782111676825 0.0516890644629156
20600 0.012665232788350939 0.012665232788350939 11.28900781975762 0.35671702224455465 0.051689031255932404
20650 0.012665232788350826 0.012665232788350826 11.289004634548826 0.35671707657446106 0.051689033514282404
20700 0.01266523278833471 0.01266523278833471 11.288962544732069 0.3567177944995099 0.051689063356504
20750 0.01266523278833471 0.01266523278833471 11.288962544732069 0.3567177944995099 0.051689063356504
20800 0.012665232788333166 0.012665232788333166 11.288988448149855 0.35671735266487614 0.05168904499062429
20850 0.012665232788333166 0.012665232788333166 11.288988448149855 0.35671735266487614 0.05168904499062429
20900 0.012665232788333166 0.012665232788333166 11.288988448149855 0.35671735266487614 0.05168904499062429
20950 0.012665232788333166 0.012665232788333166 11.288988448149855 0.35671735266487614 0.05168904499062429
21000 0.012665232788333166 0.012665232788333166 11.288988448149855 0.35671735266487614 0.05168904499062429
21050 0.012665232788329718 0.012665232788329718 11.288951617001166 0.3567179808941524 0.05168907110442413
21100 0.012665232788329718 0.012665232788329718 11.288951617001166 0.3567179808941524 0.05168907110442413
21150 0.012665232788329718 0.012665232788329718 11.288951617001166 0.3567179808941524 0.05168907110442413
21200 0.012665232788329718 0.012665232788329718 11.288951617001166 0.3567179808941524 0.05168907110442413
21250 0.012665232788329718 0.012665232788329718 11.288951617001166 0.3567179808941524 0.05168907110442413
21300 0.012665232788329504 0.012665232788329504 11.288962703712667 0.35671779178771157 0.05168906324377831
21350 0.012665232788329504 0.012665232788329504 11.288962703712667 0.35671779178771157 0.05168906324377831
21400 0.012665232788324873 0.012665232788324873 11.288968509843532 0.35671769275232923 0.051689059127145005
21450 0.012665232788324873 0.012665232788324873 11.288968509843532 0.35671769275232923 0.051689059127145005
21500 0.012665232788323362 0.012665232788323362 11.288968481157916 0.3567176932416077 0.05168905914748134
21550 0.012665232788323362 0.012665232788323362 11.288968481157916 0.3567176932416077 0.05168905914748134
21600 0.012665232788323362 0.012665232788323362 11.288968481157916 0.3567176932416077 0.05168905914748134
21650 0.012665232788323362 0.012665232788323362 11.288968481157916 0.3567176932416077 0.05168905914748134
21700 0.012665232788323362 0.012665232788323362 11.288968481157916 0.3567176932416077 0.05168905914748134
21750 0.012665232788323362 0.012665232788323362 11.288968481157916 0.3567176932416077 0.05168905914748134
21800 0.012665232788323362 0.012665232788323362 11.288968481157916 0.3567176932416077 0.05168905914748134
21850 0.012665232788323362 0.012665232788323362 11.288968481157916 0.3567176932416077 0.05168905914748134
21900 0.012665232788323362 0.012665232788323362 11.288968481157916 0.3567176932416077 0.05168905914748134
21950 0.012665232788321478 0.012665232788321478 11.288976713365622 0.3567175528247619 0.05168905331072968
22000 0.012665232788321478 0.012665232788321478 11.288976713365622 0.3567175528247619 0.05168905331072968
22050 0.012665232788321037 0.012665232788321037 11.288969970806688 0.35671766783261094 0.051689058091297306
22100 0.012665232788321037 0.012665232788321037 11.288969970806688 0.35671766783261094 0.051689058091297306
22150 0.012665232788321037 0.012665232788321037 11.288969970806688 0.35671766783261094 0.051689058091297306
22200 0.012665232788321037 0.012665232788321037 11.288969970806688 0.35671766783261094 0.051689058091297306
22250 0.012665232788321037 0.012665232788321037 11.288969970806688 0.35671766783261094 0.051689058091297306
22300 0.012665232788321037 0.012665232788321037 11.288969970806688 0.35671766783261094 0.051689058091297306
22350 0.012665232788321037 0.012665232788321037 11.288969970806688 0.35671766783261094 0.051689058091297306
22400 0.012665232788321037 0.012665232788321037 11.288969970806688 0.35671766783261094 0.051689058091297306
22450 0.012665232788320123 0.012665232788320123 11.288965856430991 0.35671773801157575 0.05168906100844683
22500 0.012665232788320123 0.012665232788320123 11.288965856430991 0.35671773801157575 0.05168906100844683
22550 0.012665232788320123 0.012665232788320123 11.288965856430991 0.35671773801157575 0.05168906100844683
22600 0.012665232788319797 0.012665232788319797 11.288968696283533 0.3567176895721552 0.0516890589949507
22650 0.012665232788319797 0.012665232788319797 11.288968696283533 0.3567176895721552 0.0516890589949507
22700 0.012665232788319797 0.012665232788319797 11.288968696283533 0.3567176895721552 0.0516890589949507
22750 0.012665232788319717 0.012665232788319717 11.288966042789776 0.356717734832842 0.05168906087631554
22800 0.012665232788319717 0.012665232788319717 11.288966042789776 0.356717734832842 0.05168906087631554
22850 0.012665232788319717 0.012665232788319717 11.288966042789776 0.356717734832842 0.05168906087631554
22900 0.012665232788319717 0.012665232788319717 11.288966042789776 0.356717734832842 0.05168906087631554
22950 0.012665232788319717 0.012665232788319717 11.288966042789776 0.356717734832842 0.05168906087631554
23000 0.012665232788319717 0.012665232788319717 11.288966042789776 0.356717734832842 0.05168906087631554
23050 0.012665232788319717 0.012665232788319717 11.288966042789776 0.356717734832842 0.05168906087631554
23100 0.012665232788319717 0.012665232788319717 11.288966042789776 0.356717734832842 0.05168906087631554
23150 0.012665232788319616 0.012665232788319616 11.288964185043898 0.3567177665204531 0.05168906219348397
23200 0.012665232788319616 0.012665232788319616 11.288964185043898 0.3567177665204531 0.05168906219348397
23250 0.012665232788319616 0.012665232788319616 11.288964185043898 0.3567177665204531 0.05168906219348397
23300 0.012665232788319616 0.012665232788319616 11.288964185043898 0.3567177665204531 0.05168906219348397
23350 0.012665232788319616 0.012665232788319616 11.288964185043898 0.3567177665204531 0.05168906219348397
23400 0.012665232788319616 0.012665232788319616 11.288964185043898 0.3567177665204531 0.05168906219348397
23450 0.012665232788319616 0.012665232788319616 11.288964185043898 0.3567177665204531 0.05168906219348397
23500 0.012665232788319616 0.012665232788319616 11.288964185043898 0.3567177665204531 0.05168906219348397
23550 0.012665232788319616 0.012665232788319616 11.288964185043898 0.3567177665204531 0.05168906219348397
23600 0.012665232788319616 0.012665232788319616 11.288964185043898 0.3567177665204531 0.05168906219348397
23650 0.012665232788319616 0.012665232788319616 11.288964185043898 0.3567177665204531 0.05168906219348397
23700 0.012665232788319616 0.012665232788319616 11.288964185043898 0.3567177665204531 0.05168906219348397
23750 0.012665232788319616 0.012665232788319616 11.288964185043898 0.3567177665204531 0.05168906219348397
23800 0.012665232788319616 0.012665232788319616 11.288964185043898 0.3567177665204531 0.05168906219348397
23850 0.012665232788319616 0.012665232788319616 11.288964185043898 0.3567177665204531 0.05168906219348397
23900 0.012665232788319616 0.012665232788319616 11.288964185043898 0.3567177665204531 0.05168906219348397
23950 0.012665232788319616 0.012665232788319616 11.288964185043898 0.3567177665204531 0.05168906219348397
24000 0.012665232788319616 0.012665232788319616 11.288964185043898 0.3567177665204531 0.05168906219348397
24050 0.012665232788319616 0.012665232788319616 11.288964185043898 0.3567177665204531 0.05168906219348397
24100 0.012665232788319616 0.012665232788319616 11.288964185043898 0.3567177665204531 0.05168906219348397
24150 0.012665232788319547 0.012665232788319547 11.288963144416426 0.35671778427046164 0.0516890629313038
24200 0.012665232788319547 0.012665232788319547 11.288963144416426 0.35671778427046164 0.0516890629313038
24250 0.012665232788319505 0.012665232788319505 11.288965096284754 0.3567177509773956 0.05168906154740094
24300 0.012665232788319505 0.012665232788319505 11.288965096284754 0.3567177509773956 0.05168906154740094
24350 0.012665232788319505 0.012665232788319505 11.288965096284754 0.3567177509773956 0.05168906154740094
24400 0.012665232788319505 0.012665232788319505 11.288965096284754 0.3567177509773956 0.05168906154740094
24450 0.012665232788319505 0.012665232788319505 11.288965096284754 0.3567177509773956 0.05168906154740094
24500 0.012665232788319505 0.012665232788319505 11.288965096284754 0.3567177509773956 0.05168906154740094
24550 0.012665232788319505 0.012665232788319505 11.288965096284754 0.3567177509773956 0.05168906154740094
24600 0.012665232788319505 0.012665232788319505 11.288965096284754 0.3567177509773956 0.05168906154740094
24650 0.012665232788319505 0.012665232788319505 11.288965096284754 0.3567177509773956 0.05168906154740094
24700 0.012665232788319505 0.012665232788319505 11.288965096284754 0.3567177509773956 0.05168906154740094
24750 0.012665232788319505 0.012665232788319505 11.288965096284754 0.3567177509773956 0.05168906154740094
24800 0.012665232788319505 0.012665232788319505 11.288965096284754 0.3567177509773956 0.05168906154740094
24850 0.012665232788319505 0.012665232788319505 11.288965096284754 0.3567177509773956 0.05168906154740094
24900 0.012665232788319485 0.012665232788319485 11.288965437517977 0.3567177451569731 0.051689061305461644
24950 0.012665232788319485 0.012665232788319485 11.288965437517977 0.3567177451569731 0.051689061305461644
25000 0.012665232788319485 0.012665232788319485 11.288965437517977 0.3567177451569731 0.051689061305461644
25050 0.012665232788319481 0.012665232788319481 11.288966991046287 0.3567177186584099 0.051689060203987836
25100 0.012665232788319481 0.012665232788319481 11.288966991046287 0.3567177186584099 0.051689060203987836
25150 0.012665232788319481 0.012665232788319481 11.288966991046287 0.3567177186584099 0.051689060203987836
25200 0.012665232788319478 0.012665232788319478 11.288965621673759 0.35671774201582396 0.05168906117489253
25250 0.012665232788319478 0.012665232788319478 11.288964260416629 0.35671776523481724 0.051689062140043436
25300 0.012665232788319478 0.012665232788319478 11.288965135199113 0.3567177503136325 0.051689061519810044
25350 0.012665232788319476 0.012665232788319476 11.288963862948698 0.35671777201443716 0.051689062421853955
25400 0.012665232788319469 0.012665232788319469 11.288965974012555 0.35671773600597373 0.05168906092507927
25450 0.012665232788319452 0.012665232788319452 11.28896567918111 0.3567177410349195 0.051689061134118974
25500 0.012665232788319446 0.012665232788319446 11.288965899566373 0.3567177372758033 0.05168906097786267
25550 0.012665232788319446 0.012665232788319446 11.288965899566373 0.3567177372758033 0.05168906097786267
25600 0.012665232788319438 0.012665232788319438 11.288966131380722 0.3567177333217413 0.051689060813502954
25650 0.01266523278831943 0.01266523278831943 11.288965877515457 0.35671773765192605 0.051689060993497064
25700 0.01266523278831943 0.01266523278831943 11.288965877515457 0.35671773765192605 0.051689060993497064
25750 0.01266523278831943 0.01266523278831943 11.288965877515457 0.35671773765192605 0.051689060993497064
25800 0.01266523278831943 0.01266523278831943 11.288965877515457 0.35671773765192605 0.051689060993497064
25850 0.012665232788319424 0.012665232788319424 11.288965739109832 0.35671774001271356 0.05168906109162863
25900 0.012665232788319424 0.012665232788319424 11.288965739109832 0.35671774001271356 0.05168906109162863
25950 0.012665232788319424 0.012665232788319424 11.288965739109832 0.35671774001271356 0.05168906109162863
26000 0.012665232788319424 0.012665232788319424 11.288965739109832 0.35671774001271356 0.05168906109162863
26050 0.012665232788319422 0.012665232788319422 11.288966002199519 0.3567177355251874 0.051689060905094265
26100 0.012665232788319415 0.012665232788319415 11.28896571191157 0.35671774047663474 0.05168906111091258
26150 0.012665232788319413 0.012665232788319413 11.2889658219008 0.3567177386005462 0.05168906103292863
26200 0.012665232788319413 0.012665232788319413 11.2889658219008 0.3567177386005462 0.05168906103292863
26250 0.012665232788319413 0.012665232788319413 11.2889658219008 0.3567177386005462 0.05168906103292863
26300 0.012665232788319413 0.012665232788319413 11.2889658219008 0.3567177386005462 0.05168906103292863
26350 0.012665232788319413 0.012665232788319413 11.2889658219008 0.3567177386005462 0.05168906103292863
26400 0.012665232788319412 0.012665232788319412 11.288965576867316 0.3567177427800874 0.05168906120666089
26450 0.012665232788319412 0.012665232788319412 11.288965576867316 0.3567177427800874 0.05168906120666089
26500 0.012665232788319412 0.012665232788319412 11.288965576867316 0.3567177427800874 0.05168906120666089
26550 0.012665232788319412 0.012665232788319412 11.288965576867316 0.3567177427800874 0.05168906120666089
26600 0.012665232788319412 0.012665232788319412 11.288965576867316 0.3567177427800874 0.05168906120666089
26650 0.012665232788319412 0.012665232788319412 11.288965576867316 0.3567177427800874 0.05168906120666089
26700 0.012665232788319412 0.012665232788319412 11.288965576867316 0.3567177427800874 0.05168906120666089
26750 0.012665232788319412 0.012665232788319412 11.288965576867316 0.3567177427800874 0.05168906120666089
26800 0.012665232788319412 0.012665232788319412 11.288965576867316 0.3567177427800874 0.05168906120666089
26850 0.012665232788319412 0.012665232788319412 11.288965576867316 0.3567177427800874 0.05168906120666089
26900 0.012665232788319412 0.012665232788319412 11.288965576867316 0.3567177427800874 0.05168906120666089
26950 0.012665232788319412 0.012665232788319412 11.288965576867316 0.3567177427800874 0.05168906120666089
27000 0.012665232788319412 0.012665232788319412 11.288965999522146 0.35671773557085523 0.05168906090699255
27050 0.012665232788319412 0.012665232788319412 11.288965999522146 0.35671773557085523 0.05168906090699255
27100 0.012665232788319407 0.012665232788319407 11.288965917082658 0.3567177369770272 0.051689060965443324
27150 0.012665232788319407 0.012665232788319407 11.288965917082658 0.3567177369770272 0.051689060965443324
27200 0.012665232788319407 0.012665232788319407 11.288965917082658 0.3567177369770272 0.051689060965443324
27250 0.012665232788319407 0.012665232788319407 11.288965917082658 0.3567177369770272 0.051689060965443324
27300 0.012665232788319407 0.012665232788319407 11.288965917082658 0.3567177369770272 0.051689060965443324
27350 0.012665232788319407 0.012665232788319407 11.288965917082658 0.3567177369770272 0.051689060965443324
27400 0.012665232788319407 0.012665232788319407 11.288965917082658 0.3567177369770272 0.051689060965443324
27450 0.012665232788319407 0.012665232788319407 11.288965917082658 0.3567177369770272 0.051689060965443324
27500 0.012665232788319407 0.012665232788319407 11.288965917082658 0.3567177369770272 0.051689060965443324
27550 0.012665232788319407 0.012665232788319407 11.288965917082658 0.3567177369770272 0.051689060965443324
27600 0.012665232788319407 0.012665232788319407 11.288965917082658 0.3567177369770272 0.051689060965443324
27650 0.012665232788319407 0.012665232788319407 11.288965917082658 0.3567177369770272 0.051689060965443324
27700 0.012665232788319407 0.012665232788319407 11.288965917082658 0.3567177369770272 0.051689060965443324
27750 0.012665232788319407 0.012665232788319407 11.288965917082658 0.3567177369770272 0.051689060965443324
27800 0.012665232788319407 0.012665232788319407 11.288965917082658 0.3567177369770272 0.051689060965443324
27850 0.012665232788319407 0.012665232788319407 11.288965917082658 0.3567177369770272 0.051689060965443324
27900 0.012665232788319407 0.012665232788319407 11.288965917082658 0.3567177369770272 0.051689060965443324
27950 0.012665232788319407 0.012665232788319407 11.288965917082658 0.3567177369770272 0.051689060965443324
28000 0.012665232788319407 0.012665232788319407 11.288965917082658 0.3567177369770272 0.051689060965443324
28050 0.012665232788319407 0.012665232788319407 11.288965917082658 0.3567177369770272 0.051689060965443324
28100 0.012665232788319407 0.012665232788319407 11.288965917082658 0.3567177369770272 0.051689060965443324
28150 0.012665232788319407 0.012665232788319407 11.288965917082658 0.3567177369770272 0.051689060965443324
28200 0.012665232788319407 0.012665232788319407 11.288965917082658 0.3567177369770272 0.051689060965443324
28250 0.012665232788319407 0.012665232788319407 11.288965917082658 0.3567177369770272 0.051689060965443324
28300 0.012665232788319407 0.012665232788319407 11.288965917082658 0.3567177369770272 0.051689060965443324
28350 0.012665232788319407 0.012665232788319407 11.288965917082658 0.3567177369770272 0.051689060965443324
28400 0.012665232788319407 0.012665232788319407 11.288965917082658 0.3567177369770272 0.051689060965443324
28450 0.012665232788319407 0.012665232788319407 11.288965917082658 0.3567177369770272 0.051689060965443324
28500 0.012665232788319407 0.012665232788319407 11.288965917082658 0.3567177369770272 0.051689060965443324
28550 0.012665232788319407 0.012665232788319407 11.288965917082658 0.3567177369770272 0.051689060965443324
28600 0.012665232788319407 0.012665232788319407 11.288965917082658 0.3567177369770272 0.051689060965443324
28650 0.012665232788319407 0.012665232788319407 11.288965917082658 0.3567177369770272 0.051689060965443324
28700 0.012665232788319407 0.012665232788319407 11.288965917082658 0.3567177369770272 0.051689060965443324
28750 0.012665232788319407 0.012665232788319407 11.288965917082658 0.3567177369770272 0.051689060965443324
28800 0.012665232788319407 0.012665232788319407 11.288965917082658 0.3567177369770272 0.051689060965443324
28850 0.012665232788319407 0.012665232788319407 11.288965917082658 0.3567177369770272 0.051689060965443324
28900 0.012665232788319407 0.012665232788319407 11.288965917082658 0.3567177369770272 0.051689060965443324
28950 0.012665232788319407 0.012665232788319407 11.288965917082658 0.3567177369770272 0.051689060965443324
29000 0.012665232788319407 0.012665232788319407 11.288965917082658 0.3567177369770272 0.051689060965443324
29050 0.012665232788319407 0.012665232788319407 11.288965917082658 0.3567177369770272 0.051689060965443324
29100 0.012665232788319407 0.012665232788319407 11.288965917082658 0.3567177369770272 0.051689060965443324
29150 0.012665232788319407 0.012665232788319407 11.288965917082658 0.3567177369770272 0.051689060965443324
29200 0.012665232788319407 0.012665232788319407 11.288965917082658 0.3567177369770272 0.051689060965443324
29250 0.012665232788319407 0.012665232788319407 11.288965917082658 0.3567177369770272 0.051689060965443324
29300 0.012665232788319407 0.012665232788319407 11.288965917082658 0.3567177369770272 0.051689060965443324
29350 0.012665232788319407 0.012665232788319407 11.288965917082658 0.3567177369770272 0.051689060965443324
29400 0.012665232788319407 0.012665232788319407 11.288965917082658 0.3567177369770272 0.051689060965443324
29450 0.012665232788319407 0.012665232788319407 11.288965917082658 0.3567177369770272 0.051689060965443324
29500 0.012665232788319407 0.012665232788319407 11.288965917082658 0.3567177369770272 0.051689060965443324
29550 0.012665232788319407 0.012665232788319407 11.288965917082658 0.3567177369770272 0.051689060965443324
29600 0.012665232788319407 0.012665232788319407 11.288965917082658 0.3567177369770272 0.051689060965443324
29650 0.012665232788319407 0.012665232788319407 11.288965917082658 0.3567177369770272 0.051689060965443324
29700 0.012665232788319407 0.012665232788319407 11.288965917082658 0.3567177369770272 0.051689060965443324
29750 0.012665232788319407 0.012665232788319407 11.288965917082658 0.3567177369770272 0.051689060965443324
29800 0.012665232788319407 0.012665232788319407 11.288965917082658 0.3567177369770272 0.051689060965443324
29850 0.012665232788319407 0.012665232788319407 11.288965917082658 0.3567177369770272 0.051689060965443324
29900 0.012665232788319407 0.012665232788319407 11.288965917082658 0.3567177369770272 0.051689060965443324
29950 0.012665232788319407 0.012665232788319407 11.288965917082658 0.3567177369770272 0.051689060965443324
30000 0.012665232788319407 0.012665232788319407 11.288965917082658 0.3567177369770272 0.051689060965443324
30050 0.012665232788319407 0.012665232788319407 11.288965917082658 0.3567177369770272 0.051689060965443324
30100 0.012665232788319407 0.012665232788319407 11.288965917082658 0.3567177369770272 0.051689060965443324
30150 0.012665232788319407 0.012665232788319407 11.288965917082658 0.3567177369770272 0.051689060965443324
30200 0.012665232788319407 0.012665232788319407 11.288965917082658 0.3567177369770272 0.051689060965443324
30250 0.012665232788319407 0.012665232788319407 11.288965917082658 0.3567177369770272 0.051689060965443324
30300 0.012665232788319407 0.012665232788319407 11.288965917082658 0.3567177369770272 0.051689060965443324
30350 0.012665232788319407 0.012665232788319407 11.288965917082658 0.3567177369770272 0.051689060965443324
30400 0.012665232788319407 0.012665232788319407 11.288965917082658 0.3567177369770272 0.051689060965443324
30450 0.012665232788319407 0.012665232788319407 11.288965917082658 0.3567177369770272 0.051689060965443324
30500 0.012665232788319407 0.012665232788319407 11.288965917082658 0.3567177369770272 0.051689060965443324
30550 0.012665232788319407 0.012665232788319407 11.288965917082658 0.3567177369770272 0.051689060965443324
30600 0.012665232788319407 0.012665232788319407 11.288965917082658 0.3567177369770272 0.051689060965443324
30650 0.012665232788319407 0.012665232788319407 11.288965917082658 0.3567177369770272 0.051689060965443324
30700 0.012665232788319407 0.012665232788319407 11.288965917082658 0.3567177369770272 0.051689060965443324
30750 0.012665232788319407 0.012665232788319407 11.288965917082658 0.3567177369770272 0.051689060965443324
30800 0.012665232788319407 0.012665232788319407 11.288965917082658 0.3567177369770272 0.051689060965443324
30850 0.012665232788319407 0.012665232788319407 11.288965917082658 0.3567177369770272 0.051689060965443324
30900 0.012665232788319407 0.012665232788319407 11.288965917082658 0.3567177369770272 0.051689060965443324
30950 0.012665232788319407 0.012665232788319407 11.288965917082658 0.3567177369770272 0.051689060965443324
31000 0.012665232788319407 0.012665232788319407 11.288965917082658 0.3567177369770272 0.051689060965443324
31050 0.012665232788319407 0.012665232788319407 11.288965917082658 0.3567177369770272 0.051689060965443324
31100 0.012665232788319407 0.012665232788319407 11.288965917082658 0.3567177369770272 0.051689060965443324
31150 0.012665232788319407 0.012665232788319407 11.288965917082658 0.3567177369770272 0.051689060965443324
31200 0.012665232788319407 0.012665232788319407 11.288965917082658 0.3567177369770272 0.051689060965443324
31250 0.012665232788319407 0.012665232788319407 11.288965917082658 0.3567177369770272 0.051689060965443324
31300 0.012665232788319407 0.012665232788319407 11.288965917082658 0.3567177369770272 0.051689060965443324
31350 0.012665232788319407 0.012665232788319407 11.288965917082658 0.3567177369770272 0.051689060965443324
31400 0.012665232788319407 0.012665232788319407 11.288965917082658 0.3567177369770272 0.051689060965443324
31450 0.012665232788319407 0.012665232788319407 11.288965917082658 0.3567177369770272 0.051689060965443324
31500 0.012665232788319407 0.012665232788319407 11.288965917082658 0.3567177369770272 0.051689060965443324
31550 0.012665232788319407 0.012665232788319407 11.288965917082658 0.3567177369770272 0.051689060965443324
31600 0.012665232788319407 0.012665232788319407 11.288965917082658 0.3567177369770272 0.051689060965443324
31650 0.012665232788319407 0.012665232788319407 11.288965917082658 0.3567177369770272 0.051689060965443324
31700 0.012665232788319407 0.012665232788319407 11.288965917082658 0.3567177369770272 0.051689060965443324
31750 0.012665232788319407 0.012665232788319407 11.288965917082658 0.3567177369770272 0.051689060965443324
31800 0.012665232788319407 0.012665232788319407 11.288965917082658 0.3567177369770272 0.051689060965443324
31850 0.012665232788319407 0.012665232788319407 11.288965917082658 0.3567177369770272 0.051689060965443324
31900 0.012665232788319407 0.012665232788319407 11.288965917082658 0.3567177369770272 0.051689060965443324
31950 0.012665232788319407 0.012665232788319407 11.288965917082658 0.3567177369770272 0.051689060965443324
32000 0.012665232788319407 0.012665232788319407 11.288965917082658 0.3567177369770272 0.051689060965443324
32050 0.012665232788319407 0.012665232788319407 11.288965917082658 0.3567177369770272 0.051689060965443324
32100 0.012665232788319407 0.012665232788319407 11.288965917082658 0.3567177369770272 0.051689060965443324
32150 0.012665232788319407 0.012665232788319407 11.288965917082658 0.3567177369770272 0.051689060965443324
32200 0.012665232788319407 0.012665232788319407 11.288965917082658 0.3567177369770272 0.051689060965443324
32250 0.012665232788319407 0.012665232788319407 11.288965917082658 0.3567177369770272 0.051689060965443324
32300 0.012665232788319407 0.012665232788319407 11.288965917082658 0.3567177369770272 0.051689060965443324
32350 0.012665232788319407 0.012665232788319407 11.288965917082658 0.3567177369770272 0.051689060965443324
32400 0.012665232788319407 0.012665232788319407 11.288965917082658 0.3567177369770272 0.051689060965443324
32450 0.012665232788319407 0.012665232788319407 11.288965917082658 0.3567177369770272 0.051689060965443324
32500 0.012665232788319407 0.012665232788319407 11.288965917082658 0.3567177369770272 0.051689060965443324
32550 0.012665232788319407 0.012665232788319407 11.288965917082658 0.3567177369770272 0.051689060965443324
32600 0.012665232788319407 0.012665232788319407 11.288965917082658 0.3567177369770272 0.051689060965443324
32650 0.012665232788319407 0.012665232788319407 11.288965917082658 0.3567177369770272 0.051689060965443324
32700 0.012665232788319407 0.012665232788319407 11.288965917082658 0.3567177369770272 0.051689060965443324
32750 0.012665232788319407 0.012665232788319407 11.288965917082658 0.3567177369770272 0.051689060965443324
32800 0.012665232788319407 0.012665232788319407 11.288965917082658 0.3567177369770272 0.051689060965443324
32850 0.012665232788319407 0.012665232788319407 11.288965917082658 0.3567177369770272 0.051689060965443324
32900 0.012665232788319407 0.012665232788319407 11.288965917082658 0.3567177369770272 0.051689060965443324
32950 0.012665232788319407 0.012665232788319407 11.288965917082658 0.3567177369770272 0.051689060965443324
33000 0.012665232788319407 0.012665232788319407 11.288965917082658 0.3567177369770272 0.051689060965443324
33050 0.012665232788319407 0.012665232788319407 11.288965917082658 0.3567177369770272 0.051689060965443324
33100 0.012665232788319407 0.012665232788319407 11.288965917082658 0.3567177369770272 0.051689060965443324
33150 0.012665232788319407 0.012665232788319407 11.288965917082658 0.3567177369770272 0.051689060965443324
33200 0.012665232788319407 0.012665232788319407 11.288965917082658 0.3567177369770272 0.051689060965443324
33250 0.012665232788319407 0.012665232788319407 11.288965917082658 0.3567177369770272 0.051689060965443324
33300 0.012665232788319407 0.012665232788319407 11.288965917082658 0.3567177369770272 0.051689060965443324
33350 0.012665232788319407 0.012665232788319407 11.288965917082658 0.3567177369770272 0.051689060965443324
33400 0.012665232788319407 0.012665232788319407 11.288965917082658 0.3567177369770272 0.051689060965443324
33450 0.012665232788319407 0.012665232788319407 11.288965917082658 0.3567177369770272 0.051689060965443324
33500 0.012665232788319407 0.012665232788319407 11.288965917082658 0.3567177369770272 0.051689060965443324
33550 0.012665232788319407 0.012665232788319407 11.288965917082658 0.3567177369770272 0.051689060965443324
33600 0.012665232788319407 0.012665232788319407 11.288965917082658 0.3567177369770272 0.051689060965443324
33650 0.012665232788319407 0.012665232788319407 11.288965917082658 0.3567177369770272 0.051689060965443324
33700 0.012665232788319407 0.012665232788319407 11.288965917082658 0.3567177369770272 0.051689060965443324
33750 0.012665232788319407 0.012665232788319407 11.288965917082658 0.3567177369770272 0.051689060965443324
33800 0.012665232788319407 0.012665232788319407 11.288965917082658 0.3567177369770272 0.051689060965443324
33850 0.012665232788319407 0.012665232788319407 11.288965917082658 0.3567177369770272 0.051689060965443324
33900 0.012665232788319407 0.012665232788319407 11.288965917082658 0.3567177369770272 0.051689060965443324
33950 0.012665232788319407 0.012665232788319407 11.288965917082658 0.3567177369770272 0.051689060965443324
34000 0.012665232788319407 0.012665232788319407 11.288965917082658 0.3567177369770272 0.051689060965443324
34050 0.012665232788319407 0.012665232788319407 11.288965917082658 0.3567177369770272 0.051689060965443324
34100 0.012665232788319407 0.012665232788319407 11.288965917082658 0.3567177369770272 0.051689060965443324
34150 0.012665232788319407 0.012665232788319407 11.288965917082658 0.3567177369770272 0.051689060965443324
34200 0.012665232788319407 0.012665232788319407 11.288965917082658 0.3567177369770272 0.051689060965443324
34250 0.012665232788319407 0.012665232788319407 11.288965917082658 0.3567177369770272 0.051689060965443324
34300 0.012665232788319407 0.012665232788319407 11.288965917082658 0.3567177369770272 0.051689060965443324
34350 0.012665232788319407 0.012665232788319407 11.288965917082658 0.3567177369770272 0.051689060965443324
34400 0.012665232788319407 0.012665232788319407 11.288965917082658 0.3567177369770272 0.051689060965443324
34450 0.012665232788319407 0.012665232788319407 11.288965917082658 0.3567177369770272 0.051689060965443324
34500 0.012665232788319407 0.012665232788319407 11.288965917082658 0.3567177369770272 0.051689060965443324
34550 0.012665232788319407 0.012665232788319407 11.288965917082658 0.3567177369770272 0.051689060965443324
34600 0.012665232788319407 0.012665232788319407 11.288965917082658 0.3567177369770272 0.051689060965443324
34650 0.012665232788319407 0.012665232788319407 11.288965917082658 0.3567177369770272 0.051689060965443324
34700 0.012665232788319407 0.012665232788319407 11.288965917082658 0.3567177369770272 0.051689060965443324
34750 0.012665232788319407 0.012665232788319407 11.288965917082658 0.3567177369770272 0.051689060965443324
34800 0.012665232788319407 0.012665232788319407 11.288965917082658 0.3567177369770272 0.051689060965443324
34850 0.012665232788319407 0.012665232788319407 11.288965917082658 0.3567177369770272 0.051689060965443324
34900 0.012665232788319407 0.012665232788319407 11.288965917082658 0.3567177369770272 0.051689060965443324
34950 0.012665232788319407 0.012665232788319407 11.288965917082658 0.3567177369770272 0.051689060965443324
35000 0.012665232788319407 0.012665232788319407 11.288965917082658 0.3567177369770272 0.051689060965443324
35050 0.012665232788319407 0.012665232788319407 11.288965917082658 0.3567177369770272 0.051689060965443324
35100 0.012665232788319407 0.012665232788319407 11.288965917082658 0.3567177369770272 0.051689060965443324
35150 0.012665232788319407 0.012665232788319407 11.288965917082658 0.3567177369770272 0.051689060965443324
35200 0.012665232788319407 0.012665232788319407 11.288965917082658 0.3567177369770272 0.051689060965443324
35250 0.012665232788319407 0.012665232788319407 11.288965917082658 0.3567177369770272 0.051689060965443324
35300 0.012665232788319407 0.012665232788319407 11.288965917082658 0.3567177369770272 0.051689060965443324
35350 0.012665232788319407 0.012665232788319407 11.288965917082658 0.3567177369770272 0.051689060965443324
35400 0.012665232788319407 0.012665232788319407 11.288965917082658 0.3567177369770272 0.051689060965443324
35450 0.012665232788319407 0.012665232788319407 11.288965917082658 0.3567177369770272 0.051689060965443324
35500 0.012665232788319407 0.012665232788319407 11.288965917082658 0.3567177369770272 0.051689060965443324
35550 0.012665232788319407 0.012665232788319407 11.288965917082658 0.3567177369770272 0.051689060965443324
35600 0.012665232788319407 0.012665232788319407 11.288965917082658 0.3567177369770272 0.051689060965443324
35650 0.012665232788319407 0.012665232788319407 11.288965917082658 0.3567177369770272 0.051689060965443324
35700 0.012665232788319407 0.012665232788319407 11.288965917082658 0.3567177369770272 0.051689060965443324
35750 0.012665232788319407 0.012665232788319407 11.288965917082658 0.3567177369770272 0.051689060965443324
35800 0.012665232788319407 0.012665232788319407 11.288965917082658 0.3567177369770272 0.051689060965443324
35850 0.012665232788319407 0.012665232788319407 11.288965917082658 0.3567177369770272 0.051689060965443324
35900 0.012665232788319407 0.012665232788319407 11.288965917082658 0.3567177369770272 0.051689060965443324
35950 0.012665232788319407 0.012665232788319407 11.288965917082658 0.3567177369770272 0.051689060965443324
*---*---*---*---*---*---*---*---*---*---*---*---*---*---*---*---*---*---*---*---*
Status: Finished
Last individual
0.012665232788319407 0.012665232788319407 11.288965917082658 0.3567177369770272 0.051689060965443324
Hall of fame
0.012665232788319407 0.012665232788319407 11.288965917082658 0.3567177369770272 0.051689060965443324
Last factible individual
0.012665232788319407 0.012665232788319407 11.288965917082658 0.3567177369770272 0.051689060965443324
CPU time used (seconds)
1.6043364369998017
