*---*---*---*---*---*---*---*---*---*---*---*---*---*---*---*---*---*---*---*---*
Algorithm: Differential Evolution
Constrainth handling method: APM
Function: 21
Case: continuous
Seed: 20
Parents size: 50
Offsprings size: 50
maxFe: 36000
CR: 0.9
F: 0.6
rweights: -
*---*---*---*---*---*---*---*---*---*---*---*---*---*---*---*---*---*---*---*---*
ngen ObjectiveFunction Fitness ProjectVariables
50 0.22244680933316785 0.22244680933316785 11.821806784344712 1.130839181105653 0.11929720200944112
100 0.22244680933316785 0.22244680933316785 11.821806784344712 1.130839181105653 0.11929720200944112
150 0.22244680933316785 0.22244680933316785 11.821806784344712 1.130839181105653 0.11929720200944112
200 0.22244680933316785 0.22244680933316785 11.821806784344712 1.130839181105653 0.11929720200944112
250 0.09273401490052828 0.09273401490052828 7.421902218698627 1.0777499836146192 0.09556331851845573
300 0.06045250314198946 0.06045250314198946 15 0.6462268172500708 0.07418057497164066
350 0.04084753507358901 0.04084753507358901 10.542177990331574 0.7386184967349669 0.06640279466664406
400 0.02064834273847065 0.02064834273847065 8.750339994737061 0.5432672087405428 0.05945997938826458
450 0.02064834273847065 0.02064834273847065 8.750339994737061 0.5432672087405428 0.05945997938826458
500 0.016016284721203422 0.016016284721203422 5.088736086142662 0.5929355535550501 0.06172949730061464
550 0.016016284721203422 0.016016284721203422 5.088736086142662 0.5929355535550501 0.06172949730061464
600 0.016016284721203422 0.016016284721203422 5.088736086142662 0.5929355535550501 0.06172949730061464
650 0.016016284721203422 0.016016284721203422 5.088736086142662 0.5929355535550501 0.06172949730061464
700 0.016016284721203422 0.016016284721203422 5.088736086142662 0.5929355535550501 0.06172949730061464
750 0.016016284721203422 0.016016284721203422 5.088736086142662 0.5929355535550501 0.06172949730061464
800 0.015248501320690255 0.015248501320690255 3.884716526424489 0.6662991063785815 0.062361448160633555
850 0.014793349589088508 0.014793349589088508 12.10067037437937 0.3761338242459493 0.052813163838051375
900 0.014793349589088508 0.014793349589088508 12.10067037437937 0.3761338242459493 0.052813163838051375
950 0.014793349589088508 0.014793349589088508 12.10067037437937 0.3761338242459493 0.052813163838051375
1000 0.014793349589088508 0.014793349589088508 12.10067037437937 0.3761338242459493 0.052813163838051375
1050 0.014793349589088508 0.014793349589088508 12.10067037437937 0.3761338242459493 0.052813163838051375
1100 0.014793349589088508 0.014793349589088508 12.10067037437937 0.3761338242459493 0.052813163838051375
1150 0.014793349589088508 0.014793349589088508 12.10067037437937 0.3761338242459493 0.052813163838051375
1200 0.0144163047754155 0.0144163047754155 9.16921766207542 0.4208753558344195 0.055378202123656246
1250 0.013968620208592991 0.013968620208592991 10.203809077291767 0.3963798577755969 0.0537369810000449
1300 0.013968620208592991 0.013968620208592991 10.203809077291767 0.3963798577755969 0.0537369810000449
1350 0.013968620208592991 0.013968620208592991 10.203809077291767 0.3963798577755969 0.0537369810000449
1400 0.013968620208592991 0.013968620208592991 10.203809077291767 0.3963798577755969 0.0537369810000449
1450 0.013968620208592991 0.013968620208592991 10.203809077291767 0.3963798577755969 0.0537369810000449
1500 0.013968620208592991 0.013968620208592991 10.203809077291767 0.3963798577755969 0.0537369810000449
1550 0.013968620208592991 0.013968620208592991 10.203809077291767 0.3963798577755969 0.0537369810000449
1600 0.013968620208592991 0.013968620208592991 10.203809077291767 0.3963798577755969 0.0537369810000449
1650 0.013968620208592991 0.013968620208592991 10.203809077291767 0.3963798577755969 0.0537369810000449
1700 0.013968620208592991 0.013968620208592991 10.203809077291767 0.3963798577755969 0.0537369810000449
1750 0.01325713768956306 0.01325713768956306 8.75766927907936 0.416198177719861 0.05441463268681849
1800 0.01325713768956306 0.01325713768956306 8.75766927907936 0.416198177719861 0.05441463268681849
1850 0.01325713768956306 0.01325713768956306 8.75766927907936 0.416198177719861 0.05441463268681849
1900 0.01325713768956306 0.01325713768956306 8.75766927907936 0.416198177719861 0.05441463268681849
1950 0.013113480494966122 0.013113480494966122 7.624330871767226 0.4452967536635447 0.05531576848258392
2000 0.013113480494966122 0.013113480494966122 7.624330871767226 0.4452967536635447 0.05531576848258392
2050 0.013104828015278956 0.013104828015278956 8.577595220645236 0.41911270668235795 0.054369680020884034
2100 0.013104828015278956 0.013104828015278956 8.577595220645236 0.41911270668235795 0.054369680020884034
2150 0.013104828015278956 0.013104828015278956 8.577595220645236 0.41911270668235795 0.054369680020884034
2200 0.013104828015278956 0.013104828015278956 8.577595220645236 0.41911270668235795 0.054369680020884034
2250 0.013104828015278956 0.013104828015278956 8.577595220645236 0.41911270668235795 0.054369680020884034
2300 0.013104828015278956 0.013104828015278956 8.577595220645236 0.41911270668235795 0.054369680020884034
2350 0.013104828015278956 0.013104828015278956 8.577595220645236 0.41911270668235795 0.054369680020884034
2400 0.013059449029089759 0.013059449029089759 9.879128959106879 0.3887019781657407 0.05318164337493879
2450 0.012845551860269793 0.012845551860269793 10.420309263004151 0.3751472082520308 0.052506046525683504
2500 0.012845551860269793 0.012845551860269793 10.420309263004151 0.3751472082520308 0.052506046525683504
2550 0.012845551860269793 0.012845551860269793 10.420309263004151 0.3751472082520308 0.052506046525683504
2600 0.012845551860269793 0.012845551860269793 10.420309263004151 0.3751472082520308 0.052506046525683504
2650 0.012845551860269793 0.012845551860269793 10.420309263004151 0.3751472082520308 0.052506046525683504
2700 0.012845551860269793 0.012845551860269793 10.420309263004151 0.3751472082520308 0.052506046525683504
2750 0.012845551860269793 0.012845551860269793 10.420309263004151 0.3751472082520308 0.052506046525683504
2800 0.01284286504328306 0.01284286504328306 9.504300441749445 0.3935079750394772 0.053262810957598855
2850 0.01284286504328306 0.01284286504328306 9.504300441749445 0.3935079750394772 0.053262810957598855
2900 0.01284286504328306 0.01284286504328306 9.504300441749445 0.3935079750394772 0.053262810957598855
2950 0.01282532152834837 0.01282532152834837 10.169363747620265 0.37934138402000817 0.05270903707945021
3000 0.01282532152834837 0.01282532152834837 10.169363747620265 0.37934138402000817 0.05270903707945021
3050 0.01282532152834837 0.01282532152834837 10.169363747620265 0.37934138402000817 0.05270903707945021
3100 0.01282532152834837 0.01282532152834837 10.169363747620265 0.37934138402000817 0.05270903707945021
3150 0.012822323929541048 0.012822323929541048 9.293831159305554 0.39824748963896056 0.05339323112503841
3200 0.012799502795212032 0.012799502795212032 9.146353099692886 0.4010975026671172 0.05350633107014243
3250 0.012760242777638882 0.012760242777638882 11.696674488251086 0.3511408912909774 0.05150877219922616
3300 0.012746154613684958 0.012746154613684958 10.007183475699888 0.3818551866548616 0.05272537420531655
3350 0.012744709429903817 0.012744709429903817 10.689453291043915 0.3685624761277488 0.05220209767532863
3400 0.012741875996595032 0.012741875996595032 11.175732118963731 0.35989191018709993 0.0518374066933973
3450 0.012741875996595032 0.012741875996595032 11.175732118963731 0.35989191018709993 0.0518374066933973
3500 0.012731202444844608 0.012731202444844608 9.993743494538329 0.38178047939782195 0.052729114038605994
3550 0.012722702108251613 0.012722702108251613 11.403040384821951 0.3557340530577833 0.05165653792894524
3600 0.012722702108251613 0.012722702108251613 11.403040384821951 0.3557340530577833 0.05165653792894524
3650 0.012722702108251613 0.012722702108251613 11.403040384821951 0.3557340530577833 0.05165653792894524
3700 0.012722702108251613 0.012722702108251613 11.403040384821951 0.3557340530577833 0.05165653792894524
3750 0.012722702108251613 0.012722702108251613 11.403040384821951 0.3557340530577833 0.05165653792894524
3800 0.012722702108251613 0.012722702108251613 11.403040384821951 0.3557340530577833 0.05165653792894524
3850 0.012722702108251613 0.012722702108251613 11.403040384821951 0.3557340530577833 0.05165653792894524
3900 0.012722702108251613 0.012722702108251613 11.403040384821951 0.3557340530577833 0.05165653792894524
3950 0.012722702108251613 0.012722702108251613 11.403040384821951 0.3557340530577833 0.05165653792894524
4000 0.012688592762235655 0.012688592762235655 10.643648658814572 0.3684746053895898 0.05218752954606392
4050 0.012688592762235655 0.012688592762235655 10.643648658814572 0.3684746053895898 0.05218752954606392
4100 0.012688592762235655 0.012688592762235655 10.643648658814572 0.3684746053895898 0.05218752954606392
4150 0.012688592762235655 0.012688592762235655 10.643648658814572 0.3684746053895898 0.05218752954606392
4200 0.012688592762235655 0.012688592762235655 10.643648658814572 0.3684746053895898 0.05218752954606392
4250 0.012688592762235655 0.012688592762235655 10.643648658814572 0.3684746053895898 0.05218752954606392
4300 0.012688592762235655 0.012688592762235655 10.643648658814572 0.3684746053895898 0.05218752954606392
4350 0.012688592762235655 0.012688592762235655 10.643648658814572 0.3684746053895898 0.05218752954606392
4400 0.012688592762235655 0.012688592762235655 10.643648658814572 0.3684746053895898 0.05218752954606392
4450 0.012688592762235655 0.012688592762235655 10.643648658814572 0.3684746053895898 0.05218752954606392
4500 0.012688592762235655 0.012688592762235655 10.643648658814572 0.3684746053895898 0.05218752954606392
4550 0.012688592762235655 0.012688592762235655 10.643648658814572 0.3684746053895898 0.05218752954606392
4600 0.012688592762235655 0.012688592762235655 10.643648658814572 0.3684746053895898 0.05218752954606392
4650 0.012688592762235655 0.012688592762235655 10.643648658814572 0.3684746053895898 0.05218752954606392
4700 0.012688592762235655 0.012688592762235655 10.643648658814572 0.3684746053895898 0.05218752954606392
4750 0.012688592762235655 0.012688592762235655 10.643648658814572 0.3684746053895898 0.05218752954606392
4800 0.012688592762235655 0.012688592762235655 10.643648658814572 0.3684746053895898 0.05218752954606392
4850 0.012686114070139446 0.012686114070139446 11.077311110464978 0.360748499118921 0.05185645349954699
4900 0.012686114070139446 0.012686114070139446 11.077311110464978 0.360748499118921 0.05185645349954699
4950 0.012673037113784763 0.012673037113784763 11.198221104363762 0.3583922525355959 0.05176108211876508
5000 0.012673037113784763 0.012673037113784763 11.198221104363762 0.3583922525355959 0.05176108211876508
5050 0.012673037113784763 0.012673037113784763 11.198221104363762 0.3583922525355959 0.05176108211876508
5100 0.012673037113784763 0.012673037113784763 11.198221104363762 0.3583922525355959 0.05176108211876508
5150 0.012670632494695648 0.012670632494695648 10.867835623839927 0.36417684160400166 0.051998430170498586
5200 0.012670632494695648 0.012670632494695648 10.867835623839927 0.36417684160400166 0.051998430170498586
5250 0.012670632494695648 0.012670632494695648 10.867835623839927 0.36417684160400166 0.051998430170498586
5300 0.012670632494695648 0.012670632494695648 10.867835623839927 0.36417684160400166 0.051998430170498586
5350 0.012670632494695648 0.012670632494695648 10.867835623839927 0.36417684160400166 0.051998430170498586
5400 0.012670632494695648 0.012670632494695648 10.867835623839927 0.36417684160400166 0.051998430170498586
5450 0.012670632494695648 0.012670632494695648 10.867835623839927 0.36417684160400166 0.051998430170498586
5500 0.012670632494695648 0.012670632494695648 10.867835623839927 0.36417684160400166 0.051998430170498586
5550 0.012670632494695648 0.012670632494695648 10.867835623839927 0.36417684160400166 0.051998430170498586
5600 0.012670632494695648 0.012670632494695648 10.867835623839927 0.36417684160400166 0.051998430170498586
5650 0.012670632494695648 0.012670632494695648 10.867835623839927 0.36417684160400166 0.051998430170498586
5700 0.012670509312410596 0.012670509312410596 11.078696218820381 0.36041522617241684 0.051845759984349524
5750 0.012670509312410596 0.012670509312410596 11.078696218820381 0.36041522617241684 0.051845759984349524
5800 0.012668682835028275 0.012668682835028275 11.473878547512228 0.3536438970235994 0.05156278113165614
5850 0.012668682835028275 0.012668682835028275 11.473878547512228 0.3536438970235994 0.05156278113165614
5900 0.012668682835028275 0.012668682835028275 11.473878547512228 0.3536438970235994 0.05156278113165614
5950 0.012668682835028275 0.012668682835028275 11.473878547512228 0.3536438970235994 0.05156278113165614
6000 0.012668682835028275 0.012668682835028275 11.473878547512228 0.3536438970235994 0.05156278113165614
6050 0.012668682835028275 0.012668682835028275 11.473878547512228 0.3536438970235994 0.05156278113165614
6100 0.012668682835028275 0.012668682835028275 11.473878547512228 0.3536438970235994 0.05156278113165614
6150 0.01266718199854412 0.01266718199854412 11.22595531300113 0.3578225225858298 0.05173597560566092
6200 0.01266718199854412 0.01266718199854412 11.22595531300113 0.3578225225858298 0.05173597560566092
6250 0.01266718199854412 0.01266718199854412 11.22595531300113 0.3578225225858298 0.05173597560566092
6300 0.01266718199854412 0.01266718199854412 11.22595531300113 0.3578225225858298 0.05173597560566092
6350 0.012666465252946938 0.012666465252946938 11.257648227307577 0.35726897193806595 0.051712653398596646
6400 0.012666465252946938 0.012666465252946938 11.257648227307577 0.35726897193806595 0.051712653398596646
6450 0.012666465252946938 0.012666465252946938 11.257648227307577 0.35726897193806595 0.051712653398596646
6500 0.012666465252946938 0.012666465252946938 11.257648227307577 0.35726897193806595 0.051712653398596646
6550 0.012666465252946938 0.012666465252946938 11.257648227307577 0.35726897193806595 0.051712653398596646
6600 0.012666465252946938 0.012666465252946938 11.257648227307577 0.35726897193806595 0.051712653398596646
6650 0.012666465252946938 0.012666465252946938 11.257648227307577 0.35726897193806595 0.051712653398596646
6700 0.012666167551928925 0.012666167551928925 11.141334236596533 0.35927097261114566 0.051795474841191826
6750 0.012666167551928925 0.012666167551928925 11.141334236596533 0.35927097261114566 0.051795474841191826
6800 0.012666167551928925 0.012666167551928925 11.141334236596533 0.35927097261114566 0.051795474841191826
6850 0.012666167551928925 0.012666167551928925 11.141334236596533 0.35927097261114566 0.051795474841191826
6900 0.012666167551928925 0.012666167551928925 11.141334236596533 0.35927097261114566 0.051795474841191826
6950 0.012666167551928925 0.012666167551928925 11.141334236596533 0.35927097261114566 0.051795474841191826
7000 0.012666167551928925 0.012666167551928925 11.141334236596533 0.35927097261114566 0.051795474841191826
7050 0.01266579508259015 0.01266579508259015 11.41887819695433 0.3545266701118634 0.05159809496477946
7100 0.01266579508259015 0.01266579508259015 11.41887819695433 0.3545266701118634 0.05159809496477946
7150 0.012665540164255118 0.012665540164255118 11.325330656331273 0.35610376229608054 0.051663589857903605
7200 0.012665540164255118 0.012665540164255118 11.325330656331273 0.35610376229608054 0.051663589857903605
7250 0.012665540164255118 0.012665540164255118 11.325330656331273 0.35610376229608054 0.051663589857903605
7300 0.012665540164255118 0.012665540164255118 11.325330656331273 0.35610376229608054 0.051663589857903605
7350 0.012665540164255118 0.012665540164255118 11.325330656331273 0.35610376229608054 0.051663589857903605
7400 0.012665540164255118 0.012665540164255118 11.325330656331273 0.35610376229608054 0.051663589857903605
7450 0.012665540164255118 0.012665540164255118 11.325330656331273 0.35610376229608054 0.051663589857903605
7500 0.012665540164255118 0.012665540164255118 11.325330656331273 0.35610376229608054 0.051663589857903605
7550 0.012665540164255118 0.012665540164255118 11.325330656331273 0.35610376229608054 0.051663589857903605
7600 0.012665540164255118 0.012665540164255118 11.325330656331273 0.35610376229608054 0.051663589857903605
7650 0.012665540164255118 0.012665540164255118 11.325330656331273 0.35610376229608054 0.051663589857903605
7700 0.012665540164255118 0.012665540164255118 11.325330656331273 0.35610376229608054 0.051663589857903605
7750 0.012665540164255118 0.012665540164255118 11.325330656331273 0.35610376229608054 0.051663589857903605
7800 0.012665540164255118 0.012665540164255118 11.325330656331273 0.35610376229608054 0.051663589857903605
7850 0.012665446537995298 0.012665446537995298 11.336531416267086 0.3559122218863138 0.05165559352486785
7900 0.012665446537995298 0.012665446537995298 11.336531416267086 0.3559122218863138 0.05165559352486785
7950 0.012665446537995298 0.012665446537995298 11.336531416267086 0.3559122218863138 0.05165559352486785
8000 0.012665446537995298 0.012665446537995298 11.336531416267086 0.3559122218863138 0.05165559352486785
8050 0.012665446537995298 0.012665446537995298 11.336531416267086 0.3559122218863138 0.05165559352486785
8100 0.012665446537995298 0.012665446537995298 11.336531416267086 0.3559122218863138 0.05165559352486785
8150 0.01266536607033379 0.01266536607033379 11.32577824721881 0.35609356637670947 0.051663106748789434
8200 0.01266536607033379 0.01266536607033379 11.32577824721881 0.35609356637670947 0.051663106748789434
8250 0.01266536607033379 0.01266536607033379 11.32577824721881 0.35609356637670947 0.051663106748789434
8300 0.01266536607033379 0.01266536607033379 11.32577824721881 0.35609356637670947 0.051663106748789434
8350 0.01266536607033379 0.01266536607033379 11.32577824721881 0.35609356637670947 0.051663106748789434
8400 0.01266536607033379 0.01266536607033379 11.32577824721881 0.35609356637670947 0.051663106748789434
8450 0.012665326600680848 0.012665326600680848 11.268454002636279 0.35706959960212237 0.0517036968812834
8500 0.012665326600680848 0.012665326600680848 11.268454002636279 0.35706959960212237 0.0517036968812834
8550 0.012665326600680848 0.012665326600680848 11.268454002636279 0.35706959960212237 0.0517036968812834
8600 0.012665326600680848 0.012665326600680848 11.268454002636279 0.35706959960212237 0.0517036968812834
8650 0.012665326600680848 0.012665326600680848 11.268454002636279 0.35706959960212237 0.0517036968812834
8700 0.012665326600680848 0.012665326600680848 11.268454002636279 0.35706959960212237 0.0517036968812834
8750 0.012665326600680848 0.012665326600680848 11.268454002636279 0.35706959960212237 0.0517036968812834
8800 0.012665298590160254 0.012665298590160254 11.272190516425484 0.3570052465776069 0.05170102027348894
8850 0.012665298590160254 0.012665298590160254 11.272190516425484 0.3570052465776069 0.05170102027348894
8900 0.012665298590160254 0.012665298590160254 11.272190516425484 0.3570052465776069 0.05170102027348894
8950 0.012665298590160254 0.012665298590160254 11.272190516425484 0.3570052465776069 0.05170102027348894
9000 0.012665298590160254 0.012665298590160254 11.272190516425484 0.3570052465776069 0.05170102027348894
9050 0.012665298590160254 0.012665298590160254 11.272190516425484 0.3570052465776069 0.05170102027348894
9100 0.012665298590160254 0.012665298590160254 11.272190516425484 0.3570052465776069 0.05170102027348894
9150 0.012665298590160254 0.012665298590160254 11.272190516425484 0.3570052465776069 0.05170102027348894
9200 0.012665298590160254 0.012665298590160254 11.272190516425484 0.3570052465776069 0.05170102027348894
9250 0.012665298590160254 0.012665298590160254 11.272190516425484 0.3570052465776069 0.05170102027348894
9300 0.012665298056966444 0.012665298056966444 11.342455397498805 0.35580927047660005 0.05165129300662573
9350 0.012665298056966444 0.012665298056966444 11.342455397498805 0.35580927047660005 0.05165129300662573
9400 0.012665298056966444 0.012665298056966444 11.342455397498805 0.35580927047660005 0.05165129300662573
9450 0.012665264679532624 0.012665264679532624 11.242609263752156 0.3575112360861016 0.05172202320311489
9500 0.012665264679532624 0.012665264679532624 11.242609263752156 0.3575112360861016 0.05172202320311489
9550 0.012665264679532624 0.012665264679532624 11.242609263752156 0.3575112360861016 0.05172202320311489
9600 0.012665264679532624 0.012665264679532624 11.242609263752156 0.3575112360861016 0.05172202320311489
9650 0.012665264679532624 0.012665264679532624 11.242609263752156 0.3575112360861016 0.05172202320311489
9700 0.012665264679532624 0.012665264679532624 11.242609263752156 0.3575112360861016 0.05172202320311489
9750 0.012665264679532624 0.012665264679532624 11.242609263752156 0.3575112360861016 0.05172202320311489
9800 0.012665264679532624 0.012665264679532624 11.242609263752156 0.3575112360861016 0.05172202320311489
9850 0.012665264679532624 0.012665264679532624 11.242609263752156 0.3575112360861016 0.05172202320311489
9900 0.012665264679532624 0.012665264679532624 11.242609263752156 0.3575112360861016 0.05172202320311489
9950 0.012665264679532624 0.012665264679532624 11.242609263752156 0.3575112360861016 0.05172202320311489
10000 0.012665264679532624 0.012665264679532624 11.242609263752156 0.3575112360861016 0.05172202320311489
10050 0.012665264679532624 0.012665264679532624 11.242609263752156 0.3575112360861016 0.05172202320311489
10100 0.012665264679532624 0.012665264679532624 11.242609263752156 0.3575112360861016 0.05172202320311489
10150 0.012665264679532624 0.012665264679532624 11.242609263752156 0.3575112360861016 0.05172202320311489
10200 0.012665249139884564 0.012665249139884564 11.293380615087665 0.3566426853752523 0.05168594822758204
10250 0.012665249139884564 0.012665249139884564 11.293380615087665 0.3566426853752523 0.05168594822758204
10300 0.012665249139884564 0.012665249139884564 11.293380615087665 0.3566426853752523 0.05168594822758204
10350 0.012665249139884564 0.012665249139884564 11.293380615087665 0.3566426853752523 0.05168594822758204
10400 0.012665249139884564 0.012665249139884564 11.293380615087665 0.3566426853752523 0.05168594822758204
10450 0.012665249139884564 0.012665249139884564 11.293380615087665 0.3566426853752523 0.05168594822758204
10500 0.012665249139884564 0.012665249139884564 11.293380615087665 0.3566426853752523 0.05168594822758204
10550 0.012665249139884564 0.012665249139884564 11.293380615087665 0.3566426853752523 0.05168594822758204
10600 0.012665249139884564 0.012665249139884564 11.293380615087665 0.3566426853752523 0.05168594822758204
10650 0.012665249139884564 0.012665249139884564 11.293380615087665 0.3566426853752523 0.05168594822758204
10700 0.012665249139884564 0.012665249139884564 11.293380615087665 0.3566426853752523 0.05168594822758204
10750 0.012665249139884564 0.012665249139884564 11.293380615087665 0.3566426853752523 0.05168594822758204
10800 0.012665249139884564 0.012665249139884564 11.293380615087665 0.3566426853752523 0.05168594822758204
10850 0.012665249139884564 0.012665249139884564 11.293380615087665 0.3566426853752523 0.05168594822758204
10900 0.012665249139884564 0.012665249139884564 11.293380615087665 0.3566426853752523 0.05168594822758204
10950 0.012665249139884564 0.012665249139884564 11.293380615087665 0.3566426853752523 0.05168594822758204
11000 0.012665249139884564 0.012665249139884564 11.293380615087665 0.3566426853752523 0.05168594822758204
11050 0.012665245968525767 0.012665245968525767 11.275094170400646 0.3569547798489513 0.051698912546878285
11100 0.012665245968525767 0.012665245968525767 11.275094170400646 0.3569547798489513 0.051698912546878285
11150 0.012665245968525767 0.012665245968525767 11.275094170400646 0.3569547798489513 0.051698912546878285
11200 0.012665245968525767 0.012665245968525767 11.275094170400646 0.3569547798489513 0.051698912546878285
11250 0.012665241179456157 0.012665241179456157 11.298610929117467 0.3565534475434943 0.0516822332786036
11300 0.012665241179456157 0.012665241179456157 11.298610929117467 0.3565534475434943 0.0516822332786036
11350 0.012665241179456157 0.012665241179456157 11.298610929117467 0.3565534475434943 0.0516822332786036
11400 0.012665241179456157 0.012665241179456157 11.298610929117467 0.3565534475434943 0.0516822332786036
11450 0.012665241179456157 0.012665241179456157 11.298610929117467 0.3565534475434943 0.0516822332786036
11500 0.012665236141561868 0.012665236141561868 11.283076554215047 0.3568182730110747 0.05169324131246052
11550 0.012665236141561868 0.012665236141561868 11.283076554215047 0.3568182730110747 0.05169324131246052
11600 0.012665236141561868 0.012665236141561868 11.283076554215047 0.3568182730110747 0.05169324131246052
11650 0.012665236141561868 0.012665236141561868 11.283076554215047 0.3568182730110747 0.05169324131246052
11700 0.012665236141561868 0.012665236141561868 11.283076554215047 0.3568182730110747 0.05169324131246052
11750 0.012665236141561868 0.012665236141561868 11.283076554215047 0.3568182730110747 0.05169324131246052
11800 0.012665236141561868 0.012665236141561868 11.283076554215047 0.3568182730110747 0.05169324131246052
11850 0.012665236141561868 0.012665236141561868 11.283076554215047 0.3568182730110747 0.05169324131246052
11900 0.012665236141561868 0.012665236141561868 11.283076554215047 0.3568182730110747 0.05169324131246052
11950 0.012665236141561868 0.012665236141561868 11.283076554215047 0.3568182730110747 0.05169324131246052
12000 0.012665236141561868 0.012665236141561868 11.283076554215047 0.3568182730110747 0.05169324131246052
12050 0.012665236141561868 0.012665236141561868 11.283076554215047 0.3568182730110747 0.05169324131246052
12100 0.012665236141561868 0.012665236141561868 11.283076554215047 0.3568182730110747 0.05169324131246052
12150 0.012665236141561868 0.012665236141561868 11.283076554215047 0.3568182730110747 0.05169324131246052
12200 0.012665236141561868 0.012665236141561868 11.283076554215047 0.3568182730110747 0.05169324131246052
12250 0.012665235650715137 0.012665235650715137 11.282586016079703 0.3568266382163164 0.05169358889580884
12300 0.012665235650715137 0.012665235650715137 11.282586016079703 0.3568266382163164 0.05169358889580884
12350 0.012665235650715137 0.012665235650715137 11.282586016079703 0.3568266382163164 0.05169358889580884
12400 0.012665235650715137 0.012665235650715137 11.282586016079703 0.3568266382163164 0.05169358889580884
12450 0.012665235650715137 0.012665235650715137 11.282586016079703 0.3568266382163164 0.05169358889580884
12500 0.012665235650715137 0.012665235650715137 11.282586016079703 0.3568266382163164 0.05169358889580884
12550 0.012665234836660419 0.012665234836660419 11.285970168506921 0.3567688762883293 0.05169118718642108
12600 0.012665234836660419 0.012665234836660419 11.285970168506921 0.3567688762883293 0.05169118718642108
12650 0.012665234836660419 0.012665234836660419 11.285970168506921 0.3567688762883293 0.05169118718642108
12700 0.012665234697464507 0.012665234697464507 11.287758028625051 0.3567383719723243 0.05168991910889565
12750 0.012665234697464507 0.012665234697464507 11.287758028625051 0.3567383719723243 0.05168991910889565
12800 0.012665234697464507 0.012665234697464507 11.287758028625051 0.3567383719723243 0.05168991910889565
12850 0.012665233619008263 0.012665233619008263 11.285607559165873 0.3567750457006588 0.051691443176518685
12900 0.012665233619008263 0.012665233619008263 11.285607559165873 0.3567750457006588 0.051691443176518685
12950 0.012665233619008263 0.012665233619008263 11.285607559165873 0.3567750457006588 0.051691443176518685
13000 0.012665233619008263 0.012665233619008263 11.285607559165873 0.3567750457006588 0.051691443176518685
13050 0.012665233619008263 0.012665233619008263 11.285607559165873 0.3567750457006588 0.051691443176518685
13100 0.012665233569830752 0.012665233569830752 11.292326882018056 0.35666043138425263 0.05168667917587557
13150 0.012665233352620776 0.012665233352620776 11.289027731165488 0.35671669140475093 0.051689017653314996
13200 0.012665233352620776 0.012665233352620776 11.289027731165488 0.35671669140475093 0.051689017653314996
13250 0.012665233352620776 0.012665233352620776 11.289027731165488 0.35671669140475093 0.051689017653314996
13300 0.012665233100430794 0.012665233100430794 11.293107306380758 0.35664711995032244 0.05168612549540917
13350 0.012665233100430794 0.012665233100430794 11.293107306380758 0.35664711995032244 0.05168612549540917
13400 0.012665233100430794 0.012665233100430794 11.293107306380758 0.35664711995032244 0.05168612549540917
13450 0.012665233100430794 0.012665233100430794 11.293107306380758 0.35664711995032244 0.05168612549540917
13500 0.012665233100430794 0.012665233100430794 11.293107306380758 0.35664711995032244 0.05168612549540917
13550 0.012665233100430794 0.012665233100430794 11.293107306380758 0.35664711995032244 0.05168612549540917
13600 0.012665233100430794 0.012665233100430794 11.293107306380758 0.35664711995032244 0.05168612549540917
13650 0.012665233031864275 0.012665233031864275 11.285912080801547 0.3567698399092341 0.05169122669543233
13700 0.012665233031864275 0.012665233031864275 11.285912080801547 0.3567698399092341 0.05169122669543233
13750 0.012665233031864275 0.012665233031864275 11.285912080801547 0.3567698399092341 0.05169122669543233
13800 0.012665232912364223 0.012665232912364223 11.290494808803151 0.356691662592362 0.05168797717750452
13850 0.012665232912364223 0.012665232912364223 11.290494808803151 0.356691662592362 0.05168797717750452
13900 0.012665232890501244 0.012665232890501244 11.286064198933033 0.3567672419888813 0.05169111869012866
13950 0.012665232890501244 0.012665232890501244 11.286064198933033 0.3567672419888813 0.05169111869012866
14000 0.012665232890501244 0.012665232890501244 11.286064198933033 0.3567672419888813 0.05169111869012866
14050 0.012665232890501244 0.012665232890501244 11.286064198933033 0.3567672419888813 0.05169111869012866
14100 0.012665232890501244 0.012665232890501244 11.286064198933033 0.3567672419888813 0.05169111869012866
14150 0.012665232890501244 0.012665232890501244 11.286064198933033 0.3567672419888813 0.05169111869012866
14200 0.012665232890501244 0.012665232890501244 11.286064198933033 0.3567672419888813 0.05169111869012866
14250 0.012665232890501244 0.012665232890501244 11.286064198933033 0.3567672419888813 0.05169111869012866
14300 0.012665232890501244 0.012665232890501244 11.286064198933033 0.3567672419888813 0.05169111869012866
14350 0.012665232890501244 0.012665232890501244 11.286064198933033 0.3567672419888813 0.05169111869012866
14400 0.012665232890501244 0.012665232890501244 11.286064198933033 0.3567672419888813 0.05169111869012866
14450 0.012665232885191419 0.012665232885191419 11.289606782215838 0.35670680741712313 0.05168860670231423
14500 0.012665232885191419 0.012665232885191419 11.289606782215838 0.35670680741712313 0.05168860670231423
14550 0.012665232885191419 0.012665232885191419 11.289606782215838 0.35670680741712313 0.05168860670231423
14600 0.012665232885191419 0.012665232885191419 11.289606782215838 0.35670680741712313 0.05168860670231423
14650 0.012665232885191419 0.012665232885191419 11.289606782215838 0.35670680741712313 0.05168860670231423
14700 0.012665232885191419 0.012665232885191419 11.289606782215838 0.35670680741712313 0.05168860670231423
14750 0.012665232885191419 0.012665232885191419 11.289606782215838 0.35670680741712313 0.05168860670231423
14800 0.012665232885191419 0.012665232885191419 11.289606782215838 0.35670680741712313 0.05168860670231423
14850 0.012665232885191419 0.012665232885191419 11.289606782215838 0.35670680741712313 0.05168860670231423
14900 0.01266523286102364 0.01266523286102364 11.28681687886077 0.3567543992251274 0.05169058487062071
14950 0.012665232851174097 0.012665232851174097 11.287094872560932 0.35674965598572156 0.05169038773707794
15000 0.012665232851174097 0.012665232851174097 11.287094872560932 0.35674965598572156 0.05169038773707794
15050 0.012665232851174097 0.012665232851174097 11.287094872560932 0.35674965598572156 0.05169038773707794
15100 0.012665232851174097 0.012665232851174097 11.287094872560932 0.35674965598572156 0.05169038773707794
15150 0.012665232851174097 0.012665232851174097 11.287094872560932 0.35674965598572156 0.05169038773707794
15200 0.012665232851174097 0.012665232851174097 11.287094872560932 0.35674965598572156 0.05169038773707794
15250 0.012665232851174097 0.012665232851174097 11.287094872560932 0.35674965598572156 0.05169038773707794
15300 0.012665232817199277 0.012665232817199277 11.288673300909302 0.356722728606467 0.051689268468638125
15350 0.012665232817199277 0.012665232817199277 11.288673300909302 0.356722728606467 0.051689268468638125
15400 0.012665232817199277 0.012665232817199277 11.288673300909302 0.356722728606467 0.051689268468638125
15450 0.012665232817199277 0.012665232817199277 11.288673300909302 0.356722728606467 0.051689268468638125
15500 0.012665232817199277 0.012665232817199277 11.288673300909302 0.356722728606467 0.051689268468638125
15550 0.012665232817199277 0.012665232817199277 11.288673300909302 0.356722728606467 0.051689268468638125
15600 0.012665232817199277 0.012665232817199277 11.288673300909302 0.356722728606467 0.051689268468638125
15650 0.012665232816174057 0.012665232816174057 11.288707214699418 0.35672215007080105 0.05168924442405862
15700 0.012665232816174057 0.012665232816174057 11.288707214699418 0.35672215007080105 0.05168924442405862
15750 0.012665232816174057 0.012665232816174057 11.288707214699418 0.35672215007080105 0.05168924442405862
15800 0.01266523281319527 0.01266523281319527 11.288591567992285 0.35672412274950466 0.05168932641447489
15850 0.012665232804436854 0.012665232804436854 11.288377385252236 0.35672777622013546 0.05168947826646262
15900 0.012665232804436854 0.012665232804436854 11.288377385252236 0.35672777622013546 0.05168947826646262
15950 0.012665232804436854 0.012665232804436854 11.288377385252236 0.35672777622013546 0.05168947826646262
16000 0.012665232804436854 0.012665232804436854 11.288377385252236 0.35672777622013546 0.05168947826646262
16050 0.012665232804436854 0.012665232804436854 11.288377385252236 0.35672777622013546 0.05168947826646262
16100 0.012665232794075278 0.012665232794075278 11.289066587639901 0.35671601991662044 0.05168898959566321
16150 0.012665232794075278 0.012665232794075278 11.289066587639901 0.35671601991662044 0.05168898959566321
16200 0.012665232794075278 0.012665232794075278 11.289066587639901 0.35671601991662044 0.05168898959566321
16250 0.012665232794075278 0.012665232794075278 11.289066587639901 0.35671601991662044 0.05168898959566321
16300 0.012665232794075278 0.012665232794075278 11.289066587639901 0.35671601991662044 0.05168898959566321
16350 0.012665232794075278 0.012665232794075278 11.289066587639901 0.35671601991662044 0.05168898959566321
16400 0.012665232794075278 0.012665232794075278 11.289066587639901 0.35671601991662044 0.05168898959566321
16450 0.012665232794075278 0.012665232794075278 11.289066587639901 0.35671601991662044 0.05168898959566321
16500 0.012665232792281966 0.012665232792281966 11.289155281918879 0.35671450706139973 0.05168892670890139
16550 0.012665232792281966 0.012665232792281966 11.289155281918879 0.35671450706139973 0.05168892670890139
16600 0.012665232792281966 0.012665232792281966 11.289155281918879 0.35671450706139973 0.05168892670890139
16650 0.012665232792281966 0.012665232792281966 11.289155281918879 0.35671450706139973 0.05168892670890139
16700 0.012665232792281966 0.012665232792281966 11.289155281918879 0.35671450706139973 0.05168892670890139
16750 0.012665232792281966 0.012665232792281966 11.289155281918879 0.35671450706139973 0.05168892670890139
16800 0.012665232792281966 0.012665232792281966 11.289155281918879 0.35671450706139973 0.05168892670890139
16850 0.012665232792281966 0.012665232792281966 11.289155281918879 0.35671450706139973 0.05168892670890139
16900 0.012665232792281966 0.012665232792281966 11.289155281918879 0.35671450706139973 0.05168892670890139
16950 0.012665232792281966 0.012665232792281966 11.289155281918879 0.35671450706139973 0.05168892670890139
17000 0.012665232792281966 0.012665232792281966 11.289155281918879 0.35671450706139973 0.05168892670890139
17050 0.012665232792281966 0.012665232792281966 11.289155281918879 0.35671450706139973 0.05168892670890139
17100 0.012665232792281966 0.012665232792281966 11.289155281918879 0.35671450706139973 0.05168892670890139
17150 0.012665232792281966 0.012665232792281966 11.289155281918879 0.35671450706139973 0.05168892670890139
17200 0.012665232792281966 0.012665232792281966 11.289155281918879 0.35671450706139973 0.05168892670890139
17250 0.012665232792281966 0.012665232792281966 11.289155281918879 0.35671450706139973 0.05168892670890139
17300 0.012665232792281966 0.012665232792281966 11.289155281918879 0.35671450706139973 0.05168892670890139
17350 0.012665232792083906 0.012665232792083906 11.2886480991329 0.35672315816863515 0.05168928630956404
17400 0.012665232792083906 0.012665232792083906 11.2886480991329 0.35672315816863515 0.05168928630956404
17450 0.012665232792083906 0.012665232792083906 11.2886480991329 0.35672315816863515 0.05168928630956404
17500 0.012665232791635459 0.012665232791635459 11.2888761838237 0.35671926761699985 0.051689124591044376
17550 0.012665232791635459 0.012665232791635459 11.2888761838237 0.35671926761699985 0.051689124591044376
17600 0.012665232791187494 0.012665232791187494 11.288521120515028 0.3567253241319935 0.05168937634154651
17650 0.012665232791187494 0.012665232791187494 11.288521120515028 0.3567253241319935 0.05168937634154651
17700 0.01266523279052816 0.01266523279052816 11.28920487154219 0.3567136612136143 0.05168889154760568
17750 0.01266523279052816 0.01266523279052816 11.28920487154219 0.3567136612136143 0.05168889154760568
17800 0.01266523279052816 0.01266523279052816 11.28920487154219 0.3567136612136143 0.05168889154760568
17850 0.01266523279052816 0.01266523279052816 11.28920487154219 0.3567136612136143 0.05168889154760568
17900 0.01266523278969859 0.01266523278969859 11.288991294827039 0.3567173041292965 0.05168904297362311
17950 0.01266523278969859 0.01266523278969859 11.288991294827039 0.3567173041292965 0.05168904297362311
18000 0.01266523278969859 0.01266523278969859 11.288991294827039 0.3567173041292965 0.05168904297362311
18050 0.01266523278969859 0.01266523278969859 11.288991294827039 0.3567173041292965 0.05168904297362311
18100 0.01266523278969859 0.01266523278969859 11.288991294827039 0.3567173041292965 0.05168904297362311
18150 0.012665232789035957 0.012665232789035957 11.289081816534093 0.35671576010129463 0.05168897879227108
18200 0.012665232789035957 0.012665232789035957 11.289081816534093 0.35671576010129463 0.05168897879227108
18250 0.012665232789035957 0.012665232789035957 11.289081816534093 0.35671576010129463 0.05168897879227108
18300 0.012665232789035957 0.012665232789035957 11.289081816534093 0.35671576010129463 0.05168897879227108
18350 0.012665232789035957 0.012665232789035957 11.289081816534093 0.35671576010129463 0.05168897879227108
18400 0.012665232789035957 0.012665232789035957 11.289081816534093 0.35671576010129463 0.05168897879227108
18450 0.012665232789035957 0.012665232789035957 11.289081816534093 0.35671576010129463 0.05168897879227108
18500 0.012665232789035957 0.012665232789035957 11.289081816534093 0.35671576010129463 0.05168897879227108
18550 0.012665232789035957 0.012665232789035957 11.289081816534093 0.35671576010129463 0.05168897879227108
18600 0.012665232789035957 0.012665232789035957 11.289081816534093 0.35671576010129463 0.05168897879227108
18650 0.012665232789035957 0.012665232789035957 11.289081816534093 0.35671576010129463 0.05168897879227108
18700 0.012665232789035957 0.012665232789035957 11.289081816534093 0.35671576010129463 0.05168897879227108
18750 0.012665232788886175 0.012665232788886175 11.288993425678255 0.3567172677711603 0.05168904146205464
18800 0.012665232788733171 0.012665232788733171 11.289091375331893 0.3567155970565826 0.05168897201458429
18850 0.012665232788733171 0.012665232788733171 11.289091375331893 0.3567155970565826 0.05168897201458429
18900 0.012665232788730506 0.012665232788730506 11.289088280860485 0.35671564983725823 0.05168897420865034
18950 0.012665232788730506 0.012665232788730506 11.289088280860485 0.35671564983725823 0.05168897420865034
19000 0.012665232788730506 0.012665232788730506 11.289088280860485 0.35671564983725823 0.05168897420865034
19050 0.012665232788637655 0.012665232788637655 11.289084106049664 0.3567157210452912 0.05168897716848395
19100 0.012665232788637655 0.012665232788637655 11.289084106049664 0.3567157210452912 0.05168897716848395
19150 0.012665232788625873 0.012665232788625873 11.28896976146776 0.35671767140817867 0.05168905823999069
19200 0.012665232788625873 0.012665232788625873 11.28896976146776 0.35671767140817867 0.05168905823999069
19250 0.012665232788625873 0.012665232788625873 11.28896976146776 0.35671767140817867 0.05168905823999069
19300 0.012665232788625873 0.012665232788625873 11.28896976146776 0.35671767140817867 0.05168905823999069
19350 0.012665232788519607 0.012665232788519607 11.288936974946788 0.35671823064736646 0.05168908148606017
19400 0.012665232788519607 0.012665232788519607 11.288936974946788 0.35671823064736646 0.05168908148606017
19450 0.012665232788489059 0.012665232788489059 11.288968653770498 0.356717690299246 0.051689059025297496
19500 0.012665232788444501 0.012665232788444501 11.28896108845636 0.3567178193406391 0.051689064389147894
19550 0.012665232788433699 0.012665232788433699 11.2889635953204 0.3567177765813076 0.05168906261169969
19600 0.012665232788433699 0.012665232788433699 11.2889635953204 0.3567177765813076 0.05168906261169969
19650 0.012665232788433699 0.012665232788433699 11.2889635953204 0.3567177765813076 0.05168906261169969
19700 0.012665232788433699 0.012665232788433699 11.2889635953204 0.3567177765813076 0.05168906261169969
19750 0.012665232788352018 0.012665232788352018 11.288958855110847 0.356717857433657 0.05168906597252308
19800 0.012665232788352018 0.012665232788352018 11.288958855110847 0.356717857433657 0.05168906597252308
19850 0.012665232788352018 0.012665232788352018 11.288958855110847 0.356717857433657 0.05168906597252308
19900 0.012665232788352018 0.012665232788352018 11.288958855110847 0.356717857433657 0.05168906597252308
19950 0.012665232788352018 0.012665232788352018 11.288958855110847 0.356717857433657 0.05168906597252308
20000 0.012665232788352018 0.012665232788352018 11.288958855110847 0.356717857433657 0.05168906597252308
20050 0.012665232788352018 0.012665232788352018 11.288958855110847 0.356717857433657 0.05168906597252308
20100 0.012665232788352018 0.012665232788352018 11.288958855110847 0.356717857433657 0.05168906597252308
20150 0.012665232788352018 0.012665232788352018 11.288958855110847 0.356717857433657 0.05168906597252308
20200 0.012665232788352018 0.012665232788352018 11.288958855110847 0.356717857433657 0.05168906597252308
20250 0.012665232788352018 0.012665232788352018 11.288958855110847 0.356717857433657 0.05168906597252308
20300 0.012665232788352018 0.012665232788352018 11.288958855110847 0.356717857433657 0.05168906597252308
20350 0.012665232788352018 0.012665232788352018 11.288958855110847 0.356717857433657 0.05168906597252308
20400 0.012665232788352018 0.012665232788352018 11.288958855110847 0.356717857433657 0.05168906597252308
20450 0.012665232788352018 0.012665232788352018 11.288958855110847 0.356717857433657 0.05168906597252308
20500 0.012665232788352018 0.012665232788352018 11.288958855110847 0.356717857433657 0.05168906597252308
20550 0.012665232788350333 0.012665232788350333 11.2889574211281 0.35671788189314263 0.05168906698923544
20600 0.012665232788350333 0.012665232788350333 11.2889574211281 0.35671788189314263 0.05168906698923544
20650 0.012665232788345046 0.012665232788345046 11.288941535891402 0.3567181528484828 0.05168907825210257
20700 0.012665232788335647 0.012665232788335647 11.288998069718778 0.3567171885502159 0.051689038168809584
20750 0.012665232788335647 0.012665232788335647 11.288998069718778 0.3567171885502159 0.051689038168809584
20800 0.012665232788335647 0.012665232788335647 11.288998069718778 0.3567171885502159 0.051689038168809584
20850 0.012665232788345046 0.012665232788345046 11.288941535891402 0.3567181528484828 0.05168907825210257
20900 0.012665232788345046 0.012665232788345046 11.288941535891402 0.3567181528484828 0.05168907825210257
20950 0.012665232788345046 0.012665232788345046 11.288941535891402 0.3567181528484828 0.05168907825210257
21000 0.012665232788327546 0.012665232788327546 11.288958695989441 0.35671786014751106 0.05168906608531325
21050 0.012665232788327546 0.012665232788327546 11.288958695989441 0.35671786014751106 0.05168906608531325
21100 0.012665232788327546 0.012665232788327546 11.288958695989441 0.35671786014751106 0.05168906608531325
21150 0.012665232788327546 0.012665232788327546 11.288958695989441 0.35671786014751106 0.05168906608531325
21200 0.012665232788327546 0.012665232788327546 11.288958695989441 0.35671786014751106 0.05168906608531325
21250 0.012665232788327546 0.012665232788327546 11.288958695989441 0.35671786014751106 0.05168906608531325
21300 0.012665232788327546 0.012665232788327546 11.288958695989441 0.35671786014751106 0.05168906608531325
21350 0.012665232788327546 0.012665232788327546 11.288958695989441 0.35671786014751106 0.05168906608531325
21400 0.012665232788327546 0.012665232788327546 11.288958695989441 0.35671786014751106 0.05168906608531325
21450 0.012665232788327546 0.012665232788327546 11.288958695989441 0.35671786014751106 0.05168906608531325
21500 0.012665232788327546 0.012665232788327546 11.288958695989441 0.35671786014751106 0.05168906608531325
21550 0.012665232788327546 0.012665232788327546 11.288958695989441 0.35671786014751106 0.05168906608531325
21600 0.012665232788327546 0.012665232788327546 11.288958695989441 0.35671786014751106 0.05168906608531325
21650 0.012665232788327546 0.012665232788327546 11.288958695989441 0.35671786014751106 0.05168906608531325
21700 0.012665232788327546 0.012665232788327546 11.288958695989441 0.35671786014751106 0.05168906608531325
21750 0.012665232788327546 0.012665232788327546 11.288958695989441 0.35671786014751106 0.05168906608531325
21800 0.012665232788327546 0.012665232788327546 11.288958695989441 0.35671786014751106 0.05168906608531325
21850 0.012665232788327546 0.012665232788327546 11.288958695989441 0.35671786014751106 0.05168906608531325
21900 0.012665232788327546 0.012665232788327546 11.288958695989441 0.35671786014751106 0.05168906608531325
21950 0.012665232788326635 0.012665232788326635 11.288970295597666 0.3567176622927553 0.051689057861019544
22000 0.012665232788326635 0.012665232788326635 11.288970295597666 0.3567176622927553 0.051689057861019544
22050 0.012665232788326635 0.012665232788326635 11.288970295597666 0.3567176622927553 0.051689057861019544
22100 0.012665232788325804 0.012665232788325804 11.288964746797982 0.35671775693867475 0.051689061795199484
22150 0.012665232788325804 0.012665232788325804 11.288964746797982 0.35671775693867475 0.051689061795199484
22200 0.012665232788322956 0.012665232788322956 11.288962963963721 0.35671778734848825 0.05168906305925144
22250 0.012665232788322956 0.012665232788322956 11.288962963963721 0.35671778734848825 0.05168906305925144
22300 0.012665232788322687 0.012665232788322687 11.288964683845698 0.3567177580124163 0.051689061839829874
22350 0.012665232788322687 0.012665232788322687 11.288964683845698 0.3567177580124163 0.051689061839829874
22400 0.012665232788322687 0.012665232788322687 11.288964683845698 0.3567177580124163 0.051689061839829874
22450 0.012665232788322687 0.012665232788322687 11.288964683845698 0.3567177580124163 0.051689061839829874
22500 0.012665232788322687 0.012665232788322687 11.288964683845698 0.3567177580124163 0.051689061839829874
22550 0.012665232788322687 0.012665232788322687 11.288964683845698 0.3567177580124163 0.051689061839829874
22600 0.012665232788322687 0.012665232788322687 11.288964683845698 0.3567177580124163 0.051689061839829874
22650 0.012665232788321452 0.012665232788321452 11.288970427070252 0.3567176600501291 0.05168905776780008
22700 0.012665232788320912 0.012665232788320912 11.288975096470596 0.3567175804041333 0.051689054457129686
22750 0.012665232788320912 0.012665232788320912 11.288975096470596 0.3567175804041333 0.051689054457129686
22800 0.012665232788320912 0.012665232788320912 11.288975096470596 0.3567175804041333 0.051689054457129686
22850 0.012665232788320912 0.012665232788320912 11.288975096470596 0.3567175804041333 0.051689054457129686
22900 0.012665232788320912 0.012665232788320912 11.288975096470596 0.3567175804041333 0.051689054457129686
22950 0.012665232788320912 0.012665232788320912 11.288975096470596 0.3567175804041333 0.051689054457129686
23000 0.012665232788320518 0.012665232788320518 11.288959618999106 0.35671784440362425 0.05168906543087717
23050 0.012665232788320518 0.012665232788320518 11.288959618999106 0.35671784440362425 0.05168906543087717
23100 0.012665232788320518 0.012665232788320518 11.288959618999106 0.35671784440362425 0.05168906543087717
23150 0.012665232788320518 0.012665232788320518 11.288959618999106 0.35671784440362425 0.05168906543087717
23200 0.012665232788320518 0.012665232788320518 11.288959618999106 0.35671784440362425 0.05168906543087717
23250 0.012665232788319577 0.012665232788319577 11.288966720526936 0.3567177232726646 0.05168906039579003
23300 0.012665232788319577 0.012665232788319577 11.288966720526936 0.3567177232726646 0.05168906039579003
23350 0.012665232788319577 0.012665232788319577 11.288966720526936 0.3567177232726646 0.05168906039579003
23400 0.012665232788319577 0.012665232788319577 11.288966720526936 0.3567177232726646 0.05168906039579003
23450 0.012665232788319577 0.012665232788319577 11.288966720526936 0.3567177232726646 0.05168906039579003
23500 0.012665232788319577 0.012665232788319577 11.288966720526936 0.3567177232726646 0.05168906039579003
23550 0.012665232788319577 0.012665232788319577 11.288966720526936 0.3567177232726646 0.05168906039579003
23600 0.012665232788319577 0.012665232788319577 11.288966720526936 0.3567177232726646 0.05168906039579003
23650 0.012665232788319577 0.012665232788319577 11.288966720526936 0.3567177232726646 0.05168906039579003
23700 0.012665232788319577 0.012665232788319577 11.288966720526936 0.3567177232726646 0.05168906039579003
23750 0.012665232788319577 0.012665232788319577 11.288966720526936 0.3567177232726646 0.05168906039579003
23800 0.012665232788319577 0.012665232788319577 11.288966720526936 0.3567177232726646 0.05168906039579003
23850 0.012665232788319577 0.012665232788319577 11.288966720526936 0.3567177232726646 0.05168906039579003
23900 0.012665232788319577 0.012665232788319577 11.288966720526936 0.3567177232726646 0.05168906039579003
23950 0.012665232788319577 0.012665232788319577 11.288966720526936 0.3567177232726646 0.05168906039579003
24000 0.012665232788319577 0.012665232788319577 11.288966720526936 0.3567177232726646 0.05168906039579003
24050 0.012665232788319577 0.012665232788319577 11.288966720526936 0.3567177232726646 0.05168906039579003
24100 0.012665232788319577 0.012665232788319577 11.288966720526936 0.3567177232726646 0.05168906039579003
24150 0.012665232788319577 0.012665232788319577 11.288966720526936 0.3567177232726646 0.05168906039579003
24200 0.012665232788319577 0.012665232788319577 11.288966720526936 0.3567177232726646 0.05168906039579003
24250 0.012665232788319577 0.012665232788319577 11.288966720526936 0.3567177232726646 0.05168906039579003
24300 0.012665232788319577 0.012665232788319577 11.288966720526936 0.3567177232726646 0.05168906039579003
24350 0.012665232788319577 0.012665232788319577 11.288966720526936 0.3567177232726646 0.05168906039579003
24400 0.01266523278831944 0.01266523278831944 11.288964695402644 0.35671775781524995 0.05168906183163205
24450 0.01266523278831944 0.01266523278831944 11.288964695402644 0.35671775781524995 0.05168906183163205
24500 0.01266523278831944 0.01266523278831944 11.288964695402644 0.35671775781524995 0.05168906183163205
24550 0.01266523278831944 0.01266523278831944 11.288964695402644 0.35671775781524995 0.05168906183163205
24600 0.01266523278831944 0.01266523278831944 11.288964695402644 0.35671775781524995 0.05168906183163205
24650 0.01266523278831944 0.01266523278831944 11.288964695402644 0.35671775781524995 0.05168906183163205
24700 0.01266523278831944 0.01266523278831944 11.288964695402644 0.35671775781524995 0.05168906183163205
24750 0.01266523278831944 0.01266523278831944 11.288964695402644 0.35671775781524995 0.05168906183163205
24800 0.01266523278831944 0.01266523278831944 11.288964695402644 0.35671775781524995 0.05168906183163205
24850 0.01266523278831944 0.01266523278831944 11.288964695402644 0.35671775781524995 0.05168906183163205
24900 0.01266523278831944 0.01266523278831944 11.288964695402644 0.35671775781524995 0.05168906183163205
24950 0.01266523278831944 0.01266523278831944 11.288964695402644 0.35671775781524995 0.05168906183163205
25000 0.01266523278831944 0.01266523278831944 11.288964695402644 0.35671775781524995 0.05168906183163205
25050 0.01266523278831944 0.01266523278831944 11.288964695402644 0.35671775781524995 0.05168906183163205
25100 0.01266523278831944 0.01266523278831944 11.288964695402644 0.35671775781524995 0.05168906183163205
25150 0.01266523278831944 0.01266523278831944 11.288964695402644 0.35671775781524995 0.05168906183163205
25200 0.01266523278831944 0.01266523278831944 11.288964695402644 0.35671775781524995 0.05168906183163205
25250 0.01266523278831944 0.01266523278831944 11.288964695402644 0.35671775781524995 0.05168906183163205
25300 0.01266523278831944 0.01266523278831944 11.288964695402644 0.35671775781524995 0.05168906183163205
25350 0.01266523278831944 0.01266523278831944 11.288964695402644 0.35671775781524995 0.05168906183163205
25400 0.012665232788319419 0.012665232788319419 11.288965867274719 0.3567177378266023 0.05168906100075788
25450 0.012665232788319419 0.012665232788319419 11.288965867274719 0.3567177378266023 0.05168906100075788
25500 0.012665232788319419 0.012665232788319419 11.288965867274719 0.3567177378266023 0.05168906100075788
25550 0.012665232788319419 0.012665232788319419 11.288965867274719 0.3567177378266023 0.05168906100075788
25600 0.012665232788319419 0.012665232788319419 11.288965867274719 0.3567177378266023 0.05168906100075788
25650 0.012665232788319419 0.012665232788319419 11.288965867274719 0.3567177378266023 0.05168906100075788
25700 0.012665232788319419 0.012665232788319419 11.288965867274719 0.3567177378266023 0.05168906100075788
25750 0.012665232788319419 0.012665232788319419 11.288965867274719 0.3567177378266023 0.05168906100075788
25800 0.012665232788319419 0.012665232788319419 11.288965867274719 0.3567177378266023 0.05168906100075788
25850 0.012665232788319419 0.012665232788319419 11.288965867274719 0.3567177378266023 0.05168906100075788
25900 0.012665232788319419 0.012665232788319419 11.288965867274719 0.3567177378266023 0.05168906100075788
25950 0.012665232788319419 0.012665232788319419 11.288965867274719 0.3567177378266023 0.05168906100075788
26000 0.012665232788319419 0.012665232788319419 11.288965867274719 0.3567177378266023 0.05168906100075788
26050 0.012665232788319419 0.012665232788319419 11.288965867274719 0.3567177378266023 0.05168906100075788
26100 0.012665232788319419 0.012665232788319419 11.288965867274719 0.3567177378266023 0.05168906100075788
26150 0.012665232788319419 0.012665232788319419 11.288965867274719 0.3567177378266023 0.05168906100075788
26200 0.012665232788319419 0.012665232788319419 11.288965867274719 0.3567177378266023 0.05168906100075788
26250 0.012665232788319419 0.012665232788319419 11.288965867274719 0.3567177378266023 0.05168906100075788
26300 0.012665232788319419 0.012665232788319419 11.288965867274719 0.3567177378266023 0.05168906100075788
26350 0.012665232788319419 0.012665232788319419 11.288965867274719 0.3567177378266023 0.05168906100075788
26400 0.012665232788319419 0.012665232788319419 11.288965867274719 0.3567177378266023 0.05168906100075788
26450 0.012665232788319419 0.012665232788319419 11.288965015933972 0.3567177523479396 0.0516890616043707
26500 0.012665232788319419 0.012665232788319419 11.288965015933972 0.3567177523479396 0.0516890616043707
26550 0.012665232788319419 0.012665232788319419 11.288965015933972 0.3567177523479396 0.0516890616043707
26600 0.012665232788319419 0.012665232788319419 11.288965015933972 0.3567177523479396 0.0516890616043707
26650 0.012665232788319419 0.012665232788319419 11.288965015933972 0.3567177523479396 0.0516890616043707
26700 0.012665232788319419 0.012665232788319419 11.288965015933972 0.3567177523479396 0.0516890616043707
26750 0.012665232788319419 0.012665232788319419 11.288965015933972 0.3567177523479396 0.0516890616043707
26800 0.012665232788319419 0.012665232788319419 11.288965015933972 0.3567177523479396 0.0516890616043707
26850 0.012665232788319419 0.012665232788319419 11.288965015933972 0.3567177523479396 0.0516890616043707
26900 0.012665232788319419 0.012665232788319419 11.288965015933972 0.3567177523479396 0.0516890616043707
26950 0.012665232788319419 0.012665232788319419 11.288965015933972 0.3567177523479396 0.0516890616043707
27000 0.012665232788319419 0.012665232788319419 11.288965015933972 0.3567177523479396 0.0516890616043707
27050 0.012665232788319419 0.012665232788319419 11.288965015933972 0.3567177523479396 0.0516890616043707
27100 0.012665232788319419 0.012665232788319419 11.288965015933972 0.3567177523479396 0.0516890616043707
27150 0.012665232788319419 0.012665232788319419 11.288965015933972 0.3567177523479396 0.0516890616043707
27200 0.012665232788319419 0.012665232788319419 11.288965015933972 0.3567177523479396 0.0516890616043707
27250 0.012665232788319419 0.012665232788319419 11.288965015933972 0.3567177523479396 0.0516890616043707
27300 0.012665232788319419 0.012665232788319419 11.288965015933972 0.3567177523479396 0.0516890616043707
27350 0.012665232788319419 0.012665232788319419 11.288965015933972 0.3567177523479396 0.0516890616043707
27400 0.012665232788319419 0.012665232788319419 11.288965015933972 0.3567177523479396 0.0516890616043707
27450 0.012665232788319419 0.012665232788319419 11.288965015933972 0.3567177523479396 0.0516890616043707
27500 0.012665232788319419 0.012665232788319419 11.288965015933972 0.3567177523479396 0.0516890616043707
27550 0.012665232788319413 0.012665232788319413 11.288965604088387 0.356717742315777 0.05168906118736076
27600 0.012665232788319413 0.012665232788319413 11.288965604088387 0.356717742315777 0.05168906118736076
27650 0.012665232788319413 0.012665232788319413 11.288965604088387 0.356717742315777 0.05168906118736076
27700 0.012665232788319413 0.012665232788319413 11.288965604088387 0.356717742315777 0.05168906118736076
27750 0.012665232788319413 0.012665232788319413 11.288965604088387 0.356717742315777 0.05168906118736076
27800 0.012665232788319413 0.012665232788319413 11.288965604088387 0.356717742315777 0.05168906118736076
27850 0.012665232788319413 0.012665232788319413 11.288965604088387 0.356717742315777 0.05168906118736076
27900 0.012665232788319413 0.012665232788319413 11.288965604088387 0.356717742315777 0.05168906118736076
27950 0.012665232788319413 0.012665232788319413 11.288965604088387 0.356717742315777 0.05168906118736076
28000 0.012665232788319413 0.012665232788319413 11.288965991418257 0.35671773570908344 0.051689060912738324
28050 0.012665232788319413 0.012665232788319413 11.288965991418257 0.35671773570908344 0.051689060912738324
28100 0.012665232788319412 0.012665232788319412 11.288965736277286 0.3567177400610282 0.05168906109363693
28150 0.012665232788319412 0.012665232788319412 11.288965736277286 0.3567177400610282 0.05168906109363693
28200 0.012665232788319412 0.012665232788319412 11.288965736277286 0.3567177400610282 0.05168906109363693
28250 0.012665232788319412 0.012665232788319412 11.288965736277286 0.3567177400610282 0.05168906109363693
28300 0.012665232788319412 0.012665232788319412 11.288965736277286 0.3567177400610282 0.05168906109363693
28350 0.012665232788319412 0.012665232788319412 11.288965736277286 0.3567177400610282 0.05168906109363693
28400 0.012665232788319412 0.012665232788319412 11.288965736277286 0.3567177400610282 0.05168906109363693
28450 0.012665232788319412 0.012665232788319412 11.288965736277286 0.3567177400610282 0.05168906109363693
28500 0.012665232788319412 0.012665232788319412 11.288965736277286 0.3567177400610282 0.05168906109363693
28550 0.012665232788319412 0.012665232788319412 11.288965736277286 0.3567177400610282 0.05168906109363693
28600 0.012665232788319412 0.012665232788319412 11.288965736277286 0.3567177400610282 0.05168906109363693
28650 0.012665232788319412 0.012665232788319412 11.288965736277286 0.3567177400610282 0.05168906109363693
28700 0.012665232788319412 0.012665232788319412 11.288965736277286 0.3567177400610282 0.05168906109363693
28750 0.012665232788319412 0.012665232788319412 11.288965736277286 0.3567177400610282 0.05168906109363693
28800 0.01266523278831941 0.01266523278831941 11.288965677577613 0.3567177410622697 0.05168906113525584
28850 0.01266523278831941 0.01266523278831941 11.288965677577613 0.3567177410622697 0.05168906113525584
28900 0.01266523278831941 0.01266523278831941 11.288965677577613 0.3567177410622697 0.05168906113525584
28950 0.01266523278831941 0.01266523278831941 11.288965677577613 0.3567177410622697 0.05168906113525584
29000 0.01266523278831941 0.01266523278831941 11.288965677577613 0.3567177410622697 0.05168906113525584
29050 0.01266523278831941 0.01266523278831941 11.288965677577613 0.3567177410622697 0.05168906113525584
29100 0.01266523278831941 0.01266523278831941 11.288965677577613 0.3567177410622697 0.05168906113525584
29150 0.01266523278831941 0.01266523278831941 11.288965677577613 0.3567177410622697 0.05168906113525584
29200 0.01266523278831941 0.01266523278831941 11.288965677577613 0.3567177410622697 0.05168906113525584
29250 0.01266523278831941 0.01266523278831941 11.288965677577613 0.3567177410622697 0.05168906113525584
29300 0.01266523278831941 0.01266523278831941 11.288965677577613 0.3567177410622697 0.05168906113525584
29350 0.01266523278831941 0.01266523278831941 11.288965677577613 0.3567177410622697 0.05168906113525584
29400 0.01266523278831941 0.01266523278831941 11.288965677577613 0.3567177410622697 0.05168906113525584
29450 0.01266523278831941 0.01266523278831941 11.288965677577613 0.3567177410622697 0.05168906113525584
29500 0.01266523278831941 0.01266523278831941 11.288965677577613 0.3567177410622697 0.05168906113525584
29550 0.01266523278831941 0.01266523278831941 11.288965677577613 0.3567177410622697 0.05168906113525584
29600 0.01266523278831941 0.01266523278831941 11.288965677577613 0.3567177410622697 0.05168906113525584
29650 0.01266523278831941 0.01266523278831941 11.288965677577613 0.3567177410622697 0.05168906113525584
29700 0.01266523278831941 0.01266523278831941 11.288965677577613 0.3567177410622697 0.05168906113525584
29750 0.01266523278831941 0.01266523278831941 11.288965677577613 0.3567177410622697 0.05168906113525584
29800 0.01266523278831941 0.01266523278831941 11.288965677577613 0.3567177410622697 0.05168906113525584
29850 0.01266523278831941 0.01266523278831941 11.288965677577613 0.3567177410622697 0.05168906113525584
29900 0.01266523278831941 0.01266523278831941 11.288965677577613 0.3567177410622697 0.05168906113525584
29950 0.01266523278831941 0.01266523278831941 11.288965677577613 0.3567177410622697 0.05168906113525584
30000 0.01266523278831941 0.01266523278831941 11.288965677577613 0.3567177410622697 0.05168906113525584
30050 0.012665232788319408 0.012665232788319408 11.288965608589674 0.3567177422389984 0.05168906118416928
30100 0.012665232788319408 0.012665232788319408 11.288965608589674 0.3567177422389984 0.05168906118416928
30150 0.012665232788319408 0.012665232788319408 11.288965608589674 0.3567177422389984 0.05168906118416928
30200 0.012665232788319408 0.012665232788319408 11.288965608589674 0.3567177422389984 0.05168906118416928
30250 0.012665232788319408 0.012665232788319408 11.288965608589674 0.3567177422389984 0.05168906118416928
30300 0.012665232788319408 0.012665232788319408 11.288965608589674 0.3567177422389984 0.05168906118416928
30350 0.012665232788319408 0.012665232788319408 11.288965608589674 0.3567177422389984 0.05168906118416928
30400 0.012665232788319408 0.012665232788319408 11.288965608589674 0.3567177422389984 0.05168906118416928
30450 0.012665232788319408 0.012665232788319408 11.288965608589674 0.3567177422389984 0.05168906118416928
30500 0.012665232788319408 0.012665232788319408 11.288965608589674 0.3567177422389984 0.05168906118416928
30550 0.012665232788319408 0.012665232788319408 11.288965608589674 0.3567177422389984 0.05168906118416928
30600 0.012665232788319408 0.012665232788319408 11.288965608589674 0.3567177422389984 0.05168906118416928
30650 0.012665232788319408 0.012665232788319408 11.288965608589674 0.3567177422389984 0.05168906118416928
30700 0.012665232788319408 0.012665232788319408 11.288965608589674 0.3567177422389984 0.05168906118416928
30750 0.012665232788319408 0.012665232788319408 11.288965608589674 0.3567177422389984 0.05168906118416928
30800 0.012665232788319408 0.012665232788319408 11.288965608589674 0.3567177422389984 0.05168906118416928
30850 0.012665232788319408 0.012665232788319408 11.288965608589674 0.3567177422389984 0.05168906118416928
30900 0.012665232788319408 0.012665232788319408 11.288965608589674 0.3567177422389984 0.05168906118416928
30950 0.012665232788319408 0.012665232788319408 11.288965608589674 0.3567177422389984 0.05168906118416928
31000 0.012665232788319408 0.012665232788319408 11.288965608589674 0.3567177422389984 0.05168906118416928
31050 0.012665232788319408 0.012665232788319408 11.288965608589674 0.3567177422389984 0.05168906118416928
31100 0.012665232788319408 0.012665232788319408 11.288965608589674 0.3567177422389984 0.05168906118416928
31150 0.012665232788319408 0.012665232788319408 11.288965608589674 0.3567177422389984 0.05168906118416928
31200 0.012665232788319408 0.012665232788319408 11.288965608589674 0.3567177422389984 0.05168906118416928
31250 0.012665232788319408 0.012665232788319408 11.288965608589674 0.3567177422389984 0.05168906118416928
31300 0.012665232788319408 0.012665232788319408 11.288965608589674 0.3567177422389984 0.05168906118416928
31350 0.012665232788319408 0.012665232788319408 11.288965608589674 0.3567177422389984 0.05168906118416928
31400 0.012665232788319408 0.012665232788319408 11.288965608589674 0.3567177422389984 0.05168906118416928
31450 0.012665232788319408 0.012665232788319408 11.288965608589674 0.3567177422389984 0.05168906118416928
31500 0.012665232788319408 0.012665232788319408 11.288965608589674 0.3567177422389984 0.05168906118416928
31550 0.012665232788319408 0.012665232788319408 11.288965608589674 0.3567177422389984 0.05168906118416928
31600 0.012665232788319408 0.012665232788319408 11.288965608589674 0.3567177422389984 0.05168906118416928
31650 0.012665232788319408 0.012665232788319408 11.288965608589674 0.3567177422389984 0.05168906118416928
31700 0.012665232788319408 0.012665232788319408 11.288965608589674 0.3567177422389984 0.05168906118416928
31750 0.012665232788319408 0.012665232788319408 11.288965608589674 0.3567177422389984 0.05168906118416928
31800 0.012665232788319408 0.012665232788319408 11.288965608589674 0.3567177422389984 0.05168906118416928
31850 0.012665232788319408 0.012665232788319408 11.288965608589674 0.3567177422389984 0.05168906118416928
31900 0.012665232788319408 0.012665232788319408 11.288965608589674 0.3567177422389984 0.05168906118416928
31950 0.012665232788319408 0.012665232788319408 11.288965608589674 0.3567177422389984 0.05168906118416928
32000 0.012665232788319408 0.012665232788319408 11.288965608589674 0.3567177422389984 0.05168906118416928
32050 0.012665232788319408 0.012665232788319408 11.288965608589674 0.3567177422389984 0.05168906118416928
32100 0.012665232788319408 0.012665232788319408 11.288965608589674 0.3567177422389984 0.05168906118416928
32150 0.012665232788319408 0.012665232788319408 11.288965608589674 0.3567177422389984 0.05168906118416928
32200 0.012665232788319408 0.012665232788319408 11.288965608589674 0.3567177422389984 0.05168906118416928
32250 0.012665232788319408 0.012665232788319408 11.288965608589674 0.3567177422389984 0.05168906118416928
32300 0.012665232788319408 0.012665232788319408 11.288965608589674 0.3567177422389984 0.05168906118416928
32350 0.012665232788319408 0.012665232788319408 11.288965608589674 0.3567177422389984 0.05168906118416928
32400 0.012665232788319408 0.012665232788319408 11.288965608589674 0.3567177422389984 0.05168906118416928
32450 0.012665232788319408 0.012665232788319408 11.288965608589674 0.3567177422389984 0.05168906118416928
32500 0.012665232788319408 0.012665232788319408 11.288965608589674 0.3567177422389984 0.05168906118416928
32550 0.012665232788319408 0.012665232788319408 11.288965608589674 0.3567177422389984 0.05168906118416928
32600 0.012665232788319408 0.012665232788319408 11.288965608589674 0.3567177422389984 0.05168906118416928
32650 0.012665232788319408 0.012665232788319408 11.288965608589674 0.3567177422389984 0.05168906118416928
32700 0.012665232788319408 0.012665232788319408 11.288965608589674 0.3567177422389984 0.05168906118416928
32750 0.012665232788319408 0.012665232788319408 11.288965608589674 0.3567177422389984 0.05168906118416928
32800 0.012665232788319408 0.012665232788319408 11.288965608589674 0.3567177422389984 0.05168906118416928
32850 0.012665232788319408 0.012665232788319408 11.288965608589674 0.3567177422389984 0.05168906118416928
32900 0.012665232788319408 0.012665232788319408 11.288965608589674 0.3567177422389984 0.05168906118416928
32950 0.012665232788319408 0.012665232788319408 11.288965608589674 0.3567177422389984 0.05168906118416928
33000 0.012665232788319408 0.012665232788319408 11.288965608589674 0.3567177422389984 0.05168906118416928
33050 0.012665232788319408 0.012665232788319408 11.288965608589674 0.3567177422389984 0.05168906118416928
33100 0.012665232788319408 0.012665232788319408 11.288965608589674 0.3567177422389984 0.05168906118416928
33150 0.012665232788319408 0.012665232788319408 11.288965608589674 0.3567177422389984 0.05168906118416928
33200 0.012665232788319408 0.012665232788319408 11.288965608589674 0.3567177422389984 0.05168906118416928
33250 0.012665232788319408 0.012665232788319408 11.288965608589674 0.3567177422389984 0.05168906118416928
33300 0.012665232788319408 0.012665232788319408 11.288965608589674 0.3567177422389984 0.05168906118416928
33350 0.012665232788319408 0.012665232788319408 11.288965608589674 0.3567177422389984 0.05168906118416928
33400 0.012665232788319408 0.012665232788319408 11.288965608589674 0.3567177422389984 0.05168906118416928
33450 0.012665232788319408 0.012665232788319408 11.288965608589674 0.3567177422389984 0.05168906118416928
33500 0.012665232788319408 0.012665232788319408 11.288965608589674 0.3567177422389984 0.05168906118416928
33550 0.012665232788319408 0.012665232788319408 11.288965608589674 0.3567177422389984 0.05168906118416928
33600 0.012665232788319408 0.012665232788319408 11.288965608589674 0.3567177422389984 0.05168906118416928
33650 0.012665232788319408 0.012665232788319408 11.288965608589674 0.3567177422389984 0.05168906118416928
33700 0.012665232788319408 0.012665232788319408 11.288965879752393 0.3567177376137703 0.05168906099191102
33750 0.012665232788319408 0.012665232788319408 11.288965879752393 0.3567177376137703 0.05168906099191102
33800 0.012665232788319408 0.012665232788319408 11.288965879752393 0.3567177376137703 0.05168906099191102
33850 0.012665232788319408 0.012665232788319408 11.288965879752393 0.3567177376137703 0.05168906099191102
33900 0.012665232788319408 0.012665232788319408 11.288965879752393 0.3567177376137703 0.05168906099191102
33950 0.012665232788319408 0.012665232788319408 11.288965879752393 0.3567177376137703 0.05168906099191102
34000 0.012665232788319408 0.012665232788319408 11.288965879752393 0.3567177376137703 0.05168906099191102
34050 0.012665232788319408 0.012665232788319408 11.288965879752393 0.3567177376137703 0.05168906099191102
34100 0.012665232788319408 0.012665232788319408 11.288965879752393 0.3567177376137703 0.05168906099191102
34150 0.012665232788319408 0.012665232788319408 11.288965879752393 0.3567177376137703 0.05168906099191102
34200 0.012665232788319408 0.012665232788319408 11.288965879752393 0.3567177376137703 0.05168906099191102
34250 0.012665232788319408 0.012665232788319408 11.288965879752393 0.3567177376137703 0.05168906099191102
34300 0.012665232788319408 0.012665232788319408 11.288965879752393 0.3567177376137703 0.05168906099191102
34350 0.012665232788319408 0.012665232788319408 11.288965879752393 0.3567177376137703 0.05168906099191102
34400 0.012665232788319408 0.012665232788319408 11.288965879752393 0.3567177376137703 0.05168906099191102
34450 0.012665232788319408 0.012665232788319408 11.288965879752393 0.3567177376137703 0.05168906099191102
34500 0.012665232788319408 0.012665232788319408 11.288965879752393 0.3567177376137703 0.05168906099191102
34550 0.012665232788319408 0.012665232788319408 11.288965879752393 0.3567177376137703 0.05168906099191102
34600 0.012665232788319408 0.012665232788319408 11.288965879752393 0.3567177376137703 0.05168906099191102
34650 0.012665232788319408 0.012665232788319408 11.288965879752393 0.3567177376137703 0.05168906099191102
34700 0.012665232788319408 0.012665232788319408 11.288965879752393 0.3567177376137703 0.05168906099191102
34750 0.012665232788319408 0.012665232788319408 11.288965879752393 0.3567177376137703 0.05168906099191102
34800 0.012665232788319408 0.012665232788319408 11.288965879752393 0.3567177376137703 0.05168906099191102
34850 0.012665232788319408 0.012665232788319408 11.288965879752393 0.3567177376137703 0.05168906099191102
34900 0.012665232788319408 0.012665232788319408 11.288965879752393 0.3567177376137703 0.05168906099191102
34950 0.012665232788319408 0.012665232788319408 11.288965879752393 0.3567177376137703 0.05168906099191102
35000 0.012665232788319408 0.012665232788319408 11.288965879752393 0.3567177376137703 0.05168906099191102
35050 0.012665232788319408 0.012665232788319408 11.288965879752393 0.3567177376137703 0.05168906099191102
35100 0.012665232788319408 0.012665232788319408 11.288965879752393 0.3567177376137703 0.05168906099191102
35150 0.012665232788319408 0.012665232788319408 11.288965879752393 0.3567177376137703 0.05168906099191102
35200 0.012665232788319408 0.012665232788319408 11.288965879752393 0.3567177376137703 0.05168906099191102
35250 0.012665232788319408 0.012665232788319408 11.288965879752393 0.3567177376137703 0.05168906099191102
35300 0.012665232788319408 0.012665232788319408 11.288965879752393 0.3567177376137703 0.05168906099191102
35350 0.012665232788319408 0.012665232788319408 11.288965879752393 0.3567177376137703 0.05168906099191102
35400 0.012665232788319408 0.012665232788319408 11.288965879752393 0.3567177376137703 0.05168906099191102
35450 0.012665232788319408 0.012665232788319408 11.288965879752393 0.3567177376137703 0.05168906099191102
35500 0.012665232788319408 0.012665232788319408 11.288965879752393 0.3567177376137703 0.05168906099191102
35550 0.012665232788319408 0.012665232788319408 11.288965879752393 0.3567177376137703 0.05168906099191102
35600 0.012665232788319408 0.012665232788319408 11.288965879752393 0.3567177376137703 0.05168906099191102
35650 0.012665232788319408 0.012665232788319408 11.288965879752393 0.3567177376137703 0.05168906099191102
35700 0.012665232788319408 0.012665232788319408 11.288965879752393 0.3567177376137703 0.05168906099191102
35750 0.012665232788319408 0.012665232788319408 11.288965879752393 0.3567177376137703 0.05168906099191102
35800 0.012665232788319408 0.012665232788319408 11.288965879752393 0.3567177376137703 0.05168906099191102
35850 0.012665232788319408 0.012665232788319408 11.288965879752393 0.3567177376137703 0.05168906099191102
35900 0.012665232788319408 0.012665232788319408 11.288965879752393 0.3567177376137703 0.05168906099191102
35950 0.012665232788319408 0.012665232788319408 11.288965879752393 0.3567177376137703 0.05168906099191102
*---*---*---*---*---*---*---*---*---*---*---*---*---*---*---*---*---*---*---*---*
Status: Finished
Last individual
0.012665232788319408 0.012665232788319408 11.288965879752393 0.3567177376137703 0.05168906099191102
Hall of fame
0.012665232788319408 0.012665232788319408 11.288965608589674 0.3567177422389984 0.05168906118416928
Last factible individual
0.012665232788319408 0.012665232788319408 11.288965879752393 0.3567177376137703 0.05168906099191102
CPU time used (seconds)
1.5672171480000543
