*---*---*---*---*---*---*---*---*---*---*---*---*---*---*---*---*---*---*---*---*
Algorithm: Differential Evolution
Constrainth handling method: DEB
Function: 21
Case: continuous
Seed: 7
Parents size: 50
Offsprings size: 50
maxFe: 36000
CR: 0.9
F: 0.6
rweights: -
*---*---*---*---*---*---*---*---*---*---*---*---*---*---*---*---*---*---*---*---*
ngen ObjectiveFunction ViolationSum ProjectVariables
50 0.11608687756231754 0 12.774816281950958 0.8210308856189689 0.0978252064097912
100 0.11608687756231754 0 12.774816281950958 0.8210308856189689 0.0978252064097912
150 0.11608687756231754 0 12.774816281950958 0.8210308856189689 0.0978252064097912
200 0.11608687756231754 0 12.774816281950958 0.8210308856189689 0.0978252064097912
250 0.11608687756231754 0 12.774816281950958 0.8210308856189689 0.0978252064097912
300 0.11608687756231754 0 12.774816281950958 0.8210308856189689 0.0978252064097912
350 0.11608687756231754 0 12.774816281950958 0.8210308856189689 0.0978252064097912
400 0.09391397437234669 0 7.648506137969283 1.02249594691748 0.09756729704092237
450 0.023241268414254366 0 15 0.4342169267890327 0.05611152574326454
500 0.01782083422857947 0 13.339725863933213 0.38029153219959794 0.055270944785304706
550 0.01782083422857947 0 13.339725863933213 0.38029153219959794 0.055270944785304706
600 0.01782083422857947 0 13.339725863933213 0.38029153219959794 0.055270944785304706
650 0.01782083422857947 0 13.339725863933213 0.38029153219959794 0.055270944785304706
700 0.01782083422857947 0 13.339725863933213 0.38029153219959794 0.055270944785304706
750 0.01782083422857947 0 13.339725863933213 0.38029153219959794 0.055270944785304706
800 0.01782083422857947 0 13.339725863933213 0.38029153219959794 0.055270944785304706
850 0.01782083422857947 0 13.339725863933213 0.38029153219959794 0.055270944785304706
900 0.01782083422857947 0 13.339725863933213 0.38029153219959794 0.055270944785304706
950 0.01782083422857947 0 13.339725863933213 0.38029153219959794 0.055270944785304706
1000 0.015158491637500235 0 15 0.337350867397517 0.05141177733998717
1050 0.015158491637500235 0 15 0.337350867397517 0.05141177733998717
1100 0.015158491637500235 0 15 0.337350867397517 0.05141177733998717
1150 0.015158491637500235 0 15 0.337350867397517 0.05141177733998717
1200 0.015158491637500235 0 15 0.337350867397517 0.05141177733998717
1250 0.015158491637500235 0 15 0.337350867397517 0.05141177733998717
1300 0.015158491637500235 0 15 0.337350867397517 0.05141177733998717
1350 0.015158491637500235 0 15 0.337350867397517 0.05141177733998717
1400 0.014789588612200493 0 10.648777810940253 0.39784946153605655 0.05421186868697208
1450 0.014789588612200493 0 10.648777810940253 0.39784946153605655 0.05421186868697208
1500 0.014541528442033179 0 10.564563234953596 0.40201453987506375 0.05365503098164182
1550 0.014541528442033179 0 10.564563234953596 0.40201453987506375 0.05365503098164182
1600 0.014277002538870282 0 10.778545891874497 0.3864647229670125 0.05376787482700417
1650 0.014277002538870282 0 10.778545891874497 0.3864647229670125 0.05376787482700417
1700 0.014277002538870282 0 10.778545891874497 0.3864647229670125 0.05376787482700417
1750 0.0138536399163739 0 8.941984211581872 0.4197386510711253 0.054921757280153215
1800 0.0138536399163739 0 8.941984211581872 0.4197386510711253 0.054921757280153215
1850 0.013820420230623886 0 8.46889579202858 0.4337866505716165 0.05516607613691059
1900 0.013820420230623886 0 8.46889579202858 0.4337866505716165 0.05516607613691059
1950 0.013309062306891706 0 11.560703056310796 0.36303568708283496 0.05199456707738818
2000 0.013309062306891706 0 11.560703056310796 0.36303568708283496 0.05199456707738818
2050 0.013309062306891706 0 11.560703056310796 0.36303568708283496 0.05199456707738818
2100 0.013185917268025543 0 9.7739929359882 0.39407500336039697 0.05330940605152392
2150 0.013163418388700058 0 8.914586540257202 0.41293241778925655 0.05404321894371495
2200 0.013163418388700058 0 8.914586540257202 0.41293241778925655 0.05404321894371495
2250 0.013163418388700058 0 8.914586540257202 0.41293241778925655 0.05404321894371495
2300 0.013065944980835631 0 12.936421833786477 0.3360802394840184 0.051018259483530365
2350 0.012795524268493083 0 11.157082455198044 0.360996658925126 0.05190362052117661
2400 0.012675349878951624 0 11.811697031984957 0.34821872472126375 0.051336989362471316
2450 0.012675349878951624 0 11.811697031984957 0.34821872472126375 0.051336989362471316
2500 0.012675349878951624 0 11.811697031984957 0.34821872472126375 0.051336989362471316
2550 0.012675349878951624 0 11.811697031984957 0.34821872472126375 0.051336989362471316
2600 0.012675349878951624 0 11.811697031984957 0.34821872472126375 0.051336989362471316
2650 0.012675349878951624 0 11.811697031984957 0.34821872472126375 0.051336989362471316
2700 0.012675349878951624 0 11.811697031984957 0.34821872472126375 0.051336989362471316
2750 0.012675349878951624 0 11.811697031984957 0.34821872472126375 0.051336989362471316
2800 0.012675349878951624 0 11.811697031984957 0.34821872472126375 0.051336989362471316
2850 0.012675349878951624 0 11.811697031984957 0.34821872472126375 0.051336989362471316
2900 0.012675349878951624 0 11.811697031984957 0.34821872472126375 0.051336989362471316
2950 0.012675349878951624 0 11.811697031984957 0.34821872472126375 0.051336989362471316
3000 0.012675349878951624 0 11.811697031984957 0.34821872472126375 0.051336989362471316
3050 0.012675349878951624 0 11.811697031984957 0.34821872472126375 0.051336989362471316
3100 0.012675349878951624 0 11.811697031984957 0.34821872472126375 0.051336989362471316
3150 0.012675349878951624 0 11.811697031984957 0.34821872472126375 0.051336989362471316
3200 0.012675349878951624 0 11.811697031984957 0.34821872472126375 0.051336989362471316
3250 0.012675349878951624 0 11.811697031984957 0.34821872472126375 0.051336989362471316
3300 0.012675349878951624 0 11.811697031984957 0.34821872472126375 0.051336989362471316
3350 0.012675349878951624 0 11.811697031984957 0.34821872472126375 0.051336989362471316
3400 0.012675349878951624 0 11.811697031984957 0.34821872472126375 0.051336989362471316
3450 0.012675349878951624 0 11.811697031984957 0.34821872472126375 0.051336989362471316
3500 0.012675349878951624 0 11.811697031984957 0.34821872472126375 0.051336989362471316
3550 0.012675349878951624 0 11.811697031984957 0.34821872472126375 0.051336989362471316
3600 0.012675349878951624 0 11.811697031984957 0.34821872472126375 0.051336989362471316
3650 0.012675349878951624 0 11.811697031984957 0.34821872472126375 0.051336989362471316
3700 0.012675349878951624 0 11.811697031984957 0.34821872472126375 0.051336989362471316
3750 0.012675349878951624 0 11.811697031984957 0.34821872472126375 0.051336989362471316
3800 0.012675349878951624 0 11.811697031984957 0.34821872472126375 0.051336989362471316
3850 0.012675349878951624 0 11.811697031984957 0.34821872472126375 0.051336989362471316
3900 0.012675349878951624 0 11.811697031984957 0.34821872472126375 0.051336989362471316
3950 0.012675349878951624 0 11.811697031984957 0.34821872472126375 0.051336989362471316
4000 0.012675349878951624 0 11.811697031984957 0.34821872472126375 0.051336989362471316
4050 0.012675349878951624 0 11.811697031984957 0.34821872472126375 0.051336989362471316
4100 0.012675349878951624 0 11.811697031984957 0.34821872472126375 0.051336989362471316
4150 0.012675349878951624 0 11.811697031984957 0.34821872472126375 0.051336989362471316
4200 0.012675349878951624 0 11.811697031984957 0.34821872472126375 0.051336989362471316
4250 0.012675349878951624 0 11.811697031984957 0.34821872472126375 0.051336989362471316
4300 0.012675349878951624 0 11.811697031984957 0.34821872472126375 0.051336989362471316
4350 0.012675349878951624 0 11.811697031984957 0.34821872472126375 0.051336989362471316
4400 0.012675349878951624 0 11.811697031984957 0.34821872472126375 0.051336989362471316
4450 0.012675349878951624 0 11.811697031984957 0.34821872472126375 0.051336989362471316
4500 0.012675349878951624 0 11.811697031984957 0.34821872472126375 0.051336989362471316
4550 0.012675349878951624 0 11.811697031984957 0.34821872472126375 0.051336989362471316
4600 0.012675349878951624 0 11.811697031984957 0.34821872472126375 0.051336989362471316
4650 0.012675349878951624 0 11.811697031984957 0.34821872472126375 0.051336989362471316
4700 0.012675349878951624 0 11.811697031984957 0.34821872472126375 0.051336989362471316
4750 0.012674206893107966 0 10.902388796300983 0.3636018071693291 0.05197713259681506
4800 0.012674206893107966 0 10.902388796300983 0.3636018071693291 0.05197713259681506
4850 0.012674206893107966 0 10.902388796300983 0.3636018071693291 0.05197713259681506
4900 0.012674206893107966 0 10.902388796300983 0.3636018071693291 0.05197713259681506
4950 0.012674206893107966 0 10.902388796300983 0.3636018071693291 0.05197713259681506
5000 0.012674206893107966 0 10.902388796300983 0.3636018071693291 0.05197713259681506
5050 0.012672675802145988 0 11.190415446838752 0.3585332330894691 0.05176547655212937
5100 0.012672675802145988 0 11.190415446838752 0.3585332330894691 0.05176547655212937
5150 0.012672675802145988 0 11.190415446838752 0.3585332330894691 0.05176547655212937
5200 0.012672066954303108 0 11.657998774434516 0.35065123537415377 0.051438998933953345
5250 0.012672066954303108 0 11.657998774434516 0.35065123537415377 0.051438998933953345
5300 0.012671350267826646 0 10.899195877688351 0.3636172306826268 0.05197660414265772
5350 0.01266753321192752 0 11.009387891063191 0.36161028232895065 0.05189161757471932
5400 0.01266753321192752 0 11.009387891063191 0.36161028232895065 0.05189161757471932
5450 0.01266753321192752 0 11.009387891063191 0.36161028232895065 0.05189161757471932
5500 0.01266753321192752 0 11.009387891063191 0.36161028232895065 0.05189161757471932
5550 0.01266753321192752 0 11.009387891063191 0.36161028232895065 0.05189161757471932
5600 0.01266753321192752 0 11.009387891063191 0.36161028232895065 0.05189161757471932
5650 0.01266753321192752 0 11.009387891063191 0.36161028232895065 0.05189161757471932
5700 0.01266753321192752 0 11.009387891063191 0.36161028232895065 0.05189161757471932
5750 0.01266753321192752 0 11.009387891063191 0.36161028232895065 0.05189161757471932
5800 0.01266753321192752 0 11.009387891063191 0.36161028232895065 0.05189161757471932
5850 0.01266753321192752 0 11.009387891063191 0.36161028232895065 0.05189161757471932
5900 0.012667407004603008 0 11.034874174668134 0.36115747299664464 0.051873092253683396
5950 0.012667407004603008 0 11.034874174668134 0.36115747299664464 0.051873092253683396
6000 0.012666959029399006 0 11.258492213499276 0.35726601889474263 0.05171222908637349
6050 0.012666959029399006 0 11.258492213499276 0.35726601889474263 0.05171222908637349
6100 0.012666959029399006 0 11.258492213499276 0.35726601889474263 0.05171222908637349
6150 0.012666595703016573 0 11.28069307283817 0.3568803067453523 0.05169616093516351
6200 0.012666595703016573 0 11.28069307283817 0.3568803067453523 0.05169616093516351
6250 0.012666595703016573 0 11.28069307283817 0.3568803067453523 0.05169616093516351
6300 0.012666595703016573 0 11.28069307283817 0.3568803067453523 0.05169616093516351
6350 0.012666595703016573 0 11.28069307283817 0.3568803067453523 0.05169616093516351
6400 0.012666190349297399 0 11.145378244877367 0.35920208003091825 0.051792519741123436
6450 0.012666190349297399 0 11.145378244877367 0.35920208003091825 0.051792519741123436
6500 0.012666190349297399 0 11.145378244877367 0.35920208003091825 0.051792519741123436
6550 0.012666190349297399 0 11.145378244877367 0.35920208003091825 0.051792519741123436
6600 0.012665758886588139 0 11.504404600215967 0.35309919486898805 0.05153823291672834
6650 0.012665758886588139 0 11.504404600215967 0.35309919486898805 0.05153823291672834
6700 0.012665758886588139 0 11.504404600215967 0.35309919486898805 0.05153823291672834
6750 0.012665758886588139 0 11.504404600215967 0.35309919486898805 0.05153823291672834
6800 0.012665758886588139 0 11.504404600215967 0.35309919486898805 0.05153823291672834
6850 0.012665758886588139 0 11.504404600215967 0.35309919486898805 0.05153823291672834
6900 0.012665758886588139 0 11.504404600215967 0.35309919486898805 0.05153823291672834
6950 0.012665758886588139 0 11.504404600215967 0.35309919486898805 0.05153823291672834
7000 0.012665758886588139 0 11.504404600215967 0.35309919486898805 0.05153823291672834
7050 0.012665758886588139 0 11.504404600215967 0.35309919486898805 0.05153823291672834
7100 0.012665758886588139 0 11.504404600215967 0.35309919486898805 0.05153823291672834
7150 0.012665758886588139 0 11.504404600215967 0.35309919486898805 0.05153823291672834
7200 0.012665758886588139 0 11.504404600215967 0.35309919486898805 0.05153823291672834
7250 0.012665758886588139 0 11.504404600215967 0.35309919486898805 0.05153823291672834
7300 0.012665758886588139 0 11.504404600215967 0.35309919486898805 0.05153823291672834
7350 0.012665758886588139 0 11.504404600215967 0.35309919486898805 0.05153823291672834
7400 0.012665758886588139 0 11.504404600215967 0.35309919486898805 0.05153823291672834
7450 0.012665758886588139 0 11.504404600215967 0.35309919486898805 0.05153823291672834
7500 0.012665745644017061 0 11.13097395192495 0.3594465458454269 0.05180238483724201
7550 0.012665745644017061 0 11.13097395192495 0.3594465458454269 0.05180238483724201
7600 0.012665745644017061 0 11.13097395192495 0.3594465458454269 0.05180238483724201
7650 0.012665743793283444 0 11.1200965424615 0.35963577780761 0.05181021432251433
7700 0.012665743793283444 0 11.1200965424615 0.35963577780761 0.05181021432251433
7750 0.012665743793283444 0 11.1200965424615 0.35963577780761 0.05181021432251433
7800 0.012665645259830225 0 11.328194144178495 0.3560564384747638 0.051661686927173656
7850 0.012665415537232803 0 11.317442452122409 0.3562359675838219 0.05166904375276567
7900 0.012665415537232803 0 11.317442452122409 0.3562359675838219 0.05166904375276567
7950 0.012665415537232803 0 11.317442452122409 0.3562359675838219 0.05166904375276567
8000 0.01266538618597681 0 11.274778889576556 0.3569618630078807 0.05169929972052133
8050 0.01266538618597681 0 11.274778889576556 0.3569618630078807 0.05169929972052133
8100 0.01266538618597681 0 11.274778889576556 0.3569618630078807 0.05169929972052133
8150 0.01266538618597681 0 11.274778889576556 0.3569618630078807 0.05169929972052133
8200 0.01266538618597681 0 11.274778889576556 0.3569618630078807 0.05169929972052133
8250 0.01266538618597681 0 11.274778889576556 0.3569618630078807 0.05169929972052133
8300 0.01266538618597681 0 11.274778889576556 0.3569618630078807 0.05169929972052133
8350 0.01266538618597681 0 11.274778889576556 0.3569618630078807 0.05169929972052133
8400 0.01266538618597681 0 11.274778889576556 0.3569618630078807 0.05169929972052133
8450 0.01266538618597681 0 11.274778889576556 0.3569618630078807 0.05169929972052133
8500 0.012665374144720118 0 11.259225351714168 0.35722808841449355 0.0517103093762583
8550 0.012665374144720118 0 11.259225351714168 0.35722808841449355 0.0517103093762583
8600 0.012665374144720118 0 11.259225351714168 0.35722808841449355 0.0517103093762583
8650 0.012665374144720118 0 11.259225351714168 0.35722808841449355 0.0517103093762583
8700 0.012665374144720118 0 11.259225351714168 0.35722808841449355 0.0517103093762583
8750 0.012665374144720118 0 11.259225351714168 0.35722808841449355 0.0517103093762583
8800 0.012665374144720118 0 11.259225351714168 0.35722808841449355 0.0517103093762583
8850 0.012665374144720118 0 11.259225351714168 0.35722808841449355 0.0517103093762583
8900 0.012665371092158399 0 11.24508872120017 0.35747046991236714 0.05172034796139474
8950 0.012665371092158399 0 11.24508872120017 0.35747046991236714 0.05172034796139474
9000 0.012665348211770974 0 11.295859809902469 0.356601634421812 0.05168430597785332
9050 0.012665348211770974 0 11.295859809902469 0.356601634421812 0.05168430597785332
9100 0.012665348211770974 0 11.295859809902469 0.356601634421812 0.05168430597785332
9150 0.012665348211770974 0 11.295859809902469 0.356601634421812 0.05168430597785332
9200 0.012665348211770974 0 11.295859809902469 0.356601634421812 0.05168430597785332
9250 0.012665348211770974 0 11.295859809902469 0.356601634421812 0.05168430597785332
9300 0.01266534389144169 0 11.266553343541434 0.35710217208128026 0.051705077503045864
9350 0.01266534389144169 0 11.266553343541434 0.35710217208128026 0.051705077503045864
9400 0.012665303080547849 0 11.279533077907782 0.3568798910453334 0.051695810905979404
9450 0.012665267683473501 0 11.30291099637441 0.3564805422227217 0.051679217477744094
9500 0.012665267448586011 0 11.291095337990644 0.35668202673531607 0.05168757809358466
9550 0.01266526587177804 0 11.254142165330013 0.3573135033805444 0.051713821097514615
9600 0.01266526587177804 0 11.254142165330013 0.3573135033805444 0.051713821097514615
9650 0.012665257367985176 0 11.269529886273874 0.3570499668054098 0.0517028808933371
9700 0.012665257367985176 0 11.269529886273874 0.3570499668054098 0.0517028808933371
9750 0.012665257367985176 0 11.269529886273874 0.3570499668054098 0.0517028808933371
9800 0.012665257367985176 0 11.269529886273874 0.3570499668054098 0.0517028808933371
9850 0.012665257367985176 0 11.269529886273874 0.3570499668054098 0.0517028808933371
9900 0.01266525490245663 0 11.30923738853517 0.3563727838105201 0.05167471820293511
9950 0.01266525490245663 0 11.30923738853517 0.3563727838105201 0.05167471820293511
10000 0.01266525490245663 0 11.30923738853517 0.3563727838105201 0.05167471820293511
10050 0.012665251927146215 0 11.25880856296582 0.35723339370315055 0.051710488641265165
10100 0.012665245385595783 0 11.295492095127644 0.35660661722182196 0.051684449791383875
10150 0.012665245385595783 0 11.295492095127644 0.35660661722182196 0.051684449791383875
10200 0.012665245385595783 0 11.295492095127644 0.35660661722182196 0.051684449791383875
10250 0.012665245385595783 0 11.295492095127644 0.35660661722182196 0.051684449791383875
10300 0.012665241117492966 0 11.262493498580907 0.3571701399753698 0.051707860335490866
10350 0.012665240748853423 0 11.281858629759968 0.3568391274227878 0.05169411013203046
10400 0.012665236283881113 0 11.285499201432062 0.35677693430551805 0.05169152259878795
10450 0.012665236283881113 0 11.285499201432062 0.35677693430551805 0.05169152259878795
10500 0.012665236283881113 0 11.285499201432062 0.35677693430551805 0.05169152259878795
10550 0.012665236283881113 0 11.285499201432062 0.35677693430551805 0.05169152259878795
10600 0.012665236283881113 0 11.285499201432062 0.35677693430551805 0.05169152259878795
10650 0.012665236283881113 0 11.285499201432062 0.35677693430551805 0.05169152259878795
10700 0.012665236283881113 0 11.285499201432062 0.35677693430551805 0.05169152259878795
10750 0.012665236283881113 0 11.285499201432062 0.35677693430551805 0.05169152259878795
10800 0.012665236283881113 0 11.285499201432062 0.35677693430551805 0.05169152259878795
10850 0.012665236283881113 0 11.285499201432062 0.35677693430551805 0.05169152259878795
10900 0.012665236283881113 0 11.285499201432062 0.35677693430551805 0.05169152259878795
10950 0.012665236283881113 0 11.285499201432062 0.35677693430551805 0.05169152259878795
11000 0.012665236283881113 0 11.285499201432062 0.35677693430551805 0.05169152259878795
11050 0.012665236283881113 0 11.285499201432062 0.35677693430551805 0.05169152259878795
11100 0.012665236283881113 0 11.285499201432062 0.35677693430551805 0.05169152259878795
11150 0.012665236283881113 0 11.285499201432062 0.35677693430551805 0.05169152259878795
11200 0.012665234639441868 0 11.285590897807905 0.35677534787478493 0.05169145578152447
11250 0.012665234639441868 0 11.285590897807905 0.35677534787478493 0.05169145578152447
11300 0.012665234639441868 0 11.285590897807905 0.35677534787478493 0.05169145578152447
11350 0.012665234639441868 0 11.285590897807905 0.35677534787478493 0.05169145578152447
11400 0.012665234639441868 0 11.285590897807905 0.35677534787478493 0.05169145578152447
11450 0.012665234639441868 0 11.285590897807905 0.35677534787478493 0.05169145578152447
11500 0.012665234639441868 0 11.285590897807905 0.35677534787478493 0.05169145578152447
11550 0.012665234639441868 0 11.285590897807905 0.35677534787478493 0.05169145578152447
11600 0.012665234639441868 0 11.285590897807905 0.35677534787478493 0.05169145578152447
11650 0.012665233244591083 0 11.289442683634142 0.3567096130494033 0.051688723286070465
11700 0.012665233244591083 0 11.289442683634142 0.3567096130494033 0.051688723286070465
11750 0.012665233244591083 0 11.289442683634142 0.3567096130494033 0.051688723286070465
11800 0.012665233244591083 0 11.289442683634142 0.3567096130494033 0.051688723286070465
11850 0.012665233244591083 0 11.289442683634142 0.3567096130494033 0.051688723286070465
11900 0.012665233244591083 0 11.289442683634142 0.3567096130494033 0.051688723286070465
11950 0.012665233244591083 0 11.289442683634142 0.3567096130494033 0.051688723286070465
12000 0.012665233031371214 0 11.286397197567288 0.35676156227991984 0.05169088266226385
12050 0.012665233031371214 0 11.286397197567288 0.35676156227991984 0.05169088266226385
12100 0.012665233031371214 0 11.286397197567288 0.35676156227991984 0.05169088266226385
12150 0.012665233031371214 0 11.286397197567288 0.35676156227991984 0.05169088266226385
12200 0.012665233031371214 0 11.286397197567288 0.35676156227991984 0.05169088266226385
12250 0.012665233031371214 0 11.286397197567288 0.35676156227991984 0.05169088266226385
12300 0.012665233031371214 0 11.286397197567288 0.35676156227991984 0.05169088266226385
12350 0.012665233031371214 0 11.286397197567288 0.35676156227991984 0.05169088266226385
12400 0.012665233031371214 0 11.286397197567288 0.35676156227991984 0.05169088266226385
12450 0.012665233031371214 0 11.286397197567288 0.35676156227991984 0.05169088266226385
12500 0.012665233031371214 0 11.286397197567288 0.35676156227991984 0.05169088266226385
12550 0.012665233031371214 0 11.286397197567288 0.35676156227991984 0.05169088266226385
12600 0.012665233031371214 0 11.286397197567288 0.35676156227991984 0.05169088266226385
12650 0.012665233031371214 0 11.286397197567288 0.35676156227991984 0.05169088266226385
12700 0.012665233031371214 0 11.286397197567288 0.35676156227991984 0.05169088266226385
12750 0.012665233031371214 0 11.286397197567288 0.35676156227991984 0.05169088266226385
12800 0.012665233031371214 0 11.286397197567288 0.35676156227991984 0.05169088266226385
12850 0.012665233031371214 0 11.286397197567288 0.35676156227991984 0.05169088266226385
12900 0.012665233031371214 0 11.286397197567288 0.35676156227991984 0.05169088266226385
12950 0.012665233031371214 0 11.286397197567288 0.35676156227991984 0.05169088266226385
13000 0.012665233031371214 0 11.286397197567288 0.35676156227991984 0.05169088266226385
13050 0.012665233031371214 0 11.286397197567288 0.35676156227991984 0.05169088266226385
13100 0.012665233031371214 0 11.286397197567288 0.35676156227991984 0.05169088266226385
13150 0.012665233031371214 0 11.286397197567288 0.35676156227991984 0.05169088266226385
13200 0.01266523302655113 0 11.286469894878431 0.35676032143536673 0.051690831130591544
13250 0.01266523302655113 0 11.286469894878431 0.35676032143536673 0.051690831130591544
13300 0.01266523302655113 0 11.286469894878431 0.35676032143536673 0.051690831130591544
13350 0.01266523302655113 0 11.286469894878431 0.35676032143536673 0.051690831130591544
13400 0.01266523302655113 0 11.286469894878431 0.35676032143536673 0.051690831130591544
13450 0.012665232936146922 0 11.290566083175452 0.35669044745382766 0.05168792667273291
13500 0.012665232936146922 0 11.290566083175452 0.35669044745382766 0.05168792667273291
13550 0.012665232936146922 0 11.290566083175452 0.35669044745382766 0.05168792667273291
13600 0.012665232936146922 0 11.290566083175452 0.35669044745382766 0.05168792667273291
13650 0.012665232834253796 0 11.288538092839802 0.3567250352418802 0.051689364350222956
13700 0.012665232834253796 0 11.288538092839802 0.3567250352418802 0.051689364350222956
13750 0.012665232834253796 0 11.288538092839802 0.3567250352418802 0.051689364350222956
13800 0.012665232834253796 0 11.288538092839802 0.3567250352418802 0.051689364350222956
13850 0.012665232834253796 0 11.288538092839802 0.3567250352418802 0.051689364350222956
13900 0.012665232834253796 0 11.288538092839802 0.3567250352418802 0.051689364350222956
13950 0.012665232832986583 0 11.28832443702942 0.3567286797404015 0.0516895158451483
14000 0.012665232832986583 0 11.28832443702942 0.3567286797404015 0.0516895158451483
14050 0.012665232832986583 0 11.28832443702942 0.3567286797404015 0.0516895158451483
14100 0.012665232832986583 0 11.28832443702942 0.3567286797404015 0.0516895158451483
14150 0.012665232832986583 0 11.28832443702942 0.3567286797404015 0.0516895158451483
14200 0.012665232832986583 0 11.28832443702942 0.3567286797404015 0.0516895158451483
14250 0.012665232832986583 0 11.28832443702942 0.3567286797404015 0.0516895158451483
14300 0.012665232832986583 0 11.28832443702942 0.3567286797404015 0.0516895158451483
14350 0.012665232832986583 0 11.28832443702942 0.3567286797404015 0.0516895158451483
14400 0.012665232832986583 0 11.28832443702942 0.3567286797404015 0.0516895158451483
14450 0.012665232832986583 0 11.28832443702942 0.3567286797404015 0.0516895158451483
14500 0.012665232832986583 0 11.28832443702942 0.3567286797404015 0.0516895158451483
14550 0.012665232832986583 0 11.28832443702942 0.3567286797404015 0.0516895158451483
14600 0.012665232810910948 0 11.288344327098752 0.35672834017067684 0.05168950171710764
14650 0.012665232810910948 0 11.288344327098752 0.35672834017067684 0.05168950171710764
14700 0.012665232810910948 0 11.288344327098752 0.35672834017067684 0.05168950171710764
14750 0.012665232810910948 0 11.288344327098752 0.35672834017067684 0.05168950171710764
14800 0.012665232810910948 0 11.288344327098752 0.35672834017067684 0.05168950171710764
14850 0.012665232810910948 0 11.288344327098752 0.35672834017067684 0.05168950171710764
14900 0.012665232810910948 0 11.288344327098752 0.35672834017067684 0.05168950171710764
14950 0.012665232810910948 0 11.288344327098752 0.35672834017067684 0.05168950171710764
15000 0.012665232810910948 0 11.288344327098752 0.35672834017067684 0.05168950171710764
15050 0.012665232810910948 0 11.288344327098752 0.35672834017067684 0.05168950171710764
15100 0.012665232810910948 0 11.288344327098752 0.35672834017067684 0.05168950171710764
15150 0.012665232807175637 0 11.28863654087766 0.35672335550936773 0.05168929452227113
15200 0.012665232807175637 0 11.28863654087766 0.35672335550936773 0.05168929452227113
15250 0.012665232807175637 0 11.28863654087766 0.35672335550936773 0.05168929452227113
15300 0.0126652328002894 0 11.288369615637665 0.35672790866518667 0.05168948377365682
15350 0.0126652328002894 0 11.288369615637665 0.35672790866518667 0.05168948377365682
15400 0.0126652328002894 0 11.288369615637665 0.35672790866518667 0.05168948377365682
15450 0.0126652328002894 0 11.288369615637665 0.35672790866518667 0.05168948377365682
15500 0.0126652328002894 0 11.288369615637665 0.35672790866518667 0.05168948377365682
15550 0.0126652328002894 0 11.288369615637665 0.35672790866518667 0.05168948377365682
15600 0.0126652328002894 0 11.288369615637665 0.35672790866518667 0.05168948377365682
15650 0.012665232799700154 0 11.28927905113022 0.3567123961350981 0.0516888389615402
15700 0.012665232799700154 0 11.28927905113022 0.3567123961350981 0.0516888389615402
15750 0.012665232799700154 0 11.28927905113022 0.3567123961350981 0.0516888389615402
15800 0.012665232799700154 0 11.28927905113022 0.3567123961350981 0.0516888389615402
15850 0.012665232799700154 0 11.28927905113022 0.3567123961350981 0.0516888389615402
15900 0.012665232795316313 0 11.289305684859825 0.35671194178156407 0.05168882007522271
15950 0.012665232795316313 0 11.289305684859825 0.35671194178156407 0.05168882007522271
16000 0.01266523279467799 0 11.288295786574539 0.35672916797416593 0.051689536117756375
16050 0.01266523279467799 0 11.288295786574539 0.35672916797416593 0.051689536117756375
16100 0.01266523279467799 0 11.288295786574539 0.35672916797416593 0.051689536117756375
16150 0.01266523279467799 0 11.288295786574539 0.35672916797416593 0.051689536117756375
16200 0.01266523279467799 0 11.288295786574539 0.35672916797416593 0.051689536117756375
16250 0.01266523279376598 0 11.289666153278954 0.3567057936365429 0.051688564508151805
16300 0.01266523279376598 0 11.289666153278954 0.3567057936365429 0.051688564508151805
16350 0.01266523279376598 0 11.289666153278954 0.3567057936365429 0.051688564508151805
16400 0.01266523279376598 0 11.289666153278954 0.3567057936365429 0.051688564508151805
16450 0.01266523279376598 0 11.289666153278954 0.3567057936365429 0.051688564508151805
16500 0.01266523279376598 0 11.289666153278954 0.3567057936365429 0.051688564508151805
16550 0.01266523279376598 0 11.289666153278954 0.3567057936365429 0.051688564508151805
16600 0.01266523279376598 0 11.289666153278954 0.3567057936365429 0.051688564508151805
16650 0.012665232791290101 0 11.289149562401096 0.3567146046119666 0.05168893076240152
16700 0.012665232791290101 0 11.289149562401096 0.3567146046119666 0.05168893076240152
16750 0.012665232791290101 0 11.289149562401096 0.3567146046119666 0.05168893076240152
16800 0.012665232791290101 0 11.289149562401096 0.3567146046119666 0.05168893076240152
16850 0.012665232791290101 0 11.289149562401096 0.3567146046119666 0.05168893076240152
16900 0.012665232791290101 0 11.289149562401096 0.3567146046119666 0.05168893076240152
16950 0.012665232791290101 0 11.289149562401096 0.3567146046119666 0.05168893076240152
17000 0.012665232791290101 0 11.289149562401096 0.3567146046119666 0.05168893076240152
17050 0.012665232791290101 0 11.289149562401096 0.3567146046119666 0.05168893076240152
17100 0.012665232791290101 0 11.289149562401096 0.3567146046119666 0.05168893076240152
17150 0.012665232791290101 0 11.289149562401096 0.3567146046119666 0.05168893076240152
17200 0.012665232791290101 0 11.289149562401096 0.3567146046119666 0.05168893076240152
17250 0.012665232791290101 0 11.289149562401096 0.3567146046119666 0.05168893076240152
17300 0.012665232791290101 0 11.289149562401096 0.3567146046119666 0.05168893076240152
17350 0.012665232791290101 0 11.289149562401096 0.3567146046119666 0.05168893076240152
17400 0.012665232791290101 0 11.289149562401096 0.3567146046119666 0.05168893076240152
17450 0.012665232791290101 0 11.289149562401096 0.3567146046119666 0.05168893076240152
17500 0.012665232790337964 0 11.288780624894695 0.35672089757158376 0.051689192343585315
17550 0.012665232790337964 0 11.288780624894695 0.35672089757158376 0.051689192343585315
17600 0.012665232790337964 0 11.288780624894695 0.35672089757158376 0.051689192343585315
17650 0.012665232790337964 0 11.288780624894695 0.35672089757158376 0.051689192343585315
17700 0.012665232790149599 0 11.289167379756323 0.35671430069506094 0.05168891812848077
17750 0.012665232790149599 0 11.289167379756323 0.35671430069506094 0.05168891812848077
17800 0.012665232789922353 0 11.288742689398156 0.3567215446494899 0.05168921924039143
17850 0.012665232789922353 0 11.288742689398156 0.3567215446494899 0.05168921924039143
17900 0.012665232789922353 0 11.288742689398156 0.3567215446494899 0.05168921924039143
17950 0.012665232789922353 0 11.288742689398156 0.3567215446494899 0.05168921924039143
18000 0.012665232789922353 0 11.288742689398156 0.3567215446494899 0.05168921924039143
18050 0.012665232789922353 0 11.288742689398156 0.3567215446494899 0.05168921924039143
18100 0.012665232789922353 0 11.288742689398156 0.3567215446494899 0.05168921924039143
18150 0.012665232789922353 0 11.288742689398156 0.3567215446494899 0.05168921924039143
18200 0.01266523278986524 0 11.288687121554197 0.35672249250260096 0.05168925863940854
18250 0.01266523278986524 0 11.288687121554197 0.35672249250260096 0.05168925863940854
18300 0.01266523278986524 0 11.288687121554197 0.35672249250260096 0.05168925863940854
18350 0.012665232789672885 0 11.289138646618932 0.3567147907766013 0.05168893850001874
18400 0.01266523278935655 0 11.288729013453862 0.3567217779203619 0.05168922893635348
18450 0.01266523278935655 0 11.288729013453862 0.3567217779203619 0.05168922893635348
18500 0.01266523278935655 0 11.288729013453862 0.3567217779203619 0.05168922893635348
18550 0.01266523278935655 0 11.288729013453862 0.3567217779203619 0.05168922893635348
18600 0.012665232789344739 0 11.288848127798538 0.35671974614022217 0.051689144481219106
18650 0.012665232788721911 0 11.28902380572054 0.35671674957784016 0.05168901992213645
18700 0.012665232788721911 0 11.28902380572054 0.35671674957784016 0.05168901992213645
18750 0.012665232788721911 0 11.28902380572054 0.35671674957784016 0.05168901992213645
18800 0.012665232788721911 0 11.28902380572054 0.35671674957784016 0.05168901992213645
18850 0.012665232788721911 0 11.28902380572054 0.35671674957784016 0.05168901992213645
18900 0.012665232788721911 0 11.28902380572054 0.35671674957784016 0.05168901992213645
18950 0.012665232788721911 0 11.28902380572054 0.35671674957784016 0.05168901992213645
19000 0.012665232788721911 0 11.28902380572054 0.35671674957784016 0.05168901992213645
19050 0.012665232788721911 0 11.28902380572054 0.35671674957784016 0.05168901992213645
19100 0.012665232788721911 0 11.28902380572054 0.35671674957784016 0.05168901992213645
19150 0.012665232788721911 0 11.28902380572054 0.35671674957784016 0.05168901992213645
19200 0.012665232788721911 0 11.28902380572054 0.35671674957784016 0.05168901992213645
19250 0.012665232788721911 0 11.28902380572054 0.35671674957784016 0.05168901992213645
19300 0.012665232788721911 0 11.28902380572054 0.35671674957784016 0.05168901992213645
19350 0.012665232788661683 0 11.289118247510189 0.3567151387031673 0.051688952962056216
19400 0.012665232788661683 0 11.289118247510189 0.3567151387031673 0.051688952962056216
19450 0.012665232788661683 0 11.289118247510189 0.3567151387031673 0.051688952962056216
19500 0.012665232788661683 0 11.289118247510189 0.3567151387031673 0.051688952962056216
19550 0.012665232788661683 0 11.289118247510189 0.3567151387031673 0.051688952962056216
19600 0.012665232788661683 0 11.289118247510189 0.3567151387031673 0.051688952962056216
19650 0.012665232788552066 0 11.288903042533473 0.35671880943655887 0.05168910554478777
19700 0.012665232788552066 0 11.288903042533473 0.35671880943655887 0.05168910554478777
19750 0.012665232788451275 0 11.288922573767586 0.35671847628863596 0.0516890916966706
19800 0.012665232788451275 0 11.288922573767586 0.35671847628863596 0.0516890916966706
19850 0.012665232788451275 0 11.288922573767586 0.35671847628863596 0.0516890916966706
19900 0.012665232788451275 0 11.288922573767586 0.35671847628863596 0.0516890916966706
19950 0.01266523278841617 0 11.28897333323419 0.3567176104810681 0.05168905570738114
20000 0.01266523278841617 0 11.28897333323419 0.3567176104810681 0.05168905570738114
20050 0.01266523278841617 0 11.28897333323419 0.3567176104810681 0.05168905570738114
20100 0.01266523278841617 0 11.28897333323419 0.3567176104810681 0.05168905570738114
20150 0.01266523278841617 0 11.28897333323419 0.3567176104810681 0.05168905570738114
20200 0.01266523278841617 0 11.28897333323419 0.3567176104810681 0.05168905570738114
20250 0.01266523278841617 0 11.28897333323419 0.3567176104810681 0.05168905570738114
20300 0.01266523278841617 0 11.28897333323419 0.3567176104810681 0.05168905570738114
20350 0.012665232788415673 0 11.289003846358996 0.3567170900197035 0.05168903407316842
20400 0.012665232788415673 0 11.289003846358996 0.3567170900197035 0.05168903407316842
20450 0.012665232788404783 0 11.28894842032444 0.35671803542103653 0.05168907337099785
20500 0.012665232788404783 0 11.28894842032444 0.35671803542103653 0.05168907337099785
20550 0.012665232788404783 0 11.28894842032444 0.35671803542103653 0.05168907337099785
20600 0.012665232788392738 0 11.288998152786643 0.35671718713431727 0.0516890381099585
20650 0.012665232788378373 0 11.288982892715433 0.356717447424482 0.05168904892954309
20700 0.012665232788378373 0 11.288982892715433 0.356717447424482 0.05168904892954309
20750 0.012665232788378373 0 11.288982892715433 0.356717447424482 0.05168904892954309
20800 0.012665232788378373 0 11.288982892715433 0.356717447424482 0.05168904892954309
20850 0.012665232788378373 0 11.288982892715433 0.356717447424482 0.05168904892954309
20900 0.01266523278837186 0 11.288967970443462 0.35671770195344854 0.051689059509642324
20950 0.01266523278837186 0 11.288967970443462 0.35671770195344854 0.051689059509642324
21000 0.012665232788361675 0 11.28899920067034 0.35671716926008296 0.05168903736697133
21050 0.012665232788361675 0 11.28899920067034 0.35671716926008296 0.05168903736697133
21100 0.012665232788361675 0 11.28899920067034 0.35671716926008296 0.05168903736697133
21150 0.012665232788361675 0 11.28899920067034 0.35671716926008296 0.05168903736697133
21200 0.012665232788361675 0 11.28899920067034 0.35671716926008296 0.05168903736697133
21250 0.012665232788350278 0 11.288949775291565 0.3567180123085495 0.051689072410247505
21300 0.012665232788350278 0 11.288949775291565 0.3567180123085495 0.051689072410247505
21350 0.012665232788350278 0 11.288949775291565 0.3567180123085495 0.051689072410247505
21400 0.012665232788350278 0 11.288949775291565 0.3567180123085495 0.051689072410247505
21450 0.012665232788350278 0 11.288949775291565 0.3567180123085495 0.051689072410247505
21500 0.012665232788350278 0 11.288949775291565 0.3567180123085495 0.051689072410247505
21550 0.012665232788348467 0 11.288954367102306 0.3567179339858478 0.05168906915457721
21600 0.012665232788348467 0 11.288954367102306 0.3567179339858478 0.05168906915457721
21650 0.012665232788348467 0 11.288954367102306 0.3567179339858478 0.05168906915457721
21700 0.012665232788344317 0 11.288959859388653 0.3567178403036494 0.05168906526046009
21750 0.012665232788344317 0 11.288959859388653 0.3567178403036494 0.05168906526046009
21800 0.012665232788344317 0 11.288959859388653 0.3567178403036494 0.05168906526046009
21850 0.012665232788344317 0 11.288959859388653 0.3567178403036494 0.05168906526046009
21900 0.012665232788338221 0 11.28900266839754 0.35671711011080814 0.05168903490829446
21950 0.012665232788338221 0 11.28900266839754 0.35671711011080814 0.05168903490829446
22000 0.012665232788338221 0 11.28900266839754 0.35671711011080814 0.05168903490829446
22050 0.012665232788338221 0 11.28900266839754 0.35671711011080814 0.05168903490829446
22100 0.012665232788338221 0 11.28900266839754 0.35671711011080814 0.05168903490829446
22150 0.012665232788338221 0 11.28900266839754 0.35671711011080814 0.05168903490829446
22200 0.012665232788338221 0 11.28900266839754 0.35671711011080814 0.05168903490829446
22250 0.012665232788338221 0 11.28900266839754 0.35671711011080814 0.05168903490829446
22300 0.012665232788338221 0 11.28900266839754 0.35671711011080814 0.05168903490829446
22350 0.012665232788338221 0 11.28900266839754 0.35671711011080814 0.05168903490829446
22400 0.01266523278833039 0 11.288963492794238 0.35671777832834517 0.05168906268430848
22450 0.01266523278833039 0 11.288963492794238 0.35671777832834517 0.05168906268430848
22500 0.01266523278833039 0 11.288963492794238 0.35671777832834517 0.05168906268430848
22550 0.012665232788330028 0 11.28896230866827 0.35671779852598456 0.05168906352387234
22600 0.012665232788329272 0 11.288966466504956 0.3567177276056321 0.051689060575907074
22650 0.012665232788329272 0 11.288966466504956 0.3567177276056321 0.051689060575907074
22700 0.012665232788329272 0 11.288966466504956 0.3567177276056321 0.051689060575907074
22750 0.012665232788329272 0 11.288966466504956 0.3567177276056321 0.051689060575907074
22800 0.01266523278832857 0 11.28896692749128 0.356717719742607 0.051689060249057776
22850 0.012665232788324307 0 11.288965614879896 0.3567177421317663 0.05168906117971504
22900 0.012665232788324307 0 11.288965614879896 0.3567177421317663 0.05168906117971504
22950 0.012665232788324307 0 11.288965614879896 0.3567177421317663 0.05168906117971504
23000 0.012665232788324307 0 11.288965614879896 0.3567177421317663 0.05168906117971504
23050 0.012665232788324307 0 11.288965614879896 0.3567177421317663 0.05168906117971504
23100 0.012665232788324307 0 11.288965614879896 0.3567177421317663 0.05168906117971504
23150 0.012665232788324307 0 11.288965614879896 0.3567177421317663 0.05168906117971504
23200 0.012665232788324307 0 11.288965614879896 0.3567177421317663 0.05168906117971504
23250 0.012665232788324307 0 11.288965614879896 0.3567177421317663 0.05168906117971504
23300 0.012665232788324307 0 11.288965614879896 0.3567177421317663 0.05168906117971504
23350 0.012665232788322007 0 11.288973613809222 0.3567176056939052 0.05168905550835835
23400 0.012665232788322007 0 11.288973613809222 0.3567176056939052 0.05168905550835835
23450 0.012665232788322007 0 11.288973613809222 0.3567176056939052 0.05168905550835835
23500 0.012665232788322007 0 11.288973613809222 0.3567176056939052 0.05168905550835835
23550 0.012665232788322007 0 11.288973613809222 0.3567176056939052 0.05168905550835835
23600 0.012665232788322007 0 11.288973613809222 0.3567176056939052 0.05168905550835835
23650 0.012665232788322007 0 11.288973613809222 0.3567176056939052 0.05168905550835835
23700 0.012665232788322007 0 11.288973613809222 0.3567176056939052 0.05168905550835835
23750 0.012665232788322007 0 11.288973613809222 0.3567176056939052 0.05168905550835835
23800 0.012665232788322007 0 11.288973613809222 0.3567176056939052 0.05168905550835835
23850 0.012665232788321405 0 11.288959860293609 0.3567178402878683 0.05168906525979672
23900 0.01266523278832108 0 11.28896787000761 0.35671770366597877 0.051689059580793034
23950 0.01266523278832108 0 11.28896787000761 0.35671770366597877 0.051689059580793034
24000 0.01266523278832095 0 11.28897279555557 0.3567176196508471 0.05168905608851046
24050 0.01266523278832095 0 11.28897279555557 0.3567176196508471 0.05168905608851046
24100 0.012665232788320302 0 11.288968882373386 0.3567176863980277 0.05168905886301068
24150 0.012665232788320302 0 11.288968882373386 0.3567176863980277 0.05168905886301068
24200 0.012665232788320302 0 11.288968882373386 0.3567176863980277 0.05168905886301068
24250 0.012665232788320302 0 11.288968882373386 0.3567176863980277 0.05168905886301068
24300 0.01266523278832003 0 11.288969876483149 0.3567176694414782 0.05168905815817273
24350 0.01266523278832003 0 11.288969876483149 0.3567176694414782 0.05168905815817273
24400 0.01266523278832003 0 11.288969876483149 0.3567176694414782 0.05168905815817273
24450 0.01266523278832003 0 11.288969876483149 0.3567176694414782 0.05168905815817273
24500 0.01266523278832003 0 11.288969876483149 0.3567176694414782 0.05168905815817273
24550 0.01266523278832003 0 11.288969876483149 0.3567176694414782 0.05168905815817273
24600 0.01266523278832003 0 11.288969876483149 0.3567176694414782 0.05168905815817273
24650 0.012665232788319963 0 11.288966187485025 0.3567177323647768 0.05168906077372472
24700 0.012665232788319963 0 11.288966187485025 0.3567177323647768 0.05168906077372472
24750 0.012665232788319963 0 11.288966187485025 0.3567177323647768 0.05168906077372472
24800 0.012665232788319963 0 11.288966187485025 0.3567177323647768 0.05168906077372472
24850 0.012665232788319832 0 11.288966436174627 0.3567177281228709 0.051689060597400145
24900 0.012665232788319832 0 11.288966436174627 0.3567177281228709 0.051689060597400145
24950 0.012665232788319832 0 11.288966436174627 0.3567177281228709 0.051689060597400145
25000 0.012665232788319507 0 11.288968373059655 0.3567176950853856 0.05168905922412071
25050 0.012665232788319507 0 11.288968373059655 0.3567176950853856 0.05168905922412071
25100 0.012665232788319507 0 11.288968373059655 0.3567176950853856 0.05168905922412071
25150 0.012665232788319507 0 11.288968373059655 0.3567176950853856 0.05168905922412071
25200 0.012665232788319507 0 11.288968373059655 0.3567176950853856 0.05168905922412071
25250 0.012665232788319507 0 11.288968373059655 0.3567176950853856 0.05168905922412071
25300 0.012665232788319507 0 11.288968373059655 0.3567176950853856 0.05168905922412071
25350 0.012665232788319507 0 11.288968373059655 0.3567176950853856 0.05168905922412071
25400 0.012665232788319507 0 11.288968373059655 0.3567176950853856 0.05168905922412071
25450 0.012665232788319507 0 11.288968373059655 0.3567176950853856 0.05168905922412071
25500 0.012665232788319507 0 11.288968373059655 0.3567176950853856 0.05168905922412071
25550 0.012665232788319507 0 11.288968373059655 0.3567176950853856 0.05168905922412071
25600 0.012665232788319507 0 11.288968373059655 0.3567176950853856 0.05168905922412071
25650 0.012665232788319507 0 11.288968373059655 0.3567176950853856 0.05168905922412071
25700 0.012665232788319507 0 11.288968373059655 0.3567176950853856 0.05168905922412071
25750 0.012665232788319507 0 11.288968373059655 0.3567176950853856 0.05168905922412071
25800 0.012665232788319507 0 11.288968373059655 0.3567176950853856 0.05168905922412071
25850 0.012665232788319507 0 11.288968373059655 0.3567176950853856 0.05168905922412071
25900 0.01266523278831949 0 11.288967479873238 0.3567177103204802 0.05168905985740257
25950 0.01266523278831949 0 11.288967479873238 0.3567177103204802 0.05168905985740257
26000 0.01266523278831949 0 11.288967479873238 0.3567177103204802 0.05168905985740257
26050 0.01266523278831949 0 11.288967479873238 0.3567177103204802 0.05168905985740257
26100 0.01266523278831949 0 11.288967479873238 0.3567177103204802 0.05168905985740257
26150 0.01266523278831949 0 11.288967479873238 0.3567177103204802 0.05168905985740257
26200 0.01266523278831949 0 11.288967479873238 0.3567177103204802 0.05168905985740257
26250 0.01266523278831949 0 11.288967479873238 0.3567177103204802 0.05168905985740257
26300 0.01266523278831949 0 11.288967479873238 0.3567177103204802 0.05168905985740257
26350 0.012665232788319472 0 11.288967548515329 0.35671770914965073 0.051689059808734325
26400 0.012665232788319472 0 11.288967548515329 0.35671770914965073 0.051689059808734325
26450 0.012665232788319472 0 11.288967548515329 0.35671770914965073 0.051689059808734325
26500 0.012665232788319469 0 11.28896678111022 0.35671772223929316 0.051689060352835485
26550 0.012665232788319434 0 11.288966615481764 0.3567177250644204 0.05168906047026839
26600 0.012665232788319434 0 11.288966615481764 0.3567177250644204 0.05168906047026839
26650 0.012665232788319434 0 11.288966615481764 0.3567177250644204 0.05168906047026839
26700 0.012665232788319434 0 11.288966615481764 0.3567177250644204 0.05168906047026839
26750 0.012665232788319434 0 11.288966615481764 0.3567177250644204 0.05168906047026839
26800 0.012665232788319434 0 11.288966615481764 0.3567177250644204 0.05168906047026839
26850 0.012665232788319434 0 11.288966615481764 0.3567177250644204 0.05168906047026839
26900 0.012665232788319434 0 11.288966615481764 0.3567177250644204 0.05168906047026839
26950 0.012665232788319434 0 11.288966615481764 0.3567177250644204 0.05168906047026839
27000 0.012665232788319434 0 11.288966615481764 0.3567177250644204 0.05168906047026839
27050 0.012665232788319434 0 11.288966615481764 0.3567177250644204 0.05168906047026839
27100 0.012665232788319434 0 11.288966615481764 0.3567177250644204 0.05168906047026839
27150 0.012665232788319434 0 11.288966615481764 0.3567177250644204 0.05168906047026839
27200 0.012665232788319434 0 11.288966615481764 0.3567177250644204 0.05168906047026839
27250 0.012665232788319434 0 11.288966615481764 0.3567177250644204 0.05168906047026839
27300 0.012665232788319434 0 11.288966615481764 0.3567177250644204 0.05168906047026839
27350 0.012665232788319434 0 11.288966615481764 0.3567177250644204 0.05168906047026839
27400 0.012665232788319424 0 11.288966589642428 0.3567177255051623 0.05168906048858884
27450 0.012665232788319424 0 11.288966589642428 0.3567177255051623 0.05168906048858884
27500 0.012665232788319424 0 11.288966589642428 0.3567177255051623 0.05168906048858884
27550 0.012665232788319424 0 11.288966589642428 0.3567177255051623 0.05168906048858884
27600 0.012665232788319424 0 11.288966589642428 0.3567177255051623 0.05168906048858884
27650 0.012665232788319424 0 11.288966589642428 0.3567177255051623 0.05168906048858884
27700 0.012665232788319424 0 11.288966589642428 0.3567177255051623 0.05168906048858884
27750 0.012665232788319424 0 11.288966589642428 0.3567177255051623 0.05168906048858884
27800 0.012665232788319424 0 11.288966589642428 0.3567177255051623 0.05168906048858884
27850 0.012665232788319424 0 11.288966589642428 0.3567177255051623 0.05168906048858884
27900 0.012665232788319424 0 11.288966589642428 0.3567177255051623 0.05168906048858884
27950 0.01266523278831942 0 11.288966399403149 0.35671772875007723 0.05168906062347121
28000 0.01266523278831942 0 11.28896619062869 0.35671773231114723 0.051689060771495286
28050 0.01266523278831942 0 11.28896619062869 0.35671773231114723 0.051689060771495286
28100 0.01266523278831942 0 11.28896619062869 0.35671773231114723 0.051689060771495286
28150 0.012665232788319417 0 11.288966386754222 0.35671772896583015 0.05168906063243947
28200 0.012665232788319417 0 11.288966386754222 0.35671772896583015 0.05168906063243947
28250 0.012665232788319417 0 11.288966386754222 0.35671772896583015 0.05168906063243947
28300 0.012665232788319417 0 11.288966386754222 0.35671772896583015 0.05168906063243947
28350 0.012665232788319417 0 11.288966386754222 0.35671772896583015 0.05168906063243947
28400 0.012665232788319417 0 11.288966386754222 0.35671772896583015 0.05168906063243947
28450 0.012665232788319417 0 11.288966386754222 0.35671772896583015 0.05168906063243947
28500 0.012665232788319415 0 11.288966176048165 0.35671773255984746 0.05168906078183308
28550 0.012665232788319415 0 11.288966176048165 0.35671773255984746 0.05168906078183308
28600 0.012665232788319415 0 11.288966176048165 0.35671773255984746 0.05168906078183308
28650 0.012665232788319415 0 11.288966176048165 0.35671773255984746 0.05168906078183308
28700 0.012665232788319413 0 11.288966062152673 0.3567177345025651 0.051689060862586615
28750 0.012665232788319413 0 11.288966062152673 0.3567177345025651 0.051689060862586615
28800 0.012665232788319412 0 11.288966309561342 0.3567177302825106 0.05168906068717032
28850 0.012665232788319412 0 11.288966240202974 0.3567177314655576 0.051689060736346396
28900 0.012665232788319412 0 11.288966240202974 0.3567177314655576 0.051689060736346396
28950 0.012665232788319412 0 11.288966240202974 0.3567177314655576 0.051689060736346396
29000 0.012665232788319412 0 11.288966240202974 0.3567177314655576 0.051689060736346396
29050 0.012665232788319412 0 11.288966240202974 0.3567177314655576 0.051689060736346396
29100 0.012665232788319412 0 11.288966240202974 0.3567177314655576 0.051689060736346396
29150 0.012665232788319412 0 11.288966240202974 0.3567177314655576 0.051689060736346396
29200 0.012665232788319412 0 11.288966240202974 0.3567177314655576 0.051689060736346396
29250 0.012665232788319412 0 11.288966240202974 0.3567177314655576 0.051689060736346396
29300 0.012665232788319412 0 11.288966240202974 0.3567177314655576 0.051689060736346396
29350 0.012665232788319412 0 11.288966240202974 0.3567177314655576 0.051689060736346396
29400 0.01266523278831941 0 11.288965974477444 0.35671773599804324 0.051689060924749605
29450 0.01266523278831941 0 11.288965974477444 0.35671773599804324 0.051689060924749605
29500 0.01266523278831941 0 11.288965974477444 0.35671773599804324 0.051689060924749605
29550 0.01266523278831941 0 11.288965974477444 0.35671773599804324 0.051689060924749605
29600 0.01266523278831941 0 11.288965974477444 0.35671773599804324 0.051689060924749605
29650 0.01266523278831941 0 11.288965974477444 0.35671773599804324 0.051689060924749605
29700 0.01266523278831941 0 11.288965974477444 0.35671773599804324 0.051689060924749605
29750 0.01266523278831941 0 11.288965974477444 0.35671773599804324 0.051689060924749605
29800 0.01266523278831941 0 11.288965974477444 0.35671773599804324 0.051689060924749605
29850 0.01266523278831941 0 11.288965974477444 0.35671773599804324 0.051689060924749605
29900 0.01266523278831941 0 11.288965974477444 0.35671773599804324 0.051689060924749605
29950 0.01266523278831941 0 11.288965974477444 0.35671773599804324 0.051689060924749605
30000 0.01266523278831941 0 11.288966224214072 0.3567177317382806 0.05168906074768276
30050 0.01266523278831941 0 11.288966224214072 0.3567177317382806 0.05168906074768276
30100 0.01266523278831941 0 11.288966224214072 0.3567177317382806 0.05168906074768276
30150 0.01266523278831941 0 11.288966224214072 0.3567177317382806 0.05168906074768276
30200 0.01266523278831941 0 11.288966224214072 0.3567177317382806 0.05168906074768276
30250 0.01266523278831941 0 11.288966224214072 0.3567177317382806 0.05168906074768276
30300 0.01266523278831941 0 11.288966224214072 0.3567177317382806 0.05168906074768276
30350 0.01266523278831941 0 11.288966224214072 0.3567177317382806 0.05168906074768276
30400 0.01266523278831941 0 11.288966224214072 0.3567177317382806 0.05168906074768276
30450 0.01266523278831941 0 11.288966224214072 0.3567177317382806 0.05168906074768276
30500 0.01266523278831941 0 11.288966224214072 0.3567177317382806 0.05168906074768276
30550 0.01266523278831941 0 11.288966224214072 0.3567177317382806 0.05168906074768276
30600 0.01266523278831941 0 11.288966224214072 0.3567177317382806 0.05168906074768276
30650 0.01266523278831941 0 11.288966224214072 0.3567177317382806 0.05168906074768276
30700 0.01266523278831941 0 11.288966224214072 0.3567177317382806 0.05168906074768276
30750 0.01266523278831941 0 11.288966224214072 0.3567177317382806 0.05168906074768276
30800 0.01266523278831941 0 11.288966224214072 0.3567177317382806 0.05168906074768276
30850 0.01266523278831941 0 11.288966224214072 0.3567177317382806 0.05168906074768276
30900 0.01266523278831941 0 11.288966224214072 0.3567177317382806 0.05168906074768276
30950 0.01266523278831941 0 11.288966224214072 0.3567177317382806 0.05168906074768276
31000 0.01266523278831941 0 11.288966224214072 0.3567177317382806 0.05168906074768276
31050 0.01266523278831941 0 11.288966224214072 0.3567177317382806 0.05168906074768276
31100 0.01266523278831941 0 11.288966224214072 0.3567177317382806 0.05168906074768276
31150 0.01266523278831941 0 11.288966224214072 0.3567177317382806 0.05168906074768276
31200 0.01266523278831941 0 11.288966224214072 0.3567177317382806 0.05168906074768276
31250 0.01266523278831941 0 11.288966224214072 0.3567177317382806 0.05168906074768276
31300 0.01266523278831941 0 11.288966224214072 0.3567177317382806 0.05168906074768276
31350 0.01266523278831941 0 11.288966224214072 0.3567177317382806 0.05168906074768276
31400 0.01266523278831941 0 11.288966224214072 0.3567177317382806 0.05168906074768276
31450 0.01266523278831941 0 11.288966224214072 0.3567177317382806 0.05168906074768276
31500 0.01266523278831941 0 11.288966224214072 0.3567177317382806 0.05168906074768276
31550 0.01266523278831941 0 11.288966224214072 0.3567177317382806 0.05168906074768276
31600 0.01266523278831941 0 11.288966224214072 0.3567177317382806 0.05168906074768276
31650 0.01266523278831941 0 11.288966224214072 0.3567177317382806 0.05168906074768276
31700 0.01266523278831941 0 11.288966224214072 0.3567177317382806 0.05168906074768276
31750 0.01266523278831941 0 11.288966224214072 0.3567177317382806 0.05168906074768276
31800 0.012665232788319407 0 11.288965972801488 0.35671773602663 0.05168906092593788
31850 0.012665232788319407 0 11.288965972801488 0.35671773602663 0.05168906092593788
31900 0.012665232788319407 0 11.288965972801488 0.35671773602663 0.05168906092593788
31950 0.012665232788319407 0 11.288965972801488 0.35671773602663 0.05168906092593788
32000 0.012665232788319407 0 11.288965972801488 0.35671773602663 0.05168906092593788
32050 0.012665232788319407 0 11.288965972801488 0.35671773602663 0.05168906092593788
32100 0.012665232788319407 0 11.288965972801488 0.35671773602663 0.05168906092593788
32150 0.012665232788319407 0 11.288965972801488 0.35671773602663 0.05168906092593788
32200 0.012665232788319407 0 11.288965972801488 0.35671773602663 0.05168906092593788
32250 0.012665232788319407 0 11.288965972801488 0.35671773602663 0.05168906092593788
32300 0.012665232788319407 0 11.288965972801488 0.35671773602663 0.05168906092593788
32350 0.012665232788319407 0 11.288965972801488 0.35671773602663 0.05168906092593788
32400 0.012665232788319407 0 11.288965972801488 0.35671773602663 0.05168906092593788
32450 0.012665232788319407 0 11.288965972801488 0.35671773602663 0.05168906092593788
32500 0.012665232788319407 0 11.288965972801488 0.35671773602663 0.05168906092593788
32550 0.012665232788319407 0 11.288965972801488 0.35671773602663 0.05168906092593788
32600 0.012665232788319407 0 11.288965972801488 0.35671773602663 0.05168906092593788
32650 0.012665232788319407 0 11.288965972801488 0.35671773602663 0.05168906092593788
32700 0.012665232788319407 0 11.288965972801488 0.35671773602663 0.05168906092593788
32750 0.012665232788319407 0 11.288965972801488 0.35671773602663 0.05168906092593788
32800 0.012665232788319407 0 11.288965972801488 0.35671773602663 0.05168906092593788
32850 0.012665232788319407 0 11.288965972801488 0.35671773602663 0.05168906092593788
32900 0.012665232788319407 0 11.288965972801488 0.35671773602663 0.05168906092593788
32950 0.012665232788319407 0 11.288965972801488 0.35671773602663 0.05168906092593788
33000 0.012665232788319407 0 11.288965972801488 0.35671773602663 0.05168906092593788
33050 0.012665232788319407 0 11.288965972801488 0.35671773602663 0.05168906092593788
33100 0.012665232788319407 0 11.288965972801488 0.35671773602663 0.05168906092593788
33150 0.012665232788319407 0 11.288965972801488 0.35671773602663 0.05168906092593788
33200 0.012665232788319407 0 11.288965972801488 0.35671773602663 0.05168906092593788
33250 0.012665232788319407 0 11.288965972801488 0.35671773602663 0.05168906092593788
33300 0.012665232788319407 0 11.288965972801488 0.35671773602663 0.05168906092593788
33350 0.012665232788319407 0 11.288965972801488 0.35671773602663 0.05168906092593788
33400 0.012665232788319407 0 11.288965972801488 0.35671773602663 0.05168906092593788
33450 0.012665232788319407 0 11.288965972801488 0.35671773602663 0.05168906092593788
33500 0.012665232788319407 0 11.288965972801488 0.35671773602663 0.05168906092593788
33550 0.012665232788319407 0 11.288965972801488 0.35671773602663 0.05168906092593788
33600 0.012665232788319407 0 11.288965972801488 0.35671773602663 0.05168906092593788
33650 0.012665232788319407 0 11.288965972801488 0.35671773602663 0.05168906092593788
33700 0.012665232788319407 0 11.288965972801488 0.35671773602663 0.05168906092593788
33750 0.012665232788319407 0 11.288965972801488 0.35671773602663 0.05168906092593788
33800 0.012665232788319407 0 11.288965972801488 0.35671773602663 0.05168906092593788
33850 0.012665232788319407 0 11.288965972801488 0.35671773602663 0.05168906092593788
33900 0.012665232788319407 0 11.288965972801488 0.35671773602663 0.05168906092593788
33950 0.012665232788319407 0 11.288965972801488 0.35671773602663 0.05168906092593788
34000 0.012665232788319407 0 11.288965972801488 0.35671773602663 0.05168906092593788
34050 0.012665232788319407 0 11.288965972801488 0.35671773602663 0.05168906092593788
34100 0.012665232788319407 0 11.288965972801488 0.35671773602663 0.05168906092593788
34150 0.012665232788319407 0 11.288965972801488 0.35671773602663 0.05168906092593788
34200 0.012665232788319407 0 11.288965972801488 0.35671773602663 0.05168906092593788
34250 0.012665232788319407 0 11.288965972801488 0.35671773602663 0.05168906092593788
34300 0.012665232788319407 0 11.288965972801488 0.35671773602663 0.05168906092593788
34350 0.012665232788319407 0 11.288965972801488 0.35671773602663 0.05168906092593788
34400 0.012665232788319407 0 11.288965972801488 0.35671773602663 0.05168906092593788
34450 0.012665232788319407 0 11.288965972801488 0.35671773602663 0.05168906092593788
34500 0.012665232788319407 0 11.288965972801488 0.35671773602663 0.05168906092593788
34550 0.012665232788319407 0 11.288965972801488 0.35671773602663 0.05168906092593788
34600 0.012665232788319407 0 11.288965972801488 0.35671773602663 0.05168906092593788
34650 0.012665232788319407 0 11.288965972801488 0.35671773602663 0.05168906092593788
34700 0.012665232788319407 0 11.288965972801488 0.35671773602663 0.05168906092593788
34750 0.012665232788319407 0 11.288965972801488 0.35671773602663 0.05168906092593788
34800 0.012665232788319407 0 11.288965972801488 0.35671773602663 0.05168906092593788
34850 0.012665232788319407 0 11.288965972801488 0.35671773602663 0.05168906092593788
34900 0.012665232788319407 0 11.288965972801488 0.35671773602663 0.05168906092593788
34950 0.012665232788319407 0 11.288965972801488 0.35671773602663 0.05168906092593788
35000 0.012665232788319407 0 11.288965972801488 0.35671773602663 0.05168906092593788
35050 0.012665232788319407 0 11.288965972801488 0.35671773602663 0.05168906092593788
35100 0.012665232788319407 0 11.288965972801488 0.35671773602663 0.05168906092593788
35150 0.012665232788319407 0 11.288965972801488 0.35671773602663 0.05168906092593788
35200 0.012665232788319407 0 11.288965972801488 0.35671773602663 0.05168906092593788
35250 0.012665232788319407 0 11.288965972801488 0.35671773602663 0.05168906092593788
35300 0.012665232788319407 0 11.288965972801488 0.35671773602663 0.05168906092593788
35350 0.012665232788319407 0 11.288965972801488 0.35671773602663 0.05168906092593788
35400 0.012665232788319407 0 11.288965972801488 0.35671773602663 0.05168906092593788
35450 0.012665232788319407 0 11.288965972801488 0.35671773602663 0.05168906092593788
35500 0.012665232788319407 0 11.288965972801488 0.35671773602663 0.05168906092593788
35550 0.012665232788319407 0 11.288965972801488 0.35671773602663 0.05168906092593788
35600 0.012665232788319407 0 11.288965972801488 0.35671773602663 0.05168906092593788
35650 0.012665232788319407 0 11.288965972801488 0.35671773602663 0.05168906092593788
35700 0.012665232788319407 0 11.288965972801488 0.35671773602663 0.05168906092593788
35750 0.012665232788319407 0 11.288965972801488 0.35671773602663 0.05168906092593788
35800 0.012665232788319407 0 11.288965972801488 0.35671773602663 0.05168906092593788
35850 0.012665232788319407 0 11.288965972801488 0.35671773602663 0.05168906092593788
35900 0.012665232788319407 0 11.288965972801488 0.35671773602663 0.05168906092593788
35950 0.012665232788319407 0 11.288965972801488 0.35671773602663 0.05168906092593788
*---*---*---*---*---*---*---*---*---*---*---*---*---*---*---*---*---*---*---*---*
Status: Finished
Last individual
0.012665232788319407 0 11.288965972801488 0.35671773602663 0.05168906092593788
Hall of fame
0.012665232788319407 0 11.288965972801488 0.35671773602663 0.05168906092593788
Last factible individual
0.012665232788319407 0 11.288965972801488 0.35671773602663 0.05168906092593788
CPU time used (seconds)
1.6269783240004472
