*---*---*---*---*---*---*---*---*---*---*---*---*---*---*---*---*---*---*---*---*
Algorithm: Differential Evolution
Constrainth handling method: APM
Function: 21
Case: continuous
Seed: 13
Parents size: 50
Offsprings size: 50
maxFe: 36000
CR: 0.9
F: 0.6
rweights: -
*---*---*---*---*---*---*---*---*---*---*---*---*---*---*---*---*---*---*---*---*
ngen ObjectiveFunction Fitness ProjectVariables
50 0.04327960629558195 11.4108633703525 3.885038517121068 1.3 0.07521341705580487
100 0.04327960629558195 9.103910647230496 3.885038517121068 1.3 0.07521341705580487
150 0.04327960629558195 4.62663749854073 3.885038517121068 1.3 0.07521341705580487
200 0.014304764385874393 1.1678833806704074 15 0.33658269143233854 0.05
250 0.01337423656293477 0.01337423656293477 15 0.31468791912787686 0.05
300 0.01337423656293477 0.01337423656293477 15 0.31468791912787686 0.05
350 0.013164840194658614 0.013164840194658614 14.608925758776103 0.3170545858500777 0.05
400 0.013164840194658614 0.013164840194658614 14.608925758776103 0.3170545858500777 0.05
450 0.013164840194658614 0.013164840194658614 14.608925758776103 0.3170545858500777 0.05
500 0.013164840194658614 0.013164840194658614 14.608925758776103 0.3170545858500777 0.05
550 0.013164840194658614 0.013164840194658614 14.608925758776103 0.3170545858500777 0.05
600 0.013164840194658614 0.013164840194658614 14.608925758776103 0.3170545858500777 0.05
650 0.013164840194658614 0.013164840194658614 14.608925758776103 0.3170545858500777 0.05
700 0.013164840194658614 0.013164840194658614 14.608925758776103 0.3170545858500777 0.05
750 0.013164840194658614 0.013164840194658614 14.608925758776103 0.3170545858500777 0.05
800 0.013164840194658614 0.013164840194658614 14.608925758776103 0.3170545858500777 0.05
850 0.013164840194658614 0.013164840194658614 14.608925758776103 0.3170545858500777 0.05
900 0.012849009490920079 0.012849009490920079 12.899604227533024 0.3343774907663291 0.05078423812410376
950 0.012849009490920079 0.012849009490920079 12.899604227533024 0.3343774907663291 0.05078423812410376
1000 0.012849009490920079 0.012849009490920079 12.899604227533024 0.3343774907663291 0.05078423812410376
1050 0.012849009490920079 0.012849009490920079 12.899604227533024 0.3343774907663291 0.05078423812410376
1100 0.012849009490920079 0.012849009490920079 12.899604227533024 0.3343774907663291 0.05078423812410376
1150 0.012849009490920079 0.012849009490920079 12.899604227533024 0.3343774907663291 0.05078423812410376
1200 0.012849009490920079 0.012849009490920079 12.899604227533024 0.3343774907663291 0.05078423812410376
1250 0.012849009490920079 0.012849009490920079 12.899604227533024 0.3343774907663291 0.05078423812410376
1300 0.012849009490920079 0.012849009490920079 12.899604227533024 0.3343774907663291 0.05078423812410376
1350 0.012762434008980658 0.012762434008980658 12.221108450318301 0.3432472202326376 0.05113243985120583
1400 0.012762434008980658 0.012762434008980658 12.221108450318301 0.3432472202326376 0.05113243985120583
1450 0.012762434008980658 0.012762434008980658 12.221108450318301 0.3432472202326376 0.05113243985120583
1500 0.012762434008980658 0.012762434008980658 12.221108450318301 0.3432472202326376 0.05113243985120583
1550 0.012762434008980658 0.012762434008980658 12.221108450318301 0.3432472202326376 0.05113243985120583
1600 0.012762434008980658 0.012762434008980658 12.221108450318301 0.3432472202326376 0.05113243985120583
1650 0.012762434008980658 0.012762434008980658 12.221108450318301 0.3432472202326376 0.05113243985120583
1700 0.012762434008980658 0.012762434008980658 12.221108450318301 0.3432472202326376 0.05113243985120583
1750 0.012762434008980658 0.012762434008980658 12.221108450318301 0.3432472202326376 0.05113243985120583
1800 0.012762434008980658 0.012762434008980658 12.221108450318301 0.3432472202326376 0.05113243985120583
1850 0.012762434008980658 0.012762434008980658 12.221108450318301 0.3432472202326376 0.05113243985120583
1900 0.012762434008980658 0.012762434008980658 12.221108450318301 0.3432472202326376 0.05113243985120583
1950 0.012762434008980658 0.012762434008980658 12.221108450318301 0.3432472202326376 0.05113243985120583
2000 0.012762434008980658 0.012762434008980658 12.221108450318301 0.3432472202326376 0.05113243985120583
2050 0.012762434008980658 0.012762434008980658 12.221108450318301 0.3432472202326376 0.05113243985120583
2100 0.012762434008980658 0.012762434008980658 12.221108450318301 0.3432472202326376 0.05113243985120583
2150 0.012762434008980658 0.012762434008980658 12.221108450318301 0.3432472202326376 0.05113243985120583
2200 0.012762434008980658 0.012762434008980658 12.221108450318301 0.3432472202326376 0.05113243985120583
2250 0.012737471745114956 0.012737471745114956 12.701434689690876 0.33538443231083803 0.05082651204738476
2300 0.012737471745114956 0.012737471745114956 12.701434689690876 0.33538443231083803 0.05082651204738476
2350 0.012737471745114956 0.012737471745114956 12.701434689690876 0.33538443231083803 0.05082651204738476
2400 0.012737471745114956 0.012737471745114956 12.701434689690876 0.33538443231083803 0.05082651204738476
2450 0.012736938462379433 0.012736938462379433 12.997796214276573 0.33136449605789603 0.050625090669098975
2500 0.012736938462379433 0.012736938462379433 12.997796214276573 0.33136449605789603 0.050625090669098975
2550 0.012736938462379433 0.012736938462379433 12.997796214276573 0.33136449605789603 0.050625090669098975
2600 0.012736938462379433 0.012736938462379433 12.997796214276573 0.33136449605789603 0.050625090669098975
2650 0.012736938462379433 0.012736938462379433 12.997796214276573 0.33136449605789603 0.050625090669098975
2700 0.012736938462379433 0.012736938462379433 12.997796214276573 0.33136449605789603 0.050625090669098975
2750 0.012735879232400668 0.012735879232400668 12.916546023288365 0.33230725716449383 0.05068861408235053
2800 0.012735879232400668 0.012735879232400668 12.916546023288365 0.33230725716449383 0.05068861408235053
2850 0.012735879232400668 0.012735879232400668 12.916546023288365 0.33230725716449383 0.05068861408235053
2900 0.01270502762376498 0.01270502762376498 12.484816118214463 0.3382579121440539 0.05092222033626213
2950 0.01270502762376498 0.01270502762376498 12.484816118214463 0.3382579121440539 0.05092222033626213
3000 0.01270502762376498 0.01270502762376498 12.484816118214463 0.3382579121440539 0.05092222033626213
3050 0.01270502762376498 0.01270502762376498 12.484816118214463 0.3382579121440539 0.05092222033626213
3100 0.01270502762376498 0.01270502762376498 12.484816118214463 0.3382579121440539 0.05092222033626213
3150 0.01270502762376498 0.01270502762376498 12.484816118214463 0.3382579121440539 0.05092222033626213
3200 0.01270502762376498 0.01270502762376498 12.484816118214463 0.3382579121440539 0.05092222033626213
3250 0.01269750057491455 0.01269750057491455 11.474784285102949 0.3541257120774338 0.05158453018488058
3300 0.01269750057491455 0.01269750057491455 11.474784285102949 0.3541257120774338 0.05158453018488058
3350 0.01269750057491455 0.01269750057491455 11.474784285102949 0.3541257120774338 0.05158453018488058
3400 0.012684437041181567 0.012684437041181567 11.461693206101806 0.354063016333677 0.05158761758739885
3450 0.012684437041181567 0.012684437041181567 11.461693206101806 0.354063016333677 0.05158761758739885
3500 0.012684437041181567 0.012684437041181567 11.461693206101806 0.354063016333677 0.05158761758739885
3550 0.012684437041181567 0.012684437041181567 11.461693206101806 0.354063016333677 0.05158761758739885
3600 0.012684437041181567 0.012684437041181567 11.461693206101806 0.354063016333677 0.05158761758739885
3650 0.012672383239088578 0.012672383239088578 11.49345037205187 0.35337409544397846 0.051552565921214114
3700 0.012672383239088578 0.012672383239088578 11.49345037205187 0.35337409544397846 0.051552565921214114
3750 0.012672383239088578 0.012672383239088578 11.49345037205187 0.35337409544397846 0.051552565921214114
3800 0.012672383239088578 0.012672383239088578 11.49345037205187 0.35337409544397846 0.051552565921214114
3850 0.012672383239088578 0.012672383239088578 11.49345037205187 0.35337409544397846 0.051552565921214114
3900 0.012672383239088578 0.012672383239088578 11.49345037205187 0.35337409544397846 0.051552565921214114
3950 0.012670477929879834 0.012670477929879834 11.33380414843218 0.35601446416734267 0.05166371608820768
4000 0.012670477929879834 0.012670477929879834 11.33380414843218 0.35601446416734267 0.05166371608820768
4050 0.012670477929879834 0.012670477929879834 11.33380414843218 0.35601446416734267 0.05166371608820768
4100 0.012670477929879834 0.012670477929879834 11.33380414843218 0.35601446416734267 0.05166371608820768
4150 0.012670477929879834 0.012670477929879834 11.33380414843218 0.35601446416734267 0.05166371608820768
4200 0.012670477929879834 0.012670477929879834 11.33380414843218 0.35601446416734267 0.05166371608820768
4250 0.012670477929879834 0.012670477929879834 11.33380414843218 0.35601446416734267 0.05166371608820768
4300 0.012670477929879834 0.012670477929879834 11.33380414843218 0.35601446416734267 0.05166371608820768
4350 0.012670477929879834 0.012670477929879834 11.33380414843218 0.35601446416734267 0.05166371608820768
4400 0.012670477929879834 0.012670477929879834 11.33380414843218 0.35601446416734267 0.05166371608820768
4450 0.012670477929879834 0.012670477929879834 11.33380414843218 0.35601446416734267 0.05166371608820768
4500 0.012670477929879834 0.012670477929879834 11.33380414843218 0.35601446416734267 0.05166371608820768
4550 0.012670477929879834 0.012670477929879834 11.33380414843218 0.35601446416734267 0.05166371608820768
4600 0.012670477929879834 0.012670477929879834 11.33380414843218 0.35601446416734267 0.05166371608820768
4650 0.012670477929879834 0.012670477929879834 11.33380414843218 0.35601446416734267 0.05166371608820768
4700 0.012670477929879834 0.012670477929879834 11.33380414843218 0.35601446416734267 0.05166371608820768
4750 0.012668617907096167 0.012668617907096167 11.096205399538475 0.36009138318631556 0.05183051396286815
4800 0.012666048869362127 0.012666048869362127 11.119257919909991 0.35965461506144986 0.05181113733142337
4850 0.012666048869362127 0.012666048869362127 11.119257919909991 0.35965461506144986 0.05181113733142337
4900 0.012666048869362127 0.012666048869362127 11.119257919909991 0.35965461506144986 0.05181113733142337
4950 0.012666048869362127 0.012666048869362127 11.119257919909991 0.35965461506144986 0.05181113733142337
5000 0.012666048869362127 0.012666048869362127 11.119257919909991 0.35965461506144986 0.05181113733142337
5050 0.012666048869362127 0.012666048869362127 11.119257919909991 0.35965461506144986 0.05181113733142337
5100 0.012666048869362127 0.012666048869362127 11.119257919909991 0.35965461506144986 0.05181113733142337
5150 0.012666048869362127 0.012666048869362127 11.119257919909991 0.35965461506144986 0.05181113733142337
5200 0.012666048869362127 0.012666048869362127 11.119257919909991 0.35965461506144986 0.05181113733142337
5250 0.012666048869362127 0.012666048869362127 11.119257919909991 0.35965461506144986 0.05181113733142337
5300 0.012666048869362127 0.012666048869362127 11.119257919909991 0.35965461506144986 0.05181113733142337
5350 0.012665382095449451 0.012665382095449451 11.35528885462181 0.3555936406091003 0.051642292433101616
5400 0.012665382095449451 0.012665382095449451 11.35528885462181 0.3555936406091003 0.051642292433101616
5450 0.012665382095449451 0.012665382095449451 11.35528885462181 0.3555936406091003 0.051642292433101616
5500 0.012665382095449451 0.012665382095449451 11.35528885462181 0.3555936406091003 0.051642292433101616
5550 0.012665382095449451 0.012665382095449451 11.35528885462181 0.3555936406091003 0.051642292433101616
5600 0.012665382095449451 0.012665382095449451 11.35528885462181 0.3555936406091003 0.051642292433101616
5650 0.012665382095449451 0.012665382095449451 11.35528885462181 0.3555936406091003 0.051642292433101616
5700 0.012665382095449451 0.012665382095449451 11.35528885462181 0.3555936406091003 0.051642292433101616
5750 0.012665382095449451 0.012665382095449451 11.35528885462181 0.3555936406091003 0.051642292433101616
5800 0.012665382095449451 0.012665382095449451 11.35528885462181 0.3555936406091003 0.051642292433101616
5850 0.012665382095449451 0.012665382095449451 11.35528885462181 0.3555936406091003 0.051642292433101616
5900 0.012665382095449451 0.012665382095449451 11.35528885462181 0.3555936406091003 0.051642292433101616
5950 0.012665382095449451 0.012665382095449451 11.35528885462181 0.3555936406091003 0.051642292433101616
6000 0.012665382095449451 0.012665382095449451 11.35528885462181 0.3555936406091003 0.051642292433101616
6050 0.012665382095449451 0.012665382095449451 11.35528885462181 0.3555936406091003 0.051642292433101616
6100 0.012665382095449451 0.012665382095449451 11.35528885462181 0.3555936406091003 0.051642292433101616
6150 0.012665382095449451 0.012665382095449451 11.35528885462181 0.3555936406091003 0.051642292433101616
6200 0.012665382095449451 0.012665382095449451 11.35528885462181 0.3555936406091003 0.051642292433101616
6250 0.012665382095449451 0.012665382095449451 11.35528885462181 0.3555936406091003 0.051642292433101616
6300 0.012665382095449451 0.012665382095449451 11.35528885462181 0.3555936406091003 0.051642292433101616
6350 0.012665382095449451 0.012665382095449451 11.35528885462181 0.3555936406091003 0.051642292433101616
6400 0.012665382095449451 0.012665382095449451 11.35528885462181 0.3555936406091003 0.051642292433101616
6450 0.012665382095449451 0.012665382095449451 11.35528885462181 0.3555936406091003 0.051642292433101616
6500 0.012665382095449451 0.012665382095449451 11.35528885462181 0.3555936406091003 0.051642292433101616
6550 0.012665382095449451 0.012665382095449451 11.35528885462181 0.3555936406091003 0.051642292433101616
6600 0.012665382095449451 0.012665382095449451 11.35528885462181 0.3555936406091003 0.051642292433101616
6650 0.012665382095449451 0.012665382095449451 11.35528885462181 0.3555936406091003 0.051642292433101616
6700 0.012665382095449451 0.012665382095449451 11.35528885462181 0.3555936406091003 0.051642292433101616
6750 0.012665382095449451 0.012665382095449451 11.35528885462181 0.3555936406091003 0.051642292433101616
6800 0.012665382095449451 0.012665382095449451 11.35528885462181 0.3555936406091003 0.051642292433101616
6850 0.012665382095449451 0.012665382095449451 11.35528885462181 0.3555936406091003 0.051642292433101616
6900 0.012665382095449451 0.012665382095449451 11.35528885462181 0.3555936406091003 0.051642292433101616
6950 0.012665382095449451 0.012665382095449451 11.35528885462181 0.3555936406091003 0.051642292433101616
7000 0.012665382095449451 0.012665382095449451 11.35528885462181 0.3555936406091003 0.051642292433101616
7050 0.012665382095449451 0.012665382095449451 11.35528885462181 0.3555936406091003 0.051642292433101616
7100 0.012665382095449451 0.012665382095449451 11.35528885462181 0.3555936406091003 0.051642292433101616
7150 0.012665382095449451 0.012665382095449451 11.35528885462181 0.3555936406091003 0.051642292433101616
7200 0.012665382095449451 0.012665382095449451 11.35528885462181 0.3555936406091003 0.051642292433101616
7250 0.012665382095449451 0.012665382095449451 11.35528885462181 0.3555936406091003 0.051642292433101616
7300 0.012665382095449451 0.012665382095449451 11.35528885462181 0.3555936406091003 0.051642292433101616
7350 0.012665382095449451 0.012665382095449451 11.35528885462181 0.3555936406091003 0.051642292433101616
7400 0.012665382095449451 0.012665382095449451 11.35528885462181 0.3555936406091003 0.051642292433101616
7450 0.012665370376562405 0.012665370376562405 11.29285655644373 0.3566529831841273 0.051686468236304184
7500 0.012665370376562405 0.012665370376562405 11.29285655644373 0.3566529831841273 0.051686468236304184
7550 0.012665370376562405 0.012665370376562405 11.29285655644373 0.3566529831841273 0.051686468236304184
7600 0.012665370376562405 0.012665370376562405 11.29285655644373 0.3566529831841273 0.051686468236304184
7650 0.012665370376562405 0.012665370376562405 11.29285655644373 0.3566529831841273 0.051686468236304184
7700 0.012665347685671622 0.012665347685671622 11.382473055345566 0.3551336723736914 0.05162314309768197
7750 0.01266534394260627 0.01266534394260627 11.251496023214612 0.35736026625128275 0.0517157595117523
7800 0.01266534394260627 0.01266534394260627 11.251496023214612 0.35736026625128275 0.0517157595117523
7850 0.01266534394260627 0.01266534394260627 11.251496023214612 0.35736026625128275 0.0517157595117523
7900 0.012665303495488615 0.012665303495488615 11.27673016567492 0.35692748993468143 0.05169782085048357
7950 0.012665303495488615 0.012665303495488615 11.27673016567492 0.35692748993468143 0.05169782085048357
8000 0.012665303495488615 0.012665303495488615 11.27673016567492 0.35692748993468143 0.05169782085048357
8050 0.012665303495488615 0.012665303495488615 11.27673016567492 0.35692748993468143 0.05169782085048357
8100 0.012665303495488615 0.012665303495488615 11.27673016567492 0.35692748993468143 0.05169782085048357
8150 0.012665303495488615 0.012665303495488615 11.27673016567492 0.35692748993468143 0.05169782085048357
8200 0.012665254924820598 0.012665254924820598 11.302137144363613 0.35649352343396373 0.051679753696037306
8250 0.012665254924820598 0.012665254924820598 11.302137144363613 0.35649352343396373 0.051679753696037306
8300 0.012665254924820598 0.012665254924820598 11.302137144363613 0.35649352343396373 0.051679753696037306
8350 0.012665246766368363 0.012665246766368363 11.308190395522804 0.35639043617356686 0.05167545444754527
8400 0.012665246766368363 0.012665246766368363 11.308190395522804 0.35639043617356686 0.05167545444754527
8450 0.012665246766368363 0.012665246766368363 11.308190395522804 0.35639043617356686 0.05167545444754527
8500 0.012665246766368363 0.012665246766368363 11.308190395522804 0.35639043617356686 0.05167545444754527
8550 0.012665246766368363 0.012665246766368363 11.308190395522804 0.35639043617356686 0.05167545444754527
8600 0.012665246766368363 0.012665246766368363 11.308190395522804 0.35639043617356686 0.05167545444754527
8650 0.012665246766368363 0.012665246766368363 11.308190395522804 0.35639043617356686 0.05167545444754527
8700 0.012665246766368363 0.012665246766368363 11.308190395522804 0.35639043617356686 0.05167545444754527
8750 0.012665246766368363 0.012665246766368363 11.308190395522804 0.35639043617356686 0.05167545444754527
8800 0.012665246766368363 0.012665246766368363 11.308190395522804 0.35639043617356686 0.05167545444754527
8850 0.012665246766368363 0.012665246766368363 11.308190395522804 0.35639043617356686 0.05167545444754527
8900 0.012665246766368363 0.012665246766368363 11.308190395522804 0.35639043617356686 0.05167545444754527
8950 0.012665246766368363 0.012665246766368363 11.308190395522804 0.35639043617356686 0.05167545444754527
9000 0.012665246766368363 0.012665246766368363 11.308190395522804 0.35639043617356686 0.05167545444754527
9050 0.012665246766368363 0.012665246766368363 11.308190395522804 0.35639043617356686 0.05167545444754527
9100 0.012665246766368363 0.012665246766368363 11.308190395522804 0.35639043617356686 0.05167545444754527
9150 0.012665246766368363 0.012665246766368363 11.308190395522804 0.35639043617356686 0.05167545444754527
9200 0.012665246766368363 0.012665246766368363 11.308190395522804 0.35639043617356686 0.05167545444754527
9250 0.012665246766368363 0.012665246766368363 11.308190395522804 0.35639043617356686 0.05167545444754527
9300 0.012665246766368363 0.012665246766368363 11.308190395522804 0.35639043617356686 0.05167545444754527
9350 0.012665246766368363 0.012665246766368363 11.308190395522804 0.35639043617356686 0.05167545444754527
9400 0.012665246766368363 0.012665246766368363 11.308190395522804 0.35639043617356686 0.05167545444754527
9450 0.012665246766368363 0.012665246766368363 11.308190395522804 0.35639043617356686 0.05167545444754527
9500 0.012665246766368363 0.012665246766368363 11.308190395522804 0.35639043617356686 0.05167545444754527
9550 0.012665246766368363 0.012665246766368363 11.308190395522804 0.35639043617356686 0.05167545444754527
9600 0.012665246766368363 0.012665246766368363 11.308190395522804 0.35639043617356686 0.05167545444754527
9650 0.012665246766368363 0.012665246766368363 11.308190395522804 0.35639043617356686 0.05167545444754527
9700 0.012665246766368363 0.012665246766368363 11.308190395522804 0.35639043617356686 0.05167545444754527
9750 0.012665246766368363 0.012665246766368363 11.308190395522804 0.35639043617356686 0.05167545444754527
9800 0.012665246766368363 0.012665246766368363 11.308190395522804 0.35639043617356686 0.05167545444754527
9850 0.012665246766368363 0.012665246766368363 11.308190395522804 0.35639043617356686 0.05167545444754527
9900 0.012665246766368363 0.012665246766368363 11.308190395522804 0.35639043617356686 0.05167545444754527
9950 0.012665246766368363 0.012665246766368363 11.308190395522804 0.35639043617356686 0.05167545444754527
10000 0.012665246766368363 0.012665246766368363 11.308190395522804 0.35639043617356686 0.05167545444754527
10050 0.012665246766368363 0.012665246766368363 11.308190395522804 0.35639043617356686 0.05167545444754527
10100 0.012665246766368363 0.012665246766368363 11.308190395522804 0.35639043617356686 0.05167545444754527
10150 0.012665245840121759 0.012665245840121759 11.30896889156158 0.35637718473745367 0.05167490188777229
10200 0.01266523973946267 0.01266523973946267 11.302144492529004 0.3564932462407721 0.0516797285324432
10250 0.01266523973946267 0.01266523973946267 11.302144492529004 0.3564932462407721 0.0516797285324432
10300 0.01266523973946267 0.01266523973946267 11.302144492529004 0.3564932462407721 0.0516797285324432
10350 0.01266523973946267 0.01266523973946267 11.302144492529004 0.3564932462407721 0.0516797285324432
10400 0.01266523973946267 0.01266523973946267 11.302144492529004 0.3564932462407721 0.0516797285324432
10450 0.012665238156491985 0.012665238156491985 11.299289538833737 0.3565418443612188 0.051681749461518094
10500 0.012665238156491985 0.012665238156491985 11.299289538833737 0.3565418443612188 0.051681749461518094
10550 0.012665238156491985 0.012665238156491985 11.299289538833737 0.3565418443612188 0.051681749461518094
10600 0.012665238156491985 0.012665238156491985 11.299289538833737 0.3565418443612188 0.051681749461518094
10650 0.012665237007549717 0.012665237007549717 11.307593309794713 0.356400441147867 0.05167586846889972
10700 0.012665237007549717 0.012665237007549717 11.307593309794713 0.356400441147867 0.05167586846889972
10750 0.012665237007549717 0.012665237007549717 11.307593309794713 0.356400441147867 0.05167586846889972
10800 0.012665237007549717 0.012665237007549717 11.307593309794713 0.356400441147867 0.05167586846889972
10850 0.012665237007549717 0.012665237007549717 11.307593309794713 0.356400441147867 0.05167586846889972
10900 0.012665237007549717 0.012665237007549717 11.307593309794713 0.356400441147867 0.05167586846889972
10950 0.012665234414456439 0.012665234414456439 11.288113923463039 0.35673229604883405 0.051689666510452384
11000 0.012665234414456439 0.012665234414456439 11.288113923463039 0.35673229604883405 0.051689666510452384
11050 0.012665234414456439 0.012665234414456439 11.288113923463039 0.35673229604883405 0.051689666510452384
11100 0.012665234414456439 0.012665234414456439 11.288113923463039 0.35673229604883405 0.051689666510452384
11150 0.012665234414456439 0.012665234414456439 11.288113923463039 0.35673229604883405 0.051689666510452384
11200 0.012665234414456439 0.012665234414456439 11.288113923463039 0.35673229604883405 0.051689666510452384
11250 0.012665234414456439 0.012665234414456439 11.288113923463039 0.35673229604883405 0.051689666510452384
11300 0.012665234414456439 0.012665234414456439 11.288113923463039 0.35673229604883405 0.051689666510452384
11350 0.012665234414456439 0.012665234414456439 11.288113923463039 0.35673229604883405 0.051689666510452384
11400 0.012665234414456439 0.012665234414456439 11.288113923463039 0.35673229604883405 0.051689666510452384
11450 0.012665234414456439 0.012665234414456439 11.288113923463039 0.35673229604883405 0.051689666510452384
11500 0.012665234414456439 0.012665234414456439 11.288113923463039 0.35673229604883405 0.051689666510452384
11550 0.012665234414456439 0.012665234414456439 11.288113923463039 0.35673229604883405 0.051689666510452384
11600 0.012665234414456439 0.012665234414456439 11.288113923463039 0.35673229604883405 0.051689666510452384
11650 0.012665234414456439 0.012665234414456439 11.288113923463039 0.35673229604883405 0.051689666510452384
11700 0.012665234306395585 0.012665234306395585 11.293256633571223 0.35664459433163015 0.05168602066154686
11750 0.012665234306395585 0.012665234306395585 11.293256633571223 0.35664459433163015 0.05168602066154686
11800 0.012665234306395585 0.012665234306395585 11.293256633571223 0.35664459433163015 0.05168602066154686
11850 0.012665234306395585 0.012665234306395585 11.293256633571223 0.35664459433163015 0.05168602066154686
11900 0.012665234306395585 0.012665234306395585 11.293256633571223 0.35664459433163015 0.05168602066154686
11950 0.012665234306395585 0.012665234306395585 11.293256633571223 0.35664459433163015 0.05168602066154686
12000 0.012665233303763452 0.012665233303763452 11.29116404551979 0.35668025548592847 0.05168750316075077
12050 0.012665233303763452 0.012665233303763452 11.29116404551979 0.35668025548592847 0.05168750316075077
12100 0.012665233303763452 0.012665233303763452 11.29116404551979 0.35668025548592847 0.05168750316075077
12150 0.012665233281987215 0.012665233281987215 11.293284977325426 0.35664409368148 0.0516859997470159
12200 0.012665233281987215 0.012665233281987215 11.293284977325426 0.35664409368148 0.0516859997470159
12250 0.012665233281987215 0.012665233281987215 11.293284977325426 0.35664409368148 0.0516859997470159
12300 0.012665233281987215 0.012665233281987215 11.293284977325426 0.35664409368148 0.0516859997470159
12350 0.012665233281987215 0.012665233281987215 11.293284977325426 0.35664409368148 0.0516859997470159
12400 0.012665233281987215 0.012665233281987215 11.293284977325426 0.35664409368148 0.0516859997470159
12450 0.012665233281987215 0.012665233281987215 11.293284977325426 0.35664409368148 0.0516859997470159
12500 0.012665233281987215 0.012665233281987215 11.293284977325426 0.35664409368148 0.0516859997470159
12550 0.012665233281987215 0.012665233281987215 11.293284977325426 0.35664409368148 0.0516859997470159
12600 0.012665233281987215 0.012665233281987215 11.293284977325426 0.35664409368148 0.0516859997470159
12650 0.012665233281987215 0.012665233281987215 11.293284977325426 0.35664409368148 0.0516859997470159
12700 0.012665233043306884 0.012665233043306884 11.291461404603927 0.3566751818834216 0.0516872920593197
12750 0.012665233043306884 0.012665233043306884 11.291461404603927 0.3566751818834216 0.0516872920593197
12800 0.012665233043306884 0.012665233043306884 11.291461404603927 0.3566751818834216 0.0516872920593197
12850 0.012665233043306884 0.012665233043306884 11.291461404603927 0.3566751818834216 0.0516872920593197
12900 0.012665233043306884 0.012665233043306884 11.291461404603927 0.3566751818834216 0.0516872920593197
12950 0.012665233043306884 0.012665233043306884 11.291461404603927 0.3566751818834216 0.0516872920593197
13000 0.012665233043306884 0.012665233043306884 11.291461404603927 0.3566751818834216 0.0516872920593197
13050 0.012665233043306884 0.012665233043306884 11.291461404603927 0.3566751818834216 0.0516872920593197
13100 0.012665233043306884 0.012665233043306884 11.291461404603927 0.3566751818834216 0.0516872920593197
13150 0.012665233043306884 0.012665233043306884 11.291461404603927 0.3566751818834216 0.0516872920593197
13200 0.012665233043306884 0.012665233043306884 11.291461404603927 0.3566751818834216 0.0516872920593197
13250 0.012665233043306884 0.012665233043306884 11.291461404603927 0.3566751818834216 0.0516872920593197
13300 0.012665233043306884 0.012665233043306884 11.291461404603927 0.3566751818834216 0.0516872920593197
13350 0.012665233030209219 0.012665233030209219 11.289451521288294 0.3567094576302164 0.05168871692222327
13400 0.012665233030209219 0.012665233030209219 11.289451521288294 0.3567094576302164 0.05168871692222327
13450 0.012665233030209219 0.012665233030209219 11.289451521288294 0.3567094576302164 0.05168871692222327
13500 0.012665233015227054 0.012665233015227054 11.291535745741898 0.35667391328455933 0.051687239374209756
13550 0.012665232931486548 0.012665232931486548 11.290645224778004 0.35668909807438554 0.05168787053945054
13600 0.012665232931486548 0.012665232931486548 11.290645224778004 0.35668909807438554 0.05168787053945054
13650 0.012665232931486548 0.012665232931486548 11.290645224778004 0.35668909807438554 0.05168787053945054
13700 0.012665232931486548 0.012665232931486548 11.290645224778004 0.35668909807438554 0.05168787053945054
13750 0.012665232931486548 0.012665232931486548 11.290645224778004 0.35668909807438554 0.05168787053945054
13800 0.012665232931486548 0.012665232931486548 11.290645224778004 0.35668909807438554 0.05168787053945054
13850 0.012665232931486548 0.012665232931486548 11.290645224778004 0.35668909807438554 0.05168787053945054
13900 0.012665232931486548 0.012665232931486548 11.290645224778004 0.35668909807438554 0.05168787053945054
13950 0.012665232931486548 0.012665232931486548 11.290645224778004 0.35668909807438554 0.05168787053945054
14000 0.012665232931486548 0.012665232931486548 11.290645224778004 0.35668909807438554 0.05168787053945054
14050 0.012665232889674832 0.012665232889674832 11.289899734066815 0.35670181132801565 0.05168839899631212
14100 0.01266523283520107 0.01266523283520107 11.288924279033678 0.3567184477812087 0.051689090541021054
14150 0.01266523283520107 0.01266523283520107 11.288924279033678 0.3567184477812087 0.051689090541021054
14200 0.01266523283520107 0.01266523283520107 11.288924279033678 0.3567184477812087 0.051689090541021054
14250 0.01266523283520107 0.01266523283520107 11.288924279033678 0.3567184477812087 0.051689090541021054
14300 0.01266523283520107 0.01266523283520107 11.288924279033678 0.3567184477812087 0.051689090541021054
14350 0.012665232832356007 0.012665232832356007 11.289402227999007 0.35671029568600465 0.05168875166182915
14400 0.012665232832356007 0.012665232832356007 11.289402227999007 0.35671029568600465 0.05168875166182915
14450 0.012665232832356007 0.012665232832356007 11.289402227999007 0.35671029568600465 0.05168875166182915
14500 0.01266523281844883 0.01266523281844883 11.28913855397032 0.3567147927506292 0.05168893859589877
14550 0.01266523281844883 0.01266523281844883 11.28913855397032 0.3567147927506292 0.05168893859589877
14600 0.012665232805041036 0.012665232805041036 11.289788772406459 0.35670370249352057 0.051688477585439374
14650 0.012665232805041036 0.012665232805041036 11.289788772406459 0.35670370249352057 0.051688477585439374
14700 0.012665232805041036 0.012665232805041036 11.289788772406459 0.35670370249352057 0.051688477585439374
14750 0.012665232805041036 0.012665232805041036 11.289788772406459 0.35670370249352057 0.051688477585439374
14800 0.012665232805041036 0.012665232805041036 11.289788772406459 0.35670370249352057 0.051688477585439374
14850 0.012665232805041036 0.012665232805041036 11.289788772406459 0.35670370249352057 0.051688477585439374
14900 0.012665232805041036 0.012665232805041036 11.289788772406459 0.35670370249352057 0.051688477585439374
14950 0.012665232805041036 0.012665232805041036 11.289788772406459 0.35670370249352057 0.051688477585439374
15000 0.012665232803025922 0.012665232803025922 11.288785890959758 0.356720807953196 0.05168918862070201
15050 0.012665232803025922 0.012665232803025922 11.288785890959758 0.356720807953196 0.05168918862070201
15100 0.012665232803025922 0.012665232803025922 11.288785890959758 0.356720807953196 0.05168918862070201
15150 0.012665232803025922 0.012665232803025922 11.288785890959758 0.356720807953196 0.05168918862070201
15200 0.012665232794707664 0.012665232794707664 11.288533884846286 0.35672510645731176 0.05168936729404294
15250 0.012665232794707664 0.012665232794707664 11.288533884846286 0.35672510645731176 0.05168936729404294
15300 0.012665232794707664 0.012665232794707664 11.288533884846286 0.35672510645731176 0.05168936729404294
15350 0.012665232794707664 0.012665232794707664 11.288533884846286 0.35672510645731176 0.05168936729404294
15400 0.012665232794707664 0.012665232794707664 11.288533884846286 0.35672510645731176 0.05168936729404294
15450 0.012665232794707664 0.012665232794707664 11.288533884846286 0.35672510645731176 0.05168936729404294
15500 0.012665232794707664 0.012665232794707664 11.288533884846286 0.35672510645731176 0.05168936729404294
15550 0.012665232794707664 0.012665232794707664 11.288533884846286 0.35672510645731176 0.05168936729404294
15600 0.012665232794707664 0.012665232794707664 11.288533884846286 0.35672510645731176 0.05168936729404294
15650 0.012665232794707664 0.012665232794707664 11.288533884846286 0.35672510645731176 0.05168936729404294
15700 0.012665232794707664 0.012665232794707664 11.288533884846286 0.35672510645731176 0.05168936729404294
15750 0.012665232794707664 0.012665232794707664 11.288533884846286 0.35672510645731176 0.05168936729404294
15800 0.012665232794707664 0.012665232794707664 11.288533884846286 0.35672510645731176 0.05168936729404294
15850 0.012665232794707664 0.012665232794707664 11.288533884846286 0.35672510645731176 0.05168936729404294
15900 0.01266523279291984 0.01266523279291984 11.288513149402423 0.35672546013748413 0.05168938199443704
15950 0.01266523279291984 0.01266523279291984 11.288513149402423 0.35672546013748413 0.05168938199443704
16000 0.01266523279291984 0.01266523279291984 11.288513149402423 0.35672546013748413 0.05168938199443704
16050 0.01266523279291984 0.01266523279291984 11.288513149402423 0.35672546013748413 0.05168938199443704
16100 0.01266523279291984 0.01266523279291984 11.288513149402423 0.35672546013748413 0.05168938199443704
16150 0.01266523279291984 0.01266523279291984 11.288513149402423 0.35672546013748413 0.05168938199443704
16200 0.01266523279152965 0.01266523279152965 11.288836953448182 0.3567199367706984 0.051689152406622016
16250 0.01266523279152965 0.01266523279152965 11.288836953448182 0.3567199367706984 0.051689152406622016
16300 0.012665232790319673 0.012665232790319673 11.288664570709564 0.35672287717095696 0.0516892746293011
16350 0.012665232790319673 0.012665232790319673 11.288664570709564 0.35672287717095696 0.0516892746293011
16400 0.012665232789918844 0.012665232789918844 11.28925428939 0.35671281831641394 0.051688856509462124
16450 0.012665232789918844 0.012665232789918844 11.28925428939 0.35671281831641394 0.051688856509462124
16500 0.012665232789918844 0.012665232789918844 11.28925428939 0.35671281831641394 0.051688856509462124
16550 0.012665232789918844 0.012665232789918844 11.28925428939 0.35671281831641394 0.051688856509462124
16600 0.012665232789918844 0.012665232789918844 11.28925428939 0.35671281831641394 0.051688856509462124
16650 0.012665232789918844 0.012665232789918844 11.28925428939 0.35671281831641394 0.051688856509462124
16700 0.012665232789918844 0.012665232789918844 11.28925428939 0.35671281831641394 0.051688856509462124
16750 0.012665232789918844 0.012665232789918844 11.28925428939 0.35671281831641394 0.051688856509462124
16800 0.012665232789918844 0.012665232789918844 11.28925428939 0.35671281831641394 0.051688856509462124
16850 0.012665232789860937 0.012665232789860937 11.288707907222966 0.35672213795119806 0.05168924390157435
16900 0.012665232789860937 0.012665232789860937 11.288707907222966 0.35672213795119806 0.05168924390157435
16950 0.012665232789860937 0.012665232789860937 11.288707907222966 0.35672213795119806 0.05168924390157435
17000 0.012665232789503064 0.012665232789503064 11.288802660218119 0.35672052169907825 0.05168917671882153
17050 0.012665232789136465 0.012665232789136465 11.288875379125995 0.3567192813032183 0.051689125159366495
17100 0.012665232789136465 0.012665232789136465 11.288875379125995 0.3567192813032183 0.051689125159366495
17150 0.012665232789136465 0.012665232789136465 11.288875379125995 0.3567192813032183 0.051689125159366495
17200 0.012665232789136465 0.012665232789136465 11.288875379125995 0.3567192813032183 0.051689125159366495
17250 0.012665232789136465 0.012665232789136465 11.288875379125995 0.3567192813032183 0.051689125159366495
17300 0.012665232789136465 0.012665232789136465 11.288875379125995 0.3567192813032183 0.051689125159366495
17350 0.012665232789136465 0.012665232789136465 11.288875379125995 0.3567192813032183 0.051689125159366495
17400 0.012665232788686693 0.012665232788686693 11.289001571037929 0.3567171288346443 0.05168903568659505
17450 0.012665232788686693 0.012665232788686693 11.289001571037929 0.3567171288346443 0.05168903568659505
17500 0.012665232788686693 0.012665232788686693 11.289001571037929 0.3567171288346443 0.05168903568659505
17550 0.012665232788686693 0.012665232788686693 11.289001571037929 0.3567171288346443 0.05168903568659505
17600 0.012665232788686693 0.012665232788686693 11.289001571037929 0.3567171288346443 0.05168903568659505
17650 0.012665232788686693 0.012665232788686693 11.289001571037929 0.3567171288346443 0.05168903568659505
17700 0.012665232788686693 0.012665232788686693 11.289001571037929 0.3567171288346443 0.05168903568659505
17750 0.012665232788686693 0.012665232788686693 11.289001571037929 0.3567171288346443 0.05168903568659505
17800 0.012665232788686693 0.012665232788686693 11.289001571037929 0.3567171288346443 0.05168903568659505
17850 0.012665232788686693 0.012665232788686693 11.289001571037929 0.3567171288346443 0.05168903568659505
17900 0.012665232788686693 0.012665232788686693 11.289001571037929 0.3567171288346443 0.05168903568659505
17950 0.012665232788686693 0.012665232788686693 11.289001571037929 0.3567171288346443 0.05168903568659505
18000 0.012665232788686693 0.012665232788686693 11.289001571037929 0.3567171288346443 0.05168903568659505
18050 0.012665232788686693 0.012665232788686693 11.289001571037929 0.3567171288346443 0.05168903568659505
18100 0.012665232788686693 0.012665232788686693 11.289001571037929 0.3567171288346443 0.05168903568659505
18150 0.012665232788686693 0.012665232788686693 11.289001571037929 0.3567171288346443 0.05168903568659505
18200 0.012665232788686693 0.012665232788686693 11.289001571037929 0.3567171288346443 0.05168903568659505
18250 0.012665232788686693 0.012665232788686693 11.289001571037929 0.3567171288346443 0.05168903568659505
18300 0.012665232788686693 0.012665232788686693 11.289001571037929 0.3567171288346443 0.05168903568659505
18350 0.012665232788686693 0.012665232788686693 11.289001571037929 0.3567171288346443 0.05168903568659505
18400 0.012665232788686693 0.012665232788686693 11.289001571037929 0.3567171288346443 0.05168903568659505
18450 0.012665232788686693 0.012665232788686693 11.289001571037929 0.3567171288346443 0.05168903568659505
18500 0.01266523278866251 0.01266523278866251 11.288816346359068 0.35672028823627966 0.05168916701428076
18550 0.012665232788584968 0.012665232788584968 11.288955624452573 0.3567179125427855 0.051689068263317636
18600 0.012665232788584968 0.012665232788584968 11.288955624452573 0.3567179125427855 0.051689068263317636
18650 0.012665232788584968 0.012665232788584968 11.288955624452573 0.3567179125427855 0.051689068263317636
18700 0.01266523278846815 0.01266523278846815 11.288922879616482 0.3567184710720418 0.0516890914798309
18750 0.01266523278846815 0.01266523278846815 11.288922879616482 0.3567184710720418 0.0516890914798309
18800 0.012665232788393798 0.012665232788393798 11.288945538336762 0.3567180845791883 0.05168907541435562
18850 0.012665232788393798 0.012665232788393798 11.288945538336762 0.3567180845791883 0.05168907541435562
18900 0.012665232788393798 0.012665232788393798 11.288945538336762 0.3567180845791883 0.05168907541435562
18950 0.012665232788393798 0.012665232788393798 11.288945538336762 0.3567180845791883 0.05168907541435562
19000 0.012665232788393798 0.012665232788393798 11.288945538336762 0.3567180845791883 0.05168907541435562
19050 0.012665232788393798 0.012665232788393798 11.288945538336762 0.3567180845791883 0.05168907541435562
19100 0.012665232788393798 0.012665232788393798 11.288945538336762 0.3567180845791883 0.05168907541435562
19150 0.012665232788344881 0.012665232788344881 11.288924678361967 0.3567184403888838 0.0516890902043658
19200 0.012665232788344881 0.012665232788344881 11.288924678361967 0.3567184403888838 0.0516890902043658
19250 0.012665232788344881 0.012665232788344881 11.288924678361967 0.3567184403888838 0.0516890902043658
19300 0.012665232788344881 0.012665232788344881 11.288924678361967 0.3567184403888838 0.0516890902043658
19350 0.012665232788344881 0.012665232788344881 11.288924678361967 0.3567184403888838 0.0516890902043658
19400 0.012665232788344881 0.012665232788344881 11.288924678361967 0.3567184403888838 0.0516890902043658
19450 0.012665232788344881 0.012665232788344881 11.288924678361967 0.3567184403888838 0.0516890902043658
19500 0.012665232788344881 0.012665232788344881 11.288924678361967 0.3567184403888838 0.0516890902043658
19550 0.012665232788344881 0.012665232788344881 11.288924678361967 0.3567184403888838 0.0516890902043658
19600 0.012665232788337037 0.012665232788337037 11.288936977883623 0.3567182305946718 0.05168908148379379
19650 0.012665232788337037 0.012665232788337037 11.288936977883623 0.3567182305946718 0.05168908148379379
19700 0.012665232788337037 0.012665232788337037 11.288936977883623 0.3567182305946718 0.05168908148379379
19750 0.012665232788337037 0.012665232788337037 11.288936977883623 0.3567182305946718 0.05168908148379379
19800 0.012665232788337037 0.012665232788337037 11.288936977883623 0.3567182305946718 0.05168908148379379
19850 0.012665232788337037 0.012665232788337037 11.288936977883623 0.3567182305946718 0.05168908148379379
19900 0.012665232788337037 0.012665232788337037 11.288936977883623 0.3567182305946718 0.05168908148379379
19950 0.012665232788337037 0.012665232788337037 11.288936977883623 0.3567182305946718 0.05168908148379379
20000 0.012665232788337037 0.012665232788337037 11.288936977883623 0.3567182305946718 0.05168908148379379
20050 0.012665232788337037 0.012665232788337037 11.288936977883623 0.3567182305946718 0.05168908148379379
20100 0.012665232788337037 0.012665232788337037 11.288936977883623 0.3567182305946718 0.05168908148379379
20150 0.012665232788337037 0.012665232788337037 11.288936977883623 0.3567182305946718 0.05168908148379379
20200 0.012665232788337037 0.012665232788337037 11.288936977883623 0.3567182305946718 0.05168908148379379
20250 0.012665232788337037 0.012665232788337037 11.288936977883623 0.3567182305946718 0.05168908148379379
20300 0.012665232788337037 0.012665232788337037 11.288936977883623 0.3567182305946718 0.05168908148379379
20350 0.012665232788337037 0.012665232788337037 11.288936977883623 0.3567182305946718 0.05168908148379379
20400 0.012665232788337037 0.012665232788337037 11.288936977883623 0.3567182305946718 0.05168908148379379
20450 0.012665232788337037 0.012665232788337037 11.288936977883623 0.3567182305946718 0.05168908148379379
20500 0.012665232788331919 0.012665232788331919 11.288958093273491 0.3567178704281499 0.05168906651265011
20550 0.012665232788331919 0.012665232788331919 11.288958093273491 0.3567178704281499 0.05168906651265011
20600 0.012665232788331919 0.012665232788331919 11.288958093273491 0.3567178704281499 0.05168906651265011
20650 0.012665232788328719 0.012665232788328719 11.288975927431302 0.3567175662305406 0.051689053867975523
20700 0.012665232788328719 0.012665232788328719 11.288975927431302 0.3567175662305406 0.051689053867975523
20750 0.012665232788328719 0.012665232788328719 11.288975927431302 0.3567175662305406 0.051689053867975523
20800 0.012665232788328719 0.012665232788328719 11.288975927431302 0.3567175662305406 0.051689053867975523
20850 0.012665232788328719 0.012665232788328719 11.288975927431302 0.3567175662305406 0.051689053867975523
20900 0.012665232788328719 0.012665232788328719 11.288975927431302 0.3567175662305406 0.051689053867975523
20950 0.012665232788328719 0.012665232788328719 11.288975927431302 0.3567175662305406 0.051689053867975523
21000 0.012665232788326757 0.012665232788326757 11.288970214162942 0.35671766368178787 0.05168905791875819
21050 0.012665232788326757 0.012665232788326757 11.288970214162942 0.35671766368178787 0.05168905791875819
21100 0.012665232788326757 0.012665232788326757 11.288970214162942 0.35671766368178787 0.05168905791875819
21150 0.012665232788326757 0.012665232788326757 11.288970214162942 0.35671766368178787 0.05168905791875819
21200 0.012665232788326757 0.012665232788326757 11.288970214162942 0.35671766368178787 0.05168905791875819
21250 0.012665232788326757 0.012665232788326757 11.288970214162942 0.35671766368178787 0.05168905791875819
21300 0.012665232788324376 0.012665232788324376 11.288967631165761 0.35671770773994227 0.05168905975013956
21350 0.012665232788324376 0.012665232788324376 11.288967631165761 0.35671770773994227 0.05168905975013956
21400 0.012665232788324376 0.012665232788324376 11.288967631165761 0.35671770773994227 0.05168905975013956
21450 0.012665232788324376 0.012665232788324376 11.288967631165761 0.35671770773994227 0.05168905975013956
21500 0.012665232788324376 0.012665232788324376 11.288967631165761 0.35671770773994227 0.05168905975013956
21550 0.012665232788324376 0.012665232788324376 11.288967631165761 0.35671770773994227 0.05168905975013956
21600 0.012665232788324376 0.012665232788324376 11.288967631165761 0.35671770773994227 0.05168905975013956
21650 0.012665232788324376 0.012665232788324376 11.288967631165761 0.35671770773994227 0.05168905975013956
21700 0.012665232788324376 0.012665232788324376 11.288967631165761 0.35671770773994227 0.05168905975013956
21750 0.012665232788324376 0.012665232788324376 11.288967631165761 0.35671770773994227 0.05168905975013956
21800 0.012665232788321896 0.012665232788321896 11.28897397438104 0.3567175995436337 0.05168905525270748
21850 0.012665232788321896 0.012665232788321896 11.28897397438104 0.3567175995436337 0.05168905525270748
21900 0.012665232788321896 0.012665232788321896 11.28897397438104 0.3567175995436337 0.05168905525270748
21950 0.012665232788321896 0.012665232788321896 11.28897397438104 0.3567175995436337 0.05168905525270748
22000 0.012665232788321896 0.012665232788321896 11.28897397438104 0.3567175995436337 0.05168905525270748
22050 0.012665232788321896 0.012665232788321896 11.28897397438104 0.3567175995436337 0.05168905525270748
22100 0.012665232788321896 0.012665232788321896 11.28897397438104 0.3567175995436337 0.05168905525270748
22150 0.012665232788321896 0.012665232788321896 11.28897397438104 0.3567175995436337 0.05168905525270748
22200 0.012665232788321896 0.012665232788321896 11.28897397438104 0.3567175995436337 0.05168905525270748
22250 0.012665232788321896 0.012665232788321896 11.28897397438104 0.3567175995436337 0.05168905525270748
22300 0.012665232788321896 0.012665232788321896 11.28897397438104 0.3567175995436337 0.05168905525270748
22350 0.012665232788320845 0.012665232788320845 11.288970241877482 0.3567176632089562 0.0516890578991037
22400 0.012665232788320845 0.012665232788320845 11.288970241877482 0.3567176632089562 0.0516890578991037
22450 0.012665232788320845 0.012665232788320845 11.288970241877482 0.3567176632089562 0.0516890578991037
22500 0.012665232788320845 0.012665232788320845 11.288970241877482 0.3567176632089562 0.0516890578991037
22550 0.012665232788320845 0.012665232788320845 11.288970241877482 0.3567176632089562 0.0516890578991037
22600 0.012665232788320685 0.012665232788320685 11.288966129691012 0.35671773335058393 0.051689060814701995
22650 0.01266523278832016 0.01266523278832016 11.288964705487022 0.3567177576432486 0.05168906182448296
22700 0.01266523278832016 0.01266523278832016 11.288964705487022 0.3567177576432486 0.05168906182448296
22750 0.01266523278832016 0.01266523278832016 11.288964705487022 0.3567177576432486 0.05168906182448296
22800 0.01266523278832016 0.01266523278832016 11.288964705487022 0.3567177576432486 0.05168906182448296
22850 0.01266523278832016 0.01266523278832016 11.288964705487022 0.3567177576432486 0.05168906182448296
22900 0.01266523278832016 0.01266523278832016 11.288964705487022 0.3567177576432486 0.05168906182448296
22950 0.01266523278832016 0.01266523278832016 11.288964705487022 0.3567177576432486 0.05168906182448296
23000 0.01266523278832016 0.01266523278832016 11.288964705487022 0.3567177576432486 0.05168906182448296
23050 0.01266523278832016 0.01266523278832016 11.288964705487022 0.3567177576432486 0.05168906182448296
23100 0.01266523278832008 0.01266523278832008 11.288967614363036 0.3567177080264947 0.05168905976204792
23150 0.01266523278832008 0.01266523278832008 11.288967614363036 0.3567177080264947 0.05168905976204792
23200 0.01266523278832008 0.01266523278832008 11.288967614363036 0.3567177080264947 0.05168905976204792
23250 0.01266523278832008 0.01266523278832008 11.288967614363036 0.3567177080264947 0.05168905976204792
23300 0.01266523278832008 0.01266523278832008 11.288967614363036 0.3567177080264947 0.05168905976204792
23350 0.012665232788320073 0.012665232788320073 11.288967124584515 0.3567177163806548 0.0516890601093079
23400 0.012665232788319821 0.012665232788319821 11.288967471917825 0.35671771045618206 0.05168905986304329
23450 0.012665232788319821 0.012665232788319821 11.288967471917825 0.35671771045618206 0.05168905986304329
23500 0.012665232788319821 0.012665232788319821 11.288967471917825 0.35671771045618206 0.05168905986304329
23550 0.012665232788319821 0.012665232788319821 11.288967471917825 0.35671771045618206 0.05168905986304329
23600 0.012665232788319821 0.012665232788319821 11.288967471917825 0.35671771045618206 0.05168905986304329
23650 0.012665232788319821 0.012665232788319821 11.288967471917825 0.35671771045618206 0.05168905986304329
23700 0.012665232788319821 0.012665232788319821 11.288967471917825 0.35671771045618206 0.05168905986304329
23750 0.012665232788319821 0.012665232788319821 11.288967471917825 0.35671771045618206 0.05168905986304329
23800 0.012665232788319821 0.012665232788319821 11.288967471917825 0.35671771045618206 0.05168905986304329
23850 0.012665232788319708 0.012665232788319708 11.28896840802139 0.35671769448904583 0.05168905919933253
23900 0.012665232788319708 0.012665232788319708 11.28896840802139 0.35671769448904583 0.05168905919933253
23950 0.012665232788319708 0.012665232788319708 11.28896840802139 0.35671769448904583 0.05168905919933253
24000 0.012665232788319708 0.012665232788319708 11.28896840802139 0.35671769448904583 0.05168905919933253
24050 0.012665232788319708 0.012665232788319708 11.28896840802139 0.35671769448904583 0.05168905919933253
24100 0.012665232788319708 0.012665232788319708 11.28896840802139 0.35671769448904583 0.05168905919933253
24150 0.012665232788319708 0.012665232788319708 11.28896840802139 0.35671769448904583 0.05168905919933253
24200 0.012665232788319679 0.012665232788319679 11.288965959933119 0.3567177362461305 0.05168906093506196
24250 0.012665232788319679 0.012665232788319679 11.288965959933119 0.3567177362461305 0.05168906093506196
24300 0.012665232788319679 0.012665232788319679 11.288965959933119 0.3567177362461305 0.05168906093506196
24350 0.012665232788319668 0.012665232788319668 11.288966611495896 0.35671772513241057 0.051689060473094676
24400 0.012665232788319668 0.012665232788319668 11.288966611495896 0.35671772513241057 0.051689060473094676
24450 0.012665232788319668 0.012665232788319668 11.288966611495896 0.35671772513241057 0.051689060473094676
24500 0.012665232788319604 0.012665232788319604 11.288969769903147 0.35671767125940873 0.05168905823373901
24550 0.012665232788319495 0.012665232788319495 11.288966474841907 0.3567177274633179 0.051689060569984124
24600 0.012665232788319495 0.012665232788319495 11.288966474841907 0.3567177274633179 0.051689060569984124
24650 0.012665232788319495 0.012665232788319495 11.288966474841907 0.3567177274633179 0.051689060569984124
24700 0.012665232788319495 0.012665232788319495 11.288966474841907 0.3567177274633179 0.051689060569984124
24750 0.012665232788319495 0.012665232788319495 11.288966474841907 0.3567177274633179 0.051689060569984124
24800 0.012665232788319495 0.012665232788319495 11.288966474841907 0.3567177274633179 0.051689060569984124
24850 0.012665232788319495 0.012665232788319495 11.288966474841907 0.3567177274633179 0.051689060569984124
24900 0.012665232788319495 0.012665232788319495 11.288966474841907 0.3567177274633179 0.051689060569984124
24950 0.012665232788319495 0.012665232788319495 11.288966474841907 0.3567177274633179 0.051689060569984124
25000 0.012665232788319495 0.012665232788319495 11.288966474841907 0.3567177274633179 0.051689060569984124
25050 0.012665232788319495 0.012665232788319495 11.288966474841907 0.3567177274633179 0.051689060569984124
25100 0.012665232788319495 0.012665232788319495 11.288966474841907 0.3567177274633179 0.051689060569984124
25150 0.012665232788319495 0.012665232788319495 11.288966474841907 0.3567177274633179 0.051689060569984124
25200 0.012665232788319459 0.012665232788319459 11.288966875752372 0.35671772062498014 0.051689060285732835
25250 0.012665232788319459 0.012665232788319459 11.288966875752372 0.35671772062498014 0.051689060285732835
25300 0.012665232788319459 0.012665232788319459 11.288966875752372 0.35671772062498014 0.051689060285732835
25350 0.012665232788319459 0.012665232788319459 11.288966875752372 0.35671772062498014 0.051689060285732835
25400 0.012665232788319459 0.012665232788319459 11.288966875752372 0.35671772062498014 0.051689060285732835
25450 0.012665232788319459 0.012665232788319459 11.288966875752372 0.35671772062498014 0.051689060285732835
25500 0.012665232788319459 0.012665232788319459 11.288966875752372 0.35671772062498014 0.051689060285732835
25550 0.012665232788319459 0.012665232788319459 11.288966875752372 0.35671772062498014 0.051689060285732835
25600 0.012665232788319459 0.012665232788319459 11.288966875752372 0.35671772062498014 0.051689060285732835
25650 0.012665232788319459 0.012665232788319459 11.288966875752372 0.35671772062498014 0.051689060285732835
25700 0.012665232788319459 0.012665232788319459 11.288966875752372 0.35671772062498014 0.051689060285732835
25750 0.012665232788319457 0.012665232788319457 11.288966801703335 0.3567177218880358 0.051689060338234664
25800 0.012665232788319457 0.012665232788319457 11.288966801703335 0.3567177218880358 0.051689060338234664
25850 0.01266523278831944 0.01266523278831944 11.288965985983808 0.35671773580177935 0.05168906091659146
25900 0.01266523278831944 0.01266523278831944 11.288965985983808 0.35671773580177935 0.05168906091659146
25950 0.01266523278831944 0.01266523278831944 11.288965985983808 0.35671773580177935 0.05168906091659146
26000 0.01266523278831944 0.01266523278831944 11.288965985983808 0.35671773580177935 0.05168906091659146
26050 0.012665232788319433 0.012665232788319433 11.288966107132232 0.35671773373534815 0.05168906083069548
26100 0.012665232788319417 0.012665232788319417 11.288965335815892 0.35671774689170666 0.05168906137756982
26150 0.012665232788319417 0.012665232788319417 11.288965335815892 0.35671774689170666 0.05168906137756982
26200 0.012665232788319417 0.012665232788319417 11.288965335815892 0.35671774689170666 0.05168906137756982
26250 0.012665232788319417 0.012665232788319417 11.288965335815892 0.35671774689170666 0.05168906137756982
26300 0.012665232788319417 0.012665232788319417 11.288965335815892 0.35671774689170666 0.05168906137756982
26350 0.012665232788319417 0.012665232788319417 11.288965335815892 0.35671774689170666 0.05168906137756982
26400 0.012665232788319417 0.012665232788319417 11.288965335815892 0.35671774689170666 0.05168906137756982
26450 0.012665232788319417 0.012665232788319417 11.288965335815892 0.35671774689170666 0.05168906137756982
26500 0.012665232788319417 0.012665232788319417 11.288965335815892 0.35671774689170666 0.05168906137756982
26550 0.012665232788319417 0.012665232788319417 11.288965335815892 0.35671774689170666 0.05168906137756982
26600 0.012665232788319417 0.012665232788319417 11.288965335815892 0.35671774689170666 0.05168906137756982
26650 0.012665232788319417 0.012665232788319417 11.288965335815892 0.35671774689170666 0.05168906137756982
26700 0.012665232788319417 0.012665232788319417 11.288965335815892 0.35671774689170666 0.05168906137756982
26750 0.012665232788319417 0.012665232788319417 11.288965335815892 0.35671774689170666 0.05168906137756982
26800 0.012665232788319417 0.012665232788319417 11.288965335815892 0.35671774689170666 0.05168906137756982
26850 0.012665232788319415 0.012665232788319415 11.288965786514275 0.35671773920413485 0.05168906105801819
26900 0.012665232788319415 0.012665232788319415 11.288965786514275 0.35671773920413485 0.05168906105801819
26950 0.012665232788319415 0.012665232788319415 11.288965786514275 0.35671773920413485 0.05168906105801819
27000 0.012665232788319415 0.012665232788319415 11.288965786514275 0.35671773920413485 0.05168906105801819
27050 0.012665232788319415 0.012665232788319415 11.288965786514275 0.35671773920413485 0.05168906105801819
27100 0.012665232788319415 0.012665232788319415 11.288965786514275 0.35671773920413485 0.05168906105801819
27150 0.012665232788319415 0.012665232788319415 11.288965786514275 0.35671773920413485 0.05168906105801819
27200 0.012665232788319415 0.012665232788319415 11.288965786514275 0.35671773920413485 0.05168906105801819
27250 0.012665232788319415 0.012665232788319415 11.288965786514275 0.35671773920413485 0.05168906105801819
27300 0.012665232788319415 0.012665232788319415 11.288965786514275 0.35671773920413485 0.05168906105801819
27350 0.012665232788319415 0.012665232788319415 11.288965786514275 0.35671773920413485 0.05168906105801819
27400 0.012665232788319415 0.012665232788319415 11.288965786514275 0.35671773920413485 0.05168906105801819
27450 0.012665232788319415 0.012665232788319415 11.288965786514275 0.35671773920413485 0.05168906105801819
27500 0.012665232788319415 0.012665232788319415 11.288965786514275 0.35671773920413485 0.05168906105801819
27550 0.012665232788319415 0.012665232788319415 11.288965786514275 0.35671773920413485 0.05168906105801819
27600 0.012665232788319415 0.012665232788319415 11.288965786514275 0.35671773920413485 0.05168906105801819
27650 0.012665232788319415 0.012665232788319415 11.288965786514275 0.35671773920413485 0.05168906105801819
27700 0.012665232788319415 0.012665232788319415 11.288965786514275 0.35671773920413485 0.05168906105801819
27750 0.012665232788319412 0.012665232788319412 11.288965266776454 0.3567177480693138 0.051689061426519765
27800 0.012665232788319412 0.012665232788319412 11.288965266776454 0.3567177480693138 0.051689061426519765
27850 0.012665232788319412 0.012665232788319412 11.288965266776454 0.3567177480693138 0.051689061426519765
27900 0.012665232788319412 0.012665232788319412 11.288965266776454 0.3567177480693138 0.051689061426519765
27950 0.012665232788319412 0.012665232788319412 11.288965266776454 0.3567177480693138 0.051689061426519765
28000 0.012665232788319412 0.012665232788319412 11.288965266776454 0.3567177480693138 0.051689061426519765
28050 0.012665232788319412 0.012665232788319412 11.288965266776454 0.3567177480693138 0.051689061426519765
28100 0.012665232788319412 0.012665232788319412 11.288965266776454 0.3567177480693138 0.051689061426519765
28150 0.012665232788319412 0.012665232788319412 11.288965266776454 0.3567177480693138 0.051689061426519765
28200 0.012665232788319412 0.012665232788319412 11.288965266776454 0.3567177480693138 0.051689061426519765
28250 0.012665232788319412 0.012665232788319412 11.288965266776454 0.3567177480693138 0.051689061426519765
28300 0.012665232788319412 0.012665232788319412 11.288965266776454 0.3567177480693138 0.051689061426519765
28350 0.012665232788319412 0.012665232788319412 11.288965266776454 0.3567177480693138 0.051689061426519765
28400 0.012665232788319412 0.012665232788319412 11.288965266776454 0.3567177480693138 0.051689061426519765
28450 0.012665232788319412 0.012665232788319412 11.288965266776454 0.3567177480693138 0.051689061426519765
28500 0.012665232788319412 0.012665232788319412 11.288965266776454 0.3567177480693138 0.051689061426519765
28550 0.012665232788319412 0.012665232788319412 11.288965266776454 0.3567177480693138 0.051689061426519765
28600 0.012665232788319412 0.012665232788319412 11.288965266776454 0.3567177480693138 0.051689061426519765
28650 0.012665232788319412 0.012665232788319412 11.288965266776454 0.3567177480693138 0.051689061426519765
28700 0.012665232788319412 0.012665232788319412 11.288965266776454 0.3567177480693138 0.051689061426519765
28750 0.012665232788319412 0.012665232788319412 11.288965266776454 0.3567177480693138 0.051689061426519765
28800 0.012665232788319412 0.012665232788319412 11.288965266776454 0.3567177480693138 0.051689061426519765
28850 0.012665232788319412 0.012665232788319412 11.288965266776454 0.3567177480693138 0.051689061426519765
28900 0.012665232788319412 0.012665232788319412 11.288965266776454 0.3567177480693138 0.051689061426519765
28950 0.012665232788319412 0.012665232788319412 11.288965266776454 0.3567177480693138 0.051689061426519765
29000 0.012665232788319412 0.012665232788319412 11.288965266776454 0.3567177480693138 0.051689061426519765
29050 0.012665232788319412 0.012665232788319412 11.288965266776454 0.3567177480693138 0.051689061426519765
29100 0.012665232788319412 0.012665232788319412 11.288965266776454 0.3567177480693138 0.051689061426519765
29150 0.012665232788319412 0.012665232788319412 11.288965266776454 0.3567177480693138 0.051689061426519765
29200 0.012665232788319412 0.012665232788319412 11.288965266776454 0.3567177480693138 0.051689061426519765
29250 0.012665232788319412 0.012665232788319412 11.288965266776454 0.3567177480693138 0.051689061426519765
29300 0.012665232788319412 0.012665232788319412 11.288965266776454 0.3567177480693138 0.051689061426519765
29350 0.012665232788319412 0.012665232788319412 11.288966180290009 0.3567177324874942 0.05168906077882555
29400 0.012665232788319412 0.012665232788319412 11.288966180290009 0.3567177324874942 0.05168906077882555
29450 0.012665232788319412 0.012665232788319412 11.288966180290009 0.3567177324874942 0.05168906077882555
29500 0.012665232788319412 0.012665232788319412 11.288966180290009 0.3567177324874942 0.05168906077882555
29550 0.012665232788319412 0.012665232788319412 11.288966180290009 0.3567177324874942 0.05168906077882555
29600 0.012665232788319412 0.012665232788319412 11.288966180290009 0.3567177324874942 0.05168906077882555
29650 0.012665232788319412 0.012665232788319412 11.288966180290009 0.3567177324874942 0.05168906077882555
29700 0.012665232788319412 0.012665232788319412 11.288966180290009 0.3567177324874942 0.05168906077882555
29750 0.012665232788319412 0.012665232788319412 11.288966180290009 0.3567177324874942 0.05168906077882555
29800 0.012665232788319412 0.012665232788319412 11.288966180290009 0.3567177324874942 0.05168906077882555
29850 0.012665232788319412 0.012665232788319412 11.288966180290009 0.3567177324874942 0.05168906077882555
29900 0.012665232788319412 0.012665232788319412 11.288966180290009 0.3567177324874942 0.05168906077882555
29950 0.012665232788319412 0.012665232788319412 11.288966180290009 0.3567177324874942 0.05168906077882555
30000 0.012665232788319412 0.012665232788319412 11.288966180290009 0.3567177324874942 0.05168906077882555
30050 0.012665232788319412 0.012665232788319412 11.288966180290009 0.3567177324874942 0.05168906077882555
30100 0.012665232788319412 0.012665232788319412 11.288966180290009 0.3567177324874942 0.05168906077882555
30150 0.012665232788319412 0.012665232788319412 11.288966180290009 0.3567177324874942 0.05168906077882555
30200 0.012665232788319412 0.012665232788319412 11.288966180290009 0.3567177324874942 0.05168906077882555
30250 0.012665232788319412 0.012665232788319412 11.288966180290009 0.3567177324874942 0.05168906077882555
30300 0.012665232788319412 0.012665232788319412 11.288966180290009 0.3567177324874942 0.05168906077882555
30350 0.012665232788319412 0.012665232788319412 11.288966180290009 0.3567177324874942 0.05168906077882555
30400 0.012665232788319412 0.012665232788319412 11.288966180290009 0.3567177324874942 0.05168906077882555
30450 0.012665232788319412 0.012665232788319412 11.28896577436114 0.3567177394114311 0.051689061066634935
30500 0.012665232788319412 0.012665232788319412 11.28896577436114 0.3567177394114311 0.051689061066634935
30550 0.012665232788319412 0.012665232788319412 11.28896577436114 0.3567177394114311 0.051689061066634935
30600 0.012665232788319412 0.012665232788319412 11.28896577436114 0.3567177394114311 0.051689061066634935
30650 0.012665232788319412 0.012665232788319412 11.28896577436114 0.3567177394114311 0.051689061066634935
30700 0.012665232788319412 0.012665232788319412 11.28896577436114 0.3567177394114311 0.051689061066634935
30750 0.012665232788319412 0.012665232788319412 11.28896577436114 0.3567177394114311 0.051689061066634935
30800 0.012665232788319412 0.012665232788319412 11.28896577436114 0.3567177394114311 0.051689061066634935
30850 0.012665232788319412 0.012665232788319412 11.28896577436114 0.3567177394114311 0.051689061066634935
30900 0.01266523278831941 0.01266523278831941 11.288965747787206 0.35671773986470323 0.05168906108547623
30950 0.01266523278831941 0.01266523278831941 11.288965747787206 0.35671773986470323 0.05168906108547623
31000 0.01266523278831941 0.01266523278831941 11.288965747787206 0.35671773986470323 0.05168906108547623
31050 0.01266523278831941 0.01266523278831941 11.288965747787206 0.35671773986470323 0.05168906108547623
31100 0.012665232788319408 0.012665232788319408 11.288965776446123 0.3567177393758675 0.051689061065156645
31150 0.012665232788319408 0.012665232788319408 11.288965776446123 0.3567177393758675 0.051689061065156645
31200 0.012665232788319408 0.012665232788319408 11.288965776446123 0.3567177393758675 0.051689061065156645
31250 0.012665232788319408 0.012665232788319408 11.288965776446123 0.3567177393758675 0.051689061065156645
31300 0.012665232788319408 0.012665232788319408 11.288965776446123 0.3567177393758675 0.051689061065156645
31350 0.012665232788319408 0.012665232788319408 11.288965776446123 0.3567177393758675 0.051689061065156645
31400 0.012665232788319408 0.012665232788319408 11.288965776446123 0.3567177393758675 0.051689061065156645
31450 0.012665232788319408 0.012665232788319408 11.288965776446123 0.3567177393758675 0.051689061065156645
31500 0.012665232788319408 0.012665232788319408 11.288965776446123 0.3567177393758675 0.051689061065156645
31550 0.012665232788319408 0.012665232788319408 11.288965776446123 0.3567177393758675 0.051689061065156645
31600 0.012665232788319408 0.012665232788319408 11.288965776446123 0.3567177393758675 0.051689061065156645
31650 0.012665232788319408 0.012665232788319408 11.288965776446123 0.3567177393758675 0.051689061065156645
31700 0.012665232788319408 0.012665232788319408 11.288965776446123 0.3567177393758675 0.051689061065156645
31750 0.012665232788319408 0.012665232788319408 11.288965776446123 0.3567177393758675 0.051689061065156645
31800 0.012665232788319408 0.012665232788319408 11.288965776446123 0.3567177393758675 0.051689061065156645
31850 0.012665232788319408 0.012665232788319408 11.288965776446123 0.3567177393758675 0.051689061065156645
31900 0.012665232788319408 0.012665232788319408 11.288965776446123 0.3567177393758675 0.051689061065156645
31950 0.012665232788319408 0.012665232788319408 11.288965776446123 0.3567177393758675 0.051689061065156645
32000 0.012665232788319408 0.012665232788319408 11.288965776446123 0.3567177393758675 0.051689061065156645
32050 0.012665232788319408 0.012665232788319408 11.288965776446123 0.3567177393758675 0.051689061065156645
32100 0.012665232788319408 0.012665232788319408 11.288965776446123 0.3567177393758675 0.051689061065156645
32150 0.012665232788319408 0.012665232788319408 11.288965776446123 0.3567177393758675 0.051689061065156645
32200 0.012665232788319408 0.012665232788319408 11.288965776446123 0.3567177393758675 0.051689061065156645
32250 0.012665232788319408 0.012665232788319408 11.288965776446123 0.3567177393758675 0.051689061065156645
32300 0.012665232788319408 0.012665232788319408 11.288965776446123 0.3567177393758675 0.051689061065156645
32350 0.012665232788319408 0.012665232788319408 11.288965776446123 0.3567177393758675 0.051689061065156645
32400 0.012665232788319408 0.012665232788319408 11.288965776446123 0.3567177393758675 0.051689061065156645
32450 0.012665232788319408 0.012665232788319408 11.288965776446123 0.3567177393758675 0.051689061065156645
32500 0.012665232788319408 0.012665232788319408 11.288965776446123 0.3567177393758675 0.051689061065156645
32550 0.012665232788319408 0.012665232788319408 11.288965776446123 0.3567177393758675 0.051689061065156645
32600 0.012665232788319408 0.012665232788319408 11.288965776446123 0.3567177393758675 0.051689061065156645
32650 0.012665232788319408 0.012665232788319408 11.288965776446123 0.3567177393758675 0.051689061065156645
32700 0.012665232788319408 0.012665232788319408 11.288965776446123 0.3567177393758675 0.051689061065156645
32750 0.012665232788319408 0.012665232788319408 11.288965776446123 0.3567177393758675 0.051689061065156645
32800 0.012665232788319408 0.012665232788319408 11.288965776446123 0.3567177393758675 0.051689061065156645
32850 0.012665232788319408 0.012665232788319408 11.288965776446123 0.3567177393758675 0.051689061065156645
32900 0.012665232788319408 0.012665232788319408 11.288965776446123 0.3567177393758675 0.051689061065156645
32950 0.012665232788319408 0.012665232788319408 11.288965776446123 0.3567177393758675 0.051689061065156645
33000 0.012665232788319408 0.012665232788319408 11.288965776446123 0.3567177393758675 0.051689061065156645
33050 0.012665232788319408 0.012665232788319408 11.288965776446123 0.3567177393758675 0.051689061065156645
33100 0.012665232788319408 0.012665232788319408 11.288965776446123 0.3567177393758675 0.051689061065156645
33150 0.012665232788319408 0.012665232788319408 11.288965776446123 0.3567177393758675 0.051689061065156645
33200 0.012665232788319408 0.012665232788319408 11.288965776446123 0.3567177393758675 0.051689061065156645
33250 0.012665232788319408 0.012665232788319408 11.288965776446123 0.3567177393758675 0.051689061065156645
33300 0.012665232788319408 0.012665232788319408 11.288965776446123 0.3567177393758675 0.051689061065156645
33350 0.012665232788319408 0.012665232788319408 11.288965776446123 0.3567177393758675 0.051689061065156645
33400 0.012665232788319408 0.012665232788319408 11.288965776446123 0.3567177393758675 0.051689061065156645
33450 0.012665232788319408 0.012665232788319408 11.288965776446123 0.3567177393758675 0.051689061065156645
33500 0.012665232788319408 0.012665232788319408 11.288965776446123 0.3567177393758675 0.051689061065156645
33550 0.012665232788319408 0.012665232788319408 11.288965776446123 0.3567177393758675 0.051689061065156645
33600 0.012665232788319408 0.012665232788319408 11.288965776446123 0.3567177393758675 0.051689061065156645
33650 0.012665232788319408 0.012665232788319408 11.288965776446123 0.3567177393758675 0.051689061065156645
33700 0.012665232788319408 0.012665232788319408 11.288965776446123 0.3567177393758675 0.051689061065156645
33750 0.012665232788319408 0.012665232788319408 11.288965776446123 0.3567177393758675 0.051689061065156645
33800 0.012665232788319408 0.012665232788319408 11.288965776446123 0.3567177393758675 0.051689061065156645
33850 0.012665232788319408 0.012665232788319408 11.288965776446123 0.3567177393758675 0.051689061065156645
33900 0.012665232788319408 0.012665232788319408 11.288965776446123 0.3567177393758675 0.051689061065156645
33950 0.012665232788319408 0.012665232788319408 11.288965776446123 0.3567177393758675 0.051689061065156645
34000 0.012665232788319408 0.012665232788319408 11.288965776446123 0.3567177393758675 0.051689061065156645
34050 0.012665232788319408 0.012665232788319408 11.288965776446123 0.3567177393758675 0.051689061065156645
34100 0.012665232788319408 0.012665232788319408 11.288965776446123 0.3567177393758675 0.051689061065156645
34150 0.012665232788319408 0.012665232788319408 11.288965776446123 0.3567177393758675 0.051689061065156645
34200 0.012665232788319408 0.012665232788319408 11.288965776446123 0.3567177393758675 0.051689061065156645
34250 0.012665232788319408 0.012665232788319408 11.288965776446123 0.3567177393758675 0.051689061065156645
34300 0.012665232788319408 0.012665232788319408 11.288965776446123 0.3567177393758675 0.051689061065156645
34350 0.012665232788319408 0.012665232788319408 11.288965776446123 0.3567177393758675 0.051689061065156645
34400 0.012665232788319408 0.012665232788319408 11.288965776446123 0.3567177393758675 0.051689061065156645
34450 0.012665232788319408 0.012665232788319408 11.288965776446123 0.3567177393758675 0.051689061065156645
34500 0.012665232788319408 0.012665232788319408 11.288965776446123 0.3567177393758675 0.051689061065156645
34550 0.012665232788319408 0.012665232788319408 11.288965776446123 0.3567177393758675 0.051689061065156645
34600 0.012665232788319408 0.012665232788319408 11.288965776446123 0.3567177393758675 0.051689061065156645
34650 0.012665232788319408 0.012665232788319408 11.288965502587795 0.3567177440470747 0.05168906125932613
34700 0.012665232788319408 0.012665232788319408 11.288965502587795 0.3567177440470747 0.05168906125932613
34750 0.012665232788319408 0.012665232788319408 11.288965502587795 0.3567177440470747 0.05168906125932613
34800 0.012665232788319408 0.012665232788319408 11.288965502587795 0.3567177440470747 0.05168906125932613
34850 0.012665232788319408 0.012665232788319408 11.288965502587795 0.3567177440470747 0.05168906125932613
34900 0.012665232788319408 0.012665232788319408 11.288965502587795 0.3567177440470747 0.05168906125932613
34950 0.012665232788319408 0.012665232788319408 11.288965502587795 0.3567177440470747 0.05168906125932613
35000 0.012665232788319408 0.012665232788319408 11.288965502587795 0.3567177440470747 0.05168906125932613
35050 0.012665232788319408 0.012665232788319408 11.288965502587795 0.3567177440470747 0.05168906125932613
35100 0.012665232788319408 0.012665232788319408 11.288965502587795 0.3567177440470747 0.05168906125932613
35150 0.012665232788319408 0.012665232788319408 11.288965502587795 0.3567177440470747 0.05168906125932613
35200 0.012665232788319408 0.012665232788319408 11.288965502587795 0.3567177440470747 0.05168906125932613
35250 0.012665232788319408 0.012665232788319408 11.288965502587795 0.3567177440470747 0.05168906125932613
35300 0.012665232788319408 0.012665232788319408 11.288965502587795 0.3567177440470747 0.05168906125932613
35350 0.012665232788319408 0.012665232788319408 11.288965502587795 0.3567177440470747 0.05168906125932613
35400 0.012665232788319408 0.012665232788319408 11.288965502587795 0.3567177440470747 0.05168906125932613
35450 0.012665232788319408 0.012665232788319408 11.288965502587795 0.3567177440470747 0.05168906125932613
35500 0.012665232788319408 0.012665232788319408 11.288965502587795 0.3567177440470747 0.05168906125932613
35550 0.012665232788319408 0.012665232788319408 11.288965502587795 0.3567177440470747 0.05168906125932613
35600 0.012665232788319408 0.012665232788319408 11.288965502587795 0.3567177440470747 0.05168906125932613
35650 0.012665232788319408 0.012665232788319408 11.288965502587795 0.3567177440470747 0.05168906125932613
35700 0.012665232788319408 0.012665232788319408 11.288965502587795 0.3567177440470747 0.05168906125932613
35750 0.012665232788319408 0.012665232788319408 11.288965502587795 0.3567177440470747 0.05168906125932613
35800 0.012665232788319408 0.012665232788319408 11.288965502587795 0.3567177440470747 0.05168906125932613
35850 0.012665232788319408 0.012665232788319408 11.288965502587795 0.3567177440470747 0.05168906125932613
35900 0.012665232788319408 0.012665232788319408 11.288965502587795 0.3567177440470747 0.05168906125932613
35950 0.012665232788319408 0.012665232788319408 11.288965502587795 0.3567177440470747 0.05168906125932613
*---*---*---*---*---*---*---*---*---*---*---*---*---*---*---*---*---*---*---*---*
Status: Finished
Last individual
0.012665232788319408 0.012665232788319408 11.288965502587795 0.3567177440470747 0.05168906125932613
Hall of fame
0.012665232788319408 0.012665232788319408 11.288965776446123 0.3567177393758675 0.051689061065156645
Last factible individual
0.012665232788319408 0.012665232788319408 11.288965502587795 0.3567177440470747 0.05168906125932613
CPU time used (seconds)
1.568014468999536
