*---*---*---*---*---*---*---*---*---*---*---*---*---*---*---*---*---*---*---*---*
Algorithm: Differential Evolution
Constrainth handling method: APM
Function: 21
Case: continuous
Seed: 3
Parents size: 50
Offsprings size: 50
maxFe: 36000
CR: 0.9
F: 0.6
rweights: -
*---*---*---*---*---*---*---*---*---*---*---*---*---*---*---*---*---*---*---*---*
ngen ObjectiveFunction Fitness ProjectVariables
50 0.023411309600731626 13.70161964460888 9.00692397120636 0.8507848209717664 0.05
100 0.04011070921490706 5.537093075448626 9.251630824029023 0.8809374809907928 0.06361358763984004
150 0.07161289774876238 3.9248158284340624 10.182156221846775 1.074392416665944 0.07396939630970141
200 0.05740489723010985 0.05740489723010985 7.798982627302661 0.9317851888693667 0.07929139828586053
250 0.05740489723010985 0.05740489723010985 7.798982627302661 0.9317851888693667 0.07929139828586053
300 0.05740489723010985 0.05740489723010985 7.798982627302661 0.9317851888693667 0.07929139828586053
350 0.03220525132899805 0.03220525132899805 7.349032532254499 0.7543796818590369 0.06757483897151631
400 0.03220525132899805 0.03220525132899805 7.349032532254499 0.7543796818590369 0.06757483897151631
450 0.023737939424846526 0.023737939424846526 5.474146301313457 0.6955228200331387 0.06757483897151631
500 0.017321299394513566 0.017321299394513566 13.342294160096197 0.3823817286602762 0.05433710741914273
550 0.017321299394513566 0.017321299394513566 13.342294160096197 0.3823817286602762 0.05433710741914273
600 0.017321299394513566 0.017321299394513566 13.342294160096197 0.3823817286602762 0.05433710741914273
650 0.017321299394513566 0.017321299394513566 13.342294160096197 0.3823817286602762 0.05433710741914273
700 0.01626669570989944 0.01626669570989944 9.842746579232477 0.4468233115461417 0.05544412600929184
750 0.01626669570989944 0.01626669570989944 9.842746579232477 0.4468233115461417 0.05544412600929184
800 0.01626669570989944 0.01626669570989944 9.842746579232477 0.4468233115461417 0.05544412600929184
850 0.01626669570989944 0.01626669570989944 9.842746579232477 0.4468233115461417 0.05544412600929184
900 0.01626669570989944 0.01626669570989944 9.842746579232477 0.4468233115461417 0.05544412600929184
950 0.01626669570989944 0.01626669570989944 9.842746579232477 0.4468233115461417 0.05544412600929184
1000 0.01626669570989944 0.01626669570989944 9.842746579232477 0.4468233115461417 0.05544412600929184
1050 0.01623334834438153 0.01623334834438153 8.060081391490657 0.47919225027188633 0.05802944459724685
1100 0.01623334834438153 0.01623334834438153 8.060081391490657 0.47919225027188633 0.05802944459724685
1150 0.01623334834438153 0.01623334834438153 8.060081391490657 0.47919225027188633 0.05802944459724685
1200 0.014220638567781827 0.014220638567781827 9.365591136726916 0.4221177187597496 0.05444358860691849
1250 0.014220638567781827 0.014220638567781827 9.365591136726916 0.4221177187597496 0.05444358860691849
1300 0.014220638567781827 0.014220638567781827 9.365591136726916 0.4221177187597496 0.05444358860691849
1350 0.014220638567781827 0.014220638567781827 9.365591136726916 0.4221177187597496 0.05444358860691849
1400 0.013267641441268067 0.013267641441268067 12.692333059487447 0.34108268150114185 0.051454296692136525
1450 0.013267641441268067 0.013267641441268067 12.692333059487447 0.34108268150114185 0.051454296692136525
1500 0.013267641441268067 0.013267641441268067 12.692333059487447 0.34108268150114185 0.051454296692136525
1550 0.013267641441268067 0.013267641441268067 12.692333059487447 0.34108268150114185 0.051454296692136525
1600 0.013267641441268067 0.013267641441268067 12.692333059487447 0.34108268150114185 0.051454296692136525
1650 0.013267641441268067 0.013267641441268067 12.692333059487447 0.34108268150114185 0.051454296692136525
1700 0.013012988307265798 0.013012988307265798 10.659736067086556 0.3724358582625087 0.05253520724594894
1750 0.013012988307265798 0.013012988307265798 10.659736067086556 0.3724358582625087 0.05253520724594894
1800 0.013012988307265798 0.013012988307265798 10.659736067086556 0.3724358582625087 0.05253520724594894
1850 0.013012988307265798 0.013012988307265798 10.659736067086556 0.3724358582625087 0.05253520724594894
1900 0.013012988307265798 0.013012988307265798 10.659736067086556 0.3724358582625087 0.05253520724594894
1950 0.013012988307265798 0.013012988307265798 10.659736067086556 0.3724358582625087 0.05253520724594894
2000 0.013012988307265798 0.013012988307265798 10.659736067086556 0.3724358582625087 0.05253520724594894
2050 0.013012988307265798 0.013012988307265798 10.659736067086556 0.3724358582625087 0.05253520724594894
2100 0.013012988307265798 0.013012988307265798 10.659736067086556 0.3724358582625087 0.05253520724594894
2150 0.013012988307265798 0.013012988307265798 10.659736067086556 0.3724358582625087 0.05253520724594894
2200 0.013012988307265798 0.013012988307265798 10.659736067086556 0.3724358582625087 0.05253520724594894
2250 0.013012988307265798 0.013012988307265798 10.659736067086556 0.3724358582625087 0.05253520724594894
2300 0.013012988307265798 0.013012988307265798 10.659736067086556 0.3724358582625087 0.05253520724594894
2350 0.013012988307265798 0.013012988307265798 10.659736067086556 0.3724358582625087 0.05253520724594894
2400 0.013012988307265798 0.013012988307265798 10.659736067086556 0.3724358582625087 0.05253520724594894
2450 0.013012988307265798 0.013012988307265798 10.659736067086556 0.3724358582625087 0.05253520724594894
2500 0.01291295552671948 0.01291295552671948 12.4765835000022 0.3411185450009581 0.05113604347353051
2550 0.01291295552671948 0.01291295552671948 12.4765835000022 0.3411185450009581 0.05113604347353051
2600 0.01291295552671948 0.01291295552671948 12.4765835000022 0.3411185450009581 0.05113604347353051
2650 0.01291295552671948 0.01291295552671948 12.4765835000022 0.3411185450009581 0.05113604347353051
2700 0.012890652244475822 0.012890652244475822 14.374500072763531 0.3148957754360377 0.05
2750 0.01279689461632124 0.01279689461632124 11.897235843731194 0.34881698622659174 0.05137942860365526
2800 0.01279689461632124 0.01279689461632124 11.897235843731194 0.34881698622659174 0.05137942860365526
2850 0.01279689461632124 0.01279689461632124 11.897235843731194 0.34881698622659174 0.05137942860365526
2900 0.01279689461632124 0.01279689461632124 11.897235843731194 0.34881698622659174 0.05137942860365526
2950 0.01279689461632124 0.01279689461632124 11.897235843731194 0.34881698622659174 0.05137942860365526
3000 0.01279689461632124 0.01279689461632124 11.897235843731194 0.34881698622659174 0.05137942860365526
3050 0.01279689461632124 0.01279689461632124 11.897235843731194 0.34881698622659174 0.05137942860365526
3100 0.01279689461632124 0.01279689461632124 11.897235843731194 0.34881698622659174 0.05137942860365526
3150 0.012768787223065977 0.012768787223065977 11.004952226902624 0.362852185625418 0.05201823025813048
3200 0.012768787223065977 0.012768787223065977 11.004952226902624 0.362852185625418 0.05201823025813048
3250 0.012768787223065977 0.012768787223065977 11.004952226902624 0.362852185625418 0.05201823025813048
3300 0.012742731241017121 0.012742731241017121 11.95342663261345 0.3470355206566612 0.051298404834388356
3350 0.012742731241017121 0.012742731241017121 11.95342663261345 0.3470355206566612 0.051298404834388356
3400 0.012742731241017121 0.012742731241017121 11.95342663261345 0.3470355206566612 0.051298404834388356
3450 0.012742731241017121 0.012742731241017121 11.95342663261345 0.3470355206566612 0.051298404834388356
3500 0.012690442488574588 0.012690442488574588 11.91360483661148 0.3468444310383507 0.05128037440615125
3550 0.012690442488574588 0.012690442488574588 11.91360483661148 0.3468444310383507 0.05128037440615125
3600 0.012690442488574588 0.012690442488574588 11.91360483661148 0.3468444310383507 0.05128037440615125
3650 0.012690442488574588 0.012690442488574588 11.91360483661148 0.3468444310383507 0.05128037440615125
3700 0.012690442488574588 0.012690442488574588 11.91360483661148 0.3468444310383507 0.05128037440615125
3750 0.012690442488574588 0.012690442488574588 11.91360483661148 0.3468444310383507 0.05128037440615125
3800 0.012690442488574588 0.012690442488574588 11.91360483661148 0.3468444310383507 0.05128037440615125
3850 0.012690442488574588 0.012690442488574588 11.91360483661148 0.3468444310383507 0.05128037440615125
3900 0.012690442488574588 0.012690442488574588 11.91360483661148 0.3468444310383507 0.05128037440615125
3950 0.012690442488574588 0.012690442488574588 11.91360483661148 0.3468444310383507 0.05128037440615125
4000 0.012690442488574588 0.012690442488574588 11.91360483661148 0.3468444310383507 0.05128037440615125
4050 0.012690442488574588 0.012690442488574588 11.91360483661148 0.3468444310383507 0.05128037440615125
4100 0.012690442488574588 0.012690442488574588 11.91360483661148 0.3468444310383507 0.05128037440615125
4150 0.012690442488574588 0.012690442488574588 11.91360483661148 0.3468444310383507 0.05128037440615125
4200 0.012690442488574588 0.012690442488574588 11.91360483661148 0.3468444310383507 0.05128037440615125
4250 0.012690442488574588 0.012690442488574588 11.91360483661148 0.3468444310383507 0.05128037440615125
4300 0.012690442488574588 0.012690442488574588 11.91360483661148 0.3468444310383507 0.05128037440615125
4350 0.012690442488574588 0.012690442488574588 11.91360483661148 0.3468444310383507 0.05128037440615125
4400 0.012689201797099118 0.012689201797099118 11.732272763233123 0.3497519127603779 0.05140032822722174
4450 0.012689201797099118 0.012689201797099118 11.732272763233123 0.3497519127603779 0.05140032822722174
4500 0.012689201797099118 0.012689201797099118 11.732272763233123 0.3497519127603779 0.05140032822722174
4550 0.01267241351586882 0.01267241351586882 11.960818814970608 0.3458146573343177 0.05123332287992403
4600 0.01267241351586882 0.01267241351586882 11.960818814970608 0.3458146573343177 0.05123332287992403
4650 0.01267241351586882 0.01267241351586882 11.960818814970608 0.3458146573343177 0.05123332287992403
4700 0.01267241351586882 0.01267241351586882 11.960818814970608 0.3458146573343177 0.05123332287992403
4750 0.01267241351586882 0.01267241351586882 11.960818814970608 0.3458146573343177 0.05123332287992403
4800 0.01267241351586882 0.01267241351586882 11.960818814970608 0.3458146573343177 0.05123332287992403
4850 0.01267241351586882 0.01267241351586882 11.960818814970608 0.3458146573343177 0.05123332287992403
4900 0.01267241351586882 0.01267241351586882 11.960818814970608 0.3458146573343177 0.05123332287992403
4950 0.01267241351586882 0.01267241351586882 11.960818814970608 0.3458146573343177 0.05123332287992403
5000 0.01267241351586882 0.01267241351586882 11.960818814970608 0.3458146573343177 0.05123332287992403
5050 0.01267241351586882 0.01267241351586882 11.960818814970608 0.3458146573343177 0.05123332287992403
5100 0.01267241351586882 0.01267241351586882 11.960818814970608 0.3458146573343177 0.05123332287992403
5150 0.01267241351586882 0.01267241351586882 11.960818814970608 0.3458146573343177 0.05123332287992403
5200 0.01267241351586882 0.01267241351586882 11.960818814970608 0.3458146573343177 0.05123332287992403
5250 0.01267241351586882 0.01267241351586882 11.960818814970608 0.3458146573343177 0.05123332287992403
5300 0.01267241351586882 0.01267241351586882 11.960818814970608 0.3458146573343177 0.05123332287992403
5350 0.01267241351586882 0.01267241351586882 11.960818814970608 0.3458146573343177 0.05123332287992403
5400 0.01266900823947568 0.01266900823947568 11.775648614032209 0.3487180886315628 0.05135444538562618
5450 0.012667950754961488 0.012667950754961488 11.466831414138511 0.3537592617299497 0.05156637019330955
5500 0.012667950754961488 0.012667950754961488 11.466831414138511 0.3537592617299497 0.05156637019330955
5550 0.012667950754961488 0.012667950754961488 11.466831414138511 0.3537592617299497 0.05156637019330955
5600 0.012667950754961488 0.012667950754961488 11.466831414138511 0.3537592617299497 0.05156637019330955
5650 0.012667950754961488 0.012667950754961488 11.466831414138511 0.3537592617299497 0.05156637019330955
5700 0.012667950754961488 0.012667950754961488 11.466831414138511 0.3537592617299497 0.05156637019330955
5750 0.012667950754961488 0.012667950754961488 11.466831414138511 0.3537592617299497 0.05156637019330955
5800 0.012667950754961488 0.012667950754961488 11.466831414138511 0.3537592617299497 0.05156637019330955
5850 0.012667950754961488 0.012667950754961488 11.466831414138511 0.3537592617299497 0.05156637019330955
5900 0.012667950754961488 0.012667950754961488 11.466831414138511 0.3537592617299497 0.05156637019330955
5950 0.012667950754961488 0.012667950754961488 11.466831414138511 0.3537592617299497 0.05156637019330955
6000 0.012667760666960022 0.012667760666960022 11.310909665699427 0.35638501397786837 0.051675696625278794
6050 0.012667655515423109 0.012667655515423109 11.471813969007577 0.35367276329912267 0.051562536814274175
6100 0.012667135858602371 0.012667135858602371 11.56062045795919 0.352185870251997 0.05150074005494157
6150 0.012667135858602371 0.012667135858602371 11.56062045795919 0.352185870251997 0.05150074005494157
6200 0.012667135858602371 0.012667135858602371 11.56062045795919 0.352185870251997 0.05150074005494157
6250 0.012666506349423137 0.012666506349423137 11.605297695853995 0.35144312327068167 0.051469135438438174
6300 0.012666506349423137 0.012666506349423137 11.605297695853995 0.35144312327068167 0.051469135438438174
6350 0.012666506349423137 0.012666506349423137 11.605297695853995 0.35144312327068167 0.051469135438438174
6400 0.012666506349423137 0.012666506349423137 11.605297695853995 0.35144312327068167 0.051469135438438174
6450 0.012666506349423137 0.012666506349423137 11.605297695853995 0.35144312327068167 0.051469135438438174
6500 0.012666506349423137 0.012666506349423137 11.605297695853995 0.35144312327068167 0.051469135438438174
6550 0.012666506349423137 0.012666506349423137 11.605297695853995 0.35144312327068167 0.051469135438438174
6600 0.012666468678537634 0.012666468678537634 11.212123480268364 0.35805027742215484 0.05174512703923999
6650 0.012665925335139917 0.012665925335139917 11.204303390528672 0.35817977368599685 0.05174997993281551
6700 0.012665925335139917 0.012665925335139917 11.204303390528672 0.35817977368599685 0.05174997993281551
6750 0.012665925335139917 0.012665925335139917 11.204303390528672 0.35817977368599685 0.05174997993281551
6800 0.012665925335139917 0.012665925335139917 11.204303390528672 0.35817977368599685 0.05174997993281551
6850 0.012665925335139917 0.012665925335139917 11.204303390528672 0.35817977368599685 0.05174997993281551
6900 0.012665836451663467 0.012665836451663467 11.26311017335624 0.357169116030185 0.051707947580027634
6950 0.012665836451663467 0.012665836451663467 11.26311017335624 0.357169116030185 0.051707947580027634
7000 0.012665836451663467 0.012665836451663467 11.26311017335624 0.357169116030185 0.051707947580027634
7050 0.012665836451663467 0.012665836451663467 11.26311017335624 0.357169116030185 0.051707947580027634
7100 0.012665836451663467 0.012665836451663467 11.26311017335624 0.357169116030185 0.051707947580027634
7150 0.012665836451663467 0.012665836451663467 11.26311017335624 0.357169116030185 0.051707947580027634
7200 0.012665836451663467 0.012665836451663467 11.26311017335624 0.357169116030185 0.051707947580027634
7250 0.012665610541168494 0.012665610541168494 11.255589835864342 0.35729301187626505 0.05171318361977901
7300 0.012665610541168494 0.012665610541168494 11.255589835864342 0.35729301187626505 0.05171318361977901
7350 0.012665610541168494 0.012665610541168494 11.255589835864342 0.35729301187626505 0.05171318361977901
7400 0.012665610541168494 0.012665610541168494 11.255589835864342 0.35729301187626505 0.05171318361977901
7450 0.012665610541168494 0.012665610541168494 11.255589835864342 0.35729301187626505 0.05171318361977901
7500 0.012665610541168494 0.012665610541168494 11.255589835864342 0.35729301187626505 0.05171318361977901
7550 0.012665610541168494 0.012665610541168494 11.255589835864342 0.35729301187626505 0.05171318361977901
7600 0.012665442102294295 0.012665442102294295 11.324469411295233 0.3561168508139064 0.05166411005333478
7650 0.012665442102294295 0.012665442102294295 11.324469411295233 0.3561168508139064 0.05166411005333478
7700 0.012665415855875998 0.012665415855875998 11.290247277058148 0.3566985952756342 0.051688329521541274
7750 0.012665364183428854 0.012665364183428854 11.267069542521547 0.3570938724298686 0.051704713889929615
7800 0.012665364183428854 0.012665364183428854 11.267069542521547 0.3570938724298686 0.051704713889929615
7850 0.012665364183428854 0.012665364183428854 11.267069542521547 0.3570938724298686 0.051704713889929615
7900 0.012665364183428854 0.012665364183428854 11.267069542521547 0.3570938724298686 0.051704713889929615
7950 0.012665364183428854 0.012665364183428854 11.267069542521547 0.3570938724298686 0.051704713889929615
8000 0.012665364183428854 0.012665364183428854 11.267069542521547 0.3570938724298686 0.051704713889929615
8050 0.012665364183428854 0.012665364183428854 11.267069542521547 0.3570938724298686 0.051704713889929615
8100 0.012665364183428854 0.012665364183428854 11.267069542521547 0.3570938724298686 0.051704713889929615
8150 0.012665364183428854 0.012665364183428854 11.267069542521547 0.3570938724298686 0.051704713889929615
8200 0.012665364183428854 0.012665364183428854 11.267069542521547 0.3570938724298686 0.051704713889929615
8250 0.012665364183428854 0.012665364183428854 11.267069542521547 0.3570938724298686 0.051704713889929615
8300 0.01266528566856295 0.01266528566856295 11.269416136266528 0.3570524158296692 0.051702982949281016
8350 0.01266528566856295 0.01266528566856295 11.269416136266528 0.3570524158296692 0.051702982949281016
8400 0.01266528566856295 0.01266528566856295 11.269416136266528 0.3570524158296692 0.051702982949281016
8450 0.01266528566856295 0.01266528566856295 11.269416136266528 0.3570524158296692 0.051702982949281016
8500 0.01266528566856295 0.01266528566856295 11.269416136266528 0.3570524158296692 0.051702982949281016
8550 0.01266528566856295 0.01266528566856295 11.269416136266528 0.3570524158296692 0.051702982949281016
8600 0.01266528566856295 0.01266528566856295 11.269416136266528 0.3570524158296692 0.051702982949281016
8650 0.01266528566856295 0.01266528566856295 11.269416136266528 0.3570524158296692 0.051702982949281016
8700 0.01266528566856295 0.01266528566856295 11.269416136266528 0.3570524158296692 0.051702982949281016
8750 0.01266528566856295 0.01266528566856295 11.269416136266528 0.3570524158296692 0.051702982949281016
8800 0.012665257315879613 0.012665257315879613 11.291522056083148 0.3566745679387727 0.051687268143371885
8850 0.012665257315879613 0.012665257315879613 11.291522056083148 0.3566745679387727 0.051687268143371885
8900 0.012665257315879613 0.012665257315879613 11.291522056083148 0.3566745679387727 0.051687268143371885
8950 0.012665257315879613 0.012665257315879613 11.291522056083148 0.3566745679387727 0.051687268143371885
9000 0.012665257315879613 0.012665257315879613 11.291522056083148 0.3566745679387727 0.051687268143371885
9050 0.012665257315879613 0.012665257315879613 11.291522056083148 0.3566745679387727 0.051687268143371885
9100 0.012665257071092758 0.012665257071092758 11.30191206113898 0.3564973798002772 0.051679915789877795
9150 0.012665257071092758 0.012665257071092758 11.30191206113898 0.3564973798002772 0.051679915789877795
9200 0.012665257071092758 0.012665257071092758 11.30191206113898 0.3564973798002772 0.051679915789877795
9250 0.012665257071092758 0.012665257071092758 11.30191206113898 0.3564973798002772 0.051679915789877795
9300 0.012665257071092758 0.012665257071092758 11.30191206113898 0.3564973798002772 0.051679915789877795
9350 0.012665257071092758 0.012665257071092758 11.30191206113898 0.3564973798002772 0.051679915789877795
9400 0.012665257071092758 0.012665257071092758 11.30191206113898 0.3564973798002772 0.051679915789877795
9450 0.012665257071092758 0.012665257071092758 11.30191206113898 0.3564973798002772 0.051679915789877795
9500 0.012665257071092758 0.012665257071092758 11.30191206113898 0.3564973798002772 0.051679915789877795
9550 0.012665257071092758 0.012665257071092758 11.30191206113898 0.3564973798002772 0.051679915789877795
9600 0.01266525694220093 0.01266525694220093 11.273057315112572 0.3569897138733422 0.05170037178303238
9650 0.01266525694220093 0.01266525694220093 11.273057315112572 0.3569897138733422 0.05170037178303238
9700 0.01266525694220093 0.01266525694220093 11.273057315112572 0.3569897138733422 0.05170037178303238
9750 0.01266525694220093 0.01266525694220093 11.273057315112572 0.3569897138733422 0.05170037178303238
9800 0.01266525694220093 0.01266525694220093 11.273057315112572 0.3569897138733422 0.05170037178303238
9850 0.012665246991744575 0.012665246991744575 11.282523577389668 0.35682783445352606 0.05169364689146253
9900 0.012665246991744575 0.012665246991744575 11.282523577389668 0.35682783445352606 0.05169364689146253
9950 0.012665246991744575 0.012665246991744575 11.282523577389668 0.35682783445352606 0.05169364689146253
10000 0.012665246991744575 0.012665246991744575 11.282523577389668 0.35682783445352606 0.05169364689146253
10050 0.012665246513043956 0.012665246513043956 11.279919132603654 0.35687237088658347 0.05169548870902297
10100 0.01266523891514556 0.01266523891514556 11.30258980723622 0.3564856412297613 0.05167941307065925
10150 0.01266523891514556 0.01266523891514556 11.30258980723622 0.3564856412297613 0.05167941307065925
10200 0.01266523891514556 0.01266523891514556 11.30258980723622 0.3564856412297613 0.05167941307065925
10250 0.01266523891514556 0.01266523891514556 11.30258980723622 0.3564856412297613 0.05167941307065925
10300 0.01266523891514556 0.01266523891514556 11.30258980723622 0.3564856412297613 0.05167941307065925
10350 0.01266523891514556 0.01266523891514556 11.30258980723622 0.3564856412297613 0.05167941307065925
10400 0.01266523891514556 0.01266523891514556 11.30258980723622 0.3564856412297613 0.05167941307065925
10450 0.01266523891514556 0.01266523891514556 11.30258980723622 0.3564856412297613 0.05167941307065925
10500 0.01266523891514556 0.01266523891514556 11.30258980723622 0.3564856412297613 0.05167941307065925
10550 0.01266523891514556 0.01266523891514556 11.30258980723622 0.3564856412297613 0.05167941307065925
10600 0.01266523891514556 0.01266523891514556 11.30258980723622 0.3564856412297613 0.05167941307065925
10650 0.01266523891514556 0.01266523891514556 11.30258980723622 0.3564856412297613 0.05167941307065925
10700 0.01266523891514556 0.01266523891514556 11.30258980723622 0.3564856412297613 0.05167941307065925
10750 0.01266523891514556 0.01266523891514556 11.30258980723622 0.3564856412297613 0.05167941307065925
10800 0.01266523891514556 0.01266523891514556 11.30258980723622 0.3564856412297613 0.05167941307065925
10850 0.01266523891514556 0.01266523891514556 11.30258980723622 0.3564856412297613 0.05167941307065925
10900 0.012665237452235318 0.012665237452235318 11.293626580416394 0.35663833647158133 0.05168576134698157
10950 0.012665236944830491 0.012665236944830491 11.285340337731528 0.35677965456551547 0.051691635943511186
11000 0.012665236944830491 0.012665236944830491 11.285340337731528 0.35677965456551547 0.051691635943511186
11050 0.012665236944830491 0.012665236944830491 11.285340337731528 0.35677965456551547 0.051691635943511186
11100 0.012665236944830491 0.012665236944830491 11.285340337731528 0.35677965456551547 0.051691635943511186
11150 0.012665236670347238 0.012665236670347238 11.298870217879566 0.3565489523852753 0.051682046035878206
11200 0.012665236670347238 0.012665236670347238 11.298870217879566 0.3565489523852753 0.051682046035878206
11250 0.012665236122912342 0.012665236122912342 11.295445865166638 0.35660731048484046 0.05168447050964705
11300 0.012665236122912342 0.012665236122912342 11.295445865166638 0.35660731048484046 0.05168447050964705
11350 0.012665236122912342 0.012665236122912342 11.295445865166638 0.35660731048484046 0.05168447050964705
11400 0.012665236122912342 0.012665236122912342 11.295445865166638 0.35660731048484046 0.05168447050964705
11450 0.012665234537472913 0.012665234537472913 11.28363167233682 0.35680877963957364 0.051692845571531705
11500 0.012665234537472913 0.012665234537472913 11.28363167233682 0.35680877963957364 0.051692845571531705
11550 0.012665234537472913 0.012665234537472913 11.28363167233682 0.35680877963957364 0.051692845571531705
11600 0.012665234537472913 0.012665234537472913 11.28363167233682 0.35680877963957364 0.051692845571531705
11650 0.012665234537472913 0.012665234537472913 11.28363167233682 0.35680877963957364 0.051692845571531705
11700 0.012665234537472913 0.012665234537472913 11.28363167233682 0.35680877963957364 0.051692845571531705
11750 0.012665234537472913 0.012665234537472913 11.28363167233682 0.35680877963957364 0.051692845571531705
11800 0.012665234537472913 0.012665234537472913 11.28363167233682 0.35680877963957364 0.051692845571531705
11850 0.012665234537472913 0.012665234537472913 11.28363167233682 0.35680877963957364 0.051692845571531705
11900 0.012665234537472913 0.012665234537472913 11.28363167233682 0.35680877963957364 0.051692845571531705
11950 0.012665234537472913 0.012665234537472913 11.28363167233682 0.35680877963957364 0.051692845571531705
12000 0.012665234182948812 0.012665234182948812 11.284434829703073 0.3567950668894158 0.05169227550705039
12050 0.012665234182948812 0.012665234182948812 11.284434829703073 0.3567950668894158 0.05169227550705039
12100 0.012665233659991166 0.012665233659991166 11.28491316396636 0.35678689633186844 0.05169193569243027
12150 0.012665233659991166 0.012665233659991166 11.28491316396636 0.35678689633186844 0.05169193569243027
12200 0.012665233659991166 0.012665233659991166 11.28491316396636 0.35678689633186844 0.05169193569243027
12250 0.012665233659991166 0.012665233659991166 11.28491316396636 0.35678689633186844 0.05169193569243027
12300 0.012665233659991166 0.012665233659991166 11.28491316396636 0.35678689633186844 0.05169193569243027
12350 0.012665233633048403 0.012665233633048403 11.290193629630188 0.3566968086848659 0.051688191456242025
12400 0.012665233633048403 0.012665233633048403 11.290193629630188 0.3566968086848659 0.051688191456242025
12450 0.012665233633048403 0.012665233633048403 11.290193629630188 0.3566968086848659 0.051688191456242025
12500 0.012665233633048403 0.012665233633048403 11.290193629630188 0.3566968086848659 0.051688191456242025
12550 0.012665233633048403 0.012665233633048403 11.290193629630188 0.3566968086848659 0.051688191456242025
12600 0.012665233633048403 0.012665233633048403 11.290193629630188 0.3566968086848659 0.051688191456242025
12650 0.012665233633048403 0.012665233633048403 11.290193629630188 0.3566968086848659 0.051688191456242025
12700 0.012665233633048403 0.012665233633048403 11.290193629630188 0.3566968086848659 0.051688191456242025
12750 0.012665233633048403 0.012665233633048403 11.290193629630188 0.3566968086848659 0.051688191456242025
12800 0.012665233336647807 0.012665233336647807 11.284848447453038 0.3567879946559336 0.051691981376237484
12850 0.01266523330531762 0.01266523330531762 11.28667788172244 0.35675677814610146 0.05169068381184805
12900 0.01266523330531762 0.01266523330531762 11.28667788172244 0.35675677814610146 0.05169068381184805
12950 0.01266523330531762 0.01266523330531762 11.28667788172244 0.35675677814610146 0.05169068381184805
13000 0.01266523330531762 0.01266523330531762 11.28667788172244 0.35675677814610146 0.05169068381184805
13050 0.012665233020436732 0.012665233020436732 11.28814960654073 0.3567316652479778 0.051689639964601734
13100 0.012665233020436732 0.012665233020436732 11.28814960654073 0.3567316652479778 0.051689639964601734
13150 0.012665233020436732 0.012665233020436732 11.28814960654073 0.3567316652479778 0.051689639964601734
13200 0.012665233020436732 0.012665233020436732 11.28814960654073 0.3567316652479778 0.051689639964601734
13250 0.012665233020436732 0.012665233020436732 11.28814960654073 0.3567316652479778 0.051689639964601734
13300 0.012665233020436732 0.012665233020436732 11.28814960654073 0.3567316652479778 0.051689639964601734
13350 0.012665233020436732 0.012665233020436732 11.28814960654073 0.3567316652479778 0.051689639964601734
13400 0.012665233020436732 0.012665233020436732 11.28814960654073 0.3567316652479778 0.051689639964601734
13450 0.012665233020436732 0.012665233020436732 11.28814960654073 0.3567316652479778 0.051689639964601734
13500 0.012665233020436732 0.012665233020436732 11.28814960654073 0.3567316652479778 0.051689639964601734
13550 0.012665233020436732 0.012665233020436732 11.28814960654073 0.3567316652479778 0.051689639964601734
13600 0.012665233020436732 0.012665233020436732 11.28814960654073 0.3567316652479778 0.051689639964601734
13650 0.012665233020436732 0.012665233020436732 11.28814960654073 0.3567316652479778 0.051689639964601734
13700 0.012665233020436732 0.012665233020436732 11.28814960654073 0.3567316652479778 0.051689639964601734
13750 0.012665233020436732 0.012665233020436732 11.28814960654073 0.3567316652479778 0.051689639964601734
13800 0.01266523299391948 0.01266523299391948 11.289589416602306 0.3567071057041394 0.05168861908348646
13850 0.01266523299391948 0.01266523299391948 11.289589416602306 0.3567071057041394 0.05168861908348646
13900 0.01266523299391948 0.01266523299391948 11.289589416602306 0.3567071057041394 0.05168861908348646
13950 0.01266523299391948 0.01266523299391948 11.289589416602306 0.3567071057041394 0.05168861908348646
14000 0.01266523299391948 0.01266523299391948 11.289589416602306 0.3567071057041394 0.05168861908348646
14050 0.012665232965390072 0.012665232965390072 11.288655226214514 0.3567230393698383 0.05168928140898669
14100 0.012665232894843318 0.012665232894843318 11.290095908259977 0.3566984654180666 0.051688259942906566
14150 0.012665232869630977 0.012665232869630977 11.286755444088183 0.3567554473833589 0.05169062845600711
14200 0.012665232869630977 0.012665232869630977 11.286755444088183 0.3567554473833589 0.05169062845600711
14250 0.012665232869630977 0.012665232869630977 11.286755444088183 0.3567554473833589 0.05169062845600711
14300 0.012665232869630977 0.012665232869630977 11.286755444088183 0.3567554473833589 0.05169062845600711
14350 0.012665232869630977 0.012665232869630977 11.286755444088183 0.3567554473833589 0.05169062845600711
14400 0.012665232844784314 0.012665232844784314 11.287267671515409 0.3567467079509847 0.05169026518416952
14450 0.012665232844784314 0.012665232844784314 11.287267671515409 0.3567467079509847 0.05169026518416952
14500 0.012665232844784314 0.012665232844784314 11.287267671515409 0.3567467079509847 0.05169026518416952
14550 0.012665232844784314 0.012665232844784314 11.287267671515409 0.3567467079509847 0.05169026518416952
14600 0.012665232844784314 0.012665232844784314 11.287267671515409 0.3567467079509847 0.05169026518416952
14650 0.012665232844784314 0.012665232844784314 11.287267671515409 0.3567467079509847 0.05169026518416952
14700 0.012665232844784314 0.012665232844784314 11.287267671515409 0.3567467079509847 0.05169026518416952
14750 0.012665232844784314 0.012665232844784314 11.287267671515409 0.3567467079509847 0.05169026518416952
14800 0.012665232835877357 0.012665232835877357 11.289563029130743 0.35670755320371095 0.05168863765442257
14850 0.012665232835877357 0.012665232835877357 11.289563029130743 0.35670755320371095 0.05168863765442257
14900 0.012665232835877357 0.012665232835877357 11.289563029130743 0.35670755320371095 0.05168863765442257
14950 0.01266523280815224 0.01266523280815224 11.289951708651037 0.35670092359662614 0.051688362076900876
15000 0.01266523280815224 0.01266523280815224 11.289951708651037 0.35670092359662614 0.051688362076900876
15050 0.01266523280815224 0.01266523280815224 11.289951708651037 0.35670092359662614 0.051688362076900876
15100 0.012665232800662488 0.012665232800662488 11.289498979711706 0.356708645008176 0.05168868303656404
15150 0.012665232800662488 0.012665232800662488 11.289498979711706 0.356708645008176 0.05168868303656404
15200 0.012665232800662488 0.012665232800662488 11.289498979711706 0.356708645008176 0.05168868303656404
15250 0.012665232800662488 0.012665232800662488 11.289498979711706 0.356708645008176 0.05168868303656404
15300 0.012665232800662488 0.012665232800662488 11.289498979711706 0.356708645008176 0.05168868303656404
15350 0.012665232800662488 0.012665232800662488 11.289498979711706 0.356708645008176 0.05168868303656404
15400 0.012665232800662488 0.012665232800662488 11.289498979711706 0.356708645008176 0.05168868303656404
15450 0.012665232800662488 0.012665232800662488 11.289498979711706 0.356708645008176 0.05168868303656404
15500 0.012665232798098088 0.012665232798098088 11.289275078740676 0.3567124638411681 0.051688841778185564
15550 0.012665232798098088 0.012665232798098088 11.289275078740676 0.3567124638411681 0.051688841778185564
15600 0.012665232798098088 0.012665232798098088 11.289275078740676 0.3567124638411681 0.051688841778185564
15650 0.012665232798098088 0.012665232798098088 11.289275078740676 0.3567124638411681 0.051688841778185564
15700 0.012665232793097218 0.012665232793097218 11.28912513132157 0.35671502135580013 0.051688948085549594
15750 0.012665232793097218 0.012665232793097218 11.28912513132157 0.35671502135580013 0.051688948085549594
15800 0.012665232793097218 0.012665232793097218 11.28912513132157 0.35671502135580013 0.051688948085549594
15850 0.012665232793097218 0.012665232793097218 11.28912513132157 0.35671502135580013 0.051688948085549594
15900 0.012665232793097218 0.012665232793097218 11.28912513132157 0.35671502135580013 0.051688948085549594
15950 0.012665232793097218 0.012665232793097218 11.28912513132157 0.35671502135580013 0.051688948085549594
16000 0.012665232793097218 0.012665232793097218 11.28912513132157 0.35671502135580013 0.051688948085549594
16050 0.012665232793097218 0.012665232793097218 11.28912513132157 0.35671502135580013 0.051688948085549594
16100 0.012665232793097218 0.012665232793097218 11.28912513132157 0.35671502135580013 0.051688948085549594
16150 0.012665232793097218 0.012665232793097218 11.28912513132157 0.35671502135580013 0.051688948085549594
16200 0.012665232793097218 0.012665232793097218 11.28912513132157 0.35671502135580013 0.051688948085549594
16250 0.012665232792450761 0.012665232792450761 11.28909869329557 0.3567154722815468 0.051688966830382446
16300 0.012665232792450761 0.012665232792450761 11.28909869329557 0.3567154722815468 0.051688966830382446
16350 0.012665232792450761 0.012665232792450761 11.28909869329557 0.3567154722815468 0.051688966830382446
16400 0.012665232792450761 0.012665232792450761 11.28909869329557 0.3567154722815468 0.051688966830382446
16450 0.012665232791442691 0.012665232791442691 11.28918051112294 0.35671407673872824 0.051688908819521345
16500 0.012665232791442691 0.012665232791442691 11.28918051112294 0.35671407673872824 0.051688908819521345
16550 0.012665232790573897 0.012665232790573897 11.28902097755593 0.35671679784896754 0.051689021928839694
16600 0.012665232790573897 0.012665232790573897 11.28902097755593 0.35671679784896754 0.051689021928839694
16650 0.012665232790573897 0.012665232790573897 11.28902097755593 0.35671679784896754 0.051689021928839694
16700 0.012665232790573897 0.012665232790573897 11.28902097755593 0.35671679784896754 0.051689021928839694
16750 0.012665232790573897 0.012665232790573897 11.28902097755593 0.35671679784896754 0.051689021928839694
16800 0.01266523279015195 0.01266523279015195 11.288971295266334 0.35671764526753624 0.05168905715407133
16850 0.012665232790039551 0.012665232790039551 11.289148099234202 0.3567146295537307 0.05168893179832162
16900 0.012665232790039551 0.012665232790039551 11.289148099234202 0.3567146295537307 0.05168893179832162
16950 0.012665232790039551 0.012665232790039551 11.289148099234202 0.3567146295537307 0.05168893179832162
17000 0.012665232790039551 0.012665232790039551 11.289148099234202 0.3567146295537307 0.05168893179832162
17050 0.012665232790039551 0.012665232790039551 11.289148099234202 0.3567146295537307 0.05168893179832162
17100 0.012665232790039551 0.012665232790039551 11.289148099234202 0.3567146295537307 0.05168893179832162
17150 0.012665232790039551 0.012665232790039551 11.289148099234202 0.3567146295537307 0.05168893179832162
17200 0.01266523278948749 0.01266523278948749 11.288919314290778 0.35671853190028285 0.051689094008768484
17250 0.012665232789346476 0.012665232789346476 11.289008055509552 0.3567170182376711 0.05168903108977542
17300 0.012665232789346476 0.012665232789346476 11.289008055509552 0.3567170182376711 0.05168903108977542
17350 0.012665232789346476 0.012665232789346476 11.289008055509552 0.3567170182376711 0.05168903108977542
17400 0.012665232789346476 0.012665232789346476 11.289008055509552 0.3567170182376711 0.05168903108977542
17450 0.012665232789272151 0.012665232789272151 11.289066634735493 0.3567160190560315 0.05168898955662148
17500 0.012665232789272151 0.012665232789272151 11.289066634735493 0.3567160190560315 0.05168898955662148
17550 0.012665232789272151 0.012665232789272151 11.289066634735493 0.3567160190560315 0.05168898955662148
17600 0.012665232788904213 0.012665232788904213 11.289018073378825 0.35671684735735365 0.05168902398654695
17650 0.012665232788904213 0.012665232788904213 11.289018073378825 0.35671684735735365 0.05168902398654695
17700 0.012665232788904213 0.012665232788904213 11.289018073378825 0.35671684735735365 0.05168902398654695
17750 0.012665232788904213 0.012665232788904213 11.289018073378825 0.35671684735735365 0.05168902398654695
17800 0.012665232788904213 0.012665232788904213 11.289018073378825 0.35671684735735365 0.05168902398654695
17850 0.012665232788555336 0.012665232788555336 11.289031888295703 0.35671661171241187 0.051689014191299086
17900 0.012665232788522824 0.012665232788522824 11.288998707161864 0.35671717768064093 0.05168903771700027
17950 0.012665232788522824 0.012665232788522824 11.288998707161864 0.35671717768064093 0.05168903771700027
18000 0.012665232788522824 0.012665232788522824 11.288998707161864 0.35671717768064093 0.05168903771700027
18050 0.012665232788522824 0.012665232788522824 11.288998707161864 0.35671717768064093 0.05168903771700027
18100 0.012665232788522824 0.012665232788522824 11.288998707161864 0.35671717768064093 0.05168903771700027
18150 0.012665232788522824 0.012665232788522824 11.288998707161864 0.35671717768064093 0.05168903771700027
18200 0.012665232788522824 0.012665232788522824 11.288998707161864 0.35671717768064093 0.05168903771700027
18250 0.012665232788522824 0.012665232788522824 11.288998707161864 0.35671717768064093 0.05168903771700027
18300 0.012665232788522824 0.012665232788522824 11.288998707161864 0.35671717768064093 0.05168903771700027
18350 0.012665232788522824 0.012665232788522824 11.288998707161864 0.35671717768064093 0.05168903771700027
18400 0.012665232788520065 0.012665232788520065 11.288975741525057 0.3567175694039903 0.05168905399999877
18450 0.012665232788504783 0.012665232788504783 11.289021061919412 0.3567167963763885 0.05168902186723716
18500 0.012665232788504783 0.012665232788504783 11.289021061919412 0.3567167963763885 0.05168902186723716
18550 0.012665232788396085 0.012665232788396085 11.288992886466852 0.3567172769615735 0.05168904184386187
18600 0.012665232788396085 0.012665232788396085 11.288992886466852 0.3567172769615735 0.05168904184386187
18650 0.012665232788396085 0.012665232788396085 11.288992886466852 0.3567172769615735 0.05168904184386187
18700 0.012665232788396085 0.012665232788396085 11.288992886466852 0.3567172769615735 0.05168904184386187
18750 0.012665232788396085 0.012665232788396085 11.288992886466852 0.3567172769615735 0.05168904184386187
18800 0.012665232788396085 0.012665232788396085 11.288992886466852 0.3567172769615735 0.05168904184386187
18850 0.012665232788396085 0.012665232788396085 11.288992886466852 0.3567172769615735 0.05168904184386187
18900 0.012665232788396085 0.012665232788396085 11.288992886466852 0.3567172769615735 0.05168904184386187
18950 0.012665232788396085 0.012665232788396085 11.288992886466852 0.3567172769615735 0.05168904184386187
19000 0.012665232788396085 0.012665232788396085 11.288992886466852 0.3567172769615735 0.05168904184386187
19050 0.012665232788396085 0.012665232788396085 11.288992886466852 0.3567172769615735 0.05168904184386187
19100 0.012665232788396085 0.012665232788396085 11.288992886466852 0.3567172769615735 0.05168904184386187
19150 0.012665232788396085 0.012665232788396085 11.288992886466852 0.3567172769615735 0.05168904184386187
19200 0.012665232788368981 0.012665232788368981 11.288917379423935 0.3567185648879906 0.0516890953794667
19250 0.012665232788368981 0.012665232788368981 11.288917379423935 0.3567185648879906 0.0516890953794667
19300 0.012665232788349618 0.012665232788349618 11.288947571630352 0.35671804989656025 0.05168907397267326
19350 0.012665232788349618 0.012665232788349618 11.288947571630352 0.35671804989656025 0.05168907397267326
19400 0.012665232788349618 0.012665232788349618 11.288947571630352 0.35671804989656025 0.05168907397267326
19450 0.012665232788349618 0.012665232788349618 11.288947571630352 0.35671804989656025 0.05168907397267326
19500 0.012665232788349618 0.012665232788349618 11.288947571630352 0.35671804989656025 0.05168907397267326
19550 0.012665232788349618 0.012665232788349618 11.288947571630352 0.35671804989656025 0.05168907397267326
19600 0.012665232788348474 0.012665232788348474 11.288961541152226 0.3567178116177484 0.05168906406807406
19650 0.012665232788348474 0.012665232788348474 11.288961541152226 0.3567178116177484 0.05168906406807406
19700 0.012665232788345202 0.012665232788345202 11.288959567327304 0.3567178452852845 0.05168906546754241
19750 0.012665232788345202 0.012665232788345202 11.288959567327304 0.3567178452852845 0.05168906546754241
19800 0.012665232788334783 0.012665232788334783 11.28897572488849 0.35671756968536555 0.051689054011589734
19850 0.012665232788334783 0.012665232788334783 11.28897572488849 0.35671756968536555 0.051689054011589734
19900 0.012665232788334783 0.012665232788334783 11.28897572488849 0.35671756968536555 0.051689054011589734
19950 0.012665232788334783 0.012665232788334783 11.28897572488849 0.35671756968536555 0.051689054011589734
20000 0.012665232788334783 0.012665232788334783 11.28897572488849 0.35671756968536555 0.051689054011589734
20050 0.012665232788334783 0.012665232788334783 11.28897572488849 0.35671756968536555 0.051689054011589734
20100 0.012665232788334783 0.012665232788334783 11.28897572488849 0.35671756968536555 0.051689054011589734
20150 0.012665232788334783 0.012665232788334783 11.28897572488849 0.35671756968536555 0.051689054011589734
20200 0.012665232788334783 0.012665232788334783 11.28897572488849 0.35671756968536555 0.051689054011589734
20250 0.012665232788334783 0.012665232788334783 11.28897572488849 0.35671756968536555 0.051689054011589734
20300 0.012665232788334783 0.012665232788334783 11.28897572488849 0.35671756968536555 0.051689054011589734
20350 0.012665232788334783 0.012665232788334783 11.28897572488849 0.35671756968536555 0.051689054011589734
20400 0.012665232788334783 0.012665232788334783 11.28897572488849 0.35671756968536555 0.051689054011589734
20450 0.012665232788328965 0.012665232788328965 11.288985138455526 0.35671740911821065 0.05168904733723525
20500 0.012665232788328965 0.012665232788328965 11.288985138455526 0.35671740911821065 0.05168904733723525
20550 0.012665232788328965 0.012665232788328965 11.288985138455526 0.35671740911821065 0.05168904733723525
20600 0.012665232788328965 0.012665232788328965 11.288985138455526 0.35671740911821065 0.05168904733723525
20650 0.012665232788328965 0.012665232788328965 11.288985138455526 0.35671740911821065 0.05168904733723525
20700 0.012665232788328965 0.012665232788328965 11.288985138455526 0.35671740911821065 0.05168904733723525
20750 0.012665232788328965 0.012665232788328965 11.288985138455526 0.35671740911821065 0.05168904733723525
20800 0.012665232788328965 0.012665232788328965 11.288985138455526 0.35671740911821065 0.05168904733723525
20850 0.012665232788328965 0.012665232788328965 11.288985138455526 0.35671740911821065 0.05168904733723525
20900 0.012665232788327865 0.012665232788327865 11.28896018846885 0.3567178346902568 0.05168906502712272
20950 0.01266523278832528 0.01266523278832528 11.288982979735517 0.3567174459394064 0.051689048867792534
21000 0.01266523278832528 0.01266523278832528 11.288982979735517 0.3567174459394064 0.051689048867792534
21050 0.01266523278832463 0.01266523278832463 11.288978740238015 0.35671751825246417 0.05168905187365201
21100 0.01266523278832463 0.01266523278832463 11.288978740238015 0.35671751825246417 0.05168905187365201
21150 0.01266523278832463 0.01266523278832463 11.288978740238015 0.35671751825246417 0.05168905187365201
21200 0.01266523278832463 0.01266523278832463 11.288978740238015 0.35671751825246417 0.05168905187365201
21250 0.01266523278832463 0.01266523278832463 11.288978740238015 0.35671751825246417 0.05168905187365201
21300 0.01266523278832463 0.01266523278832463 11.288978740238015 0.35671751825246417 0.05168905187365201
21350 0.0126652327883239 0.0126652327883239 11.288984499014225 0.35671742002507556 0.05168904779060249
21400 0.012665232788322642 0.012665232788322642 11.288979851046474 0.3567174993053794 0.051689051086072205
21450 0.012665232788322642 0.012665232788322642 11.288979851046474 0.3567174993053794 0.051689051086072205
21500 0.012665232788322083 0.012665232788322083 11.288960026926931 0.35671783744561464 0.05168906514165145
21550 0.012665232788322083 0.012665232788322083 11.288960026926931 0.35671783744561464 0.05168906514165145
21600 0.012665232788322083 0.012665232788322083 11.288960026926931 0.35671783744561464 0.05168906514165145
21650 0.012665232788322083 0.012665232788322083 11.288960026926931 0.35671783744561464 0.05168906514165145
21700 0.012665232788322083 0.012665232788322083 11.288960026926931 0.35671783744561464 0.05168906514165145
21750 0.012665232788322083 0.012665232788322083 11.288960026926931 0.35671783744561464 0.05168906514165145
21800 0.012665232788322083 0.012665232788322083 11.288960026926931 0.35671783744561464 0.05168906514165145
21850 0.012665232788322083 0.012665232788322083 11.288960026926931 0.35671783744561464 0.05168906514165145
21900 0.012665232788322083 0.012665232788322083 11.288960026926931 0.35671783744561464 0.05168906514165145
21950 0.012665232788322083 0.012665232788322083 11.288960026926931 0.35671783744561464 0.05168906514165145
22000 0.012665232788322083 0.012665232788322083 11.288960026926931 0.35671783744561464 0.05168906514165145
22050 0.012665232788321018 0.012665232788321018 11.288971489065126 0.35671764193566735 0.05168905701483029
22100 0.012665232788321018 0.012665232788321018 11.288971489065126 0.35671764193566735 0.05168905701483029
22150 0.012665232788321018 0.012665232788321018 11.288971489065126 0.35671764193566735 0.05168905701483029
22200 0.012665232788321018 0.012665232788321018 11.288971489065126 0.35671764193566735 0.05168905701483029
22250 0.012665232788321018 0.012665232788321018 11.288971489065126 0.35671764193566735 0.05168905701483029
22300 0.012665232788321018 0.012665232788321018 11.288971489065126 0.35671764193566735 0.05168905701483029
22350 0.012665232788321018 0.012665232788321018 11.288971489065126 0.35671764193566735 0.05168905701483029
22400 0.012665232788321018 0.012665232788321018 11.288971489065126 0.35671764193566735 0.05168905701483029
22450 0.012665232788321018 0.012665232788321018 11.288971489065126 0.35671764193566735 0.05168905701483029
22500 0.012665232788321018 0.012665232788321018 11.288971489065126 0.35671764193566735 0.05168905701483029
22550 0.012665232788320144 0.012665232788320144 11.288962140932338 0.3567178013869243 0.051689063642789294
22600 0.012665232788320144 0.012665232788320144 11.288962140932338 0.3567178013869243 0.051689063642789294
22650 0.012665232788320144 0.012665232788320144 11.288962140932338 0.3567178013869243 0.051689063642789294
22700 0.012665232788320144 0.012665232788320144 11.288962140932338 0.3567178013869243 0.051689063642789294
22750 0.012665232788320144 0.012665232788320144 11.288962140932338 0.3567178013869243 0.051689063642789294
22800 0.012665232788320144 0.012665232788320144 11.288962140932338 0.3567178013869243 0.051689063642789294
22850 0.012665232788320144 0.012665232788320144 11.288962140932338 0.3567178013869243 0.051689063642789294
22900 0.012665232788320144 0.012665232788320144 11.288962140932338 0.3567178013869243 0.051689063642789294
22950 0.012665232788320144 0.012665232788320144 11.288962140932338 0.3567178013869243 0.051689063642789294
23000 0.012665232788320052 0.012665232788320052 11.288966389195085 0.35671772892420645 0.051689060630709424
23050 0.01266523278831993 0.01266523278831993 11.288969748113391 0.3567176716310819 0.05168905824918855
23100 0.01266523278831993 0.01266523278831993 11.288969748113391 0.3567176716310819 0.05168905824918855
23150 0.01266523278831993 0.01266523278831993 11.288969748113391 0.3567176716310819 0.05168905824918855
23200 0.01266523278831993 0.01266523278831993 11.288969748113391 0.3567176716310819 0.05168905824918855
23250 0.012665232788319518 0.012665232788319518 11.288966886680132 0.356717720438586 0.051689060277984956
23300 0.012665232788319518 0.012665232788319518 11.288966886680132 0.356717720438586 0.051689060277984956
23350 0.012665232788319518 0.012665232788319518 11.288966886680132 0.356717720438586 0.051689060277984956
23400 0.012665232788319518 0.012665232788319518 11.288966886680132 0.356717720438586 0.051689060277984956
23450 0.012665232788319518 0.012665232788319518 11.288966886680132 0.356717720438586 0.051689060277984956
23500 0.012665232788319518 0.012665232788319518 11.288966886680132 0.356717720438586 0.051689060277984956
23550 0.012665232788319518 0.012665232788319518 11.288966886680132 0.356717720438586 0.051689060277984956
23600 0.012665232788319518 0.012665232788319518 11.288966886680132 0.356717720438586 0.051689060277984956
23650 0.012665232788319518 0.012665232788319518 11.288966886680132 0.356717720438586 0.051689060277984956
23700 0.012665232788319518 0.012665232788319518 11.288966886680132 0.356717720438586 0.051689060277984956
23750 0.012665232788319518 0.012665232788319518 11.288966886680132 0.356717720438586 0.051689060277984956
23800 0.012665232788319518 0.012665232788319518 11.288966886680132 0.356717720438586 0.051689060277984956
23850 0.012665232788319518 0.012665232788319518 11.288966886680132 0.356717720438586 0.051689060277984956
23900 0.012665232788319518 0.012665232788319518 11.288966886680132 0.356717720438586 0.051689060277984956
23950 0.012665232788319518 0.012665232788319518 11.288966886680132 0.356717720438586 0.051689060277984956
24000 0.012665232788319518 0.012665232788319518 11.288966886680132 0.356717720438586 0.051689060277984956
24050 0.012665232788319518 0.012665232788319518 11.288966886680132 0.356717720438586 0.051689060277984956
24100 0.012665232788319518 0.012665232788319518 11.288966886680132 0.356717720438586 0.051689060277984956
24150 0.012665232788319518 0.012665232788319518 11.288966886680132 0.356717720438586 0.051689060277984956
24200 0.012665232788319518 0.012665232788319518 11.288966886680132 0.356717720438586 0.051689060277984956
24250 0.012665232788319518 0.012665232788319518 11.288966886680132 0.356717720438586 0.051689060277984956
24300 0.012665232788319518 0.012665232788319518 11.288966886680132 0.356717720438586 0.051689060277984956
24350 0.012665232788319518 0.012665232788319518 11.288966886680132 0.356717720438586 0.051689060277984956
24400 0.012665232788319518 0.012665232788319518 11.288966886680132 0.356717720438586 0.051689060277984956
24450 0.012665232788319518 0.012665232788319518 11.288966886680132 0.356717720438586 0.051689060277984956
24500 0.012665232788319518 0.012665232788319518 11.288966886680132 0.356717720438586 0.051689060277984956
24550 0.012665232788319518 0.012665232788319518 11.288966886680132 0.356717720438586 0.051689060277984956
24600 0.012665232788319518 0.012665232788319518 11.288966886680132 0.356717720438586 0.051689060277984956
24650 0.012665232788319518 0.012665232788319518 11.288966886680132 0.356717720438586 0.051689060277984956
24700 0.012665232788319518 0.012665232788319518 11.288966886680132 0.356717720438586 0.051689060277984956
24750 0.012665232788319518 0.012665232788319518 11.288966886680132 0.356717720438586 0.051689060277984956
24800 0.012665232788319481 0.012665232788319481 11.288966196282079 0.3567177322147182 0.051689060767487006
24850 0.012665232788319481 0.012665232788319481 11.288966196282079 0.3567177322147182 0.051689060767487006
24900 0.012665232788319481 0.012665232788319481 11.288966196282079 0.3567177322147182 0.051689060767487006
24950 0.012665232788319481 0.012665232788319481 11.288966196282079 0.3567177322147182 0.051689060767487006
25000 0.012665232788319481 0.012665232788319481 11.288966196282079 0.3567177322147182 0.051689060767487006
25050 0.012665232788319481 0.012665232788319481 11.288966196282079 0.3567177322147182 0.051689060767487006
25100 0.012665232788319481 0.012665232788319481 11.288966196282079 0.3567177322147182 0.051689060767487006
25150 0.012665232788319481 0.012665232788319481 11.288966196282079 0.3567177322147182 0.051689060767487006
25200 0.012665232788319481 0.012665232788319481 11.288966196282079 0.3567177322147182 0.051689060767487006
25250 0.012665232788319481 0.012665232788319481 11.288966196282079 0.3567177322147182 0.051689060767487006
25300 0.012665232788319481 0.012665232788319481 11.288966196282079 0.3567177322147182 0.051689060767487006
25350 0.012665232788319481 0.012665232788319481 11.288966196282079 0.3567177322147182 0.051689060767487006
25400 0.012665232788319481 0.012665232788319481 11.288966196282079 0.3567177322147182 0.051689060767487006
25450 0.012665232788319481 0.012665232788319481 11.288966196282079 0.3567177322147182 0.051689060767487006
25500 0.012665232788319422 0.012665232788319422 11.288965552785784 0.35671774319084665 0.05168906122373505
25550 0.012665232788319422 0.012665232788319422 11.288965552785784 0.35671774319084665 0.05168906122373505
25600 0.012665232788319422 0.012665232788319422 11.288965552785784 0.35671774319084665 0.05168906122373505
25650 0.012665232788319422 0.012665232788319422 11.288965552785784 0.35671774319084665 0.05168906122373505
25700 0.012665232788319422 0.012665232788319422 11.288965552785784 0.35671774319084665 0.05168906122373505
25750 0.012665232788319422 0.012665232788319422 11.288965552785784 0.35671774319084665 0.05168906122373505
25800 0.012665232788319422 0.012665232788319422 11.288965552785784 0.35671774319084665 0.05168906122373505
25850 0.012665232788319422 0.012665232788319422 11.288965552785784 0.35671774319084665 0.05168906122373505
25900 0.012665232788319422 0.012665232788319422 11.288965552785784 0.35671774319084665 0.05168906122373505
25950 0.012665232788319422 0.012665232788319422 11.288965552785784 0.35671774319084665 0.05168906122373505
26000 0.012665232788319422 0.012665232788319422 11.288965552785784 0.35671774319084665 0.05168906122373505
26050 0.012665232788319422 0.012665232788319422 11.288965552785784 0.35671774319084665 0.05168906122373505
26100 0.012665232788319422 0.012665232788319422 11.288965552785784 0.35671774319084665 0.05168906122373505
26150 0.012665232788319422 0.012665232788319422 11.288965552785784 0.35671774319084665 0.05168906122373505
26200 0.012665232788319422 0.012665232788319422 11.288965552785784 0.35671774319084665 0.05168906122373505
26250 0.012665232788319422 0.012665232788319422 11.288965552785784 0.35671774319084665 0.05168906122373505
26300 0.012665232788319422 0.012665232788319422 11.288965552785784 0.35671774319084665 0.05168906122373505
26350 0.012665232788319422 0.012665232788319422 11.288965552785784 0.35671774319084665 0.05168906122373505
26400 0.01266523278831942 0.01266523278831942 11.288966304258592 0.3567177303729598 0.05168906069093006
26450 0.01266523278831942 0.01266523278831942 11.288966304258592 0.3567177303729598 0.05168906069093006
26500 0.01266523278831942 0.01266523278831942 11.288966304258592 0.3567177303729598 0.05168906069093006
26550 0.01266523278831942 0.01266523278831942 11.288966304258592 0.3567177303729598 0.05168906069093006
26600 0.01266523278831942 0.01266523278831942 11.288966304258592 0.3567177303729598 0.05168906069093006
26650 0.01266523278831942 0.01266523278831942 11.288966304258592 0.3567177303729598 0.05168906069093006
26700 0.01266523278831942 0.01266523278831942 11.288966304258592 0.3567177303729598 0.05168906069093006
26750 0.01266523278831942 0.01266523278831942 11.288966304258592 0.3567177303729598 0.05168906069093006
26800 0.01266523278831942 0.01266523278831942 11.288966304258592 0.3567177303729598 0.05168906069093006
26850 0.01266523278831942 0.01266523278831942 11.288966304258592 0.3567177303729598 0.05168906069093006
26900 0.01266523278831942 0.01266523278831942 11.288966304258592 0.3567177303729598 0.05168906069093006
26950 0.012665232788319415 0.012665232788319415 11.288966531071111 0.35671772650421424 0.05168906053011673
27000 0.012665232788319415 0.012665232788319415 11.288966531071111 0.35671772650421424 0.05168906053011673
27050 0.012665232788319415 0.012665232788319415 11.288966531071111 0.35671772650421424 0.05168906053011673
27100 0.012665232788319415 0.012665232788319415 11.288966531071111 0.35671772650421424 0.05168906053011673
27150 0.012665232788319415 0.012665232788319415 11.288966531071111 0.35671772650421424 0.05168906053011673
27200 0.012665232788319415 0.012665232788319415 11.288966531071111 0.35671772650421424 0.05168906053011673
27250 0.012665232788319415 0.012665232788319415 11.288966531071111 0.35671772650421424 0.05168906053011673
27300 0.012665232788319415 0.012665232788319415 11.288966531071111 0.35671772650421424 0.05168906053011673
27350 0.012665232788319415 0.012665232788319415 11.288966531071111 0.35671772650421424 0.05168906053011673
27400 0.012665232788319415 0.012665232788319415 11.288966531071111 0.35671772650421424 0.05168906053011673
27450 0.012665232788319415 0.012665232788319415 11.288966531071111 0.35671772650421424 0.05168906053011673
27500 0.012665232788319415 0.012665232788319415 11.288966531071111 0.35671772650421424 0.05168906053011673
27550 0.012665232788319415 0.012665232788319415 11.288965747566447 0.3567177398684688 0.05168906108563276
27600 0.012665232788319415 0.012665232788319415 11.288965747566447 0.3567177398684688 0.05168906108563276
27650 0.012665232788319413 0.012665232788319413 11.288965622774795 0.35671774199704254 0.05168906117411183
27700 0.012665232788319412 0.012665232788319412 11.288965807531783 0.3567177388456388 0.05168906104311647
27750 0.012665232788319412 0.012665232788319412 11.288965807531783 0.3567177388456388 0.05168906104311647
27800 0.012665232788319412 0.012665232788319412 11.288965807531783 0.3567177388456388 0.05168906104311647
27850 0.012665232788319412 0.012665232788319412 11.288965807531783 0.3567177388456388 0.05168906104311647
27900 0.012665232788319412 0.012665232788319412 11.288965807531783 0.3567177388456388 0.05168906104311647
27950 0.012665232788319412 0.012665232788319412 11.288965807531783 0.3567177388456388 0.05168906104311647
28000 0.012665232788319412 0.012665232788319412 11.288965807531783 0.3567177388456388 0.05168906104311647
28050 0.012665232788319412 0.012665232788319412 11.288965807531783 0.3567177388456388 0.05168906104311647
28100 0.012665232788319412 0.012665232788319412 11.288965807531783 0.3567177388456388 0.05168906104311647
28150 0.012665232788319412 0.012665232788319412 11.288965807531783 0.3567177388456388 0.05168906104311647
28200 0.012665232788319412 0.012665232788319412 11.288965807531783 0.3567177388456388 0.05168906104311647
28250 0.012665232788319412 0.012665232788319412 11.288965807531783 0.3567177388456388 0.05168906104311647
28300 0.012665232788319412 0.012665232788319412 11.288965807531783 0.3567177388456388 0.05168906104311647
28350 0.012665232788319412 0.012665232788319412 11.288965807531783 0.3567177388456388 0.05168906104311647
28400 0.012665232788319412 0.012665232788319412 11.288965807531783 0.3567177388456388 0.05168906104311647
28450 0.012665232788319412 0.012665232788319412 11.288965807531783 0.3567177388456388 0.05168906104311647
28500 0.012665232788319412 0.012665232788319412 11.288965807531783 0.3567177388456388 0.05168906104311647
28550 0.012665232788319412 0.012665232788319412 11.288965973015793 0.35671773602297463 0.051689060925785936
28600 0.012665232788319412 0.012665232788319412 11.288965973015793 0.35671773602297463 0.051689060925785936
28650 0.012665232788319412 0.012665232788319412 11.288965973015793 0.35671773602297463 0.051689060925785936
28700 0.012665232788319412 0.012665232788319412 11.288965973015793 0.35671773602297463 0.051689060925785936
28750 0.012665232788319412 0.012665232788319412 11.288965973015793 0.35671773602297463 0.051689060925785936
28800 0.012665232788319412 0.012665232788319412 11.288965973015793 0.35671773602297463 0.051689060925785936
28850 0.012665232788319412 0.012665232788319412 11.288965973015793 0.35671773602297463 0.051689060925785936
28900 0.012665232788319412 0.012665232788319412 11.288965973015793 0.35671773602297463 0.051689060925785936
28950 0.012665232788319412 0.012665232788319412 11.288965973015793 0.35671773602297463 0.051689060925785936
29000 0.012665232788319412 0.012665232788319412 11.288965973015793 0.35671773602297463 0.051689060925785936
29050 0.012665232788319412 0.012665232788319412 11.288965973015793 0.35671773602297463 0.051689060925785936
29100 0.012665232788319412 0.012665232788319412 11.288965973015793 0.35671773602297463 0.051689060925785936
29150 0.012665232788319412 0.012665232788319412 11.288965973015793 0.35671773602297463 0.051689060925785936
29200 0.012665232788319412 0.012665232788319412 11.288965973015793 0.35671773602297463 0.051689060925785936
29250 0.012665232788319412 0.012665232788319412 11.288965973015793 0.35671773602297463 0.051689060925785936
29300 0.012665232788319412 0.012665232788319412 11.288965973015793 0.35671773602297463 0.051689060925785936
29350 0.012665232788319412 0.012665232788319412 11.288965973015793 0.35671773602297463 0.051689060925785936
29400 0.012665232788319412 0.012665232788319412 11.288965973015793 0.35671773602297463 0.051689060925785936
29450 0.012665232788319412 0.012665232788319412 11.288965973015793 0.35671773602297463 0.051689060925785936
29500 0.012665232788319412 0.012665232788319412 11.288965973015793 0.35671773602297463 0.051689060925785936
29550 0.012665232788319412 0.012665232788319412 11.288965973015793 0.35671773602297463 0.051689060925785936
29600 0.012665232788319412 0.012665232788319412 11.288965973015793 0.35671773602297463 0.051689060925785936
29650 0.01266523278831941 0.01266523278831941 11.288965635315426 0.3567177417831367 0.05168906116522034
29700 0.01266523278831941 0.01266523278831941 11.288965635315426 0.3567177417831367 0.05168906116522034
29750 0.01266523278831941 0.01266523278831941 11.288965635315426 0.3567177417831367 0.05168906116522034
29800 0.01266523278831941 0.01266523278831941 11.288965635315426 0.3567177417831367 0.05168906116522034
29850 0.012665232788319408 0.012665232788319408 11.288965639877041 0.3567177417053291 0.051689061161986086
29900 0.012665232788319408 0.012665232788319408 11.288965639877041 0.3567177417053291 0.051689061161986086
29950 0.012665232788319408 0.012665232788319408 11.288965639877041 0.3567177417053291 0.051689061161986086
30000 0.012665232788319408 0.012665232788319408 11.288965639877041 0.3567177417053291 0.051689061161986086
30050 0.012665232788319408 0.012665232788319408 11.288965639877041 0.3567177417053291 0.051689061161986086
30100 0.012665232788319408 0.012665232788319408 11.288965639877041 0.3567177417053291 0.051689061161986086
30150 0.012665232788319408 0.012665232788319408 11.288965639877041 0.3567177417053291 0.051689061161986086
30200 0.012665232788319408 0.012665232788319408 11.288965639877041 0.3567177417053291 0.051689061161986086
30250 0.012665232788319408 0.012665232788319408 11.288965639877041 0.3567177417053291 0.051689061161986086
30300 0.012665232788319408 0.012665232788319408 11.288965639877041 0.3567177417053291 0.051689061161986086
30350 0.012665232788319408 0.012665232788319408 11.288965639877041 0.3567177417053291 0.051689061161986086
30400 0.012665232788319408 0.012665232788319408 11.288965639877041 0.3567177417053291 0.051689061161986086
30450 0.012665232788319408 0.012665232788319408 11.288965639877041 0.3567177417053291 0.051689061161986086
30500 0.012665232788319408 0.012665232788319408 11.288965639877041 0.3567177417053291 0.051689061161986086
30550 0.012665232788319408 0.012665232788319408 11.288965639877041 0.3567177417053291 0.051689061161986086
30600 0.012665232788319408 0.012665232788319408 11.288965639877041 0.3567177417053291 0.051689061161986086
30650 0.012665232788319408 0.012665232788319408 11.288965639877041 0.3567177417053291 0.051689061161986086
30700 0.012665232788319408 0.012665232788319408 11.288965639877041 0.3567177417053291 0.051689061161986086
30750 0.012665232788319408 0.012665232788319408 11.288965639877041 0.3567177417053291 0.051689061161986086
30800 0.012665232788319408 0.012665232788319408 11.288965639877041 0.3567177417053291 0.051689061161986086
30850 0.012665232788319408 0.012665232788319408 11.288965639877041 0.3567177417053291 0.051689061161986086
30900 0.012665232788319408 0.012665232788319408 11.288965639877041 0.3567177417053291 0.051689061161986086
30950 0.012665232788319408 0.012665232788319408 11.288965639877041 0.3567177417053291 0.051689061161986086
31000 0.012665232788319408 0.012665232788319408 11.288965639877041 0.3567177417053291 0.051689061161986086
31050 0.012665232788319408 0.012665232788319408 11.288965639877041 0.3567177417053291 0.051689061161986086
31100 0.012665232788319408 0.012665232788319408 11.288965639877041 0.3567177417053291 0.051689061161986086
31150 0.012665232788319408 0.012665232788319408 11.288965639877041 0.3567177417053291 0.051689061161986086
31200 0.012665232788319408 0.012665232788319408 11.288965639877041 0.3567177417053291 0.051689061161986086
31250 0.012665232788319408 0.012665232788319408 11.288965639877041 0.3567177417053291 0.051689061161986086
31300 0.012665232788319408 0.012665232788319408 11.288965639877041 0.3567177417053291 0.051689061161986086
31350 0.012665232788319408 0.012665232788319408 11.288965639877041 0.3567177417053291 0.051689061161986086
31400 0.012665232788319408 0.012665232788319408 11.288965639877041 0.3567177417053291 0.051689061161986086
31450 0.012665232788319408 0.012665232788319408 11.288965639877041 0.3567177417053291 0.051689061161986086
31500 0.012665232788319408 0.012665232788319408 11.288965639877041 0.3567177417053291 0.051689061161986086
31550 0.012665232788319408 0.012665232788319408 11.288965639877041 0.3567177417053291 0.051689061161986086
31600 0.012665232788319408 0.012665232788319408 11.288965639877041 0.3567177417053291 0.051689061161986086
31650 0.012665232788319408 0.012665232788319408 11.288965639877041 0.3567177417053291 0.051689061161986086
31700 0.012665232788319408 0.012665232788319408 11.288965639877041 0.3567177417053291 0.051689061161986086
31750 0.012665232788319408 0.012665232788319408 11.288965639877041 0.3567177417053291 0.051689061161986086
31800 0.012665232788319408 0.012665232788319408 11.288965639877041 0.3567177417053291 0.051689061161986086
31850 0.012665232788319408 0.012665232788319408 11.288965639877041 0.3567177417053291 0.051689061161986086
31900 0.012665232788319408 0.012665232788319408 11.288965639877041 0.3567177417053291 0.051689061161986086
31950 0.012665232788319408 0.012665232788319408 11.288965639877041 0.3567177417053291 0.051689061161986086
32000 0.012665232788319408 0.012665232788319408 11.288965639877041 0.3567177417053291 0.051689061161986086
32050 0.012665232788319408 0.012665232788319408 11.288965639877041 0.3567177417053291 0.051689061161986086
32100 0.012665232788319408 0.012665232788319408 11.288965639877041 0.3567177417053291 0.051689061161986086
32150 0.012665232788319408 0.012665232788319408 11.288965639877041 0.3567177417053291 0.051689061161986086
32200 0.012665232788319408 0.012665232788319408 11.288965639877041 0.3567177417053291 0.051689061161986086
32250 0.012665232788319408 0.012665232788319408 11.288965639877041 0.3567177417053291 0.051689061161986086
32300 0.012665232788319408 0.012665232788319408 11.288965822626299 0.35671773858817124 0.05168906103241424
32350 0.012665232788319408 0.012665232788319408 11.288965822626299 0.35671773858817124 0.05168906103241424
32400 0.012665232788319408 0.012665232788319408 11.288965822626299 0.35671773858817124 0.05168906103241424
32450 0.012665232788319408 0.012665232788319408 11.288965822626299 0.35671773858817124 0.05168906103241424
32500 0.012665232788319408 0.012665232788319408 11.288965822626299 0.35671773858817124 0.05168906103241424
32550 0.012665232788319408 0.012665232788319408 11.288965822626299 0.35671773858817124 0.05168906103241424
32600 0.012665232788319408 0.012665232788319408 11.288965822626299 0.35671773858817124 0.05168906103241424
32650 0.012665232788319408 0.012665232788319408 11.288965822626299 0.35671773858817124 0.05168906103241424
32700 0.012665232788319408 0.012665232788319408 11.288965822626299 0.35671773858817124 0.05168906103241424
32750 0.012665232788319408 0.012665232788319408 11.288965822626299 0.35671773858817124 0.05168906103241424
32800 0.012665232788319408 0.012665232788319408 11.288965822626299 0.35671773858817124 0.05168906103241424
32850 0.012665232788319408 0.012665232788319408 11.288965822626299 0.35671773858817124 0.05168906103241424
32900 0.012665232788319408 0.012665232788319408 11.288965822626299 0.35671773858817124 0.05168906103241424
32950 0.012665232788319408 0.012665232788319408 11.288965822626299 0.35671773858817124 0.05168906103241424
33000 0.012665232788319408 0.012665232788319408 11.288965822626299 0.35671773858817124 0.05168906103241424
33050 0.012665232788319408 0.012665232788319408 11.288965822626299 0.35671773858817124 0.05168906103241424
33100 0.012665232788319408 0.012665232788319408 11.288965822626299 0.35671773858817124 0.05168906103241424
33150 0.012665232788319408 0.012665232788319408 11.288965822626299 0.35671773858817124 0.05168906103241424
33200 0.012665232788319408 0.012665232788319408 11.288965822626299 0.35671773858817124 0.05168906103241424
33250 0.012665232788319408 0.012665232788319408 11.288965822626299 0.35671773858817124 0.05168906103241424
33300 0.012665232788319408 0.012665232788319408 11.288965822626299 0.35671773858817124 0.05168906103241424
33350 0.012665232788319408 0.012665232788319408 11.288965822626299 0.35671773858817124 0.05168906103241424
33400 0.012665232788319408 0.012665232788319408 11.288965822626299 0.35671773858817124 0.05168906103241424
33450 0.012665232788319408 0.012665232788319408 11.288965822626299 0.35671773858817124 0.05168906103241424
33500 0.012665232788319408 0.012665232788319408 11.288965822626299 0.35671773858817124 0.05168906103241424
33550 0.012665232788319408 0.012665232788319408 11.288965822626299 0.35671773858817124 0.05168906103241424
33600 0.012665232788319408 0.012665232788319408 11.288965822626299 0.35671773858817124 0.05168906103241424
33650 0.012665232788319408 0.012665232788319408 11.288965822626299 0.35671773858817124 0.05168906103241424
33700 0.012665232788319408 0.012665232788319408 11.288965822626299 0.35671773858817124 0.05168906103241424
33750 0.012665232788319408 0.012665232788319408 11.288965822626299 0.35671773858817124 0.05168906103241424
33800 0.012665232788319408 0.012665232788319408 11.288965822626299 0.35671773858817124 0.05168906103241424
33850 0.012665232788319408 0.012665232788319408 11.288965822626299 0.35671773858817124 0.05168906103241424
33900 0.012665232788319408 0.012665232788319408 11.288965822626299 0.35671773858817124 0.05168906103241424
33950 0.012665232788319408 0.012665232788319408 11.288965822626299 0.35671773858817124 0.05168906103241424
34000 0.012665232788319408 0.012665232788319408 11.288965822626299 0.35671773858817124 0.05168906103241424
34050 0.012665232788319408 0.012665232788319408 11.288965822626299 0.35671773858817124 0.05168906103241424
34100 0.012665232788319408 0.012665232788319408 11.288965822626299 0.35671773858817124 0.05168906103241424
34150 0.012665232788319408 0.012665232788319408 11.288965822626299 0.35671773858817124 0.05168906103241424
34200 0.012665232788319408 0.012665232788319408 11.288965822626299 0.35671773858817124 0.05168906103241424
34250 0.012665232788319408 0.012665232788319408 11.288965822626299 0.35671773858817124 0.05168906103241424
34300 0.012665232788319408 0.012665232788319408 11.288965822626299 0.35671773858817124 0.05168906103241424
34350 0.012665232788319408 0.012665232788319408 11.288965822626299 0.35671773858817124 0.05168906103241424
34400 0.012665232788319408 0.012665232788319408 11.288965822626299 0.35671773858817124 0.05168906103241424
34450 0.012665232788319408 0.012665232788319408 11.288965822626299 0.35671773858817124 0.05168906103241424
34500 0.012665232788319408 0.012665232788319408 11.288965822626299 0.35671773858817124 0.05168906103241424
34550 0.012665232788319408 0.012665232788319408 11.288965822626299 0.35671773858817124 0.05168906103241424
34600 0.012665232788319408 0.012665232788319408 11.288965822626299 0.35671773858817124 0.05168906103241424
34650 0.012665232788319408 0.012665232788319408 11.288965822626299 0.35671773858817124 0.05168906103241424
34700 0.012665232788319408 0.012665232788319408 11.288965822626299 0.35671773858817124 0.05168906103241424
34750 0.012665232788319408 0.012665232788319408 11.288965822626299 0.35671773858817124 0.05168906103241424
34800 0.012665232788319408 0.012665232788319408 11.288965822626299 0.35671773858817124 0.05168906103241424
34850 0.012665232788319407 0.012665232788319407 11.288965707808854 0.35671774054661476 0.051689061113821454
34900 0.012665232788319407 0.012665232788319407 11.288965707808854 0.35671774054661476 0.051689061113821454
34950 0.012665232788319407 0.012665232788319407 11.288965707808854 0.35671774054661476 0.051689061113821454
35000 0.012665232788319407 0.012665232788319407 11.288965707808854 0.35671774054661476 0.051689061113821454
35050 0.012665232788319407 0.012665232788319407 11.288965707808854 0.35671774054661476 0.051689061113821454
35100 0.012665232788319407 0.012665232788319407 11.288965707808854 0.35671774054661476 0.051689061113821454
35150 0.012665232788319407 0.012665232788319407 11.288965707808854 0.35671774054661476 0.051689061113821454
35200 0.012665232788319407 0.012665232788319407 11.288965707808854 0.35671774054661476 0.051689061113821454
35250 0.012665232788319407 0.012665232788319407 11.288965707808854 0.35671774054661476 0.051689061113821454
35300 0.012665232788319407 0.012665232788319407 11.288965707808854 0.35671774054661476 0.051689061113821454
35350 0.012665232788319407 0.012665232788319407 11.288965707808854 0.35671774054661476 0.051689061113821454
35400 0.012665232788319407 0.012665232788319407 11.288965707808854 0.35671774054661476 0.051689061113821454
35450 0.012665232788319407 0.012665232788319407 11.288965707808854 0.35671774054661476 0.051689061113821454
35500 0.012665232788319407 0.012665232788319407 11.288965707808854 0.35671774054661476 0.051689061113821454
35550 0.012665232788319407 0.012665232788319407 11.288965707808854 0.35671774054661476 0.051689061113821454
35600 0.012665232788319407 0.012665232788319407 11.288965707808854 0.35671774054661476 0.051689061113821454
35650 0.012665232788319407 0.012665232788319407 11.288965707808854 0.35671774054661476 0.051689061113821454
35700 0.012665232788319407 0.012665232788319407 11.288965707808854 0.35671774054661476 0.051689061113821454
35750 0.012665232788319407 0.012665232788319407 11.288965707808854 0.35671774054661476 0.051689061113821454
35800 0.012665232788319407 0.012665232788319407 11.288965707808854 0.35671774054661476 0.051689061113821454
35850 0.012665232788319407 0.012665232788319407 11.288965707808854 0.35671774054661476 0.051689061113821454
35900 0.012665232788319407 0.012665232788319407 11.288965707808854 0.35671774054661476 0.051689061113821454
35950 0.012665232788319407 0.012665232788319407 11.288965707808854 0.35671774054661476 0.051689061113821454
*---*---*---*---*---*---*---*---*---*---*---*---*---*---*---*---*---*---*---*---*
Status: Finished
Last individual
0.012665232788319407 0.012665232788319407 11.288965707808854 0.35671774054661476 0.051689061113821454
Hall of fame
0.012665232788319407 0.012665232788319407 11.288965707808854 0.35671774054661476 0.051689061113821454
Last factible individual
0.012665232788319407 0.012665232788319407 11.288965707808854 0.35671774054661476 0.051689061113821454
CPU time used (seconds)
1.5920936800011987
