*---*---*---*---*---*---*---*---*---*---*---*---*---*---*---*---*---*---*---*---*
Algorithm: Differential Evolution
Constrainth handling method: DEB
Function: 21
Case: continuous
Seed: 12
Parents size: 50
Offsprings size: 50
maxFe: 36000
CR: 0.9
F: 0.6
rweights: -
*---*---*---*---*---*---*---*---*---*---*---*---*---*---*---*---*---*---*---*---*
ngen ObjectiveFunction ViolationSum ProjectVariables
50 0.038249425413403045 0 5.620616560300184 0.926846811547209 0.07358908831574346
100 0.038249425413403045 0 5.620616560300184 0.926846811547209 0.07358908831574346
150 0.038249425413403045 0 5.620616560300184 0.926846811547209 0.07358908831574346
200 0.038249425413403045 0 5.620616560300184 0.926846811547209 0.07358908831574346
250 0.03809642927905157 0 7.35910534115987 0.8306542852359046 0.07000270357368203
300 0.03809642927905157 0 7.35910534115987 0.8306542852359046 0.07000270357368203
350 0.027906917552240052 0 9.401518972419995 0.592776208359874 0.06425829459675456
400 0.027906917552240052 0 9.401518972419995 0.592776208359874 0.06425829459675456
450 0.027906917552240052 0 9.401518972419995 0.592776208359874 0.06425829459675456
500 0.024324124820740558 0 13.575339582834042 0.47412597170369564 0.05739221373496517
550 0.024324124820740558 0 13.575339582834042 0.47412597170369564 0.05739221373496517
600 0.024324124820740558 0 13.575339582834042 0.47412597170369564 0.05739221373496517
650 0.024324124820740558 0 13.575339582834042 0.47412597170369564 0.05739221373496517
700 0.024324124820740558 0 13.575339582834042 0.47412597170369564 0.05739221373496517
750 0.024001075347374147 0 7.459123170468575 0.6510495957702849 0.06242849612184291
800 0.0224571951108714 0 12.200205428056112 0.47075736280618413 0.05796046778393841
850 0.0224571951108714 0 12.200205428056112 0.47075736280618413 0.05796046778393841
900 0.018479530728223444 0 14.945345867324747 0.3678723153906901 0.05444671694544071
950 0.018479530728223444 0 14.945345867324747 0.3678723153906901 0.05444671694544071
1000 0.018479530728223444 0 14.945345867324747 0.3678723153906901 0.05444671694544071
1050 0.015916143554153626 0 13.54254710322889 0.3703597207037401 0.05258307186980495
1100 0.015737462332584377 0 7.357401096595062 0.5031603515375899 0.05781446659386876
1150 0.015737462332584377 0 7.357401096595062 0.5031603515375899 0.05781446659386876
1200 0.015737462332584377 0 7.357401096595062 0.5031603515375899 0.05781446659386876
1250 0.015737462332584377 0 7.357401096595062 0.5031603515375899 0.05781446659386876
1300 0.015737462332584377 0 7.357401096595062 0.5031603515375899 0.05781446659386876
1350 0.015737462332584377 0 7.357401096595062 0.5031603515375899 0.05781446659386876
1400 0.015737462332584377 0 7.357401096595062 0.5031603515375899 0.05781446659386876
1450 0.015737462332584377 0 7.357401096595062 0.5031603515375899 0.05781446659386876
1500 0.015737462332584377 0 7.357401096595062 0.5031603515375899 0.05781446659386876
1550 0.015737462332584377 0 7.357401096595062 0.5031603515375899 0.05781446659386876
1600 0.015737462332584377 0 7.357401096595062 0.5031603515375899 0.05781446659386876
1650 0.015737462332584377 0 7.357401096595062 0.5031603515375899 0.05781446659386876
1700 0.015301710398036867 0 14.483244809064008 0.3378883423136121 0.052415777305830996
1750 0.015301710398036867 0 14.483244809064008 0.3378883423136121 0.052415777305830996
1800 0.015301710398036867 0 14.483244809064008 0.3378883423136121 0.052415777305830996
1850 0.014617758125433642 0 6.3532658430793365 0.5162842458401418 0.05821940970251842
1900 0.013835293255915707 0 15 0.31812227651483005 0.05057928467470497
1950 0.013835293255915707 0 15 0.31812227651483005 0.05057928467470497
2000 0.013835293255915707 0 15 0.31812227651483005 0.05057928467470497
2050 0.013835293255915707 0 15 0.31812227651483005 0.05057928467470497
2100 0.013693403745327607 0 15 0.32020840362412994 0.05015507489499981
2150 0.013693403745327607 0 15 0.32020840362412994 0.05015507489499981
2200 0.013558006107886794 0 12.577293136352441 0.3463848167634505 0.05181792826721262
2250 0.013558006107886794 0 12.577293136352441 0.3463848167634505 0.05181792826721262
2300 0.013547742263224718 0 15 0.3145753113747586 0.05033228935815763
2350 0.013547742263224718 0 15 0.3145753113747586 0.05033228935815763
2400 0.013275299210679627 0 15 0.3123599814277559 0.05
2450 0.013275299210679627 0 15 0.3123599814277559 0.05
2500 0.013166611767150947 0 14.832482187103068 0.3128858030751783 0.05
2550 0.013166611767150947 0 14.832482187103068 0.3128858030751783 0.05
2600 0.013166611767150947 0 14.832482187103068 0.3128858030751783 0.05
2650 0.013166611767150947 0 14.832482187103068 0.3128858030751783 0.05
2700 0.013166611767150947 0 14.832482187103068 0.3128858030751783 0.05
2750 0.013166611767150947 0 14.832482187103068 0.3128858030751783 0.05
2800 0.013166611767150947 0 14.832482187103068 0.3128858030751783 0.05
2850 0.013166611767150947 0 14.832482187103068 0.3128858030751783 0.05
2900 0.013166611767150947 0 14.832482187103068 0.3128858030751783 0.05
2950 0.013166611767150947 0 14.832482187103068 0.3128858030751783 0.05
3000 0.013088864863887087 0 12.879800832645964 0.3385615122404937 0.05097223068197962
3050 0.012985457465800439 0 9.095451248096044 0.4047287140979966 0.05377422173859934
3100 0.012985457465800439 0 9.095451248096044 0.4047287140979966 0.05377422173859934
3150 0.012985457465800439 0 9.095451248096044 0.4047287140979966 0.05377422173859934
3200 0.012985457465800439 0 9.095451248096044 0.4047287140979966 0.05377422173859934
3250 0.01277373867323539 0 9.991285559092526 0.382497077202066 0.05277303609978465
3300 0.01277373867323539 0 9.991285559092526 0.382497077202066 0.05277303609978465
3350 0.01277373867323539 0 9.991285559092526 0.382497077202066 0.05277303609978465
3400 0.01277373867323539 0 9.991285559092526 0.382497077202066 0.05277303609978465
3450 0.01277373867323539 0 9.991285559092526 0.382497077202066 0.05277303609978465
3500 0.01277373867323539 0 9.991285559092526 0.382497077202066 0.05277303609978465
3550 0.01277373867323539 0 9.991285559092526 0.382497077202066 0.05277303609978465
3600 0.01277373867323539 0 9.991285559092526 0.382497077202066 0.05277303609978465
3650 0.01277373867323539 0 9.991285559092526 0.382497077202066 0.05277303609978465
3700 0.012748771845488756 0 9.903869105088397 0.38389076491924895 0.052818525218308425
3750 0.012748771845488756 0 9.903869105088397 0.38389076491924895 0.052818525218308425
3800 0.012748771845488756 0 9.903869105088397 0.38389076491924895 0.052818525218308425
3850 0.012748771845488756 0 9.903869105088397 0.38389076491924895 0.052818525218308425
3900 0.012727171230517774 0 11.120379229448018 0.3603691027528524 0.05188227069958866
3950 0.012727171230517774 0 11.120379229448018 0.3603691027528524 0.05188227069958866
4000 0.012727171230517774 0 11.120379229448018 0.3603691027528524 0.05188227069958866
4050 0.012727171230517774 0 11.120379229448018 0.3603691027528524 0.05188227069958866
4100 0.012727171230517774 0 11.120379229448018 0.3603691027528524 0.05188227069958866
4150 0.012727171230517774 0 11.120379229448018 0.3603691027528524 0.05188227069958866
4200 0.012727171230517774 0 11.120379229448018 0.3603691027528524 0.05188227069958866
4250 0.012727171230517774 0 11.120379229448018 0.3603691027528524 0.05188227069958866
4300 0.012727171230517774 0 11.120379229448018 0.3603691027528524 0.05188227069958866
4350 0.012727171230517774 0 11.120379229448018 0.3603691027528524 0.05188227069958866
4400 0.012727171230517774 0 11.120379229448018 0.3603691027528524 0.05188227069958866
4450 0.012727171230517774 0 11.120379229448018 0.3603691027528524 0.05188227069958866
4500 0.012727171230517774 0 11.120379229448018 0.3603691027528524 0.05188227069958866
4550 0.012727171230517774 0 11.120379229448018 0.3603691027528524 0.05188227069958866
4600 0.012718005227179554 0 13.73165935868237 0.3211806981901478 0.050170394232275005
4650 0.012718005227179554 0 13.73165935868237 0.3211806981901478 0.050170394232275005
4700 0.012718005227179554 0 13.73165935868237 0.3211806981901478 0.050170394232275005
4750 0.012680247349412801 0 10.656050642156934 0.36820603022946585 0.05216381094590999
4800 0.012680247349412801 0 10.656050642156934 0.36820603022946585 0.05216381094590999
4850 0.012680247349412801 0 10.656050642156934 0.36820603022946585 0.05216381094590999
4900 0.012680247349412801 0 10.656050642156934 0.36820603022946585 0.05216381094590999
4950 0.012680247349412801 0 10.656050642156934 0.36820603022946585 0.05216381094590999
5000 0.012680247349412801 0 10.656050642156934 0.36820603022946585 0.05216381094590999
5050 0.012680247349412801 0 10.656050642156934 0.36820603022946585 0.05216381094590999
5100 0.012680247349412801 0 10.656050642156934 0.36820603022946585 0.05216381094590999
5150 0.012680247349412801 0 10.656050642156934 0.36820603022946585 0.05216381094590999
5200 0.012680247349412801 0 10.656050642156934 0.36820603022946585 0.05216381094590999
5250 0.012680247349412801 0 10.656050642156934 0.36820603022946585 0.05216381094590999
5300 0.012680247349412801 0 10.656050642156934 0.36820603022946585 0.05216381094590999
5350 0.012680247349412801 0 10.656050642156934 0.36820603022946585 0.05216381094590999
5400 0.012680247349412801 0 10.656050642156934 0.36820603022946585 0.05216381094590999
5450 0.012680247349412801 0 10.656050642156934 0.36820603022946585 0.05216381094590999
5500 0.012680247349412801 0 10.656050642156934 0.36820603022946585 0.05216381094590999
5550 0.012680247349412801 0 10.656050642156934 0.36820603022946585 0.05216381094590999
5600 0.012680247349412801 0 10.656050642156934 0.36820603022946585 0.05216381094590999
5650 0.012679504543203924 0 10.73341344912834 0.366716185831242 0.05210911315996963
5700 0.012679504543203924 0 10.73341344912834 0.366716185831242 0.05210911315996963
5750 0.012679504543203924 0 10.73341344912834 0.366716185831242 0.05210911315996963
5800 0.01267833500510748 0 11.132837585867431 0.35961735533903144 0.051812136791176
5850 0.01267833500510748 0 11.132837585867431 0.35961735533903144 0.051812136791176
5900 0.01267833500510748 0 11.132837585867431 0.35961735533903144 0.051812136791176
5950 0.01267833500510748 0 11.132837585867431 0.35961735533903144 0.051812136791176
6000 0.012668440781307373 0 11.31513615119464 0.3563214200350297 0.05167349205163227
6050 0.012668440781307373 0 11.31513615119464 0.3563214200350297 0.05167349205163227
6100 0.012668440781307373 0 11.31513615119464 0.3563214200350297 0.05167349205163227
6150 0.012668440781307373 0 11.31513615119464 0.3563214200350297 0.05167349205163227
6200 0.012668440781307373 0 11.31513615119464 0.3563214200350297 0.05167349205163227
6250 0.012667234408435459 0 11.407436144315046 0.3547454861043554 0.05160711674431796
6300 0.012667234408435459 0 11.407436144315046 0.3547454861043554 0.05160711674431796
6350 0.012667234408435459 0 11.407436144315046 0.3547454861043554 0.05160711674431796
6400 0.012667234408435459 0 11.407436144315046 0.3547454861043554 0.05160711674431796
6450 0.012667234408435459 0 11.407436144315046 0.3547454861043554 0.05160711674431796
6500 0.012667234408435459 0 11.407436144315046 0.3547454861043554 0.05160711674431796
6550 0.012667234408435459 0 11.407436144315046 0.3547454861043554 0.05160711674431796
6600 0.012667234408435459 0 11.407436144315046 0.3547454861043554 0.05160711674431796
6650 0.012667234408435459 0 11.407436144315046 0.3547454861043554 0.05160711674431796
6700 0.012667234408435459 0 11.407436144315046 0.3547454861043554 0.05160711674431796
6750 0.012667234408435459 0 11.407436144315046 0.3547454861043554 0.05160711674431796
6800 0.012667234408435459 0 11.407436144315046 0.3547454861043554 0.05160711674431796
6850 0.012667234408435459 0 11.407436144315046 0.3547454861043554 0.05160711674431796
6900 0.012667234408435459 0 11.407436144315046 0.3547454861043554 0.05160711674431796
6950 0.012667234408435459 0 11.407436144315046 0.3547454861043554 0.05160711674431796
7000 0.012667234408435459 0 11.407436144315046 0.3547454861043554 0.05160711674431796
7050 0.012667234408435459 0 11.407436144315046 0.3547454861043554 0.05160711674431796
7100 0.012667234408435459 0 11.407436144315046 0.3547454861043554 0.05160711674431796
7150 0.012667234408435459 0 11.407436144315046 0.3547454861043554 0.05160711674431796
7200 0.012667234408435459 0 11.407436144315046 0.3547454861043554 0.05160711674431796
7250 0.012667234408435459 0 11.407436144315046 0.3547454861043554 0.05160711674431796
7300 0.012667234408435459 0 11.407436144315046 0.3547454861043554 0.05160711674431796
7350 0.012667234408435459 0 11.407436144315046 0.3547454861043554 0.05160711674431796
7400 0.012667234408435459 0 11.407436144315046 0.3547454861043554 0.05160711674431796
7450 0.012667095613080529 0 11.3882126265539 0.3550595824074274 0.05162102275203892
7500 0.012666177018792567 0 11.405031212783049 0.3547680377648547 0.0516079512850577
7550 0.012666177018792567 0 11.405031212783049 0.3547680377648547 0.0516079512850577
7600 0.012666177018792567 0 11.405031212783049 0.3547680377648547 0.0516079512850577
7650 0.012666177018792567 0 11.405031212783049 0.3547680377648547 0.0516079512850577
7700 0.012666177018792567 0 11.405031212783049 0.3547680377648547 0.0516079512850577
7750 0.012666177018792567 0 11.405031212783049 0.3547680377648547 0.0516079512850577
7800 0.012665965097305306 0 11.252774512056599 0.35734574693398785 0.05171558363843067
7850 0.012665965097305306 0 11.252774512056599 0.35734574693398785 0.05171558363843067
7900 0.012665965097305306 0 11.252774512056599 0.35734574693398785 0.05171558363843067
7950 0.012665965097305306 0 11.252774512056599 0.35734574693398785 0.05171558363843067
8000 0.012665965097305306 0 11.252774512056599 0.35734574693398785 0.05171558363843067
8050 0.012665965097305306 0 11.252774512056599 0.35734574693398785 0.05171558363843067
8100 0.01266578374192185 0 11.346979445086712 0.3557406994164325 0.05164850571975343
8150 0.012665655920544264 0 11.351488696395114 0.35566191068545094 0.05164524214283507
8200 0.012665474686566475 0 11.2753380600601 0.35695330945216874 0.05169901093091441
8250 0.012665474686566475 0 11.2753380600601 0.35695330945216874 0.05169901093091441
8300 0.012665474686566475 0 11.2753380600601 0.35695330945216874 0.05169901093091441
8350 0.012665474686566475 0 11.2753380600601 0.35695330945216874 0.05169901093091441
8400 0.012665474686566475 0 11.2753380600601 0.35695330945216874 0.05169901093091441
8450 0.012665474686566475 0 11.2753380600601 0.35695330945216874 0.05169901093091441
8500 0.012665474686566475 0 11.2753380600601 0.35695330945216874 0.05169901093091441
8550 0.012665474686566475 0 11.2753380600601 0.35695330945216874 0.05169901093091441
8600 0.012665474686566475 0 11.2753380600601 0.35695330945216874 0.05169901093091441
8650 0.012665474686566475 0 11.2753380600601 0.35695330945216874 0.05169901093091441
8700 0.012665474686566475 0 11.2753380600601 0.35695330945216874 0.05169901093091441
8750 0.012665464593072663 0 11.212854670850325 0.3580259816879389 0.05174339988817118
8800 0.012665464593072663 0 11.212854670850325 0.3580259816879389 0.05174339988817118
8850 0.012665464593072663 0 11.212854670850325 0.3580259816879389 0.05174339988817118
8900 0.01266545309284452 0 11.304490209278747 0.3564558061546561 0.05167832153293445
8950 0.012665368399874416 0 11.390824329717988 0.35499329728178874 0.05161728772796791
9000 0.012665368399874416 0 11.390824329717988 0.35499329728178874 0.05161728772796791
9050 0.012665368399874416 0 11.390824329717988 0.35499329728178874 0.05161728772796791
9100 0.01266536361135191 0 11.368773732791169 0.3553650722384803 0.0516327997256524
9150 0.01266536361135191 0 11.368773732791169 0.3553650722384803 0.0516327997256524
9200 0.012665290831912866 0 11.29500621061034 0.35661551561904575 0.05168484211198638
9250 0.012665290831912866 0 11.29500621061034 0.35661551561904575 0.05168484211198638
9300 0.012665290831912866 0 11.29500621061034 0.35661551561904575 0.05168484211198638
9350 0.012665290831912866 0 11.29500621061034 0.35661551561904575 0.05168484211198638
9400 0.012665278935060295 0 11.301534902276126 0.35650429373549436 0.05168019193051751
9450 0.012665278935060295 0 11.301534902276126 0.35650429373549436 0.05168019193051751
9500 0.012665278935060295 0 11.301534902276126 0.35650429373549436 0.05168019193051751
9550 0.012665278935060295 0 11.301534902276126 0.35650429373549436 0.05168019193051751
9600 0.012665278935060295 0 11.301534902276126 0.35650429373549436 0.05168019193051751
9650 0.012665278935060295 0 11.301534902276126 0.35650429373549436 0.05168019193051751
9700 0.012665278935060295 0 11.301534902276126 0.35650429373549436 0.05168019193051751
9750 0.012665278935060295 0 11.301534902276126 0.35650429373549436 0.05168019193051751
9800 0.012665278935060295 0 11.301534902276126 0.35650429373549436 0.05168019193051751
9850 0.012665278935060295 0 11.301534902276126 0.35650429373549436 0.05168019193051751
9900 0.012665278935060295 0 11.301534902276126 0.35650429373549436 0.05168019193051751
9950 0.012665278935060295 0 11.301534902276126 0.35650429373549436 0.05168019193051751
10000 0.012665278935060295 0 11.301534902276126 0.35650429373549436 0.05168019193051751
10050 0.012665278935060295 0 11.301534902276126 0.35650429373549436 0.05168019193051751
10100 0.012665278935060295 0 11.301534902276126 0.35650429373549436 0.05168019193051751
10150 0.012665243205807489 0 11.276815445175183 0.35692530347971063 0.05169769011568407
10200 0.012665243205807489 0 11.276815445175183 0.35692530347971063 0.05169769011568407
10250 0.012665243205807489 0 11.276815445175183 0.35692530347971063 0.05169769011568407
10300 0.012665243205807489 0 11.276815445175183 0.35692530347971063 0.05169769011568407
10350 0.012665243205807489 0 11.276815445175183 0.35692530347971063 0.05169769011568407
10400 0.012665243205807489 0 11.276815445175183 0.35692530347971063 0.05169769011568407
10450 0.012665243205807489 0 11.276815445175183 0.35692530347971063 0.05169769011568407
10500 0.012665243205807489 0 11.276815445175183 0.35692530347971063 0.05169769011568407
10550 0.012665243205807489 0 11.276815445175183 0.35692530347971063 0.05169769011568407
10600 0.012665243205807489 0 11.276815445175183 0.35692530347971063 0.05169769011568407
10650 0.012665243205807489 0 11.276815445175183 0.35692530347971063 0.05169769011568407
10700 0.012665243205807489 0 11.276815445175183 0.35692530347971063 0.05169769011568407
10750 0.012665243205807489 0 11.276815445175183 0.35692530347971063 0.05169769011568407
10800 0.012665243205807489 0 11.276815445175183 0.35692530347971063 0.05169769011568407
10850 0.012665243205807489 0 11.276815445175183 0.35692530347971063 0.05169769011568407
10900 0.012665243205807489 0 11.276815445175183 0.35692530347971063 0.05169769011568407
10950 0.012665243205807489 0 11.276815445175183 0.35692530347971063 0.05169769011568407
11000 0.012665240723966029 0 11.291656861285254 0.35667195886367253 0.05168716122451554
11050 0.012665240723966029 0 11.291656861285254 0.35667195886367253 0.05168716122451554
11100 0.012665240723966029 0 11.291656861285254 0.35667195886367253 0.05168716122451554
11150 0.012665240723966029 0 11.291656861285254 0.35667195886367253 0.05168716122451554
11200 0.012665240723966029 0 11.291656861285254 0.35667195886367253 0.05168716122451554
11250 0.012665240723966029 0 11.291656861285254 0.35667195886367253 0.05168716122451554
11300 0.012665239813500853 0 11.287877135466712 0.3567363952883956 0.05168984109173133
11350 0.012665239813500853 0 11.287877135466712 0.3567363952883956 0.05168984109173133
11400 0.012665236761509612 0 11.293120855387851 0.35664693954755017 0.05168611969739391
11450 0.012665236761509612 0 11.293120855387851 0.35664693954755017 0.05168611969739391
11500 0.012665236761509612 0 11.293120855387851 0.35664693954755017 0.05168611969739391
11550 0.012665236761509612 0 11.293120855387851 0.35664693954755017 0.05168611969739391
11600 0.012665236761509612 0 11.293120855387851 0.35664693954755017 0.05168611969739391
11650 0.012665236761509612 0 11.293120855387851 0.35664693954755017 0.05168611969739391
11700 0.012665236761509612 0 11.293120855387851 0.35664693954755017 0.05168611969739391
11750 0.012665236761509612 0 11.293120855387851 0.35664693954755017 0.05168611969739391
11800 0.012665235878193308 0 11.289522472222588 0.3567082877953969 0.05168866951108125
11850 0.012665234314356155 0 11.29674253004019 0.35658517750176705 0.051683550594005215
11900 0.012665234314356155 0 11.29674253004019 0.35658517750176705 0.051683550594005215
11950 0.012665234314356155 0 11.29674253004019 0.35658517750176705 0.051683550594005215
12000 0.012665234314356155 0 11.29674253004019 0.35658517750176705 0.051683550594005215
12050 0.012665234314356155 0 11.29674253004019 0.35658517750176705 0.051683550594005215
12100 0.012665234314356155 0 11.29674253004019 0.35658517750176705 0.051683550594005215
12150 0.012665234314356155 0 11.29674253004019 0.35658517750176705 0.051683550594005215
12200 0.012665233594249172 0 11.29763475872716 0.35656996403269303 0.05168291771574616
12250 0.012665233594249172 0 11.29763475872716 0.35656996403269303 0.05168291771574616
12300 0.012665233594249172 0 11.29763475872716 0.35656996403269303 0.05168291771574616
12350 0.012665233594249172 0 11.29763475872716 0.35656996403269303 0.05168291771574616
12400 0.012665233594249172 0 11.29763475872716 0.35656996403269303 0.05168291771574616
12450 0.012665233594249172 0 11.29763475872716 0.35656996403269303 0.05168291771574616
12500 0.012665233594249172 0 11.29763475872716 0.35656996403269303 0.05168291771574616
12550 0.012665233579999947 0 11.292730314924555 0.35665355383800706 0.05168639318949129
12600 0.012665233579999947 0 11.292730314924555 0.35665355383800706 0.05168639318949129
12650 0.012665233579999947 0 11.292730314924555 0.35665355383800706 0.05168639318949129
12700 0.012665233579999947 0 11.292730314924555 0.35665355383800706 0.05168639318949129
12750 0.012665233579999947 0 11.292730314924555 0.35665355383800706 0.05168639318949129
12800 0.012665233579999947 0 11.292730314924555 0.35665355383800706 0.05168639318949129
12850 0.012665233579999947 0 11.292730314924555 0.35665355383800706 0.05168639318949129
12900 0.012665233579999947 0 11.292730314924555 0.35665355383800706 0.05168639318949129
12950 0.012665233579999947 0 11.292730314924555 0.35665355383800706 0.05168639318949129
13000 0.012665233579999947 0 11.292730314924555 0.35665355383800706 0.05168639318949129
13050 0.012665233579999947 0 11.292730314924555 0.35665355383800706 0.05168639318949129
13100 0.012665233355700486 0 11.295110689094331 0.35661297341936177 0.05168470597859735
13150 0.01266523325987736 0 11.29137534023612 0.3566766530808728 0.05168735324514499
13200 0.01266523325987736 0 11.29137534023612 0.3566766530808728 0.05168735324514499
13250 0.012665233167745787 0 11.291407659002365 0.356676099103578 0.05168733035629614
13300 0.012665233167745787 0 11.291407659002365 0.356676099103578 0.05168733035629614
13350 0.012665233167745787 0 11.291407659002365 0.356676099103578 0.05168733035629614
13400 0.01266523311342335 0 11.290901834431343 0.35668472492175113 0.051687688792087544
13450 0.012665233057899516 0 11.289916070287301 0.3567015343282836 0.0516883876409136
13500 0.012665233057899516 0 11.289916070287301 0.3567015343282836 0.0516883876409136
13550 0.012665233057899516 0 11.289916070287301 0.3567015343282836 0.0516883876409136
13600 0.012665233057899516 0 11.289916070287301 0.3567015343282836 0.0516883876409136
13650 0.012665233057899516 0 11.289916070287301 0.3567015343282836 0.0516883876409136
13700 0.01266523304511785 0 11.290933292277785 0.3566841867862248 0.05168766647476649
13750 0.01266523304511785 0 11.290933292277785 0.3566841867862248 0.05168766647476649
13800 0.012665233000048312 0 11.290179813767615 0.3566970357786157 0.051688200577060875
13850 0.012665233000048312 0 11.290179813767615 0.3566970357786157 0.051688200577060875
13900 0.012665233000048312 0 11.290179813767615 0.3566970357786157 0.051688200577060875
13950 0.012665233000048312 0 11.290179813767615 0.3566970357786157 0.051688200577060875
14000 0.012665232981246005 0 11.289328863291447 0.3567115490493929 0.051688803832511634
14050 0.012665232873231775 0 11.290512089861238 0.35669136765344983 0.05168796486357102
14100 0.012665232873231775 0 11.290512089861238 0.35669136765344983 0.05168796486357102
14150 0.012665232873231775 0 11.290512089861238 0.35669136765344983 0.05168796486357102
14200 0.012665232873231775 0 11.290512089861238 0.35669136765344983 0.05168796486357102
14250 0.01266523281056895 0 11.289702514619586 0.35670517375320915 0.051688538743236416
14300 0.01266523281056895 0 11.289702514619586 0.35670517375320915 0.051688538743236416
14350 0.01266523281056895 0 11.289702514619586 0.35670517375320915 0.051688538743236416
14400 0.01266523281056895 0 11.289702514619586 0.35670517375320915 0.051688538743236416
14450 0.01266523281056895 0 11.289702514619586 0.35670517375320915 0.051688538743236416
14500 0.01266523281056895 0 11.289702514619586 0.35670517375320915 0.051688538743236416
14550 0.01266523281056895 0 11.289702514619586 0.35670517375320915 0.051688538743236416
14600 0.01266523281056895 0 11.289702514619586 0.35670517375320915 0.051688538743236416
14650 0.01266523281056895 0 11.289702514619586 0.35670517375320915 0.051688538743236416
14700 0.01266523281056895 0 11.289702514619586 0.35670517375320915 0.051688538743236416
14750 0.01266523281056895 0 11.289702514619586 0.35670517375320915 0.051688538743236416
14800 0.01266523281056895 0 11.289702514619586 0.35670517375320915 0.051688538743236416
14850 0.01266523281056895 0 11.289702514619586 0.35670517375320915 0.051688538743236416
14900 0.01266523281056895 0 11.289702514619586 0.35670517375320915 0.051688538743236416
14950 0.01266523281056895 0 11.289702514619586 0.35670517375320915 0.051688538743236416
15000 0.01266523281056895 0 11.289702514619586 0.35670517375320915 0.051688538743236416
15050 0.01266523281056895 0 11.289702514619586 0.35670517375320915 0.051688538743236416
15100 0.01266523281056895 0 11.289702514619586 0.35670517375320915 0.051688538743236416
15150 0.01266523281056895 0 11.289702514619586 0.35670517375320915 0.051688538743236416
15200 0.01266523281056895 0 11.289702514619586 0.35670517375320915 0.051688538743236416
15250 0.01266523281056895 0 11.289702514619586 0.35670517375320915 0.051688538743236416
15300 0.012665232803099504 0 11.289384800165935 0.3567105924890814 0.05168876399071421
15350 0.012665232796385345 0 11.289437388974793 0.35670969542216285 0.051688726700072504
15400 0.012665232796385345 0 11.289437388974793 0.35670969542216285 0.051688726700072504
15450 0.012665232796385345 0 11.289437388974793 0.35670969542216285 0.051688726700072504
15500 0.012665232796385345 0 11.289437388974793 0.35670969542216285 0.051688726700072504
15550 0.012665232796385345 0 11.289437388974793 0.35670969542216285 0.051688726700072504
15600 0.012665232796385345 0 11.289437388974793 0.35670969542216285 0.051688726700072504
15650 0.012665232796385345 0 11.289437388974793 0.35670969542216285 0.051688726700072504
15700 0.012665232796385345 0 11.289437388974793 0.35670969542216285 0.051688726700072504
15750 0.012665232796385345 0 11.289437388974793 0.35670969542216285 0.051688726700072504
15800 0.012665232796385345 0 11.289437388974793 0.35670969542216285 0.051688726700072504
15850 0.012665232796385345 0 11.289437388974793 0.35670969542216285 0.051688726700072504
15900 0.012665232796385345 0 11.289437388974793 0.35670969542216285 0.051688726700072504
15950 0.012665232796385345 0 11.289437388974793 0.35670969542216285 0.051688726700072504
16000 0.012665232796385345 0 11.289437388974793 0.35670969542216285 0.051688726700072504
16050 0.012665232794640774 0 11.289160304787954 0.356714421441355 0.05168892314864131
16100 0.012665232794640774 0 11.289160304787954 0.356714421441355 0.05168892314864131
16150 0.012665232794640774 0 11.289160304787954 0.356714421441355 0.05168892314864131
16200 0.01266523279296407 0 11.289332300606466 0.35671148778410505 0.05168880120237754
16250 0.01266523279296407 0 11.289332300606466 0.35671148778410505 0.05168880120237754
16300 0.01266523279296407 0 11.289332300606466 0.35671148778410505 0.05168880120237754
16350 0.01266523279296407 0 11.289332300606466 0.35671148778410505 0.05168880120237754
16400 0.01266523279296407 0 11.289332300606466 0.35671148778410505 0.05168880120237754
16450 0.01266523279296407 0 11.289332300606466 0.35671148778410505 0.05168880120237754
16500 0.01266523279296407 0 11.289332300606466 0.35671148778410505 0.05168880120237754
16550 0.01266523279296407 0 11.289332300606466 0.35671148778410505 0.05168880120237754
16600 0.01266523279296407 0 11.289332300606466 0.35671148778410505 0.05168880120237754
16650 0.01266523279296407 0 11.289332300606466 0.35671148778410505 0.05168880120237754
16700 0.01266523279091329 0 11.289034644953958 0.3567165647243321 0.051689012239300544
16750 0.01266523279091329 0 11.289034644953958 0.3567165647243321 0.051689012239300544
16800 0.01266523279091329 0 11.289034644953958 0.3567165647243321 0.051689012239300544
16850 0.01266523279091329 0 11.289034644953958 0.3567165647243321 0.051689012239300544
16900 0.012665232790753008 0 11.28871086681488 0.35672208747429596 0.051689241804482
16950 0.012665232790753008 0 11.28871086681488 0.35672208747429596 0.051689241804482
17000 0.012665232790425874 0 11.289053223767842 0.3567162478196633 0.051688999066368264
17050 0.012665232789524982 0 11.289195429133844 0.3567138222575492 0.0516888982410025
17100 0.012665232789524982 0 11.289195429133844 0.3567138222575492 0.0516888982410025
17150 0.012665232789369572 0 11.289225616702414 0.3567133073628249 0.051688876837750745
17200 0.012665232789369572 0 11.289225616702414 0.3567133073628249 0.051688876837750745
17250 0.012665232788709922 0 11.289082799658331 0.3567157433279483 0.0516889780948838
17300 0.012665232788709922 0 11.289082799658331 0.3567157433279483 0.0516889780948838
17350 0.012665232788709922 0 11.289082799658331 0.3567157433279483 0.0516889780948838
17400 0.012665232788372586 0 11.288972393038252 0.35671762651734257 0.0516890563739515
17450 0.012665232788372586 0 11.288972393038252 0.35671762651734257 0.0516890563739515
17500 0.012665232788372586 0 11.288972393038252 0.35671762651734257 0.0516890563739515
17550 0.012665232788372586 0 11.288972393038252 0.35671762651734257 0.0516890563739515
17600 0.012665232788372586 0 11.288972393038252 0.35671762651734257 0.0516890563739515
17650 0.012665232788372586 0 11.288972393038252 0.35671762651734257 0.0516890563739515
17700 0.012665232788372586 0 11.288972393038252 0.35671762651734257 0.0516890563739515
17750 0.012665232788372586 0 11.288972393038252 0.35671762651734257 0.0516890563739515
17800 0.012665232788372586 0 11.288972393038252 0.35671762651734257 0.0516890563739515
17850 0.012665232788372586 0 11.288972393038252 0.35671762651734257 0.0516890563739515
17900 0.012665232788372586 0 11.288972393038252 0.35671762651734257 0.0516890563739515
17950 0.012665232788372586 0 11.288972393038252 0.35671762651734257 0.0516890563739515
18000 0.012665232788372586 0 11.288972393038252 0.35671762651734257 0.0516890563739515
18050 0.012665232788372586 0 11.288972393038252 0.35671762651734257 0.0516890563739515
18100 0.012665232788372586 0 11.288972393038252 0.35671762651734257 0.0516890563739515
18150 0.012665232788372586 0 11.288972393038252 0.35671762651734257 0.0516890563739515
18200 0.012665232788372586 0 11.288972393038252 0.35671762651734257 0.0516890563739515
18250 0.012665232788372586 0 11.288972393038252 0.35671762651734257 0.0516890563739515
18300 0.012665232788372586 0 11.288972393038252 0.35671762651734257 0.0516890563739515
18350 0.012665232788372586 0 11.288972393038252 0.35671762651734257 0.0516890563739515
18400 0.012665232788372586 0 11.288972393038252 0.35671762651734257 0.0516890563739515
18450 0.012665232788372586 0 11.288972393038252 0.35671762651734257 0.0516890563739515
18500 0.012665232788372586 0 11.288972393038252 0.35671762651734257 0.0516890563739515
18550 0.012665232788372586 0 11.288972393038252 0.35671762651734257 0.0516890563739515
18600 0.012665232788372586 0 11.288972393038252 0.35671762651734257 0.0516890563739515
18650 0.012665232788372586 0 11.288972393038252 0.35671762651734257 0.0516890563739515
18700 0.012665232788372586 0 11.288972393038252 0.35671762651734257 0.0516890563739515
18750 0.012665232788372586 0 11.288972393038252 0.35671762651734257 0.0516890563739515
18800 0.012665232788372586 0 11.288972393038252 0.35671762651734257 0.0516890563739515
18850 0.012665232788372586 0 11.288972393038252 0.35671762651734257 0.0516890563739515
18900 0.012665232788372586 0 11.288972393038252 0.35671762651734257 0.0516890563739515
18950 0.012665232788372586 0 11.288972393038252 0.35671762651734257 0.0516890563739515
19000 0.012665232788372586 0 11.288972393038252 0.35671762651734257 0.0516890563739515
19050 0.012665232788372586 0 11.288972393038252 0.35671762651734257 0.0516890563739515
19100 0.012665232788372586 0 11.288972393038252 0.35671762651734257 0.0516890563739515
19150 0.012665232788372586 0 11.288972393038252 0.35671762651734257 0.0516890563739515
19200 0.012665232788372586 0 11.288972393038252 0.35671762651734257 0.0516890563739515
19250 0.012665232788372586 0 11.288972393038252 0.35671762651734257 0.0516890563739515
19300 0.012665232788372586 0 11.288972393038252 0.35671762651734257 0.0516890563739515
19350 0.012665232788372586 0 11.288972393038252 0.35671762651734257 0.0516890563739515
19400 0.012665232788372586 0 11.288972393038252 0.35671762651734257 0.0516890563739515
19450 0.012665232788372586 0 11.288972393038252 0.35671762651734257 0.0516890563739515
19500 0.012665232788372586 0 11.288972393038252 0.35671762651734257 0.0516890563739515
19550 0.012665232788372586 0 11.288972393038252 0.35671762651734257 0.0516890563739515
19600 0.012665232788371655 0 11.288970986054913 0.3567176505162003 0.05168905737152541
19650 0.012665232788371655 0 11.288970986054913 0.3567176505162003 0.05168905737152541
19700 0.012665232788371655 0 11.288970986054913 0.3567176505162003 0.05168905737152541
19750 0.012665232788371655 0 11.288970986054913 0.3567176505162003 0.05168905737152541
19800 0.012665232788364258 0 11.288959357157058 0.35671784887058655 0.05168906561656459
19850 0.012665232788364258 0 11.288959357157058 0.35671784887058655 0.05168906561656459
19900 0.012665232788349776 0 11.28895510264105 0.3567179214396556 0.05168906863307733
19950 0.01266523278834886 0 11.288974892647351 0.35671758388112024 0.05168905460167313
20000 0.01266523278834886 0 11.288974892647351 0.35671758388112024 0.05168905460167313
20050 0.01266523278834886 0 11.288974892647351 0.35671758388112024 0.05168905460167313
20100 0.01266523278834227 0 11.288958949438634 0.3567178558246192 0.05168906590562959
20150 0.01266523278834227 0 11.288958949438634 0.3567178558246192 0.05168906590562959
20200 0.01266523278834227 0 11.288958949438634 0.3567178558246192 0.05168906590562959
20250 0.01266523278833071 0 11.288967852269446 0.3567177039687117 0.05168905959337678
20300 0.01266523278833071 0 11.288967852269446 0.3567177039687117 0.05168905959337678
20350 0.01266523278833071 0 11.288967852269446 0.3567177039687117 0.05168905959337678
20400 0.01266523278833071 0 11.288967852269446 0.3567177039687117 0.05168905959337678
20450 0.01266523278833071 0 11.288967852269446 0.3567177039687117 0.05168905959337678
20500 0.01266523278833071 0 11.288967852269446 0.3567177039687117 0.05168905959337678
20550 0.01266523278833071 0 11.288967852269446 0.3567177039687117 0.05168905959337678
20600 0.012665232788324337 0 11.288960524634108 0.3567178289562189 0.051689064788773505
20650 0.012665232788324337 0 11.288960524634108 0.3567178289562189 0.051689064788773505
20700 0.012665232788324337 0 11.288960524634108 0.3567178289562189 0.051689064788773505
20750 0.012665232788324337 0 11.288960524634108 0.3567178289562189 0.051689064788773505
20800 0.012665232788324337 0 11.288960524634108 0.3567178289562189 0.051689064788773505
20850 0.012665232788324337 0 11.288960524634108 0.3567178289562189 0.051689064788773505
20900 0.012665232788324337 0 11.288960524634108 0.3567178289562189 0.051689064788773505
20950 0.012665232788321414 0 11.288957372655613 0.3567178827195994 0.0516890670235688
21000 0.012665232788321414 0 11.288957372655613 0.3567178827195994 0.0516890670235688
21050 0.012665232788321414 0 11.288957372655613 0.3567178827195994 0.0516890670235688
21100 0.012665232788321414 0 11.288957372655613 0.3567178827195994 0.0516890670235688
21150 0.012665232788321414 0 11.288957372655613 0.3567178827195994 0.0516890670235688
21200 0.012665232788321414 0 11.288957372655613 0.3567178827195994 0.0516890670235688
21250 0.012665232788321414 0 11.288957372655613 0.3567178827195994 0.0516890670235688
21300 0.012665232788321414 0 11.288957372655613 0.3567178827195994 0.0516890670235688
21350 0.012665232788321414 0 11.288957372655613 0.3567178827195994 0.0516890670235688
21400 0.012665232788321414 0 11.288957372655613 0.3567178827195994 0.0516890670235688
21450 0.012665232788321414 0 11.288957372655613 0.3567178827195994 0.0516890670235688
21500 0.012665232788321414 0 11.288957372655613 0.3567178827195994 0.0516890670235688
21550 0.012665232788321414 0 11.288957372655613 0.3567178827195994 0.0516890670235688
21600 0.012665232788321414 0 11.288957372655613 0.3567178827195994 0.0516890670235688
21650 0.012665232788321414 0 11.288957372655613 0.3567178827195994 0.0516890670235688
21700 0.012665232788321337 0 11.288965299140964 0.3567177475172937 0.051689061403575196
21750 0.012665232788321337 0 11.288965299140964 0.3567177475172937 0.051689061403575196
21800 0.012665232788321063 0 11.28896667567954 0.3567177240376481 0.051689060427589015
21850 0.012665232788321063 0 11.28896667567954 0.3567177240376481 0.051689060427589015
21900 0.012665232788321063 0 11.28896667567954 0.3567177240376481 0.051689060427589015
21950 0.012665232788321063 0 11.28896667567954 0.3567177240376481 0.051689060427589015
22000 0.012665232788321063 0 11.28896667567954 0.3567177240376481 0.051689060427589015
22050 0.012665232788321063 0 11.28896667567954 0.3567177240376481 0.051689060427589015
22100 0.012665232788321063 0 11.28896667567954 0.3567177240376481 0.051689060427589015
22150 0.012665232788321063 0 11.28896667567954 0.3567177240376481 0.051689060427589015
22200 0.012665232788321063 0 11.28896667567954 0.3567177240376481 0.051689060427589015
22250 0.012665232788319856 0 11.288964362839529 0.3567177634877929 0.0516890620674245
22300 0.012665232788319856 0 11.288964362839529 0.3567177634877929 0.0516890620674245
22350 0.012665232788319856 0 11.288964362839529 0.3567177634877929 0.0516890620674245
22400 0.012665232788319856 0 11.288964362839529 0.3567177634877929 0.0516890620674245
22450 0.012665232788319856 0 11.288964362839529 0.3567177634877929 0.0516890620674245
22500 0.012665232788319856 0 11.288964362839529 0.3567177634877929 0.0516890620674245
22550 0.012665232788319856 0 11.288964362839529 0.3567177634877929 0.0516890620674245
22600 0.012665232788319856 0 11.288964362839529 0.3567177634877929 0.0516890620674245
22650 0.012665232788319856 0 11.288964362839529 0.3567177634877929 0.0516890620674245
22700 0.012665232788319856 0 11.288964362839529 0.3567177634877929 0.0516890620674245
22750 0.012665232788319856 0 11.288964362839529 0.3567177634877929 0.0516890620674245
22800 0.012665232788319856 0 11.288964362839529 0.3567177634877929 0.0516890620674245
22850 0.012665232788319856 0 11.288964362839529 0.3567177634877929 0.0516890620674245
22900 0.012665232788319856 0 11.288964362839529 0.3567177634877929 0.0516890620674245
22950 0.012665232788319856 0 11.288964362839529 0.3567177634877929 0.0516890620674245
23000 0.012665232788319856 0 11.288964362839529 0.3567177634877929 0.0516890620674245
23050 0.012665232788319856 0 11.288964362839529 0.3567177634877929 0.0516890620674245
23100 0.012665232788319856 0 11.288964362839529 0.3567177634877929 0.0516890620674245
23150 0.012665232788319856 0 11.288964362839529 0.3567177634877929 0.0516890620674245
23200 0.012665232788319856 0 11.288964362839529 0.3567177634877929 0.0516890620674245
23250 0.012665232788319856 0 11.288964362839529 0.3567177634877929 0.0516890620674245
23300 0.012665232788319856 0 11.288964362839529 0.3567177634877929 0.0516890620674245
23350 0.012665232788319856 0 11.288964362839529 0.3567177634877929 0.0516890620674245
23400 0.012665232788319707 0 11.288968278955386 0.3567176966905268 0.051689059290842145
23450 0.012665232788319707 0 11.288968278955386 0.3567176966905268 0.051689059290842145
23500 0.012665232788319707 0 11.288968278955386 0.3567176966905268 0.051689059290842145
23550 0.012665232788319707 0 11.288968278955386 0.3567176966905268 0.051689059290842145
23600 0.012665232788319684 0 11.288970511373584 0.35671765861214 0.05168905770802613
23650 0.012665232788319684 0 11.288970511373584 0.35671765861214 0.05168905770802613
23700 0.012665232788319684 0 11.288970511373584 0.35671765861214 0.05168905770802613
23750 0.012665232788319684 0 11.288970511373584 0.35671765861214 0.05168905770802613
23800 0.01266523278831967 0 11.288966652625502 0.35671772443086175 0.051689060443933225
23850 0.01266523278831967 0 11.288966652625502 0.35671772443086175 0.051689060443933225
23900 0.01266523278831967 0 11.288966652625502 0.35671772443086175 0.051689060443933225
23950 0.012665232788319604 0 11.288964496669632 0.3567177612050462 0.05168906197253676
24000 0.012665232788319604 0 11.288964496669632 0.3567177612050462 0.05168906197253676
24050 0.012665232788319604 0 11.288964496669632 0.3567177612050462 0.05168906197253676
24100 0.012665232788319604 0 11.288964496669632 0.3567177612050462 0.05168906197253676
24150 0.012665232788319599 0 11.288964317157022 0.35671776426699614 0.051689062099813846
24200 0.012665232788319599 0 11.288964317157022 0.35671776426699614 0.051689062099813846
24250 0.012665232788319599 0 11.288964317157022 0.35671776426699614 0.051689062099813846
24300 0.01266523278831954 0 11.288964184313489 0.35671776653291093 0.051689062194001746
24350 0.01266523278831954 0 11.288964184313489 0.35671776653291093 0.051689062194001746
24400 0.01266523278831954 0 11.288964184313489 0.35671776653291093 0.051689062194001746
24450 0.012665232788319533 0 11.288967051393538 0.35671771762906657 0.051689060161200825
24500 0.012665232788319533 0 11.288967051393538 0.35671771762906657 0.051689060161200825
24550 0.012665232788319533 0 11.288967051393538 0.35671771762906657 0.051689060161200825
24600 0.012665232788319521 0 11.288967018876544 0.35671771818370923 0.051689060184255835
24650 0.012665232788319521 0 11.288967018876544 0.35671771818370923 0.051689060184255835
24700 0.012665232788319521 0 11.288967018876544 0.35671771818370923 0.051689060184255835
24750 0.012665232788319521 0 11.288967018876544 0.35671771818370923 0.051689060184255835
24800 0.012665232788319521 0 11.288967018876544 0.35671771818370923 0.051689060184255835
24850 0.012665232788319509 0 11.288965547445818 0.3567177432819316 0.05168906122752127
24900 0.012665232788319509 0 11.288965547445818 0.3567177432819316 0.05168906122752127
24950 0.012665232788319509 0 11.288965547445818 0.3567177432819316 0.05168906122752127
25000 0.012665232788319509 0 11.288965547445818 0.3567177432819316 0.05168906122752127
25050 0.012665232788319509 0 11.288965547445818 0.3567177432819316 0.05168906122752127
25100 0.012665232788319509 0 11.288965547445818 0.3567177432819316 0.05168906122752127
25150 0.012665232788319509 0 11.288965547445818 0.3567177432819316 0.05168906122752127
25200 0.012665232788319509 0 11.288965547445818 0.3567177432819316 0.05168906122752127
25250 0.012665232788319485 0 11.288965954593596 0.3567177363372033 0.05168906093884763
25300 0.012665232788319485 0 11.288965954593596 0.3567177363372033 0.05168906093884763
25350 0.012665232788319485 0 11.288965954593596 0.3567177363372033 0.05168906093884763
25400 0.012665232788319485 0 11.288965954593596 0.3567177363372033 0.05168906093884763
25450 0.012665232788319485 0 11.288965954593596 0.3567177363372033 0.05168906093884763
25500 0.012665232788319438 0 11.288966180565593 0.3567177324827939 0.05168906077863018
25550 0.012665232788319438 0 11.288966180565593 0.3567177324827939 0.05168906077863018
25600 0.012665232788319438 0 11.288966180565593 0.3567177324827939 0.05168906077863018
25650 0.012665232788319438 0 11.288966180565593 0.3567177324827939 0.05168906077863018
25700 0.012665232788319438 0 11.288966180565593 0.3567177324827939 0.05168906077863018
25750 0.012665232788319438 0 11.288966180565593 0.3567177324827939 0.05168906077863018
25800 0.012665232788319438 0 11.288966180565593 0.3567177324827939 0.05168906077863018
25850 0.012665232788319438 0 11.288966180565593 0.3567177324827939 0.05168906077863018
25900 0.012665232788319438 0 11.288966180565593 0.3567177324827939 0.05168906077863018
25950 0.012665232788319438 0 11.288966180565593 0.3567177324827939 0.05168906077863018
26000 0.012665232788319438 0 11.288966180565593 0.3567177324827939 0.05168906077863018
26050 0.012665232788319438 0 11.288966180565593 0.3567177324827939 0.05168906077863018
26100 0.012665232788319434 0 11.288965481718895 0.3567177444030362 0.05168906127412251
26150 0.012665232788319434 0 11.288965481718895 0.3567177444030362 0.05168906127412251
26200 0.012665232788319434 0 11.288965481718895 0.3567177444030362 0.05168906127412251
26250 0.012665232788319434 0 11.288965481718895 0.3567177444030362 0.05168906127412251
26300 0.012665232788319434 0 11.288965481718895 0.3567177444030362 0.05168906127412251
26350 0.012665232788319429 0 11.288966395952022 0.35671772880894326 0.05168906062591811
26400 0.012665232788319429 0 11.288966395952022 0.35671772880894326 0.05168906062591811
26450 0.012665232788319429 0 11.288966395952022 0.35671772880894326 0.05168906062591811
26500 0.012665232788319422 0 11.288966512389765 0.3567177268228624 0.05168906054336208
26550 0.012665232788319422 0 11.288966512389765 0.3567177268228624 0.05168906054336208
26600 0.012665232788319419 0 11.288966380834918 0.3567177290667959 0.05168906063663634
26650 0.012665232788319419 0 11.288966380834918 0.3567177290667959 0.05168906063663634
26700 0.012665232788319419 0 11.288966380834918 0.3567177290667959 0.05168906063663634
26750 0.012665232788319419 0 11.288966380834918 0.3567177290667959 0.05168906063663634
26800 0.012665232788319419 0 11.288966380834918 0.3567177290667959 0.05168906063663634
26850 0.012665232788319419 0 11.288966380834918 0.3567177290667959 0.05168906063663634
26900 0.012665232788319419 0 11.288966380834918 0.3567177290667959 0.05168906063663634
26950 0.012665232788319419 0 11.288966380834918 0.3567177290667959 0.05168906063663634
27000 0.012665232788319419 0 11.288966380834918 0.3567177290667959 0.05168906063663634
27050 0.012665232788319419 0 11.288966380834918 0.3567177290667959 0.05168906063663634
27100 0.012665232788319419 0 11.288966380834918 0.3567177290667959 0.05168906063663634
27150 0.012665232788319419 0 11.288966380834918 0.3567177290667959 0.05168906063663634
27200 0.012665232788319419 0 11.288966380834918 0.3567177290667959 0.05168906063663634
27250 0.012665232788319419 0 11.288966380834918 0.3567177290667959 0.05168906063663634
27300 0.012665232788319419 0 11.288966380834918 0.3567177290667959 0.05168906063663634
27350 0.012665232788319419 0 11.288966380834918 0.3567177290667959 0.05168906063663634
27400 0.012665232788319419 0 11.288966380834918 0.3567177290667959 0.05168906063663634
27450 0.012665232788319419 0 11.288966380834918 0.3567177290667959 0.05168906063663634
27500 0.012665232788319419 0 11.288966380834918 0.3567177290667959 0.05168906063663634
27550 0.012665232788319415 0 11.288965548392234 0.3567177432657875 0.05168906122685014
27600 0.012665232788319415 0 11.288965548392234 0.3567177432657875 0.05168906122685014
27650 0.012665232788319415 0 11.288965548392234 0.3567177432657875 0.05168906122685014
27700 0.012665232788319415 0 11.288965548392234 0.3567177432657875 0.05168906122685014
27750 0.012665232788319415 0 11.288965548392234 0.3567177432657875 0.05168906122685014
27800 0.012665232788319415 0 11.288965548392234 0.3567177432657875 0.05168906122685014
27850 0.012665232788319415 0 11.288965548392234 0.3567177432657875 0.05168906122685014
27900 0.012665232788319415 0 11.288965235134082 0.3567177486090385 0.05168906144895467
27950 0.012665232788319415 0 11.288965235134082 0.3567177486090385 0.05168906144895467
28000 0.012665232788319415 0 11.288965235134082 0.3567177486090385 0.05168906144895467
28050 0.012665232788319415 0 11.288965235134082 0.3567177486090385 0.05168906144895467
28100 0.012665232788319412 0 11.288965381741637 0.3567177461083502 0.0516890613450078
28150 0.012665232788319412 0 11.288965381741637 0.3567177461083502 0.0516890613450078
28200 0.012665232788319412 0 11.288965381741637 0.3567177461083502 0.0516890613450078
28250 0.012665232788319412 0 11.288965381741637 0.3567177461083502 0.0516890613450078
28300 0.012665232788319412 0 11.288965381741637 0.3567177461083502 0.0516890613450078
28350 0.012665232788319412 0 11.288965381741637 0.3567177461083502 0.0516890613450078
28400 0.012665232788319412 0 11.288965381741637 0.3567177461083502 0.0516890613450078
28450 0.012665232788319412 0 11.288965381741637 0.3567177461083502 0.0516890613450078
28500 0.012665232788319412 0 11.288965381741637 0.3567177461083502 0.0516890613450078
28550 0.012665232788319412 0 11.288965381741637 0.3567177461083502 0.0516890613450078
28600 0.012665232788319412 0 11.288965381741637 0.3567177461083502 0.0516890613450078
28650 0.012665232788319412 0 11.288965381741637 0.3567177461083502 0.0516890613450078
28700 0.012665232788319412 0 11.288965381741637 0.3567177461083502 0.0516890613450078
28750 0.012665232788319412 0 11.288965381741637 0.3567177461083502 0.0516890613450078
28800 0.012665232788319412 0 11.288965381741637 0.3567177461083502 0.0516890613450078
28850 0.012665232788319412 0 11.288965381741637 0.3567177461083502 0.0516890613450078
28900 0.012665232788319412 0 11.288965381741637 0.3567177461083502 0.0516890613450078
28950 0.012665232788319412 0 11.288965381741637 0.3567177461083502 0.0516890613450078
29000 0.012665232788319412 0 11.288965381741637 0.3567177461083502 0.0516890613450078
29050 0.012665232788319412 0 11.288965381741637 0.3567177461083502 0.0516890613450078
29100 0.012665232788319412 0 11.288965381741637 0.3567177461083502 0.0516890613450078
29150 0.012665232788319412 0 11.288965381741637 0.3567177461083502 0.0516890613450078
29200 0.012665232788319412 0 11.288965381741637 0.3567177461083502 0.0516890613450078
29250 0.012665232788319412 0 11.288965381741637 0.3567177461083502 0.0516890613450078
29300 0.012665232788319412 0 11.288965381741637 0.3567177461083502 0.0516890613450078
29350 0.012665232788319412 0 11.288965381741637 0.3567177461083502 0.0516890613450078
29400 0.012665232788319412 0 11.288965381741637 0.3567177461083502 0.0516890613450078
29450 0.012665232788319412 0 11.288965381741637 0.3567177461083502 0.0516890613450078
29500 0.012665232788319412 0 11.288965381741637 0.3567177461083502 0.0516890613450078
29550 0.012665232788319412 0 11.288966093192494 0.35671773397311823 0.051689060840578935
29600 0.012665232788319412 0 11.288966093192494 0.35671773397311823 0.051689060840578935
29650 0.012665232788319412 0 11.288966093192494 0.35671773397311823 0.051689060840578935
29700 0.012665232788319412 0 11.288966093192494 0.35671773397311823 0.051689060840578935
29750 0.012665232788319412 0 11.288966093192494 0.35671773397311823 0.051689060840578935
29800 0.012665232788319412 0 11.288966093192494 0.35671773397311823 0.051689060840578935
29850 0.012665232788319412 0 11.288966093192494 0.35671773397311823 0.051689060840578935
29900 0.012665232788319412 0 11.288966093192494 0.35671773397311823 0.051689060840578935
29950 0.012665232788319412 0 11.288966093192494 0.35671773397311823 0.051689060840578935
30000 0.012665232788319412 0 11.288966093192494 0.35671773397311823 0.051689060840578935
30050 0.012665232788319412 0 11.288966093192494 0.35671773397311823 0.051689060840578935
30100 0.012665232788319412 0 11.288966093192494 0.35671773397311823 0.051689060840578935
30150 0.012665232788319412 0 11.288966093192494 0.35671773397311823 0.051689060840578935
30200 0.012665232788319412 0 11.288966093192494 0.35671773397311823 0.051689060840578935
30250 0.012665232788319412 0 11.288966093192494 0.35671773397311823 0.051689060840578935
30300 0.012665232788319412 0 11.288966093192494 0.35671773397311823 0.051689060840578935
30350 0.012665232788319412 0 11.288966093192494 0.35671773397311823 0.051689060840578935
30400 0.012665232788319412 0 11.288966093192494 0.35671773397311823 0.051689060840578935
30450 0.012665232788319412 0 11.288966093192494 0.35671773397311823 0.051689060840578935
30500 0.012665232788319412 0 11.288966093192494 0.35671773397311823 0.051689060840578935
30550 0.012665232788319412 0 11.288966093192494 0.35671773397311823 0.051689060840578935
30600 0.012665232788319412 0 11.288966093192494 0.35671773397311823 0.051689060840578935
30650 0.01266523278831941 0 11.288965335860322 0.35671774689094876 0.05168906137753831
30700 0.01266523278831941 0 11.288965335860322 0.35671774689094876 0.05168906137753831
30750 0.01266523278831941 0 11.288965335860322 0.35671774689094876 0.05168906137753831
30800 0.01266523278831941 0 11.288965335860322 0.35671774689094876 0.05168906137753831
30850 0.01266523278831941 0 11.288965335860322 0.35671774689094876 0.05168906137753831
30900 0.01266523278831941 0 11.288965335860322 0.35671774689094876 0.05168906137753831
30950 0.012665232788319408 0 11.288966006164397 0.3567177354575582 0.0516890609022831
31000 0.012665232788319408 0 11.288966006164397 0.3567177354575582 0.0516890609022831
31050 0.012665232788319408 0 11.288966006164397 0.3567177354575582 0.0516890609022831
31100 0.012665232788319408 0 11.288966006164397 0.3567177354575582 0.0516890609022831
31150 0.012665232788319408 0 11.288966006164397 0.3567177354575582 0.0516890609022831
31200 0.012665232788319408 0 11.288966006164397 0.3567177354575582 0.0516890609022831
31250 0.012665232788319408 0 11.288966006164397 0.3567177354575582 0.0516890609022831
31300 0.012665232788319408 0 11.288966006164397 0.3567177354575582 0.0516890609022831
31350 0.012665232788319408 0 11.288966006164397 0.3567177354575582 0.0516890609022831
31400 0.012665232788319408 0 11.288966006164397 0.3567177354575582 0.0516890609022831
31450 0.012665232788319408 0 11.288966006164397 0.3567177354575582 0.0516890609022831
31500 0.012665232788319408 0 11.288966006164397 0.3567177354575582 0.0516890609022831
31550 0.012665232788319408 0 11.288966006164397 0.3567177354575582 0.0516890609022831
31600 0.012665232788319408 0 11.288966006164397 0.3567177354575582 0.0516890609022831
31650 0.012665232788319408 0 11.288966006164397 0.3567177354575582 0.0516890609022831
31700 0.012665232788319408 0 11.288966006164397 0.3567177354575582 0.0516890609022831
31750 0.012665232788319408 0 11.288966006164397 0.3567177354575582 0.0516890609022831
31800 0.012665232788319408 0 11.288966006164397 0.3567177354575582 0.0516890609022831
31850 0.012665232788319408 0 11.288966006164397 0.3567177354575582 0.0516890609022831
31900 0.012665232788319408 0 11.288966006164397 0.3567177354575582 0.0516890609022831
31950 0.012665232788319408 0 11.288966006164397 0.3567177354575582 0.0516890609022831
32000 0.012665232788319408 0 11.288966006164397 0.3567177354575582 0.0516890609022831
32050 0.012665232788319408 0 11.288966006164397 0.3567177354575582 0.0516890609022831
32100 0.012665232788319408 0 11.288966006164397 0.3567177354575582 0.0516890609022831
32150 0.012665232788319408 0 11.288966006164397 0.3567177354575582 0.0516890609022831
32200 0.012665232788319408 0 11.28896571369113 0.3567177404462807 0.05168906110965084
32250 0.012665232788319408 0 11.28896571369113 0.3567177404462807 0.05168906110965084
32300 0.012665232788319408 0 11.28896571369113 0.3567177404462807 0.05168906110965084
32350 0.012665232788319408 0 11.28896571369113 0.3567177404462807 0.05168906110965084
32400 0.012665232788319408 0 11.28896571369113 0.3567177404462807 0.05168906110965084
32450 0.012665232788319408 0 11.28896571369113 0.3567177404462807 0.05168906110965084
32500 0.012665232788319408 0 11.28896571369113 0.3567177404462807 0.05168906110965084
32550 0.012665232788319408 0 11.28896571369113 0.3567177404462807 0.05168906110965084
32600 0.012665232788319408 0 11.28896571369113 0.3567177404462807 0.05168906110965084
32650 0.012665232788319408 0 11.28896571369113 0.3567177404462807 0.05168906110965084
32700 0.012665232788319408 0 11.28896571369113 0.3567177404462807 0.05168906110965084
32750 0.012665232788319408 0 11.28896571369113 0.3567177404462807 0.05168906110965084
32800 0.012665232788319408 0 11.28896571369113 0.3567177404462807 0.05168906110965084
32850 0.012665232788319408 0 11.28896571369113 0.3567177404462807 0.05168906110965084
32900 0.012665232788319408 0 11.28896571369113 0.3567177404462807 0.05168906110965084
32950 0.012665232788319408 0 11.28896571369113 0.3567177404462807 0.05168906110965084
33000 0.012665232788319408 0 11.28896571369113 0.3567177404462807 0.05168906110965084
33050 0.012665232788319408 0 11.28896571369113 0.3567177404462807 0.05168906110965084
33100 0.012665232788319408 0 11.28896571369113 0.3567177404462807 0.05168906110965084
33150 0.012665232788319408 0 11.28896571369113 0.3567177404462807 0.05168906110965084
33200 0.012665232788319408 0 11.28896571369113 0.3567177404462807 0.05168906110965084
33250 0.012665232788319408 0 11.28896571369113 0.3567177404462807 0.05168906110965084
33300 0.012665232788319408 0 11.28896571369113 0.3567177404462807 0.05168906110965084
33350 0.012665232788319408 0 11.28896571369113 0.3567177404462807 0.05168906110965084
33400 0.012665232788319408 0 11.28896571369113 0.3567177404462807 0.05168906110965084
33450 0.012665232788319408 0 11.28896571369113 0.3567177404462807 0.05168906110965084
33500 0.012665232788319408 0 11.28896571369113 0.3567177404462807 0.05168906110965084
33550 0.012665232788319408 0 11.28896571369113 0.3567177404462807 0.05168906110965084
33600 0.012665232788319408 0 11.28896571369113 0.3567177404462807 0.05168906110965084
33650 0.012665232788319408 0 11.28896571369113 0.3567177404462807 0.05168906110965084
33700 0.012665232788319408 0 11.28896571369113 0.3567177404462807 0.05168906110965084
33750 0.012665232788319408 0 11.28896571369113 0.3567177404462807 0.05168906110965084
33800 0.012665232788319408 0 11.28896571369113 0.3567177404462807 0.05168906110965084
33850 0.012665232788319408 0 11.28896571369113 0.3567177404462807 0.05168906110965084
33900 0.012665232788319408 0 11.28896571369113 0.3567177404462807 0.05168906110965084
33950 0.012665232788319408 0 11.28896571369113 0.3567177404462807 0.05168906110965084
34000 0.012665232788319408 0 11.28896571369113 0.3567177404462807 0.05168906110965084
34050 0.012665232788319408 0 11.28896571369113 0.3567177404462807 0.05168906110965084
34100 0.012665232788319408 0 11.28896571369113 0.3567177404462807 0.05168906110965084
34150 0.012665232788319408 0 11.28896571369113 0.3567177404462807 0.05168906110965084
34200 0.012665232788319408 0 11.28896571369113 0.3567177404462807 0.05168906110965084
34250 0.012665232788319408 0 11.28896571369113 0.3567177404462807 0.05168906110965084
34300 0.012665232788319408 0 11.28896571369113 0.3567177404462807 0.05168906110965084
34350 0.012665232788319408 0 11.28896571369113 0.3567177404462807 0.05168906110965084
34400 0.012665232788319408 0 11.28896571369113 0.3567177404462807 0.05168906110965084
34450 0.012665232788319408 0 11.28896571369113 0.3567177404462807 0.05168906110965084
34500 0.012665232788319408 0 11.28896571369113 0.3567177404462807 0.05168906110965084
34550 0.012665232788319408 0 11.28896571369113 0.3567177404462807 0.05168906110965084
34600 0.012665232788319408 0 11.28896571369113 0.3567177404462807 0.05168906110965084
34650 0.012665232788319408 0 11.28896571369113 0.3567177404462807 0.05168906110965084
34700 0.012665232788319408 0 11.28896571369113 0.3567177404462807 0.05168906110965084
34750 0.012665232788319408 0 11.28896571369113 0.3567177404462807 0.05168906110965084
34800 0.012665232788319408 0 11.28896571369113 0.3567177404462807 0.05168906110965084
34850 0.012665232788319408 0 11.28896571369113 0.3567177404462807 0.05168906110965084
34900 0.012665232788319408 0 11.28896571369113 0.3567177404462807 0.05168906110965084
34950 0.012665232788319408 0 11.28896571369113 0.3567177404462807 0.05168906110965084
35000 0.012665232788319408 0 11.28896571369113 0.3567177404462807 0.05168906110965084
35050 0.012665232788319408 0 11.28896571369113 0.3567177404462807 0.05168906110965084
35100 0.012665232788319408 0 11.28896571369113 0.3567177404462807 0.05168906110965084
35150 0.012665232788319408 0 11.28896571369113 0.3567177404462807 0.05168906110965084
35200 0.012665232788319408 0 11.28896571369113 0.3567177404462807 0.05168906110965084
35250 0.012665232788319408 0 11.28896571369113 0.3567177404462807 0.05168906110965084
35300 0.012665232788319408 0 11.28896571369113 0.3567177404462807 0.05168906110965084
35350 0.012665232788319408 0 11.28896571369113 0.3567177404462807 0.05168906110965084
35400 0.012665232788319408 0 11.28896571369113 0.3567177404462807 0.05168906110965084
35450 0.012665232788319408 0 11.28896571369113 0.3567177404462807 0.05168906110965084
35500 0.012665232788319408 0 11.28896571369113 0.3567177404462807 0.05168906110965084
35550 0.012665232788319408 0 11.28896571369113 0.3567177404462807 0.05168906110965084
35600 0.012665232788319408 0 11.28896571369113 0.3567177404462807 0.05168906110965084
35650 0.012665232788319408 0 11.28896571369113 0.3567177404462807 0.05168906110965084
35700 0.012665232788319408 0 11.28896571369113 0.3567177404462807 0.05168906110965084
35750 0.012665232788319408 0 11.28896571369113 0.3567177404462807 0.05168906110965084
35800 0.012665232788319408 0 11.28896571369113 0.3567177404462807 0.05168906110965084
35850 0.012665232788319408 0 11.28896571369113 0.3567177404462807 0.05168906110965084
35900 0.012665232788319408 0 11.28896571369113 0.3567177404462807 0.05168906110965084
35950 0.012665232788319408 0 11.28896571369113 0.3567177404462807 0.05168906110965084
*---*---*---*---*---*---*---*---*---*---*---*---*---*---*---*---*---*---*---*---*
Status: Finished
Last individual
0.012665232788319408 0 11.28896571369113 0.3567177404462807 0.05168906110965084
Hall of fame
0.012665232788319408 0 11.288966006164397 0.3567177354575582 0.0516890609022831
Last factible individual
0.012665232788319408 0 11.28896571369113 0.3567177404462807 0.05168906110965084
CPU time used (seconds)
1.605891948000135
