*---*---*---*---*---*---*---*---*---*---*---*---*---*---*---*---*---*---*---*---*
Algorithm: Differential Evolution
Constrainth handling method: DEB
Function: 21
Case: continuous
Seed: 3
Parents size: 50
Offsprings size: 50
maxFe: 36000
CR: 0.9
F: 0.6
rweights: -
*---*---*---*---*---*---*---*---*---*---*---*---*---*---*---*---*---*---*---*---*
ngen ObjectiveFunction ViolationSum ProjectVariables
50 0.003392698895961804 0.8638415409595643 2.9315892968507264 0.27518097649602363 0.05
100 0.04011070921490706 0.2012934007481304 9.251630824029023 0.8809374809907928 0.06361358763984004
150 0.0684571923464058 0 11.857067892935163 0.7006087796845342 0.08397230636206848
200 0.0684571923464058 0 11.857067892935163 0.7006087796845342 0.08397230636206848
250 0.0684571923464058 0 11.857067892935163 0.7006087796845342 0.08397230636206848
300 0.05681444981777061 0 12.293745091965 0.777250518769875 0.0715114980649601
350 0.04519372929490759 0 9.020335738034445 0.8019210290670467 0.0715114980649601
400 0.024194714256942553 0 3.4184709035974308 0.840225212542305 0.07289941131643561
450 0.01889860750147228 0 10.35958431161903 0.45857472695096363 0.057744139303385636
500 0.01889860750147228 0 10.35958431161903 0.45857472695096363 0.057744139303385636
550 0.018434910986507076 0 15 0.36266974310659583 0.05468149748215521
600 0.018434910986507076 0 15 0.36266974310659583 0.05468149748215521
650 0.013195454509208558 0 15 0.31048128256961305 0.05
700 0.013195454509208558 0 15 0.31048128256961305 0.05
750 0.013195454509208558 0 15 0.31048128256961305 0.05
800 0.013195454509208558 0 15 0.31048128256961305 0.05
850 0.013195454509208558 0 15 0.31048128256961305 0.05
900 0.013195454509208558 0 15 0.31048128256961305 0.05
950 0.013195454509208558 0 15 0.31048128256961305 0.05
1000 0.013195454509208558 0 15 0.31048128256961305 0.05
1050 0.013195454509208558 0 15 0.31048128256961305 0.05
1100 0.013195454509208558 0 15 0.31048128256961305 0.05
1150 0.013195454509208558 0 15 0.31048128256961305 0.05
1200 0.013195454509208558 0 15 0.31048128256961305 0.05
1250 0.013195454509208558 0 15 0.31048128256961305 0.05
1300 0.013195454509208558 0 15 0.31048128256961305 0.05
1350 0.013195454509208558 0 15 0.31048128256961305 0.05
1400 0.013195454509208558 0 15 0.31048128256961305 0.05
1450 0.013195454509208558 0 15 0.31048128256961305 0.05
1500 0.013195454509208558 0 15 0.31048128256961305 0.05
1550 0.013195454509208558 0 15 0.31048128256961305 0.05
1600 0.013195454509208558 0 15 0.31048128256961305 0.05
1650 0.013195454509208558 0 15 0.31048128256961305 0.05
1700 0.013195454509208558 0 15 0.31048128256961305 0.05
1750 0.013195454509208558 0 15 0.31048128256961305 0.05
1800 0.013195454509208558 0 15 0.31048128256961305 0.05
1850 0.013195454509208558 0 15 0.31048128256961305 0.05
1900 0.012838715733694689 0 13.940689936427052 0.3199897963584949 0.05016943029330437
1950 0.012838715733694689 0 13.940689936427052 0.3199897963584949 0.05016943029330437
2000 0.012838715733694689 0 13.940689936427052 0.3199897963584949 0.05016943029330437
2050 0.012838715733694689 0 13.940689936427052 0.3199897963584949 0.05016943029330437
2100 0.012838715733694689 0 13.940689936427052 0.3199897963584949 0.05016943029330437
2150 0.012838715733694689 0 13.940689936427052 0.3199897963584949 0.05016943029330437
2200 0.012838715733694689 0 13.940689936427052 0.3199897963584949 0.05016943029330437
2250 0.012838715733694689 0 13.940689936427052 0.3199897963584949 0.05016943029330437
2300 0.012838715733694689 0 13.940689936427052 0.3199897963584949 0.05016943029330437
2350 0.012838715733694689 0 13.940689936427052 0.3199897963584949 0.05016943029330437
2400 0.012838715733694689 0 13.940689936427052 0.3199897963584949 0.05016943029330437
2450 0.012838715733694689 0 13.940689936427052 0.3199897963584949 0.05016943029330437
2500 0.012838715733694689 0 13.940689936427052 0.3199897963584949 0.05016943029330437
2550 0.012838715733694689 0 13.940689936427052 0.3199897963584949 0.05016943029330437
2600 0.012838715733694689 0 13.940689936427052 0.3199897963584949 0.05016943029330437
2650 0.012838715733694689 0 13.940689936427052 0.3199897963584949 0.05016943029330437
2700 0.012838715733694689 0 13.940689936427052 0.3199897963584949 0.05016943029330437
2750 0.01277909945430688 0 11.05316659596788 0.36278092595449535 0.051948135195442294
2800 0.01277909945430688 0 11.05316659596788 0.36278092595449535 0.051948135195442294
2850 0.01277909945430688 0 11.05316659596788 0.36278092595449535 0.051948135195442294
2900 0.01277909945430688 0 11.05316659596788 0.36278092595449535 0.051948135195442294
2950 0.01277909945430688 0 11.05316659596788 0.36278092595449535 0.051948135195442294
3000 0.01277909945430688 0 11.05316659596788 0.36278092595449535 0.051948135195442294
3050 0.01277909945430688 0 11.05316659596788 0.36278092595449535 0.051948135195442294
3100 0.01277909945430688 0 11.05316659596788 0.36278092595449535 0.051948135195442294
3150 0.01277909945430688 0 11.05316659596788 0.36278092595449535 0.051948135195442294
3200 0.012755942547233159 0 10.384592386196065 0.3743162931345989 0.05245610656752206
3250 0.012755942547233159 0 10.384592386196065 0.3743162931345989 0.05245610656752206
3300 0.012725505699429939 0 10.521993373761235 0.37151990338699736 0.05230097047409762
3350 0.012725505699429939 0 10.521993373761235 0.37151990338699736 0.05230097047409762
3400 0.012716197212209969 0 11.55216283779867 0.3531270139739711 0.051547647573576084
3450 0.012716197212209969 0 11.55216283779867 0.3531270139739711 0.051547647573576084
3500 0.012699897176351067 0 10.059498549137402 0.37995951812249024 0.05264617383544677
3550 0.012699897176351067 0 10.059498549137402 0.37995951812249024 0.05264617383544677
3600 0.012699897176351067 0 10.059498549137402 0.37995951812249024 0.05264617383544677
3650 0.012679905537788423 0 11.584650671626191 0.35196487575166013 0.051497258413971195
3700 0.012679905537788423 0 11.584650671626191 0.35196487575166013 0.051497258413971195
3750 0.012679905537788423 0 11.584650671626191 0.35196487575166013 0.051497258413971195
3800 0.012679905537788423 0 11.584650671626191 0.35196487575166013 0.051497258413971195
3850 0.012679905537788423 0 11.584650671626191 0.35196487575166013 0.051497258413971195
3900 0.012679905537788423 0 11.584650671626191 0.35196487575166013 0.051497258413971195
3950 0.012679905537788423 0 11.584650671626191 0.35196487575166013 0.051497258413971195
4000 0.012679905537788423 0 11.584650671626191 0.35196487575166013 0.051497258413971195
4050 0.012679905537788423 0 11.584650671626191 0.35196487575166013 0.051497258413971195
4100 0.012679905537788423 0 11.584650671626191 0.35196487575166013 0.051497258413971195
4150 0.012679905537788423 0 11.584650671626191 0.35196487575166013 0.051497258413971195
4200 0.012673837329982698 0 10.931693815008387 0.36305990231642116 0.05195618020719026
4250 0.012673837329982698 0 10.931693815008387 0.36305990231642116 0.05195618020719026
4300 0.012673837329982698 0 10.931693815008387 0.36305990231642116 0.05195618020719026
4350 0.012673837329982698 0 10.931693815008387 0.36305990231642116 0.05195618020719026
4400 0.012673837329982698 0 10.931693815008387 0.36305990231642116 0.05195618020719026
4450 0.012673837329982698 0 10.931693815008387 0.36305990231642116 0.05195618020719026
4500 0.012673837329982698 0 10.931693815008387 0.36305990231642116 0.05195618020719026
4550 0.012673837329982698 0 10.931693815008387 0.36305990231642116 0.05195618020719026
4600 0.012673837329982698 0 10.931693815008387 0.36305990231642116 0.05195618020719026
4650 0.012673837329982698 0 10.931693815008387 0.36305990231642116 0.05195618020719026
4700 0.012673837329982698 0 10.931693815008387 0.36305990231642116 0.05195618020719026
4750 0.012673837329982698 0 10.931693815008387 0.36305990231642116 0.05195618020719026
4800 0.012673837329982698 0 10.931693815008387 0.36305990231642116 0.05195618020719026
4850 0.012673837329982698 0 10.931693815008387 0.36305990231642116 0.05195618020719026
4900 0.012673837329982698 0 10.931693815008387 0.36305990231642116 0.05195618020719026
4950 0.012673837329982698 0 10.931693815008387 0.36305990231642116 0.05195618020719026
5000 0.012673837329982698 0 10.931693815008387 0.36305990231642116 0.05195618020719026
5050 0.012673837329982698 0 10.931693815008387 0.36305990231642116 0.05195618020719026
5100 0.012673837329982698 0 10.931693815008387 0.36305990231642116 0.05195618020719026
5150 0.012673837329982698 0 10.931693815008387 0.36305990231642116 0.05195618020719026
5200 0.012673837329982698 0 10.931693815008387 0.36305990231642116 0.05195618020719026
5250 0.012673837329982698 0 10.931693815008387 0.36305990231642116 0.05195618020719026
5300 0.012673837329982698 0 10.931693815008387 0.36305990231642116 0.05195618020719026
5350 0.012673837329982698 0 10.931693815008387 0.36305990231642116 0.05195618020719026
5400 0.012672797536291698 0 10.909949713893791 0.3634631892641692 0.05196892776179618
5450 0.0126683990122688 0 11.104478110908776 0.3599442665455336 0.05182429131144242
5500 0.0126683990122688 0 11.104478110908776 0.3599442665455336 0.05182429131144242
5550 0.0126683990122688 0 11.104478110908776 0.3599442665455336 0.05182429131144242
5600 0.0126683990122688 0 11.104478110908776 0.3599442665455336 0.05182429131144242
5650 0.0126683990122688 0 11.104478110908776 0.3599442665455336 0.05182429131144242
5700 0.0126683990122688 0 11.104478110908776 0.3599442665455336 0.05182429131144242
5750 0.0126683990122688 0 11.104478110908776 0.3599442665455336 0.05182429131144242
5800 0.0126683990122688 0 11.104478110908776 0.3599442665455336 0.05182429131144242
5850 0.0126683990122688 0 11.104478110908776 0.3599442665455336 0.05182429131144242
5900 0.0126683990122688 0 11.104478110908776 0.3599442665455336 0.05182429131144242
5950 0.0126683990122688 0 11.104478110908776 0.3599442665455336 0.05182429131144242
6000 0.0126683990122688 0 11.104478110908776 0.3599442665455336 0.05182429131144242
6050 0.0126683990122688 0 11.104478110908776 0.3599442665455336 0.05182429131144242
6100 0.0126683990122688 0 11.104478110908776 0.3599442665455336 0.05182429131144242
6150 0.0126673015554597 0 11.223881327226328 0.3578569554227824 0.05173778738419444
6200 0.0126673015554597 0 11.223881327226328 0.3578569554227824 0.05173778738419444
6250 0.0126673015554597 0 11.223881327226328 0.3578569554227824 0.05173778738419444
6300 0.0126673015554597 0 11.223881327226328 0.3578569554227824 0.05173778738419444
6350 0.0126673015554597 0 11.223881327226328 0.3578569554227824 0.05173778738419444
6400 0.0126673015554597 0 11.223881327226328 0.3578569554227824 0.05173778738419444
6450 0.012666650116275234 0 10.999171163748446 0.36177154298800707 0.051898625379019
6500 0.012666650116275234 0 10.999171163748446 0.36177154298800707 0.051898625379019
6550 0.012666650116275234 0 10.999171163748446 0.36177154298800707 0.051898625379019
6600 0.012666650116275234 0 10.999171163748446 0.36177154298800707 0.051898625379019
6650 0.012666650116275234 0 10.999171163748446 0.36177154298800707 0.051898625379019
6700 0.012666650116275234 0 10.999171163748446 0.36177154298800707 0.051898625379019
6750 0.012666650116275234 0 10.999171163748446 0.36177154298800707 0.051898625379019
6800 0.012666650116275234 0 10.999171163748446 0.36177154298800707 0.051898625379019
6850 0.012666650116275234 0 10.999171163748446 0.36177154298800707 0.051898625379019
6900 0.01266607835039366 0 11.297561794063851 0.3565837382582378 0.051683784822853185
6950 0.01266607835039366 0 11.297561794063851 0.3565837382582378 0.051683784822853185
7000 0.01266607835039366 0 11.297561794063851 0.3565837382582378 0.051683784822853185
7050 0.01266607835039366 0 11.297561794063851 0.3565837382582378 0.051683784822853185
7100 0.012665938897546155 0 11.110203875945535 0.35981280606118976 0.05181740543148259
7150 0.012665938897546155 0 11.110203875945535 0.35981280606118976 0.05181740543148259
7200 0.012665574451508744 0 11.264741002425865 0.35713679514460317 0.05170657366408597
7250 0.012665574451508744 0 11.264741002425865 0.35713679514460317 0.05170657366408597
7300 0.012665574451508744 0 11.264741002425865 0.35713679514460317 0.05170657366408597
7350 0.012665574451508744 0 11.264741002425865 0.35713679514460317 0.05170657366408597
7400 0.012665574451508744 0 11.264741002425865 0.35713679514460317 0.05170657366408597
7450 0.012665508413629619 0 11.161826789328236 0.35890738599263255 0.05177999812694838
7500 0.012665508413629619 0 11.161826789328236 0.35890738599263255 0.05177999812694838
7550 0.012665505270236794 0 11.300011767670512 0.3565334799582633 0.05168149740557186
7600 0.012665505270236794 0 11.300011767670512 0.3565334799582633 0.05168149740557186
7650 0.012665505270236794 0 11.300011767670512 0.3565334799582633 0.05168149740557186
7700 0.012665505270236794 0 11.300011767670512 0.3565334799582633 0.05168149740557186
7750 0.012665462561097175 0 11.162873727004628 0.35888862144963174 0.05177919873208612
7800 0.012665462561097175 0 11.162873727004628 0.35888862144963174 0.05177919873208612
7850 0.012665462561097175 0 11.162873727004628 0.35888862144963174 0.05177919873208612
7900 0.012665462561097175 0 11.162873727004628 0.35888862144963174 0.05177919873208612
7950 0.012665462561097175 0 11.162873727004628 0.35888862144963174 0.05177919873208612
8000 0.01266545896622598 0 11.305835049947085 0.3564337632930919 0.05167731970706457
8050 0.01266530969438416 0 11.258821909756733 0.35723421396141575 0.051710521174845384
8100 0.01266530969438416 0 11.258821909756733 0.35723421396141575 0.051710521174845384
8150 0.01266530969438416 0 11.258821909756733 0.35723421396141575 0.051710521174845384
8200 0.01266530969438416 0 11.258821909756733 0.35723421396141575 0.051710521174845384
8250 0.01266530969438416 0 11.258821909756733 0.35723421396141575 0.051710521174845384
8300 0.01266530969438416 0 11.258821909756733 0.35723421396141575 0.051710521174845384
8350 0.01266530969438416 0 11.258821909756733 0.35723421396141575 0.051710521174845384
8400 0.01266530969438416 0 11.258821909756733 0.35723421396141575 0.051710521174845384
8450 0.01266530969438416 0 11.258821909756733 0.35723421396141575 0.051710521174845384
8500 0.01266530969438416 0 11.258821909756733 0.35723421396141575 0.051710521174845384
8550 0.01266530349360559 0 11.27165247163806 0.35701446764955 0.051701410581938875
8600 0.012665298009216768 0 11.268433479317686 0.35706947992051363 0.05170368717370094
8650 0.012665290175218011 0 11.297037844158117 0.3565809105475946 0.05168339987267868
8700 0.012665290175218011 0 11.297037844158117 0.3565809105475946 0.05168339987267868
8750 0.012665272243631513 0 11.282519676680247 0.35682820502312257 0.05169367917295296
8800 0.012665272243631513 0 11.282519676680247 0.35682820502312257 0.05169367917295296
8850 0.012665272243631513 0 11.282519676680247 0.35682820502312257 0.05169367917295296
8900 0.012665272243631513 0 11.282519676680247 0.35682820502312257 0.05169367917295296
8950 0.012665272243631513 0 11.282519676680247 0.35682820502312257 0.05169367917295296
9000 0.012665266174391752 0 11.261741584101392 0.35718346055914457 0.051708413114055655
9050 0.012665266174391752 0 11.261741584101392 0.35718346055914457 0.051708413114055655
9100 0.012665266174391752 0 11.261741584101392 0.35718346055914457 0.051708413114055655
9150 0.012665266174391752 0 11.261741584101392 0.35718346055914457 0.051708413114055655
9200 0.012665266174391752 0 11.261741584101392 0.35718346055914457 0.051708413114055655
9250 0.01266525015265865 0 11.285089485298327 0.35678415729418284 0.051691824735172635
9300 0.01266525015265865 0 11.285089485298327 0.35678415729418284 0.051691824735172635
9350 0.01266525015265865 0 11.285089485298327 0.35678415729418284 0.051691824735172635
9400 0.01266525015265865 0 11.285089485298327 0.35678415729418284 0.051691824735172635
9450 0.01266524736772752 0 11.283071630392003 0.35681854973636834 0.05169325375824547
9500 0.012665246680401034 0 11.283594097231731 0.3568095880104065 0.05169288490686296
9550 0.012665246680401034 0 11.283594097231731 0.3568095880104065 0.05169288490686296
9600 0.012665246680401034 0 11.283594097231731 0.3568095880104065 0.05169288490686296
9650 0.012665246680401034 0 11.283594097231731 0.3568095880104065 0.05169288490686296
9700 0.012665240136832628 0 11.28626586578815 0.3567639209949793 0.051690981761802895
9750 0.012665240136832628 0 11.28626586578815 0.3567639209949793 0.051690981761802895
9800 0.012665240136832628 0 11.28626586578815 0.3567639209949793 0.051690981761802895
9850 0.012665240136832628 0 11.28626586578815 0.3567639209949793 0.051690981761802895
9900 0.012665240136832628 0 11.28626586578815 0.3567639209949793 0.051690981761802895
9950 0.012665240136832628 0 11.28626586578815 0.3567639209949793 0.051690981761802895
10000 0.012665240136832628 0 11.28626586578815 0.3567639209949793 0.051690981761802895
10050 0.012665239304892 0 11.286251595030393 0.35676412590605416 0.05169099298008761
10100 0.012665239304892 0 11.286251595030393 0.35676412590605416 0.05169099298008761
10150 0.01266523584001512 0 11.288296498765357 0.35672919563926947 0.0516895389426175
10200 0.012665234619880016 0 11.299680132403854 0.3565351329223022 0.05168146974954598
10250 0.012665234619880016 0 11.299680132403854 0.3565351329223022 0.05168146974954598
10300 0.012665234619880016 0 11.299680132403854 0.3565351329223022 0.05168146974954598
10350 0.012665234619880016 0 11.299680132403854 0.3565351329223022 0.05168146974954598
10400 0.012665234619880016 0 11.299680132403854 0.3565351329223022 0.05168146974954598
10450 0.012665234619880016 0 11.299680132403854 0.3565351329223022 0.05168146974954598
10500 0.012665234619880016 0 11.299680132403854 0.3565351329223022 0.05168146974954598
10550 0.012665234619880016 0 11.299680132403854 0.3565351329223022 0.05168146974954598
10600 0.012665234619880016 0 11.299680132403854 0.3565351329223022 0.05168146974954598
10650 0.012665234619880016 0 11.299680132403854 0.3565351329223022 0.05168146974954598
10700 0.012665234619880016 0 11.299680132403854 0.3565351329223022 0.05168146974954598
10750 0.012665234619880016 0 11.299680132403854 0.3565351329223022 0.05168146974954598
10800 0.012665234619880016 0 11.299680132403854 0.3565351329223022 0.05168146974954598
10850 0.012665234619880016 0 11.299680132403854 0.3565351329223022 0.05168146974954598
10900 0.012665234619880016 0 11.299680132403854 0.3565351329223022 0.05168146974954598
10950 0.01266523443396663 0 11.297171770836814 0.35657786335900143 0.051683246699588126
11000 0.0126652342889904 0 11.284465514463541 0.35679454443081565 0.05169225387017689
11050 0.012665233491511758 0 11.288213917553653 0.35673057450284207 0.0516895948677549
11100 0.012665233491511758 0 11.288213917553653 0.35673057450284207 0.0516895948677549
11150 0.012665233491511758 0 11.288213917553653 0.35673057450284207 0.0516895948677549
11200 0.012665233468428329 0 11.29703320418966 0.35658021187099503 0.05168334382150823
11250 0.012665233321367403 0 11.28276582960222 0.3568235405621584 0.05169345862275128
11300 0.012665233321367403 0 11.28276582960222 0.3568235405621584 0.05169345862275128
11350 0.012665233321367403 0 11.28276582960222 0.3568235405621584 0.05169345862275128
11400 0.012665233321367403 0 11.28276582960222 0.3568235405621584 0.05169345862275128
11450 0.012665233321367403 0 11.28276582960222 0.3568235405621584 0.05169345862275128
11500 0.012665233321367403 0 11.28276582960222 0.3568235405621584 0.05169345862275128
11550 0.012665233321367403 0 11.28276582960222 0.3568235405621584 0.05169345862275128
11600 0.012665233321367403 0 11.28276582960222 0.3568235405621584 0.05169345862275128
11650 0.012665233321367403 0 11.28276582960222 0.3568235405621584 0.05169345862275128
11700 0.012665233321367403 0 11.28276582960222 0.3568235405621584 0.05169345862275128
11750 0.012665233321367403 0 11.28276582960222 0.3568235405621584 0.05169345862275128
11800 0.012665233321367403 0 11.28276582960222 0.3568235405621584 0.05169345862275128
11850 0.012665233321367403 0 11.28276582960222 0.3568235405621584 0.05169345862275128
11900 0.012665233229637326 0 11.289681268915286 0.35670554094296375 0.051688554310694225
11950 0.012665233229637326 0 11.289681268915286 0.35670554094296375 0.051688554310694225
12000 0.012665233229637326 0 11.289681268915286 0.35670554094296375 0.051688554310694225
12050 0.0126652331862239 0 11.284364715437128 0.3567962475396893 0.051692324361564145
12100 0.0126652331862239 0 11.284364715437128 0.3567962475396893 0.051692324361564145
12150 0.012665233136932458 0 11.284525771995787 0.35679349868962856 0.05169221003636895
12200 0.012665233136932458 0 11.284525771995787 0.35679349868962856 0.05169221003636895
12250 0.012665233120876238 0 11.2877623380516 0.3567382722479492 0.05168991473458003
12300 0.012665233112708467 0 11.290882575675852 0.35668505365745967 0.05168770242008483
12350 0.012665233112708467 0 11.290882575675852 0.35668505365745967 0.05168770242008483
12400 0.012665233006154042 0 11.286810174451269 0.3567545160881924 0.051690589741873454
12450 0.012665233006154042 0 11.286810174451269 0.3567545160881924 0.051690589741873454
12500 0.012665233006154042 0 11.286810174451269 0.3567545160881924 0.051690589741873454
12550 0.012665233006154042 0 11.286810174451269 0.3567545160881924 0.051690589741873454
12600 0.012665233006154042 0 11.286810174451269 0.3567545160881924 0.051690589741873454
12650 0.012665233006154042 0 11.286810174451269 0.3567545160881924 0.051690589741873454
12700 0.012665233006154042 0 11.286810174451269 0.3567545160881924 0.051690589741873454
12750 0.012665233006154042 0 11.286810174451269 0.3567545160881924 0.051690589741873454
12800 0.01266523296995077 0 11.291059904929558 0.35668202700401314 0.051687576617209595
12850 0.012665232926586252 0 11.288684585697847 0.3567225375970027 0.051689260583185855
12900 0.012665232926586252 0 11.288684585697847 0.3567225375970027 0.051689260583185855
12950 0.012665232926586252 0 11.288684585697847 0.3567225375970027 0.051689260583185855
13000 0.012665232846123453 0 11.290064879861522 0.3566989940626792 0.051688281879639454
13050 0.012665232846123453 0 11.290064879861522 0.3566989940626792 0.051688281879639454
13100 0.012665232846123453 0 11.290064879861522 0.3566989940626792 0.051688281879639454
13150 0.012665232846123453 0 11.290064879861522 0.3566989940626792 0.051688281879639454
13200 0.012665232846123453 0 11.290064879861522 0.3566989940626792 0.051688281879639454
13250 0.012665232835929793 0 11.290108094703482 0.3566982568080041 0.051688251239330664
13300 0.012665232835929793 0 11.290108094703482 0.3566982568080041 0.051688251239330664
13350 0.012665232835929793 0 11.290108094703482 0.3566982568080041 0.051688251239330664
13400 0.012665232835929793 0 11.290108094703482 0.3566982568080041 0.051688251239330664
13450 0.012665232835929793 0 11.290108094703482 0.3566982568080041 0.051688251239330664
13500 0.012665232835929793 0 11.290108094703482 0.3566982568080041 0.051688251239330664
13550 0.012665232835929793 0 11.290108094703482 0.3566982568080041 0.051688251239330664
13600 0.012665232835929793 0 11.290108094703482 0.3566982568080041 0.051688251239330664
13650 0.012665232835929793 0 11.290108094703482 0.3566982568080041 0.051688251239330664
13700 0.012665232835929793 0 11.290108094703482 0.3566982568080041 0.051688251239330664
13750 0.012665232831397978 0 11.288079453046109 0.35673285879814864 0.05168968955318361
13800 0.012665232831397978 0 11.288079453046109 0.35673285879814864 0.05168968955318361
13850 0.012665232831397978 0 11.288079453046109 0.35673285879814864 0.05168968955318361
13900 0.012665232831397978 0 11.288079453046109 0.35673285879814864 0.05168968955318361
13950 0.012665232831397978 0 11.288079453046109 0.35673285879814864 0.05168968955318361
14000 0.012665232831397978 0 11.288079453046109 0.35673285879814864 0.05168968955318361
14050 0.012665232819473684 0 11.289775033134008 0.3567039370100779 0.05168848734182762
14100 0.012665232819473684 0 11.289775033134008 0.3567039370100779 0.05168848734182762
14150 0.01266523280398811 0 11.28932544721873 0.35671160484762565 0.05168880607152271
14200 0.01266523280398811 0 11.28932544721873 0.35671160484762565 0.05168880607152271
14250 0.01266523280398811 0 11.28932544721873 0.35671160484762565 0.05168880607152271
14300 0.01266523280398811 0 11.28932544721873 0.35671160484762565 0.05168880607152271
14350 0.01266523280398811 0 11.28932544721873 0.35671160484762565 0.05168880607152271
14400 0.01266523280398811 0 11.28932544721873 0.35671160484762565 0.05168880607152271
14450 0.01266523280398811 0 11.28932544721873 0.35671160484762565 0.05168880607152271
14500 0.01266523280398811 0 11.28932544721873 0.35671160484762565 0.05168880607152271
14550 0.01266523279746024 0 11.288472506002472 0.3567261534943089 0.05168941081723708
14600 0.01266523279746024 0 11.288472506002472 0.3567261534943089 0.05168941081723708
14650 0.01266523279746024 0 11.288472506002472 0.3567261534943089 0.05168941081723708
14700 0.01266523279746024 0 11.288472506002472 0.3567261534943089 0.05168941081723708
14750 0.01266523279746024 0 11.288472506002472 0.3567261534943089 0.05168941081723708
14800 0.01266523279746024 0 11.288472506002472 0.3567261534943089 0.05168941081723708
14850 0.01266523279746024 0 11.288472506002472 0.3567261534943089 0.05168941081723708
14900 0.012665232793906354 0 11.288600535951991 0.35672396951620466 0.05168932003530555
14950 0.012665232793906354 0 11.288600535951991 0.35672396951620466 0.05168932003530555
15000 0.012665232793906354 0 11.288600535951991 0.35672396951620466 0.05168932003530555
15050 0.012665232793906354 0 11.288600535951991 0.35672396951620466 0.05168932003530555
15100 0.012665232793906354 0 11.288600535951991 0.35672396951620466 0.05168932003530555
15150 0.012665232793906354 0 11.288600535951991 0.35672396951620466 0.05168932003530555
15200 0.012665232793906354 0 11.288600535951991 0.35672396951620466 0.05168932003530555
15250 0.012665232793677993 0 11.28931834217606 0.35671172586523564 0.05168881110006908
15300 0.012665232793677993 0 11.28931834217606 0.35671172586523564 0.05168881110006908
15350 0.012665232792603266 0 11.288876151515396 0.35671926818894845 0.05168912461441525
15400 0.012665232792603266 0 11.288876151515396 0.35671926818894845 0.05168912461441525
15450 0.012665232791461553 0 11.288790456780712 0.35672072989067416 0.05168918537297117
15500 0.012665232791461553 0 11.288790456780712 0.35672072989067416 0.05168918537297117
15550 0.012665232791461553 0 11.288790456780712 0.35672072989067416 0.05168918537297117
15600 0.012665232791461553 0 11.288790456780712 0.35672072989067416 0.05168918537297117
15650 0.012665232791461553 0 11.288790456780712 0.35672072989067416 0.05168918537297117
15700 0.012665232791461553 0 11.288790456780712 0.35672072989067416 0.05168918537297117
15750 0.012665232791461553 0 11.288790456780712 0.35672072989067416 0.05168918537297117
15800 0.012665232791053409 0 11.288904380705478 0.3567187866477328 0.05168910459845366
15850 0.012665232791053409 0 11.288904380705478 0.3567187866477328 0.05168910459845366
15900 0.01266523279000561 0 11.289229126966939 0.356713247496143 0.05168887434984071
15950 0.012665232789871571 0 11.2888814097081 0.3567191784555437 0.05168912088381833
16000 0.012665232789871571 0 11.2888814097081 0.3567191784555437 0.05168912088381833
16050 0.012665232789871571 0 11.2888814097081 0.3567191784555437 0.05168912088381833
16100 0.012665232789871571 0 11.2888814097081 0.3567191784555437 0.05168912088381833
16150 0.012665232789871571 0 11.2888814097081 0.3567191784555437 0.05168912088381833
16200 0.012665232789871571 0 11.2888814097081 0.3567191784555437 0.05168912088381833
16250 0.012665232789871571 0 11.2888814097081 0.3567191784555437 0.05168912088381833
16300 0.012665232789787982 0 11.289004940924592 0.3567170713668079 0.051689033298673866
16350 0.012665232789787982 0 11.289004940924592 0.3567170713668079 0.051689033298673866
16400 0.012665232789787982 0 11.289004940924592 0.3567170713668079 0.051689033298673866
16450 0.012665232788940039 0 11.288942658662686 0.3567181337061214 0.05168907745661454
16500 0.012665232788940039 0 11.288942658662686 0.3567181337061214 0.05168907745661454
16550 0.012665232788940039 0 11.288942658662686 0.3567181337061214 0.05168907745661454
16600 0.012665232788940039 0 11.288942658662686 0.3567181337061214 0.05168907745661454
16650 0.012665232788940039 0 11.288942658662686 0.3567181337061214 0.05168907745661454
16700 0.012665232788940039 0 11.288942658662686 0.3567181337061214 0.05168907745661454
16750 0.012665232788940039 0 11.288942658662686 0.3567181337061214 0.05168907745661454
16800 0.012665232788940039 0 11.288942658662686 0.3567181337061214 0.05168907745661454
16850 0.012665232788940039 0 11.288942658662686 0.3567181337061214 0.05168907745661454
16900 0.012665232788940039 0 11.288942658662686 0.3567181337061214 0.05168907745661454
16950 0.012665232788940039 0 11.288942658662686 0.3567181337061214 0.05168907745661454
17000 0.012665232788940039 0 11.288942658662686 0.3567181337061214 0.05168907745661454
17050 0.012665232788940039 0 11.288942658662686 0.3567181337061214 0.05168907745661454
17100 0.012665232788940039 0 11.288942658662686 0.3567181337061214 0.05168907745661454
17150 0.012665232788940039 0 11.288942658662686 0.3567181337061214 0.05168907745661454
17200 0.012665232788940039 0 11.288942658662686 0.3567181337061214 0.05168907745661454
17250 0.012665232788798329 0 11.288987748847331 0.35671736460074227 0.05168904548681702
17300 0.012665232788798329 0 11.288987748847331 0.35671736460074227 0.05168904548681702
17350 0.012665232788798329 0 11.288987748847331 0.35671736460074227 0.05168904548681702
17400 0.012665232788798329 0 11.288987748847331 0.35671736460074227 0.05168904548681702
17450 0.012665232788798329 0 11.288987748847331 0.35671736460074227 0.05168904548681702
17500 0.012665232788798329 0 11.288987748847331 0.35671736460074227 0.05168904548681702
17550 0.012665232788444409 0 11.288912605489434 0.35671864631871647 0.051689098764342946
17600 0.012665232788444409 0 11.288912605489434 0.35671864631871647 0.051689098764342946
17650 0.012665232788444409 0 11.288912605489434 0.35671864631871647 0.051689098764342946
17700 0.012665232788444409 0 11.288912605489434 0.35671864631871647 0.051689098764342946
17750 0.012665232788444409 0 11.288912605489434 0.35671864631871647 0.051689098764342946
17800 0.012665232788444409 0 11.288912605489434 0.35671864631871647 0.051689098764342946
17850 0.012665232788444409 0 11.288912605489434 0.35671864631871647 0.051689098764342946
17900 0.012665232788444409 0 11.288912605489434 0.35671864631871647 0.051689098764342946
17950 0.012665232788444409 0 11.288912605489434 0.35671864631871647 0.051689098764342946
18000 0.012665232788444409 0 11.288912605489434 0.35671864631871647 0.051689098764342946
18050 0.012665232788444409 0 11.288912605489434 0.35671864631871647 0.051689098764342946
18100 0.012665232788444409 0 11.288912605489434 0.35671864631871647 0.051689098764342946
18150 0.012665232788444409 0 11.288912605489434 0.35671864631871647 0.051689098764342946
18200 0.012665232788444409 0 11.288912605489434 0.35671864631871647 0.051689098764342946
18250 0.012665232788444409 0 11.288912605489434 0.35671864631871647 0.051689098764342946
18300 0.012665232788444409 0 11.288912605489434 0.35671864631871647 0.051689098764342946
18350 0.012665232788444409 0 11.288912605489434 0.35671864631871647 0.051689098764342946
18400 0.012665232788444409 0 11.288912605489434 0.35671864631871647 0.051689098764342946
18450 0.012665232788444409 0 11.288912605489434 0.35671864631871647 0.051689098764342946
18500 0.012665232788411076 0 11.28899827634103 0.3567171850271024 0.05168903802237649
18550 0.012665232788411076 0 11.28899827634103 0.3567171850271024 0.05168903802237649
18600 0.012665232788411076 0 11.28899827634103 0.3567171850271024 0.05168903802237649
18650 0.012665232788411076 0 11.28899827634103 0.3567171850271024 0.05168903802237649
18700 0.012665232788411076 0 11.28899827634103 0.3567171850271024 0.05168903802237649
18750 0.012665232788394659 0 11.288920181262698 0.3567185170970618 0.05168909339294018
18800 0.012665232788393967 0 11.288961089510892 0.3567178193220243 0.051689064388342566
18850 0.012665232788393967 0 11.288961089510892 0.3567178193220243 0.051689064388342566
18900 0.012665232788393967 0 11.288961089510892 0.3567178193220243 0.051689064388342566
18950 0.012665232788393967 0 11.288961089510892 0.3567178193220243 0.051689064388342566
19000 0.012665232788383399 0 11.288931912317787 0.35671831699932355 0.05168908507539508
19050 0.012665232788383399 0 11.288931912317787 0.35671831699932355 0.05168908507539508
19100 0.012665232788383399 0 11.288931912317787 0.35671831699932355 0.05168908507539508
19150 0.01266523278835419 0 11.289000084692917 0.3567171541811745 0.051689036740186295
19200 0.01266523278835419 0 11.289000084692917 0.3567171541811745 0.051689036740186295
19250 0.01266523278835419 0 11.289000084692917 0.3567171541811745 0.051689036740186295
19300 0.01266523278835419 0 11.289000084692917 0.3567171541811745 0.051689036740186295
19350 0.01266523278835419 0 11.289000084692917 0.3567171541811745 0.051689036740186295
19400 0.01266523278835419 0 11.289000084692917 0.3567171541811745 0.051689036740186295
19450 0.01266523278835419 0 11.289000084692917 0.3567171541811745 0.051689036740186295
19500 0.01266523278835419 0 11.289000084692917 0.3567171541811745 0.051689036740186295
19550 0.012665232788341472 0 11.288961876856693 0.35671780589160024 0.05168906383004238
19600 0.012665232788341472 0 11.288961876856693 0.35671780589160024 0.05168906383004238
19650 0.012665232788341472 0 11.288961876856693 0.35671780589160024 0.05168906383004238
19700 0.012665232788341472 0 11.288961876856693 0.35671780589160024 0.05168906383004238
19750 0.012665232788341472 0 11.288961876856693 0.35671780589160024 0.05168906383004238
19800 0.012665232788341472 0 11.288961876856693 0.35671780589160024 0.05168906383004238
19850 0.012665232788341472 0 11.288961876856693 0.35671780589160024 0.05168906383004238
19900 0.01266523278833484 0 11.288962151365434 0.35671780120915875 0.05168906363540815
19950 0.01266523278833444 0 11.28895949593796 0.35671784650286853 0.051689065518144256
20000 0.01266523278833444 0 11.28895949593796 0.35671784650286853 0.051689065518144256
20050 0.01266523278833444 0 11.28895949593796 0.35671784650286853 0.051689065518144256
20100 0.01266523278833444 0 11.28895949593796 0.35671784650286853 0.051689065518144256
20150 0.01266523278833444 0 11.28895949593796 0.35671784650286853 0.051689065518144256
20200 0.01266523278833444 0 11.28895949593796 0.35671784650286853 0.051689065518144256
20250 0.01266523278833444 0 11.28895949593796 0.35671784650286853 0.051689065518144256
20300 0.012665232788331367 0 11.288957899613145 0.3567178737314362 0.05168906664995598
20350 0.012665232788331367 0 11.288957899613145 0.3567178737314362 0.05168906664995598
20400 0.012665232788331367 0 11.288957899613145 0.3567178737314362 0.05168906664995598
20450 0.012665232788331367 0 11.288957899613145 0.3567178737314362 0.05168906664995598
20500 0.012665232788331367 0 11.288957899613145 0.3567178737314362 0.05168906664995598
20550 0.012665232788331367 0 11.288957899613145 0.3567178737314362 0.05168906664995598
20600 0.012665232788330946 0 11.288965006680552 0.3567177525059343 0.05168906161094351
20650 0.012665232788328144 0 11.288955732547297 0.35671791069508335 0.05168906818643722
20700 0.012665232788328144 0 11.288955732547297 0.35671791069508335 0.05168906818643722
20750 0.012665232788327244 0 11.288957454436062 0.3567178813247303 0.05168906696559256
20800 0.012665232788327244 0 11.288957454436062 0.3567178813247303 0.05168906696559256
20850 0.012665232788327244 0 11.288957454436062 0.3567178813247303 0.05168906696559256
20900 0.012665232788324994 0 11.288965282477351 0.35671774780159254 0.05168906141539253
20950 0.012665232788324994 0 11.288965282477351 0.35671774780159254 0.05168906141539253
21000 0.012665232788324994 0 11.288965282477351 0.35671774780159254 0.05168906141539253
21050 0.012665232788324994 0 11.288965282477351 0.35671774780159254 0.05168906141539253
21100 0.012665232788324994 0 11.288965282477351 0.35671774780159254 0.05168906141539253
21150 0.012665232788324014 0 11.288951309174859 0.3567179861446913 0.0516890713226711
21200 0.012665232788324014 0 11.288951309174859 0.3567179861446913 0.0516890713226711
21250 0.012665232788324014 0 11.288951309174859 0.3567179861446913 0.0516890713226711
21300 0.012665232788322267 0 11.288969110729422 0.35671768250298824 0.05168905870110467
21350 0.012665232788322267 0 11.288969110729422 0.35671768250298824 0.05168905870110467
21400 0.012665232788322267 0 11.288969110729422 0.35671768250298824 0.05168905870110467
21450 0.012665232788322267 0 11.288969110729422 0.35671768250298824 0.05168905870110467
21500 0.012665232788322267 0 11.288969110729422 0.35671768250298824 0.05168905870110467
21550 0.012665232788321762 0 11.288970101654218 0.3567176656007566 0.05168905799852507
21600 0.012665232788321762 0 11.288970101654218 0.3567176656007566 0.05168905799852507
21650 0.012665232788321762 0 11.288970101654218 0.3567176656007566 0.05168905799852507
21700 0.012665232788321762 0 11.288970101654218 0.3567176656007566 0.05168905799852507
21750 0.01266523278832084 0 11.288961734335471 0.3567178083222687 0.0516890639310731
21800 0.01266523278832084 0 11.288961734335471 0.3567178083222687 0.0516890639310731
21850 0.01266523278832084 0 11.288961734335471 0.3567178083222687 0.0516890639310731
21900 0.01266523278832084 0 11.288961734335471 0.3567178083222687 0.0516890639310731
21950 0.01266523278832084 0 11.288961734335471 0.3567178083222687 0.0516890639310731
22000 0.01266523278832084 0 11.288961734335471 0.3567178083222687 0.0516890639310731
22050 0.01266523278832084 0 11.288961734335471 0.3567178083222687 0.0516890639310731
22100 0.01266523278832084 0 11.288961734335471 0.3567178083222687 0.0516890639310731
22150 0.01266523278832084 0 11.288961734335471 0.3567178083222687 0.0516890639310731
22200 0.01266523278832084 0 11.288961734335471 0.3567178083222687 0.0516890639310731
22250 0.012665232788320201 0 11.288967667293296 0.356717707123666 0.0516890597245196
22300 0.012665232788320201 0 11.288967667293296 0.356717707123666 0.0516890597245196
22350 0.012665232788320201 0 11.288967667293296 0.356717707123666 0.0516890597245196
22400 0.012665232788319684 0 11.288963166921379 0.35671778388659575 0.05168906291534762
22450 0.012665232788319684 0 11.288963166921379 0.35671778388659575 0.05168906291534762
22500 0.012665232788319684 0 11.288963166921379 0.35671778388659575 0.05168906291534762
22550 0.012665232788319684 0 11.288963166921379 0.35671778388659575 0.05168906291534762
22600 0.012665232788319665 0 11.288961943427552 0.3567178047557632 0.051689063782822516
22650 0.012665232788319665 0 11.288961943427552 0.3567178047557632 0.051689063782822516
22700 0.012665232788319665 0 11.288961943427552 0.3567178047557632 0.051689063782822516
22750 0.012665232788319665 0 11.288961943427552 0.3567178047557632 0.051689063782822516
22800 0.012665232788319665 0 11.288961943427552 0.3567178047557632 0.051689063782822516
22850 0.012665232788319665 0 11.288961943427552 0.3567178047557632 0.051689063782822516
22900 0.012665232788319665 0 11.288961943427552 0.3567178047557632 0.051689063782822516
22950 0.012665232788319665 0 11.288961943427552 0.3567178047557632 0.051689063782822516
23000 0.012665232788319665 0 11.288961943427552 0.3567178047557632 0.051689063782822516
23050 0.012665232788319665 0 11.288961943427552 0.3567178047557632 0.051689063782822516
23100 0.012665232788319665 0 11.288961943427552 0.3567178047557632 0.051689063782822516
23150 0.01266523278831958 0 11.28896468488205 0.3567177579947019 0.05168906183909145
23200 0.01266523278831958 0 11.28896468488205 0.3567177579947019 0.05168906183909145
23250 0.01266523278831958 0 11.28896468488205 0.3567177579947019 0.05168906183909145
23300 0.01266523278831958 0 11.28896468488205 0.3567177579947019 0.05168906183909145
23350 0.01266523278831958 0 11.28896468488205 0.3567177579947019 0.05168906183909145
23400 0.012665232788319571 0 11.288964284252712 0.3567177648282455 0.051689062123143434
23450 0.012665232788319571 0 11.288964284252712 0.3567177648282455 0.051689062123143434
23500 0.012665232788319571 0 11.288964284252712 0.3567177648282455 0.051689062123143434
23550 0.012665232788319537 0 11.288964032116018 0.35671776912894726 0.05168906230191191
23600 0.012665232788319537 0 11.288964032116018 0.35671776912894726 0.05168906230191191
23650 0.012665232788319537 0 11.288964032116018 0.35671776912894726 0.05168906230191191
23700 0.01266523278831948 0 11.288965175407384 0.35671774962779884 0.05168906149130183
23750 0.01266523278831948 0 11.288965175407384 0.35671774962779884 0.05168906149130183
23800 0.01266523278831948 0 11.288965175407384 0.35671774962779884 0.05168906149130183
23850 0.01266523278831948 0 11.288965175407384 0.35671774962779884 0.05168906149130183
23900 0.01266523278831948 0 11.288965175407384 0.35671774962779884 0.05168906149130183
23950 0.01266523278831948 0 11.288965175407384 0.35671774962779884 0.05168906149130183
24000 0.01266523278831948 0 11.288965175407384 0.35671774962779884 0.05168906149130183
24050 0.01266523278831948 0 11.288965175407384 0.35671774962779884 0.05168906149130183
24100 0.01266523278831948 0 11.288965175407384 0.35671774962779884 0.05168906149130183
24150 0.012665232788319438 0 11.288964745107176 0.35671775696743857 0.05168906179639082
24200 0.012665232788319438 0 11.288964745107176 0.35671775696743857 0.05168906179639082
24250 0.012665232788319438 0 11.288964745107176 0.35671775696743857 0.05168906179639082
24300 0.012665232788319438 0 11.288964745107176 0.35671775696743857 0.05168906179639082
24350 0.012665232788319438 0 11.288964745107176 0.35671775696743857 0.05168906179639082
24400 0.012665232788319438 0 11.288964745107176 0.35671775696743857 0.05168906179639082
24450 0.012665232788319438 0 11.288964745107176 0.35671775696743857 0.05168906179639082
24500 0.012665232788319438 0 11.288964745107176 0.35671775696743857 0.05168906179639082
24550 0.012665232788319438 0 11.288964745107176 0.35671775696743857 0.05168906179639082
24600 0.012665232788319422 0 11.288965084498114 0.35671775117843957 0.05168906155575774
24650 0.012665232788319422 0 11.288965084498114 0.35671775117843957 0.05168906155575774
24700 0.012665232788319422 0 11.288965084498114 0.35671775117843957 0.05168906155575774
24750 0.012665232788319422 0 11.288965084498114 0.35671775117843957 0.05168906155575774
24800 0.012665232788319422 0 11.288965084498114 0.35671775117843957 0.05168906155575774
24850 0.012665232788319422 0 11.288965084498114 0.35671775117843957 0.05168906155575774
24900 0.012665232788319422 0 11.288965084498114 0.35671775117843957 0.05168906155575774
24950 0.012665232788319422 0 11.288965084498114 0.35671775117843957 0.05168906155575774
25000 0.012665232788319422 0 11.288965084498114 0.35671775117843957 0.05168906155575774
25050 0.012665232788319422 0 11.288965084498114 0.35671775117843957 0.05168906155575774
25100 0.012665232788319422 0 11.288965084498114 0.35671775117843957 0.05168906155575774
25150 0.012665232788319422 0 11.288965084498114 0.35671775117843957 0.05168906155575774
25200 0.01266523278831942 0 11.288966090657983 0.35671773401634954 0.05168906084237595
25250 0.01266523278831942 0 11.288966090657983 0.35671773401634954 0.05168906084237595
25300 0.01266523278831942 0 11.288966090657983 0.35671773401634954 0.05168906084237595
25350 0.01266523278831942 0 11.288966090657983 0.35671773401634954 0.05168906084237595
25400 0.01266523278831942 0 11.288966090657983 0.35671773401634954 0.05168906084237595
25450 0.012665232788319419 0 11.288966057872209 0.35671773457557715 0.05168906086562153
25500 0.012665232788319419 0 11.288966057872209 0.35671773457557715 0.05168906086562153
25550 0.012665232788319415 0 11.288966075854278 0.3567177342688566 0.05168906085287198
25600 0.012665232788319415 0 11.288966075854278 0.3567177342688566 0.05168906085287198
25650 0.012665232788319415 0 11.288966075854278 0.3567177342688566 0.05168906085287198
25700 0.012665232788319415 0 11.288966075854278 0.3567177342688566 0.05168906085287198
25750 0.012665232788319415 0 11.288966075854278 0.3567177342688566 0.05168906085287198
25800 0.012665232788319415 0 11.288966075854278 0.3567177342688566 0.05168906085287198
25850 0.012665232788319415 0 11.288966075854278 0.3567177342688566 0.05168906085287198
25900 0.012665232788319415 0 11.288966075854278 0.3567177342688566 0.05168906085287198
25950 0.012665232788319415 0 11.288966075854278 0.3567177342688566 0.05168906085287198
26000 0.012665232788319415 0 11.288964874058232 0.35671775476791723 0.05168906170496264
26050 0.012665232788319415 0 11.288964874058232 0.35671775476791723 0.05168906170496264
26100 0.012665232788319415 0 11.28896623565446 0.35671773154314174 0.051689060739571364
26150 0.012665232788319415 0 11.28896623565446 0.35671773154314174 0.051689060739571364
26200 0.012665232788319415 0 11.28896623565446 0.35671773154314174 0.051689060739571364
26250 0.012665232788319415 0 11.28896623565446 0.35671773154314174 0.051689060739571364
26300 0.012665232788319415 0 11.28896623565446 0.35671773154314174 0.051689060739571364
26350 0.012665232788319415 0 11.28896623565446 0.35671773154314174 0.051689060739571364
26400 0.012665232788319415 0 11.28896623565446 0.35671773154314174 0.051689060739571364
26450 0.012665232788319415 0 11.28896623565446 0.35671773154314174 0.051689060739571364
26500 0.012665232788319412 0 11.288965646810496 0.3567177415870651 0.05168906115707017
26550 0.012665232788319412 0 11.288965646810496 0.3567177415870651 0.05168906115707017
26600 0.012665232788319412 0 11.288965646810496 0.3567177415870651 0.05168906115707017
26650 0.012665232788319412 0 11.288965646810496 0.3567177415870651 0.05168906115707017
26700 0.012665232788319412 0 11.288965646810496 0.3567177415870651 0.05168906115707017
26750 0.012665232788319412 0 11.288965646810496 0.3567177415870651 0.05168906115707017
26800 0.012665232788319412 0 11.288965646810496 0.3567177415870651 0.05168906115707017
26850 0.012665232788319412 0 11.288965646810496 0.3567177415870651 0.05168906115707017
26900 0.012665232788319412 0 11.288965646810496 0.3567177415870651 0.05168906115707017
26950 0.012665232788319412 0 11.288965646810496 0.3567177415870651 0.05168906115707017
27000 0.012665232788319412 0 11.288965646810496 0.3567177415870651 0.05168906115707017
27050 0.012665232788319412 0 11.288965646810496 0.3567177415870651 0.05168906115707017
27100 0.012665232788319412 0 11.288965646810496 0.3567177415870651 0.05168906115707017
27150 0.012665232788319412 0 11.288965681756416 0.3567177409909918 0.05168906113229301
27200 0.012665232788319412 0 11.288965681756416 0.3567177409909918 0.05168906113229301
27250 0.01266523278831941 0 11.28896588316404 0.3567177375555778 0.051689060989492115
27300 0.01266523278831941 0 11.28896588316404 0.3567177375555778 0.051689060989492115
27350 0.01266523278831941 0 11.28896588316404 0.3567177375555778 0.051689060989492115
27400 0.01266523278831941 0 11.28896588316404 0.3567177375555778 0.051689060989492115
27450 0.01266523278831941 0 11.28896588316404 0.3567177375555778 0.051689060989492115
27500 0.01266523278831941 0 11.28896588316404 0.3567177375555778 0.051689060989492115
27550 0.01266523278831941 0 11.28896588316404 0.3567177375555778 0.051689060989492115
27600 0.01266523278831941 0 11.28896588316404 0.3567177375555778 0.051689060989492115
27650 0.01266523278831941 0 11.28896588316404 0.3567177375555778 0.051689060989492115
27700 0.01266523278831941 0 11.28896588316404 0.3567177375555778 0.051689060989492115
27750 0.01266523278831941 0 11.28896588316404 0.3567177375555778 0.051689060989492115
27800 0.01266523278831941 0 11.28896588316404 0.3567177375555778 0.051689060989492115
27850 0.01266523278831941 0 11.28896588316404 0.3567177375555778 0.051689060989492115
27900 0.01266523278831941 0 11.28896588316404 0.3567177375555778 0.051689060989492115
27950 0.01266523278831941 0 11.28896588316404 0.3567177375555778 0.051689060989492115
28000 0.01266523278831941 0 11.28896588316404 0.3567177375555778 0.051689060989492115
28050 0.01266523278831941 0 11.28896588316404 0.3567177375555778 0.051689060989492115
28100 0.01266523278831941 0 11.28896588316404 0.3567177375555778 0.051689060989492115
28150 0.01266523278831941 0 11.28896588316404 0.3567177375555778 0.051689060989492115
28200 0.01266523278831941 0 11.28896588316404 0.3567177375555778 0.051689060989492115
28250 0.01266523278831941 0 11.28896588316404 0.3567177375555778 0.051689060989492115
28300 0.01266523278831941 0 11.28896588316404 0.3567177375555778 0.051689060989492115
28350 0.01266523278831941 0 11.28896588316404 0.3567177375555778 0.051689060989492115
28400 0.01266523278831941 0 11.28896588316404 0.3567177375555778 0.051689060989492115
28450 0.01266523278831941 0 11.28896588316404 0.3567177375555778 0.051689060989492115
28500 0.01266523278831941 0 11.28896588316404 0.3567177375555778 0.051689060989492115
28550 0.01266523278831941 0 11.28896588316404 0.3567177375555778 0.051689060989492115
28600 0.01266523278831941 0 11.28896588316404 0.3567177375555778 0.051689060989492115
28650 0.01266523278831941 0 11.288965724077292 0.35671774026912373 0.0516890611022869
28700 0.01266523278831941 0 11.288965724077292 0.35671774026912373 0.0516890611022869
28750 0.01266523278831941 0 11.288965724077292 0.35671774026912373 0.0516890611022869
28800 0.01266523278831941 0 11.288965724077292 0.35671774026912373 0.0516890611022869
28850 0.01266523278831941 0 11.288965724077292 0.35671774026912373 0.0516890611022869
28900 0.01266523278831941 0 11.288965724077292 0.35671774026912373 0.0516890611022869
28950 0.01266523278831941 0 11.288965724077292 0.35671774026912373 0.0516890611022869
29000 0.01266523278831941 0 11.288965724077292 0.35671774026912373 0.0516890611022869
29050 0.01266523278831941 0 11.288965731573523 0.35671774014126034 0.05168906109697197
29100 0.01266523278831941 0 11.288965731573523 0.35671774014126034 0.05168906109697197
29150 0.01266523278831941 0 11.288965731573523 0.35671774014126034 0.05168906109697197
29200 0.01266523278831941 0 11.288965731573523 0.35671774014126034 0.05168906109697197
29250 0.01266523278831941 0 11.288965731573523 0.35671774014126034 0.05168906109697197
29300 0.01266523278831941 0 11.288965731573523 0.35671774014126034 0.05168906109697197
29350 0.01266523278831941 0 11.288965731573523 0.35671774014126034 0.05168906109697197
29400 0.01266523278831941 0 11.288965731573523 0.35671774014126034 0.05168906109697197
29450 0.01266523278831941 0 11.288965731573523 0.35671774014126034 0.05168906109697197
29500 0.01266523278831941 0 11.288965731573523 0.35671774014126034 0.05168906109697197
29550 0.01266523278831941 0 11.288965731573523 0.35671774014126034 0.05168906109697197
29600 0.01266523278831941 0 11.288965731573523 0.35671774014126034 0.05168906109697197
29650 0.01266523278831941 0 11.288965731573523 0.35671774014126034 0.05168906109697197
29700 0.012665232788319408 0 11.288965874942132 0.356717737695819 0.05168906099532156
29750 0.012665232788319408 0 11.288965874942132 0.356717737695819 0.05168906099532156
29800 0.012665232788319408 0 11.288965874942132 0.356717737695819 0.05168906099532156
29850 0.012665232788319408 0 11.288965874942132 0.356717737695819 0.05168906099532156
29900 0.012665232788319408 0 11.288965874942132 0.356717737695819 0.05168906099532156
29950 0.012665232788319408 0 11.288965874942132 0.356717737695819 0.05168906099532156
30000 0.012665232788319408 0 11.288965874942132 0.356717737695819 0.05168906099532156
30050 0.012665232788319408 0 11.288965874942132 0.356717737695819 0.05168906099532156
30100 0.012665232788319408 0 11.288965874942132 0.356717737695819 0.05168906099532156
30150 0.012665232788319408 0 11.288965874942132 0.356717737695819 0.05168906099532156
30200 0.012665232788319408 0 11.288965874942132 0.356717737695819 0.05168906099532156
30250 0.012665232788319408 0 11.288965874942132 0.356717737695819 0.05168906099532156
30300 0.012665232788319408 0 11.288965874942132 0.356717737695819 0.05168906099532156
30350 0.012665232788319408 0 11.288965874942132 0.356717737695819 0.05168906099532156
30400 0.012665232788319408 0 11.288965874942132 0.356717737695819 0.05168906099532156
30450 0.012665232788319408 0 11.288965874942132 0.356717737695819 0.05168906099532156
30500 0.012665232788319408 0 11.288965874942132 0.356717737695819 0.05168906099532156
30550 0.012665232788319408 0 11.288965874266072 0.3567177377073506 0.0516890609958009
30600 0.012665232788319408 0 11.288965874266072 0.3567177377073506 0.0516890609958009
30650 0.012665232788319408 0 11.288965874266072 0.3567177377073506 0.0516890609958009
30700 0.012665232788319407 0 11.28896587386277 0.3567177377142297 0.05168906099608685
30750 0.012665232788319407 0 11.28896587386277 0.3567177377142297 0.05168906099608685
30800 0.012665232788319407 0 11.28896587386277 0.3567177377142297 0.05168906099608685
30850 0.012665232788319407 0 11.28896587386277 0.3567177377142297 0.05168906099608685
30900 0.012665232788319407 0 11.28896587386277 0.3567177377142297 0.05168906099608685
30950 0.012665232788319407 0 11.28896587386277 0.3567177377142297 0.05168906099608685
31000 0.012665232788319407 0 11.28896587386277 0.3567177377142297 0.05168906099608685
31050 0.012665232788319407 0 11.28896587386277 0.3567177377142297 0.05168906099608685
31100 0.012665232788319407 0 11.28896587386277 0.3567177377142297 0.05168906099608685
31150 0.012665232788319407 0 11.28896587386277 0.3567177377142297 0.05168906099608685
31200 0.012665232788319407 0 11.28896587386277 0.3567177377142297 0.05168906099608685
31250 0.012665232788319407 0 11.288965705877317 0.356717740579561 0.05168906111519094
31300 0.012665232788319407 0 11.288965705877317 0.356717740579561 0.05168906111519094
31350 0.012665232788319407 0 11.288965705877317 0.356717740579561 0.05168906111519094
31400 0.012665232788319407 0 11.288965705877317 0.356717740579561 0.05168906111519094
31450 0.012665232788319407 0 11.288965705877317 0.356717740579561 0.05168906111519094
31500 0.012665232788319407 0 11.288965705877317 0.356717740579561 0.05168906111519094
31550 0.012665232788319407 0 11.288965705877317 0.356717740579561 0.05168906111519094
31600 0.012665232788319407 0 11.288965705877317 0.356717740579561 0.05168906111519094
31650 0.012665232788319407 0 11.288965705877317 0.356717740579561 0.05168906111519094
31700 0.012665232788319407 0 11.288965705877317 0.356717740579561 0.05168906111519094
31750 0.012665232788319407 0 11.288965705877317 0.356717740579561 0.05168906111519094
31800 0.012665232788319407 0 11.288965705877317 0.356717740579561 0.05168906111519094
31850 0.012665232788319407 0 11.288965705877317 0.356717740579561 0.05168906111519094
31900 0.012665232788319407 0 11.288965705877317 0.356717740579561 0.05168906111519094
31950 0.012665232788319407 0 11.288965705877317 0.356717740579561 0.05168906111519094
32000 0.012665232788319407 0 11.288965705877317 0.356717740579561 0.05168906111519094
32050 0.012665232788319407 0 11.288965705877317 0.356717740579561 0.05168906111519094
32100 0.012665232788319407 0 11.288965705877317 0.356717740579561 0.05168906111519094
32150 0.012665232788319407 0 11.288965705877317 0.356717740579561 0.05168906111519094
32200 0.012665232788319407 0 11.288965705877317 0.356717740579561 0.05168906111519094
32250 0.012665232788319407 0 11.288965705877317 0.356717740579561 0.05168906111519094
32300 0.012665232788319407 0 11.288965705877317 0.356717740579561 0.05168906111519094
32350 0.012665232788319407 0 11.288965705877317 0.356717740579561 0.05168906111519094
32400 0.012665232788319407 0 11.288965705877317 0.356717740579561 0.05168906111519094
32450 0.012665232788319407 0 11.288965705877317 0.356717740579561 0.05168906111519094
32500 0.012665232788319407 0 11.288965705877317 0.356717740579561 0.05168906111519094
32550 0.012665232788319407 0 11.288965705877317 0.356717740579561 0.05168906111519094
32600 0.012665232788319407 0 11.288965705877317 0.356717740579561 0.05168906111519094
32650 0.012665232788319407 0 11.288965705877317 0.356717740579561 0.05168906111519094
32700 0.012665232788319407 0 11.288965705877317 0.356717740579561 0.05168906111519094
32750 0.012665232788319407 0 11.288965705877317 0.356717740579561 0.05168906111519094
32800 0.012665232788319407 0 11.288965705877317 0.356717740579561 0.05168906111519094
32850 0.012665232788319407 0 11.288965705877317 0.356717740579561 0.05168906111519094
32900 0.012665232788319407 0 11.288965705877317 0.356717740579561 0.05168906111519094
32950 0.012665232788319407 0 11.288965705877317 0.356717740579561 0.05168906111519094
33000 0.012665232788319407 0 11.288965705877317 0.356717740579561 0.05168906111519094
33050 0.012665232788319407 0 11.288965705877317 0.356717740579561 0.05168906111519094
33100 0.012665232788319407 0 11.28896577374037 0.3567177394220195 0.05168906106707506
33150 0.012665232788319407 0 11.28896577374037 0.3567177394220195 0.05168906106707506
33200 0.012665232788319407 0 11.28896577374037 0.3567177394220195 0.05168906106707506
33250 0.012665232788319407 0 11.28896577374037 0.3567177394220195 0.05168906106707506
33300 0.012665232788319407 0 11.28896577374037 0.3567177394220195 0.05168906106707506
33350 0.012665232788319407 0 11.28896577374037 0.3567177394220195 0.05168906106707506
33400 0.012665232788319407 0 11.28896577374037 0.3567177394220195 0.05168906106707506
33450 0.012665232788319407 0 11.28896577374037 0.3567177394220195 0.05168906106707506
33500 0.012665232788319407 0 11.28896577374037 0.3567177394220195 0.05168906106707506
33550 0.012665232788319407 0 11.28896577374037 0.3567177394220195 0.05168906106707506
33600 0.012665232788319407 0 11.28896577374037 0.3567177394220195 0.05168906106707506
33650 0.012665232788319407 0 11.28896577374037 0.3567177394220195 0.05168906106707506
33700 0.012665232788319407 0 11.28896577374037 0.3567177394220195 0.05168906106707506
33750 0.012665232788319407 0 11.28896577374037 0.3567177394220195 0.05168906106707506
33800 0.012665232788319407 0 11.28896577374037 0.3567177394220195 0.05168906106707506
33850 0.012665232788319407 0 11.28896577374037 0.3567177394220195 0.05168906106707506
33900 0.012665232788319407 0 11.28896577374037 0.3567177394220195 0.05168906106707506
33950 0.012665232788319407 0 11.28896577374037 0.3567177394220195 0.05168906106707506
34000 0.012665232788319407 0 11.28896577374037 0.3567177394220195 0.05168906106707506
34050 0.012665232788319407 0 11.28896577374037 0.3567177394220195 0.05168906106707506
34100 0.012665232788319407 0 11.28896577374037 0.3567177394220195 0.05168906106707506
34150 0.012665232788319407 0 11.28896577374037 0.3567177394220195 0.05168906106707506
34200 0.012665232788319407 0 11.28896577374037 0.3567177394220195 0.05168906106707506
34250 0.012665232788319407 0 11.28896577374037 0.3567177394220195 0.05168906106707506
34300 0.012665232788319407 0 11.28896577374037 0.3567177394220195 0.05168906106707506
34350 0.012665232788319407 0 11.28896577374037 0.3567177394220195 0.05168906106707506
34400 0.012665232788319407 0 11.28896577374037 0.3567177394220195 0.05168906106707506
34450 0.012665232788319407 0 11.28896577374037 0.3567177394220195 0.05168906106707506
34500 0.012665232788319407 0 11.28896577374037 0.3567177394220195 0.05168906106707506
34550 0.012665232788319407 0 11.28896577374037 0.3567177394220195 0.05168906106707506
34600 0.012665232788319407 0 11.28896577374037 0.3567177394220195 0.05168906106707506
34650 0.012665232788319407 0 11.28896577374037 0.3567177394220195 0.05168906106707506
34700 0.012665232788319407 0 11.28896577374037 0.3567177394220195 0.05168906106707506
34750 0.012665232788319407 0 11.28896577374037 0.3567177394220195 0.05168906106707506
34800 0.012665232788319407 0 11.28896577374037 0.3567177394220195 0.05168906106707506
34850 0.012665232788319407 0 11.28896577374037 0.3567177394220195 0.05168906106707506
34900 0.012665232788319407 0 11.28896577374037 0.3567177394220195 0.05168906106707506
34950 0.012665232788319407 0 11.28896577374037 0.3567177394220195 0.05168906106707506
35000 0.012665232788319407 0 11.28896577374037 0.3567177394220195 0.05168906106707506
35050 0.012665232788319407 0 11.28896577374037 0.3567177394220195 0.05168906106707506
35100 0.012665232788319407 0 11.28896577374037 0.3567177394220195 0.05168906106707506
35150 0.012665232788319407 0 11.28896577374037 0.3567177394220195 0.05168906106707506
35200 0.012665232788319407 0 11.28896577374037 0.3567177394220195 0.05168906106707506
35250 0.012665232788319407 0 11.28896577374037 0.3567177394220195 0.05168906106707506
35300 0.012665232788319407 0 11.28896577374037 0.3567177394220195 0.05168906106707506
35350 0.012665232788319407 0 11.28896577374037 0.3567177394220195 0.05168906106707506
35400 0.012665232788319407 0 11.28896577374037 0.3567177394220195 0.05168906106707506
35450 0.012665232788319407 0 11.28896577374037 0.3567177394220195 0.05168906106707506
35500 0.012665232788319407 0 11.28896577374037 0.3567177394220195 0.05168906106707506
35550 0.012665232788319407 0 11.28896577374037 0.3567177394220195 0.05168906106707506
35600 0.012665232788319407 0 11.28896577374037 0.3567177394220195 0.05168906106707506
35650 0.012665232788319407 0 11.28896577374037 0.3567177394220195 0.05168906106707506
35700 0.012665232788319407 0 11.28896577374037 0.3567177394220195 0.05168906106707506
35750 0.012665232788319407 0 11.28896577374037 0.3567177394220195 0.05168906106707506
35800 0.012665232788319407 0 11.28896577374037 0.3567177394220195 0.05168906106707506
35850 0.012665232788319407 0 11.28896577374037 0.3567177394220195 0.05168906106707506
35900 0.012665232788319407 0 11.28896577374037 0.3567177394220195 0.05168906106707506
35950 0.012665232788319407 0 11.28896577374037 0.3567177394220195 0.05168906106707506
*---*---*---*---*---*---*---*---*---*---*---*---*---*---*---*---*---*---*---*---*
Status: Finished
Last individual
0.012665232788319407 0 11.28896577374037 0.3567177394220195 0.05168906106707506
Hall of fame
0.012665232788319407 0 11.28896587386277 0.3567177377142297 0.05168906099608685
Last factible individual
0.012665232788319407 0 11.28896577374037 0.3567177394220195 0.05168906106707506
CPU time used (seconds)
1.6085831400014285
