*---*---*---*---*---*---*---*---*---*---*---*---*---*---*---*---*---*---*---*---*
Algorithm: Differential Evolution
Constrainth handling method: APM
Function: 21
Case: continuous
Seed: 12
Parents size: 50
Offsprings size: 50
maxFe: 36000
CR: 0.9
F: 0.6
rweights: -
*---*---*---*---*---*---*---*---*---*---*---*---*---*---*---*---*---*---*---*---*
ngen ObjectiveFunction Fitness ProjectVariables
50 0.038249425413403045 0.038249425413403045 5.620616560300184 0.926846811547209 0.07358908831574346
100 0.038249425413403045 0.038249425413403045 5.620616560300184 0.926846811547209 0.07358908831574346
150 0.038249425413403045 0.038249425413403045 5.620616560300184 0.926846811547209 0.07358908831574346
200 0.038249425413403045 0.038249425413403045 5.620616560300184 0.926846811547209 0.07358908831574346
250 0.038249425413403045 0.038249425413403045 5.620616560300184 0.926846811547209 0.07358908831574346
300 0.02929483722249895 0.02929483722249895 5.390509639558675 0.8273855521262421 0.06921566315509277
350 0.028644500407936535 0.028644500407936535 10.641179847237416 0.556728571543537 0.06379770644801963
400 0.028644500407936535 0.028644500407936535 10.641179847237416 0.556728571543537 0.06379770644801963
450 0.022454302025632946 0.022454302025632946 2.040154021999689 1.0182646107603937 0.07387891246806458
500 0.01587448128634774 0.01587448128634774 13.785329291718485 0.3551415064579674 0.053213549956501564
550 0.01587448128634774 0.01587448128634774 13.785329291718485 0.3551415064579674 0.053213549956501564
600 0.01587448128634774 0.01587448128634774 13.785329291718485 0.3551415064579674 0.053213549956501564
650 0.01587448128634774 0.01587448128634774 13.785329291718485 0.3551415064579674 0.053213549956501564
700 0.01587448128634774 0.01587448128634774 13.785329291718485 0.3551415064579674 0.053213549956501564
750 0.01587448128634774 0.01587448128634774 13.785329291718485 0.3551415064579674 0.053213549956501564
800 0.01587448128634774 0.01587448128634774 13.785329291718485 0.3551415064579674 0.053213549956501564
850 0.01587448128634774 0.01587448128634774 13.785329291718485 0.3551415064579674 0.053213549956501564
900 0.015706246145782917 0.015706246145782917 5.625606960075452 0.563583702056734 0.06045326735266826
950 0.015706246145782917 0.015706246145782917 5.625606960075452 0.563583702056734 0.06045326735266826
1000 0.015706246145782917 0.015706246145782917 5.625606960075452 0.563583702056734 0.06045326735266826
1050 0.014961289902441019 0.014961289902441019 8.371646345699041 0.4582903429145157 0.05610354662314905
1100 0.014961289902441019 0.014961289902441019 8.371646345699041 0.4582903429145157 0.05610354662314905
1150 0.014961289902441019 0.014961289902441019 8.371646345699041 0.4582903429145157 0.05610354662314905
1200 0.014961289902441019 0.014961289902441019 8.371646345699041 0.4582903429145157 0.05610354662314905
1250 0.01452198401982799 0.01452198401982799 11.215766953666016 0.3878749604100526 0.05322564331529433
1300 0.01452198401982799 0.01452198401982799 11.215766953666016 0.3878749604100526 0.05322564331529433
1350 0.013953676279564897 0.013953676279564897 6.011459596244993 0.5189941383641146 0.057930499319415796
1400 0.013953676279564897 0.013953676279564897 6.011459596244993 0.5189941383641146 0.057930499319415796
1450 0.013953676279564897 0.013953676279564897 6.011459596244993 0.5189941383641146 0.057930499319415796
1500 0.013623301779114807 0.013623301779114807 8.582948172235385 0.42915918849659873 0.05476822250682537
1550 0.01354288507288262 0.01354288507288262 8.294176188937772 0.43405654794678994 0.05505371646772411
1600 0.012865163671434443 0.012865163671434443 11.435333418445992 0.35647096232583186 0.05182882394119506
1650 0.012865163671434443 0.012865163671434443 11.435333418445992 0.35647096232583186 0.05182882394119506
1700 0.012865163671434443 0.012865163671434443 11.435333418445992 0.35647096232583186 0.05182882394119506
1750 0.012865163671434443 0.012865163671434443 11.435333418445992 0.35647096232583186 0.05182882394119506
1800 0.012865163671434443 0.012865163671434443 11.435333418445992 0.35647096232583186 0.05182882394119506
1850 0.012865163671434443 0.012865163671434443 11.435333418445992 0.35647096232583186 0.05182882394119506
1900 0.012865163671434443 0.012865163671434443 11.435333418445992 0.35647096232583186 0.05182882394119506
1950 0.012865163671434443 0.012865163671434443 11.435333418445992 0.35647096232583186 0.05182882394119506
2000 0.012865163671434443 0.012865163671434443 11.435333418445992 0.35647096232583186 0.05182882394119506
2050 0.012865163671434443 0.012865163671434443 11.435333418445992 0.35647096232583186 0.05182882394119506
2100 0.012865163671434443 0.012865163671434443 11.435333418445992 0.35647096232583186 0.05182882394119506
2150 0.012865163671434443 0.012865163671434443 11.435333418445992 0.35647096232583186 0.05182882394119506
2200 0.012865163671434443 0.012865163671434443 11.435333418445992 0.35647096232583186 0.05182882394119506
2250 0.012865163671434443 0.012865163671434443 11.435333418445992 0.35647096232583186 0.05182882394119506
2300 0.012865163671434443 0.012865163671434443 11.435333418445992 0.35647096232583186 0.05182882394119506
2350 0.012865163671434443 0.012865163671434443 11.435333418445992 0.35647096232583186 0.05182882394119506
2400 0.012865163671434443 0.012865163671434443 11.435333418445992 0.35647096232583186 0.05182882394119506
2450 0.012825146678014336 0.012825146678014336 10.95152579404823 0.3645435584613357 0.05211898971375338
2500 0.012825146678014336 0.012825146678014336 10.95152579404823 0.3645435584613357 0.05211898971375338
2550 0.012825146678014336 0.012825146678014336 10.95152579404823 0.3645435584613357 0.05211898971375338
2600 0.012825146678014336 0.012825146678014336 10.95152579404823 0.3645435584613357 0.05211898971375338
2650 0.012825146678014336 0.012825146678014336 10.95152579404823 0.3645435584613357 0.05211898971375338
2700 0.01280398492654901 0.01280398492654901 11.369187869238454 0.3569886468791654 0.05179559920651319
2750 0.01280398492654901 0.01280398492654901 11.369187869238454 0.3569886468791654 0.05179559920651319
2800 0.01272432420056552 0.01272432420056552 11.256093920951132 0.35797698233680403 0.051782382138902114
2850 0.01272432420056552 0.01272432420056552 11.256093920951132 0.35797698233680403 0.051782382138902114
2900 0.01272432420056552 0.01272432420056552 11.256093920951132 0.35797698233680403 0.051782382138902114
2950 0.01272432420056552 0.01272432420056552 11.256093920951132 0.35797698233680403 0.051782382138902114
3000 0.01272432420056552 0.01272432420056552 11.256093920951132 0.35797698233680403 0.051782382138902114
3050 0.01272432420056552 0.01272432420056552 11.256093920951132 0.35797698233680403 0.051782382138902114
3100 0.01272432420056552 0.01272432420056552 11.256093920951132 0.35797698233680403 0.051782382138902114
3150 0.01272432420056552 0.01272432420056552 11.256093920951132 0.35797698233680403 0.051782382138902114
3200 0.01272432420056552 0.01272432420056552 11.256093920951132 0.35797698233680403 0.051782382138902114
3250 0.01272432420056552 0.01272432420056552 11.256093920951132 0.35797698233680403 0.051782382138902114
3300 0.012682420880938943 0.012682420880938943 10.680965285076795 0.3677138979593311 0.05215187195189783
3350 0.012682420880938943 0.012682420880938943 10.680965285076795 0.3677138979593311 0.05215187195189783
3400 0.012682420880938943 0.012682420880938943 10.680965285076795 0.3677138979593311 0.05215187195189783
3450 0.012682420880938943 0.012682420880938943 10.680965285076795 0.3677138979593311 0.05215187195189783
3500 0.012682420880938943 0.012682420880938943 10.680965285076795 0.3677138979593311 0.05215187195189783
3550 0.012682420880938943 0.012682420880938943 10.680965285076795 0.3677138979593311 0.05215187195189783
3600 0.012682420880938943 0.012682420880938943 10.680965285076795 0.3677138979593311 0.05215187195189783
3650 0.012682420880938943 0.012682420880938943 10.680965285076795 0.3677138979593311 0.05215187195189783
3700 0.012682420880938943 0.012682420880938943 10.680965285076795 0.3677138979593311 0.05215187195189783
3750 0.012682420880938943 0.012682420880938943 10.680965285076795 0.3677138979593311 0.05215187195189783
3800 0.012682420880938943 0.012682420880938943 10.680965285076795 0.3677138979593311 0.05215187195189783
3850 0.012682420880938943 0.012682420880938943 10.680965285076795 0.3677138979593311 0.05215187195189783
3900 0.012682420880938943 0.012682420880938943 10.680965285076795 0.3677138979593311 0.05215187195189783
3950 0.012682420880938943 0.012682420880938943 10.680965285076795 0.3677138979593311 0.05215187195189783
4000 0.012682420880938943 0.012682420880938943 10.680965285076795 0.3677138979593311 0.05215187195189783
4050 0.012682420880938943 0.012682420880938943 10.680965285076795 0.3677138979593311 0.05215187195189783
4100 0.012674805278118548 0.012674805278118548 11.082769560084262 0.36040407859763557 0.05184727714496625
4150 0.012674805278118548 0.012674805278118548 11.082769560084262 0.36040407859763557 0.05184727714496625
4200 0.012674805278118548 0.012674805278118548 11.082769560084262 0.36040407859763557 0.05184727714496625
4250 0.012674805278118548 0.012674805278118548 11.082769560084262 0.36040407859763557 0.05184727714496625
4300 0.01267096874407051 0.01267096874407051 11.885619467528013 0.34697833524885796 0.051282725767247156
4350 0.01267096874407051 0.01267096874407051 11.885619467528013 0.34697833524885796 0.051282725767247156
4400 0.01267096874407051 0.01267096874407051 11.885619467528013 0.34697833524885796 0.051282725767247156
4450 0.012669066433483627 0.012669066433483627 11.484589682760644 0.3534703133905275 0.05155573304631544
4500 0.012665901294161739 0.012665901294161739 11.060896188433796 0.3606741631541693 0.05185301868439777
4550 0.012665901294161739 0.012665901294161739 11.060896188433796 0.3606741631541693 0.05185301868439777
4600 0.012665901294161739 0.012665901294161739 11.060896188433796 0.3606741631541693 0.05185301868439777
4650 0.012665901294161739 0.012665901294161739 11.060896188433796 0.3606741631541693 0.05185301868439777
4700 0.012665901294161739 0.012665901294161739 11.060896188433796 0.3606741631541693 0.05185301868439777
4750 0.012665901294161739 0.012665901294161739 11.060896188433796 0.3606741631541693 0.05185301868439777
4800 0.012665901294161739 0.012665901294161739 11.060896188433796 0.3606741631541693 0.05185301868439777
4850 0.012665901294161739 0.012665901294161739 11.060896188433796 0.3606741631541693 0.05185301868439777
4900 0.012665901294161739 0.012665901294161739 11.060896188433796 0.3606741631541693 0.05185301868439777
4950 0.012665901294161739 0.012665901294161739 11.060896188433796 0.3606741631541693 0.05185301868439777
5000 0.012665901294161739 0.012665901294161739 11.060896188433796 0.3606741631541693 0.05185301868439777
5050 0.012665901294161739 0.012665901294161739 11.060896188433796 0.3606741631541693 0.05185301868439777
5100 0.012665901294161739 0.012665901294161739 11.060896188433796 0.3606741631541693 0.05185301868439777
5150 0.012665901294161739 0.012665901294161739 11.060896188433796 0.3606741631541693 0.05185301868439777
5200 0.012665901294161739 0.012665901294161739 11.060896188433796 0.3606741631541693 0.05185301868439777
5250 0.012665901294161739 0.012665901294161739 11.060896188433796 0.3606741631541693 0.05185301868439777
5300 0.012665901294161739 0.012665901294161739 11.060896188433796 0.3606741631541693 0.05185301868439777
5350 0.012665901294161739 0.012665901294161739 11.060896188433796 0.3606741631541693 0.05185301868439777
5400 0.012665901294161739 0.012665901294161739 11.060896188433796 0.3606741631541693 0.05185301868439777
5450 0.012665901294161739 0.012665901294161739 11.060896188433796 0.3606741631541693 0.05185301868439777
5500 0.012665901294161739 0.012665901294161739 11.060896188433796 0.3606741631541693 0.05185301868439777
5550 0.012665901294161739 0.012665901294161739 11.060896188433796 0.3606741631541693 0.05185301868439777
5600 0.012665901294161739 0.012665901294161739 11.060896188433796 0.3606741631541693 0.05185301868439777
5650 0.012665901294161739 0.012665901294161739 11.060896188433796 0.3606741631541693 0.05185301868439777
5700 0.012665901294161739 0.012665901294161739 11.060896188433796 0.3606741631541693 0.05185301868439777
5750 0.012665901294161739 0.012665901294161739 11.060896188433796 0.3606741631541693 0.05185301868439777
5800 0.012665901294161739 0.012665901294161739 11.060896188433796 0.3606741631541693 0.05185301868439777
5850 0.012665901294161739 0.012665901294161739 11.060896188433796 0.3606741631541693 0.05185301868439777
5900 0.012665901294161739 0.012665901294161739 11.060896188433796 0.3606741631541693 0.05185301868439777
5950 0.012665901294161739 0.012665901294161739 11.060896188433796 0.3606741631541693 0.05185301868439777
6000 0.012665901294161739 0.012665901294161739 11.060896188433796 0.3606741631541693 0.05185301868439777
6050 0.012665901294161739 0.012665901294161739 11.060896188433796 0.3606741631541693 0.05185301868439777
6100 0.012665901294161739 0.012665901294161739 11.060896188433796 0.3606741631541693 0.05185301868439777
6150 0.012665901294161739 0.012665901294161739 11.060896188433796 0.3606741631541693 0.05185301868439777
6200 0.012665901294161739 0.012665901294161739 11.060896188433796 0.3606741631541693 0.05185301868439777
6250 0.012665901294161739 0.012665901294161739 11.060896188433796 0.3606741631541693 0.05185301868439777
6300 0.012665901294161739 0.012665901294161739 11.060896188433796 0.3606741631541693 0.05185301868439777
6350 0.012665901294161739 0.012665901294161739 11.060896188433796 0.3606741631541693 0.05185301868439777
6400 0.012665901294161739 0.012665901294161739 11.060896188433796 0.3606741631541693 0.05185301868439777
6450 0.012665901294161739 0.012665901294161739 11.060896188433796 0.3606741631541693 0.05185301868439777
6500 0.012665901294161739 0.012665901294161739 11.060896188433796 0.3606741631541693 0.05185301868439777
6550 0.012665761386897944 0.012665761386897944 11.304018778753058 0.3564673892543913 0.05167902645447953
6600 0.01266556839943661 0.01266556839943661 11.293661556312186 0.3566418279084615 0.05168611563312091
6650 0.01266556839943661 0.01266556839943661 11.293661556312186 0.3566418279084615 0.05168611563312091
6700 0.01266556839943661 0.01266556839943661 11.293661556312186 0.3566418279084615 0.05168611563312091
6750 0.01266556839943661 0.01266556839943661 11.293661556312186 0.3566418279084615 0.05168611563312091
6800 0.01266556839943661 0.01266556839943661 11.293661556312186 0.3566418279084615 0.05168611563312091
6850 0.01266556839943661 0.01266556839943661 11.293661556312186 0.3566418279084615 0.05168611563312091
6900 0.01266556839943661 0.01266556839943661 11.293661556312186 0.3566418279084615 0.05168611563312091
6950 0.01266556839943661 0.01266556839943661 11.293661556312186 0.3566418279084615 0.05168611563312091
7000 0.01266556839943661 0.01266556839943661 11.293661556312186 0.3566418279084615 0.05168611563312091
7050 0.012665519410902588 0.012665519410902588 11.288485853539587 0.3567302553358421 0.05168967254030537
7100 0.012665519410902588 0.012665519410902588 11.288485853539587 0.3567302553358421 0.05168967254030537
7150 0.012665519410902588 0.012665519410902588 11.288485853539587 0.3567302553358421 0.05168967254030537
7200 0.012665519410902588 0.012665519410902588 11.288485853539587 0.3567302553358421 0.05168967254030537
7250 0.012665519410902588 0.012665519410902588 11.288485853539587 0.3567302553358421 0.05168967254030537
7300 0.012665519410902588 0.012665519410902588 11.288485853539587 0.3567302553358421 0.05168967254030537
7350 0.012665519410902588 0.012665519410902588 11.288485853539587 0.3567302553358421 0.05168967254030537
7400 0.012665519410902588 0.012665519410902588 11.288485853539587 0.3567302553358421 0.05168967254030537
7450 0.012665519410902588 0.012665519410902588 11.288485853539587 0.3567302553358421 0.05168967254030537
7500 0.012665519410902588 0.012665519410902588 11.288485853539587 0.3567302553358421 0.05168967254030537
7550 0.012665519410902588 0.012665519410902588 11.288485853539587 0.3567302553358421 0.05168967254030537
7600 0.012665519410902588 0.012665519410902588 11.288485853539587 0.3567302553358421 0.05168967254030537
7650 0.012665519410902588 0.012665519410902588 11.288485853539587 0.3567302553358421 0.05168967254030537
7700 0.012665519410902588 0.012665519410902588 11.288485853539587 0.3567302553358421 0.05168967254030537
7750 0.012665519410902588 0.012665519410902588 11.288485853539587 0.3567302553358421 0.05168967254030537
7800 0.012665435104493892 0.012665435104493892 11.300994730796873 0.35651615804212006 0.05168070000014732
7850 0.012665435104493892 0.012665435104493892 11.300994730796873 0.35651615804212006 0.05168070000014732
7900 0.012665394644940818 0.012665394644940818 11.206244577497532 0.35813856876986605 0.051748068985457495
7950 0.012665394644940818 0.012665394644940818 11.206244577497532 0.35813856876986605 0.051748068985457495
8000 0.012665394644940818 0.012665394644940818 11.206244577497532 0.35813856876986605 0.051748068985457495
8050 0.012665325995260015 0.012665325995260015 11.340307731518092 0.35584630729626116 0.05165281925540114
8100 0.012665325995260015 0.012665325995260015 11.340307731518092 0.35584630729626116 0.05165281925540114
8150 0.012665325995260015 0.012665325995260015 11.340307731518092 0.35584630729626116 0.05165281925540114
8200 0.012665325995260015 0.012665325995260015 11.340307731518092 0.35584630729626116 0.05165281925540114
8250 0.012665325995260015 0.012665325995260015 11.340307731518092 0.35584630729626116 0.05165281925540114
8300 0.012665325995260015 0.012665325995260015 11.340307731518092 0.35584630729626116 0.05165281925540114
8350 0.012665325995260015 0.012665325995260015 11.340307731518092 0.35584630729626116 0.05165281925540114
8400 0.012665325995260015 0.012665325995260015 11.340307731518092 0.35584630729626116 0.05165281925540114
8450 0.012665325995260015 0.012665325995260015 11.340307731518092 0.35584630729626116 0.05165281925540114
8500 0.012665325995260015 0.012665325995260015 11.340307731518092 0.35584630729626116 0.05165281925540114
8550 0.012665325995260015 0.012665325995260015 11.340307731518092 0.35584630729626116 0.05165281925540114
8600 0.012665325995260015 0.012665325995260015 11.340307731518092 0.35584630729626116 0.05165281925540114
8650 0.012665325995260015 0.012665325995260015 11.340307731518092 0.35584630729626116 0.05165281925540114
8700 0.012665325995260015 0.012665325995260015 11.340307731518092 0.35584630729626116 0.05165281925540114
8750 0.012665325995260015 0.012665325995260015 11.340307731518092 0.35584630729626116 0.05165281925540114
8800 0.012665303894766613 0.012665303894766613 11.32953936464368 0.35602846174775543 0.05166041346130946
8850 0.012665303894766613 0.012665303894766613 11.32953936464368 0.35602846174775543 0.05166041346130946
8900 0.012665303894766613 0.012665303894766613 11.32953936464368 0.35602846174775543 0.05166041346130946
8950 0.012665303894766613 0.012665303894766613 11.32953936464368 0.35602846174775543 0.05166041346130946
9000 0.012665303894766613 0.012665303894766613 11.32953936464368 0.35602846174775543 0.05166041346130946
9050 0.012665303894766613 0.012665303894766613 11.32953936464368 0.35602846174775543 0.05166041346130946
9100 0.012665303894766613 0.012665303894766613 11.32953936464368 0.35602846174775543 0.05166041346130946
9150 0.012665303894766613 0.012665303894766613 11.32953936464368 0.35602846174775543 0.05166041346130946
9200 0.012665303894766613 0.012665303894766613 11.32953936464368 0.35602846174775543 0.05166041346130946
9250 0.012665292080435946 0.012665292080435946 11.284286064042808 0.3567982886521751 0.05169244971623112
9300 0.012665292080435946 0.012665292080435946 11.284286064042808 0.3567982886521751 0.05169244971623112
9350 0.012665292080435946 0.012665292080435946 11.284286064042808 0.3567982886521751 0.05169244971623112
9400 0.012665283835750578 0.012665283835750578 11.318203343099233 0.35622070512906717 0.051668405972926795
9450 0.012665272907652795 0.012665272907652795 11.301213349505655 0.3565096736193515 0.051680414361495404
9500 0.012665272907652795 0.012665272907652795 11.301213349505655 0.3565096736193515 0.051680414361495404
9550 0.012665259241998472 0.012665259241998472 11.298933473805235 0.3565481362530913 0.051682028326352575
9600 0.012665259241998472 0.012665259241998472 11.298933473805235 0.3565481362530913 0.051682028326352575
9650 0.012665259241998472 0.012665259241998472 11.298933473805235 0.3565481362530913 0.051682028326352575
9700 0.012665255115172072 0.012665255115172072 11.297388968264897 0.3565744337394897 0.05168311535021951
9750 0.012665255115172072 0.012665255115172072 11.297388968264897 0.3565744337394897 0.05168311535021951
9800 0.012665248421079866 0.012665248421079866 11.261303659576447 0.35719062991780676 0.05170871169833229
9850 0.012665248421079866 0.012665248421079866 11.261303659576447 0.35719062991780676 0.05170871169833229
9900 0.012665248421079866 0.012665248421079866 11.261303659576447 0.35719062991780676 0.05170871169833229
9950 0.012665248421079866 0.012665248421079866 11.261303659576447 0.35719062991780676 0.05170871169833229
10000 0.012665248421079866 0.012665248421079866 11.261303659576447 0.35719062991780676 0.05170871169833229
10050 0.012665248421079866 0.012665248421079866 11.261303659576447 0.35719062991780676 0.05170871169833229
10100 0.012665248421079866 0.012665248421079866 11.261303659576447 0.35719062991780676 0.05170871169833229
10150 0.012665248421079866 0.012665248421079866 11.261303659576447 0.35719062991780676 0.05170871169833229
10200 0.012665248421079866 0.012665248421079866 11.261303659576447 0.35719062991780676 0.05170871169833229
10250 0.012665248421079866 0.012665248421079866 11.261303659576447 0.35719062991780676 0.05170871169833229
10300 0.012665248421079866 0.012665248421079866 11.261303659576447 0.35719062991780676 0.05170871169833229
10350 0.012665248421079866 0.012665248421079866 11.261303659576447 0.35719062991780676 0.05170871169833229
10400 0.012665248421079866 0.012665248421079866 11.261303659576447 0.35719062991780676 0.05170871169833229
10450 0.012665240053237149 0.012665240053237149 11.289815846620938 0.35670335760513705 0.05168846471372367
10500 0.012665240053237149 0.012665240053237149 11.289815846620938 0.35670335760513705 0.05168846471372367
10550 0.012665240053237149 0.012665240053237149 11.289815846620938 0.35670335760513705 0.05168846471372367
10600 0.012665240053237149 0.012665240053237149 11.289815846620938 0.35670335760513705 0.05168846471372367
10650 0.012665240053237149 0.012665240053237149 11.289815846620938 0.35670335760513705 0.05168846471372367
10700 0.012665237115932468 0.012665237115932468 11.280376868234763 0.3568643705072048 0.05169515808307932
10750 0.012665237115932468 0.012665237115932468 11.280376868234763 0.3568643705072048 0.05169515808307932
10800 0.012665237115932468 0.012665237115932468 11.280376868234763 0.3568643705072048 0.05169515808307932
10850 0.012665233913528568 0.012665233913528568 11.29065788728451 0.3566888980817444 0.05168786241133979
10900 0.012665233913528568 0.012665233913528568 11.29065788728451 0.3566888980817444 0.05168786241133979
10950 0.012665233913528568 0.012665233913528568 11.29065788728451 0.3566888980817444 0.05168786241133979
11000 0.012665233913528568 0.012665233913528568 11.29065788728451 0.3566888980817444 0.05168786241133979
11050 0.012665233913528568 0.012665233913528568 11.29065788728451 0.3566888980817444 0.05168786241133979
11100 0.012665233913528568 0.012665233913528568 11.29065788728451 0.3566888980817444 0.05168786241133979
11150 0.012665233913528568 0.012665233913528568 11.29065788728451 0.3566888980817444 0.05168786241133979
11200 0.012665233913528568 0.012665233913528568 11.29065788728451 0.3566888980817444 0.05168786241133979
11250 0.012665233913528568 0.012665233913528568 11.29065788728451 0.3566888980817444 0.05168786241133979
11300 0.012665233913528568 0.012665233913528568 11.29065788728451 0.3566888980817444 0.05168786241133979
11350 0.012665233913528568 0.012665233913528568 11.29065788728451 0.3566888980817444 0.05168786241133979
11400 0.012665233913528568 0.012665233913528568 11.29065788728451 0.3566888980817444 0.05168786241133979
11450 0.012665233913528568 0.012665233913528568 11.29065788728451 0.3566888980817444 0.05168786241133979
11500 0.012665233913528568 0.012665233913528568 11.29065788728451 0.3566888980817444 0.05168786241133979
11550 0.012665233913528568 0.012665233913528568 11.29065788728451 0.3566888980817444 0.05168786241133979
11600 0.012665233913528568 0.012665233913528568 11.29065788728451 0.3566888980817444 0.05168786241133979
11650 0.012665233913528568 0.012665233913528568 11.29065788728451 0.3566888980817444 0.05168786241133979
11700 0.012665233913528568 0.012665233913528568 11.29065788728451 0.3566888980817444 0.05168786241133979
11750 0.012665233913528568 0.012665233913528568 11.29065788728451 0.3566888980817444 0.05168786241133979
11800 0.012665233913528568 0.012665233913528568 11.29065788728451 0.3566888980817444 0.05168786241133979
11850 0.012665233913528568 0.012665233913528568 11.29065788728451 0.3566888980817444 0.05168786241133979
11900 0.012665233913528568 0.012665233913528568 11.29065788728451 0.3566888980817444 0.05168786241133979
11950 0.012665233913528568 0.012665233913528568 11.29065788728451 0.3566888980817444 0.05168786241133979
12000 0.012665233913528568 0.012665233913528568 11.29065788728451 0.3566888980817444 0.05168786241133979
12050 0.012665233329774058 0.012665233329774058 11.29066355781731 0.3566887903782413 0.05168785799738051
12100 0.012665233329774058 0.012665233329774058 11.29066355781731 0.3566887903782413 0.05168785799738051
12150 0.012665233329774058 0.012665233329774058 11.29066355781731 0.3566887903782413 0.05168785799738051
12200 0.012665233329774058 0.012665233329774058 11.29066355781731 0.3566887903782413 0.05168785799738051
12250 0.012665233329774058 0.012665233329774058 11.29066355781731 0.3566887903782413 0.05168785799738051
12300 0.012665233329774058 0.012665233329774058 11.29066355781731 0.3566887903782413 0.05168785799738051
12350 0.012665233329774058 0.012665233329774058 11.29066355781731 0.3566887903782413 0.05168785799738051
12400 0.012665233329774058 0.012665233329774058 11.29066355781731 0.3566887903782413 0.05168785799738051
12450 0.012665233329774058 0.012665233329774058 11.29066355781731 0.3566887903782413 0.05168785799738051
12500 0.012665233329774058 0.012665233329774058 11.29066355781731 0.3566887903782413 0.05168785799738051
12550 0.012665233329774058 0.012665233329774058 11.29066355781731 0.3566887903782413 0.05168785799738051
12600 0.012665233329774058 0.012665233329774058 11.29066355781731 0.3566887903782413 0.05168785799738051
12650 0.012665233191643982 0.012665233191643982 11.287578484958733 0.3567414100173552 0.0516900451555177
12700 0.012665233191643982 0.012665233191643982 11.287578484958733 0.3567414100173552 0.0516900451555177
12750 0.012665233191643982 0.012665233191643982 11.287578484958733 0.3567414100173552 0.0516900451555177
12800 0.012665233191643982 0.012665233191643982 11.287578484958733 0.3567414100173552 0.0516900451555177
12850 0.012665233191643982 0.012665233191643982 11.287578484958733 0.3567414100173552 0.0516900451555177
12900 0.012665233191643982 0.012665233191643982 11.287578484958733 0.3567414100173552 0.0516900451555177
12950 0.012665233191643982 0.012665233191643982 11.287578484958733 0.3567414100173552 0.0516900451555177
13000 0.012665233026484231 0.012665233026484231 11.290437669194391 0.35669263934149537 0.05168801775129558
13050 0.012665232934594518 0.012665232934594518 11.28652873694264 0.3567593163720632 0.05169078929275459
13100 0.012665232934594518 0.012665232934594518 11.28652873694264 0.3567593163720632 0.05169078929275459
13150 0.012665232934594518 0.012665232934594518 11.28652873694264 0.3567593163720632 0.05169078929275459
13200 0.012665232934594518 0.012665232934594518 11.28652873694264 0.3567593163720632 0.05169078929275459
13250 0.012665232934594518 0.012665232934594518 11.28652873694264 0.3567593163720632 0.05169078929275459
13300 0.012665232934594518 0.012665232934594518 11.28652873694264 0.3567593163720632 0.05169078929275459
13350 0.012665232934594518 0.012665232934594518 11.28652873694264 0.3567593163720632 0.05169078929275459
13400 0.012665232934594518 0.012665232934594518 11.28652873694264 0.3567593163720632 0.05169078929275459
13450 0.012665232934594518 0.012665232934594518 11.28652873694264 0.3567593163720632 0.05169078929275459
13500 0.012665232934594518 0.012665232934594518 11.28652873694264 0.3567593163720632 0.05169078929275459
13550 0.012665232934594518 0.012665232934594518 11.28652873694264 0.3567593163720632 0.05169078929275459
13600 0.012665232934594518 0.012665232934594518 11.28652873694264 0.3567593163720632 0.05169078929275459
13650 0.012665232934594518 0.012665232934594518 11.28652873694264 0.3567593163720632 0.05169078929275459
13700 0.012665232905221051 0.012665232905221051 11.290008548369446 0.3566999554464237 0.051688321888229714
13750 0.012665232905221051 0.012665232905221051 11.290008548369446 0.3566999554464237 0.051688321888229714
13800 0.012665232905221051 0.012665232905221051 11.290008548369446 0.3566999554464237 0.051688321888229714
13850 0.012665232905221051 0.012665232905221051 11.290008548369446 0.3566999554464237 0.051688321888229714
13900 0.012665232873094668 0.012665232873094668 11.287299155420083 0.3567461713175448 0.05169024287988074
13950 0.012665232873094668 0.012665232873094668 11.287299155420083 0.3567461713175448 0.05169024287988074
14000 0.012665232873094668 0.012665232873094668 11.287299155420083 0.3567461713175448 0.05169024287988074
14050 0.012665232873094668 0.012665232873094668 11.287299155420083 0.3567461713175448 0.05169024287988074
14100 0.012665232873094668 0.012665232873094668 11.287299155420083 0.3567461713175448 0.05169024287988074
14150 0.012665232873094668 0.012665232873094668 11.287299155420083 0.3567461713175448 0.05169024287988074
14200 0.012665232873094668 0.012665232873094668 11.287299155420083 0.3567461713175448 0.05169024287988074
14250 0.012665232873094668 0.012665232873094668 11.287299155420083 0.3567461713175448 0.05169024287988074
14300 0.012665232873094668 0.012665232873094668 11.287299155420083 0.3567461713175448 0.05169024287988074
14350 0.012665232873094668 0.012665232873094668 11.287299155420083 0.3567461713175448 0.05169024287988074
14400 0.012665232873094668 0.012665232873094668 11.287299155420083 0.3567461713175448 0.05169024287988074
14450 0.012665232855938676 0.012665232855938676 11.289251751258382 0.35671286276380587 0.05168885835995553
14500 0.012665232855938676 0.012665232855938676 11.289251751258382 0.35671286276380587 0.05168885835995553
14550 0.012665232855938676 0.012665232855938676 11.289251751258382 0.35671286276380587 0.05168885835995553
14600 0.012665232845964297 0.012665232845964297 11.289865388755942 0.35670239629281547 0.0516884233142522
14650 0.012665232845964297 0.012665232845964297 11.289865388755942 0.35670239629281547 0.0516884233142522
14700 0.012665232845964297 0.012665232845964297 11.289865388755942 0.35670239629281547 0.0516884233142522
14750 0.012665232845964297 0.012665232845964297 11.289865388755942 0.35670239629281547 0.0516884233142522
14800 0.012665232845964297 0.012665232845964297 11.289865388755942 0.35670239629281547 0.0516884233142522
14850 0.012665232845964297 0.012665232845964297 11.289865388755942 0.35670239629281547 0.0516884233142522
14900 0.012665232845964297 0.012665232845964297 11.289865388755942 0.35670239629281547 0.0516884233142522
14950 0.012665232814947526 0.012665232814947526 11.288052566434931 0.3567333172571793 0.05168970859842323
15000 0.012665232814947526 0.012665232814947526 11.288052566434931 0.3567333172571793 0.05168970859842323
15050 0.012665232810319326 0.012665232810319326 11.288676174588787 0.35672267952261155 0.05168926642182541
15100 0.012665232810319326 0.012665232810319326 11.288676174588787 0.35672267952261155 0.05168926642182541
15150 0.012665232810319326 0.012665232810319326 11.288676174588787 0.35672267952261155 0.05168926642182541
15200 0.012665232810319326 0.012665232810319326 11.288676174588787 0.35672267952261155 0.05168926642182541
15250 0.012665232807038247 0.012665232807038247 11.288062630604948 0.3567331454589423 0.05168970145434638
15300 0.012665232807038247 0.012665232807038247 11.288062630604948 0.3567331454589423 0.05168970145434638
15350 0.012665232807038247 0.012665232807038247 11.288062630604948 0.3567331454589423 0.05168970145434638
15400 0.012665232805722489 0.012665232805722489 11.288124444249622 0.35673209103575926 0.05168965761812222
15450 0.012665232805722489 0.012665232805722489 11.288124444249622 0.35673209103575926 0.05168965761812222
15500 0.012665232805722489 0.012665232805722489 11.288124444249622 0.35673209103575926 0.05168965761812222
15550 0.012665232805722489 0.012665232805722489 11.288124444249622 0.35673209103575926 0.05168965761812222
15600 0.012665232805722489 0.012665232805722489 11.288124444249622 0.35673209103575926 0.05168965761812222
15650 0.012665232805722489 0.012665232805722489 11.288124444249622 0.35673209103575926 0.05168965761812222
15700 0.012665232805722489 0.012665232805722489 11.288124444249622 0.35673209103575926 0.05168965761812222
15750 0.012665232805722489 0.012665232805722489 11.288124444249622 0.35673209103575926 0.05168965761812222
15800 0.012665232800840311 0.012665232800840311 11.288087783116662 0.35673271633680026 0.051689683610286606
15850 0.012665232800840311 0.012665232800840311 11.288087783116662 0.35673271633680026 0.051689683610286606
15900 0.012665232800840311 0.012665232800840311 11.288087783116662 0.35673271633680026 0.051689683610286606
15950 0.012665232800840311 0.012665232800840311 11.288087783116662 0.35673271633680026 0.051689683610286606
16000 0.012665232800840311 0.012665232800840311 11.288087783116662 0.35673271633680026 0.051689683610286606
16050 0.012665232800840311 0.012665232800840311 11.288087783116662 0.35673271633680026 0.051689683610286606
16100 0.012665232800840311 0.012665232800840311 11.288087783116662 0.35673271633680026 0.051689683610286606
16150 0.012665232800840311 0.012665232800840311 11.288087783116662 0.35673271633680026 0.051689683610286606
16200 0.012665232800840311 0.012665232800840311 11.288087783116662 0.35673271633680026 0.051689683610286606
16250 0.012665232800840311 0.012665232800840311 11.288087783116662 0.35673271633680026 0.051689683610286606
16300 0.012665232800840311 0.012665232800840311 11.288087783116662 0.35673271633680026 0.051689683610286606
16350 0.012665232800840311 0.012665232800840311 11.288087783116662 0.35673271633680026 0.051689683610286606
16400 0.012665232800840311 0.012665232800840311 11.288087783116662 0.35673271633680026 0.051689683610286606
16450 0.012665232799239472 0.012665232799239472 11.289171120347529 0.3567142369955459 0.051688915487538005
16500 0.012665232799239472 0.012665232799239472 11.289171120347529 0.3567142369955459 0.051688915487538005
16550 0.012665232792576142 0.012665232792576142 11.288645859787598 0.3567231963687408 0.05168928789819308
16600 0.012665232792576142 0.012665232792576142 11.288645859787598 0.3567231963687408 0.05168928789819308
16650 0.012665232792576142 0.012665232792576142 11.288645859787598 0.3567231963687408 0.05168928789819308
16700 0.012665232792576142 0.012665232792576142 11.288645859787598 0.3567231963687408 0.05168928789819308
16750 0.012665232792576142 0.012665232792576142 11.288645859787598 0.3567231963687408 0.05168928789819308
16800 0.012665232792576142 0.012665232792576142 11.288645859787598 0.3567231963687408 0.05168928789819308
16850 0.012665232792576142 0.012665232792576142 11.288645859787598 0.3567231963687408 0.05168928789819308
16900 0.01266523279252586 0.01266523279252586 11.288484803541488 0.3567259436489432 0.051689402092977364
16950 0.01266523279252586 0.01266523279252586 11.288484803541488 0.3567259436489432 0.051689402092977364
17000 0.01266523279252586 0.01266523279252586 11.288484803541488 0.3567259436489432 0.051689402092977364
17050 0.01266523279252586 0.01266523279252586 11.288484803541488 0.3567259436489432 0.051689402092977364
17100 0.01266523279252586 0.01266523279252586 11.288484803541488 0.3567259436489432 0.051689402092977364
17150 0.01266523279252586 0.01266523279252586 11.288484803541488 0.3567259436489432 0.051689402092977364
17200 0.01266523279252586 0.01266523279252586 11.288484803541488 0.3567259436489432 0.051689402092977364
17250 0.01266523279252586 0.01266523279252586 11.288484803541488 0.3567259436489432 0.051689402092977364
17300 0.01266523279252586 0.01266523279252586 11.288484803541488 0.3567259436489432 0.051689402092977364
17350 0.01266523279252586 0.01266523279252586 11.288484803541488 0.3567259436489432 0.051689402092977364
17400 0.01266523279252586 0.01266523279252586 11.288484803541488 0.3567259436489432 0.051689402092977364
17450 0.01266523279252586 0.01266523279252586 11.288484803541488 0.3567259436489432 0.051689402092977364
17500 0.01266523279252586 0.01266523279252586 11.288484803541488 0.3567259436489432 0.051689402092977364
17550 0.01266523279252586 0.01266523279252586 11.288484803541488 0.3567259436489432 0.051689402092977364
17600 0.01266523279252586 0.01266523279252586 11.288484803541488 0.3567259436489432 0.051689402092977364
17650 0.01266523278991855 0.01266523278991855 11.288991112057081 0.3567173072545083 0.05168904310309954
17700 0.01266523278991855 0.01266523278991855 11.288991112057081 0.3567173072545083 0.05168904310309954
17750 0.01266523278991855 0.01266523278991855 11.288991112057081 0.3567173072545083 0.05168904310309954
17800 0.012665232789759538 0.012665232789759538 11.289077453662838 0.3567158345294729 0.051688981886211516
17850 0.01266523278969826 0.01266523278969826 11.288800380876392 0.35672056058067514 0.05168917833518221
17900 0.01266523278969826 0.01266523278969826 11.288800380876392 0.35672056058067514 0.05168917833518221
17950 0.01266523278969826 0.01266523278969826 11.288800380876392 0.35672056058067514 0.05168917833518221
18000 0.01266523278969826 0.01266523278969826 11.288800380876392 0.35672056058067514 0.05168917833518221
18050 0.01266523278969826 0.01266523278969826 11.288800380876392 0.35672056058067514 0.05168917833518221
18100 0.01266523278969826 0.01266523278969826 11.288800380876392 0.35672056058067514 0.05168917833518221
18150 0.01266523278969826 0.01266523278969826 11.288800380876392 0.35672056058067514 0.05168917833518221
18200 0.01266523278969826 0.01266523278969826 11.288800380876392 0.35672056058067514 0.05168917833518221
18250 0.01266523278969826 0.01266523278969826 11.288800380876392 0.35672056058067514 0.05168917833518221
18300 0.01266523278969826 0.01266523278969826 11.288800380876392 0.35672056058067514 0.05168917833518221
18350 0.01266523278969826 0.01266523278969826 11.288800380876392 0.35672056058067514 0.05168917833518221
18400 0.01266523278969826 0.01266523278969826 11.288800380876392 0.35672056058067514 0.05168917833518221
18450 0.012665232789032099 0.012665232789032099 11.288999497000148 0.3567171642146487 0.05168903715758236
18500 0.012665232789032099 0.012665232789032099 11.288999497000148 0.3567171642146487 0.05168903715758236
18550 0.012665232788763263 0.012665232788763263 11.288845310607009 0.35671979418563493 0.05168914647807593
18600 0.012665232788763263 0.012665232788763263 11.288845310607009 0.35671979418563493 0.05168914647807593
18650 0.012665232788763263 0.012665232788763263 11.288845310607009 0.35671979418563493 0.05168914647807593
18700 0.012665232788763263 0.012665232788763263 11.288845310607009 0.35671979418563493 0.05168914647807593
18750 0.012665232788763263 0.012665232788763263 11.288845310607009 0.35671979418563493 0.05168914647807593
18800 0.012665232788763263 0.012665232788763263 11.288845310607009 0.35671979418563493 0.05168914647807593
18850 0.012665232788434101 0.012665232788434101 11.288911251955902 0.3567186694060314 0.05168909972400753
18900 0.012665232788434101 0.012665232788434101 11.288911251955902 0.3567186694060314 0.05168909972400753
18950 0.012665232788434101 0.012665232788434101 11.288911251955902 0.3567186694060314 0.05168909972400753
19000 0.012665232788434101 0.012665232788434101 11.288911251955902 0.3567186694060314 0.05168909972400753
19050 0.012665232788434101 0.012665232788434101 11.288911251955902 0.3567186694060314 0.05168909972400753
19100 0.012665232788434101 0.012665232788434101 11.288911251955902 0.3567186694060314 0.05168909972400753
19150 0.012665232788434101 0.012665232788434101 11.288911251955902 0.3567186694060314 0.05168909972400753
19200 0.012665232788434101 0.012665232788434101 11.288911251955902 0.3567186694060314 0.05168909972400753
19250 0.012665232788434101 0.012665232788434101 11.288911251955902 0.3567186694060314 0.05168909972400753
19300 0.012665232788434101 0.012665232788434101 11.288911251955902 0.3567186694060314 0.05168909972400753
19350 0.012665232788434101 0.012665232788434101 11.288911251955902 0.3567186694060314 0.05168909972400753
19400 0.012665232788434101 0.012665232788434101 11.288911251955902 0.3567186694060314 0.05168909972400753
19450 0.012665232788434101 0.012665232788434101 11.288911251955902 0.3567186694060314 0.05168909972400753
19500 0.012665232788434101 0.012665232788434101 11.288911251955902 0.3567186694060314 0.05168909972400753
19550 0.012665232788434101 0.012665232788434101 11.288911251955902 0.3567186694060314 0.05168909972400753
19600 0.012665232788434101 0.012665232788434101 11.288911251955902 0.3567186694060314 0.05168909972400753
19650 0.012665232788408929 0.012665232788408929 11.28894332020232 0.35671812241460144 0.05168907698703885
19700 0.012665232788408929 0.012665232788408929 11.28894332020232 0.35671812241460144 0.05168907698703885
19750 0.012665232788396433 0.012665232788396433 11.28903457243975 0.35671656592726575 0.05168901228803641
19800 0.012665232788396433 0.012665232788396433 11.28903457243975 0.35671656592726575 0.05168901228803641
19850 0.012665232788396433 0.012665232788396433 11.28903457243975 0.35671656592726575 0.05168901228803641
19900 0.012665232788396433 0.012665232788396433 11.28903457243975 0.35671656592726575 0.05168901228803641
19950 0.012665232788396433 0.012665232788396433 11.28903457243975 0.35671656592726575 0.05168901228803641
20000 0.012665232788396433 0.012665232788396433 11.28903457243975 0.35671656592726575 0.05168901228803641
20050 0.012665232788396433 0.012665232788396433 11.28903457243975 0.35671656592726575 0.05168901228803641
20100 0.012665232788334637 0.012665232788334637 11.289001429068087 0.3567171312499383 0.05168903578698982
20150 0.012665232788334637 0.012665232788334637 11.289001429068087 0.3567171312499383 0.05168903578698982
20200 0.012665232788334637 0.012665232788334637 11.289001429068087 0.3567171312499383 0.05168903578698982
20250 0.012665232788334637 0.012665232788334637 11.289001429068087 0.3567171312499383 0.05168903578698982
20300 0.012665232788334637 0.012665232788334637 11.289001429068087 0.3567171312499383 0.05168903578698982
20350 0.012665232788334637 0.012665232788334637 11.289001429068087 0.3567171312499383 0.05168903578698982
20400 0.012665232788334637 0.012665232788334637 11.289001429068087 0.3567171312499383 0.05168903578698982
20450 0.012665232788334637 0.012665232788334637 11.289001429068087 0.3567171312499383 0.05168903578698982
20500 0.012665232788334637 0.012665232788334637 11.289001429068087 0.3567171312499383 0.05168903578698982
20550 0.012665232788334637 0.012665232788334637 11.289001429068087 0.3567171312499383 0.05168903578698982
20600 0.012665232788334637 0.012665232788334637 11.289001429068087 0.3567171312499383 0.05168903578698982
20650 0.012665232788334637 0.012665232788334637 11.289001429068087 0.3567171312499383 0.05168903578698982
20700 0.012665232788334637 0.012665232788334637 11.289001429068087 0.3567171312499383 0.05168903578698982
20750 0.012665232788334637 0.012665232788334637 11.289001429068087 0.3567171312499383 0.05168903578698982
20800 0.012665232788334637 0.012665232788334637 11.289001429068087 0.3567171312499383 0.05168903578698982
20850 0.012665232788334549 0.012665232788334549 11.288960383136912 0.35671783136987145 0.05168906488910848
20900 0.012665232788332828 0.012665232788332828 11.288971326435995 0.3567176447097714 0.05168905713015076
20950 0.012665232788332828 0.012665232788332828 11.288971326435995 0.3567176447097714 0.05168905713015076
21000 0.012665232788332828 0.012665232788332828 11.288971326435995 0.3567176447097714 0.05168905713015076
21050 0.012665232788332828 0.012665232788332828 11.288971326435995 0.3567176447097714 0.05168905713015076
21100 0.012665232788332828 0.012665232788332828 11.288971326435995 0.3567176447097714 0.05168905713015076
21150 0.012665232788332828 0.012665232788332828 11.288971326435995 0.3567176447097714 0.05168905713015076
21200 0.012665232788332828 0.012665232788332828 11.288971326435995 0.3567176447097714 0.05168905713015076
21250 0.012665232788332828 0.012665232788332828 11.288971326435995 0.3567176447097714 0.05168905713015076
21300 0.012665232788332828 0.012665232788332828 11.288971326435995 0.3567176447097714 0.05168905713015076
21350 0.012665232788332828 0.012665232788332828 11.288971326435995 0.3567176447097714 0.05168905713015076
21400 0.012665232788332828 0.012665232788332828 11.288971326435995 0.3567176447097714 0.05168905713015076
21450 0.012665232788332828 0.012665232788332828 11.288971326435995 0.3567176447097714 0.05168905713015076
21500 0.01266523278833057 0.01266523278833057 11.288948263144016 0.356718038101106 0.051689073482359744
21550 0.01266523278833057 0.01266523278833057 11.288948263144016 0.356718038101106 0.051689073482359744
21600 0.01266523278833057 0.01266523278833057 11.288948263144016 0.356718038101106 0.051689073482359744
21650 0.01266523278833057 0.01266523278833057 11.288948263144016 0.356718038101106 0.051689073482359744
21700 0.01266523278833057 0.01266523278833057 11.288948263144016 0.356718038101106 0.051689073482359744
21750 0.01266523278833057 0.01266523278833057 11.288948263144016 0.356718038101106 0.051689073482359744
21800 0.01266523278833057 0.01266523278833057 11.288948263144016 0.356718038101106 0.051689073482359744
21850 0.01266523278833057 0.01266523278833057 11.288948263144016 0.356718038101106 0.051689073482359744
21900 0.01266523278833057 0.01266523278833057 11.288948263144016 0.356718038101106 0.051689073482359744
21950 0.01266523278833057 0.01266523278833057 11.288948263144016 0.356718038101106 0.051689073482359744
22000 0.01266523278833057 0.01266523278833057 11.288948263144016 0.356718038101106 0.051689073482359744
22050 0.01266523278833057 0.01266523278833057 11.288948263144016 0.356718038101106 0.051689073482359744
22100 0.01266523278833057 0.01266523278833057 11.288948263144016 0.356718038101106 0.051689073482359744
22150 0.01266523278833057 0.01266523278833057 11.288948263144016 0.356718038101106 0.051689073482359744
22200 0.01266523278833057 0.01266523278833057 11.288948263144016 0.356718038101106 0.051689073482359744
22250 0.01266523278833057 0.01266523278833057 11.288948263144016 0.356718038101106 0.051689073482359744
22300 0.01266523278833057 0.01266523278833057 11.288948263144016 0.356718038101106 0.051689073482359744
22350 0.01266523278833057 0.01266523278833057 11.288948263144016 0.356718038101106 0.051689073482359744
22400 0.012665232788330122 0.012665232788330122 11.288969614618194 0.3567176739082331 0.051689058343850486
22450 0.01266523278832707 0.01266523278832707 11.288972082513164 0.35671763181328237 0.05168905659407514
22500 0.01266523278832707 0.01266523278832707 11.288972082513164 0.35671763181328237 0.05168905659407514
22550 0.01266523278832707 0.01266523278832707 11.288972082513164 0.35671763181328237 0.05168905659407514
22600 0.012665232788325825 0.012665232788325825 11.288977628175465 0.35671753722091376 0.05168905266212154
22650 0.012665232788325825 0.012665232788325825 11.288977628175465 0.35671753722091376 0.05168905266212154
22700 0.012665232788325825 0.012665232788325825 11.288977628175465 0.35671753722091376 0.05168905266212154
22750 0.012665232788325825 0.012665232788325825 11.288977628175465 0.35671753722091376 0.05168905266212154
22800 0.012665232788325825 0.012665232788325825 11.288977628175465 0.35671753722091376 0.05168905266212154
22850 0.012665232788325825 0.012665232788325825 11.288977628175465 0.35671753722091376 0.05168905266212154
22900 0.012665232788324687 0.012665232788324687 11.28897905494165 0.35671751288455467 0.05168905165052385
22950 0.012665232788324687 0.012665232788324687 11.28897905494165 0.35671751288455467 0.05168905165052385
23000 0.012665232788324687 0.012665232788324687 11.28897905494165 0.35671751288455467 0.05168905165052385
23050 0.012665232788323526 0.012665232788323526 11.28897846526185 0.3567175229427054 0.05168905206861343
23100 0.012665232788323526 0.012665232788323526 11.28897846526185 0.3567175229427054 0.05168905206861343
23150 0.012665232788323526 0.012665232788323526 11.28897846526185 0.3567175229427054 0.05168905206861343
23200 0.012665232788323526 0.012665232788323526 11.28897846526185 0.3567175229427054 0.05168905206861343
23250 0.012665232788321221 0.012665232788321221 11.288965773871002 0.35671773941981577 0.05168906106698437
23300 0.012665232788321221 0.012665232788321221 11.288965773871002 0.35671773941981577 0.05168906106698437
23350 0.012665232788320534 0.012665232788320534 11.288970914523045 0.3567176517356255 0.05168905742218852
23400 0.012665232788320534 0.012665232788320534 11.288970914523045 0.3567176517356255 0.05168905742218852
23450 0.012665232788320534 0.012665232788320534 11.288970914523045 0.3567176517356255 0.05168905742218852
23500 0.012665232788320534 0.012665232788320534 11.288970914523045 0.3567176517356255 0.05168905742218852
23550 0.012665232788320534 0.012665232788320534 11.288970914523045 0.3567176517356255 0.05168905742218852
23600 0.012665232788320534 0.012665232788320534 11.288970914523045 0.3567176517356255 0.05168905742218852
23650 0.012665232788320534 0.012665232788320534 11.288970914523045 0.3567176517356255 0.05168905742218852
23700 0.012665232788320534 0.012665232788320534 11.288970914523045 0.3567176517356255 0.05168905742218852
23750 0.012665232788320534 0.012665232788320534 11.288970914523045 0.3567176517356255 0.05168905742218852
23800 0.012665232788320335 0.012665232788320335 11.288968772957649 0.3567176882643335 0.051689058940588055
23850 0.012665232788320335 0.012665232788320335 11.288968772957649 0.3567176882643335 0.051689058940588055
23900 0.012665232788320335 0.012665232788320335 11.288968772957649 0.3567176882643335 0.051689058940588055
23950 0.012665232788320335 0.012665232788320335 11.288968772957649 0.3567176882643335 0.051689058940588055
24000 0.012665232788320335 0.012665232788320335 11.288968772957649 0.3567176882643335 0.051689058940588055
24050 0.012665232788320335 0.012665232788320335 11.288968772957649 0.3567176882643335 0.051689058940588055
24100 0.012665232788320335 0.012665232788320335 11.288968772957649 0.3567176882643335 0.051689058940588055
24150 0.012665232788320335 0.012665232788320335 11.288968772957649 0.3567176882643335 0.051689058940588055
24200 0.012665232788320335 0.012665232788320335 11.288968772957649 0.3567176882643335 0.051689058940588055
24250 0.01266523278832031 0.01266523278832031 11.288966618202952 0.35671772501801724 0.05168906046833993
24300 0.01266523278832031 0.01266523278832031 11.288966618202952 0.35671772501801724 0.05168906046833993
24350 0.012665232788320008 0.012665232788320008 11.288967819756412 0.3567177045230958 0.051689059616421
24400 0.012665232788320008 0.012665232788320008 11.288967819756412 0.3567177045230958 0.051689059616421
24450 0.012665232788320008 0.012665232788320008 11.288967819756412 0.3567177045230958 0.051689059616421
24500 0.012665232788320008 0.012665232788320008 11.288967819756412 0.3567177045230958 0.051689059616421
24550 0.012665232788320008 0.012665232788320008 11.288967819756412 0.3567177045230958 0.051689059616421
24600 0.012665232788320008 0.012665232788320008 11.288967819756412 0.3567177045230958 0.051689059616421
24650 0.012665232788320008 0.012665232788320008 11.288967819756412 0.3567177045230958 0.051689059616421
24700 0.012665232788320008 0.012665232788320008 11.288967819756412 0.3567177045230958 0.051689059616421
24750 0.012665232788320008 0.012665232788320008 11.288967819756412 0.3567177045230958 0.051689059616421
24800 0.012665232788320008 0.012665232788320008 11.288967819756412 0.3567177045230958 0.051689059616421
24850 0.012665232788320008 0.012665232788320008 11.288967819756412 0.3567177045230958 0.051689059616421
24900 0.012665232788319892 0.012665232788319892 11.288966035815175 0.3567177349518101 0.05168906088126084
24950 0.012665232788319892 0.012665232788319892 11.288966035815175 0.3567177349518101 0.05168906088126084
25000 0.012665232788319892 0.012665232788319892 11.288966035815175 0.3567177349518101 0.05168906088126084
25050 0.01266523278831964 0.01266523278831964 11.288967968759284 0.3567177019815454 0.051689059510775535
25100 0.01266523278831964 0.01266523278831964 11.288967968759284 0.3567177019815454 0.051689059510775535
25150 0.01266523278831964 0.01266523278831964 11.288967968759284 0.3567177019815454 0.051689059510775535
25200 0.012665232788319627 0.012665232788319627 11.288967521776556 0.3567177096057368 0.051689059827692646
25250 0.012665232788319627 0.012665232788319627 11.288967521776556 0.3567177096057368 0.051689059827692646
25300 0.012665232788319627 0.012665232788319627 11.288967521776556 0.3567177096057368 0.051689059827692646
25350 0.012665232788319627 0.012665232788319627 11.288967521776556 0.3567177096057368 0.051689059827692646
25400 0.012665232788319545 0.012665232788319545 11.2889685589277 0.356717691915032 0.05168905909233768
25450 0.01266523278831954 0.01266523278831954 11.288968721325366 0.3567176891450126 0.051689058977195425
25500 0.01266523278831954 0.01266523278831954 11.288968721325366 0.3567176891450126 0.051689058977195425
25550 0.01266523278831954 0.01266523278831954 11.288968721325366 0.3567176891450126 0.051689058977195425
25600 0.01266523278831954 0.01266523278831954 11.288968721325366 0.3567176891450126 0.051689058977195425
25650 0.01266523278831954 0.01266523278831954 11.288968721325366 0.3567176891450126 0.051689058977195425
25700 0.012665232788319516 0.012665232788319516 11.288965971606997 0.35671773604700574 0.051689060926784915
25750 0.012665232788319516 0.012665232788319516 11.288965971606997 0.35671773604700574 0.051689060926784915
25800 0.012665232788319516 0.012665232788319516 11.288965971606997 0.35671773604700574 0.051689060926784915
25850 0.012665232788319516 0.012665232788319516 11.288965971606997 0.35671773604700574 0.051689060926784915
25900 0.012665232788319516 0.012665232788319516 11.288965971606997 0.35671773604700574 0.051689060926784915
25950 0.012665232788319516 0.012665232788319516 11.288965971606997 0.35671773604700574 0.051689060926784915
26000 0.012665232788319516 0.012665232788319516 11.288965971606997 0.35671773604700574 0.051689060926784915
26050 0.012665232788319467 0.012665232788319467 11.288964893031007 0.356717754444299 0.05168906169151071
26100 0.012665232788319467 0.012665232788319467 11.288964893031007 0.356717754444299 0.05168906169151071
26150 0.012665232788319467 0.012665232788319467 11.288964893031007 0.356717754444299 0.05168906169151071
26200 0.012665232788319467 0.012665232788319467 11.288964893031007 0.356717754444299 0.05168906169151071
26250 0.012665232788319467 0.012665232788319467 11.288964893031007 0.356717754444299 0.05168906169151071
26300 0.012665232788319467 0.012665232788319467 11.288964893031007 0.356717754444299 0.05168906169151071
26350 0.012665232788319467 0.012665232788319467 11.288964893031007 0.356717754444299 0.05168906169151071
26400 0.012665232788319467 0.012665232788319467 11.288964893031007 0.356717754444299 0.05168906169151071
26450 0.012665232788319467 0.012665232788319467 11.288964893031007 0.356717754444299 0.05168906169151071
26500 0.012665232788319467 0.012665232788319467 11.288964893031007 0.356717754444299 0.05168906169151071
26550 0.012665232788319467 0.012665232788319467 11.288964893031007 0.356717754444299 0.05168906169151071
26600 0.012665232788319467 0.012665232788319467 11.288964893031007 0.356717754444299 0.05168906169151071
26650 0.012665232788319467 0.012665232788319467 11.288964893031007 0.356717754444299 0.05168906169151071
26700 0.012665232788319467 0.012665232788319467 11.288964893031007 0.356717754444299 0.05168906169151071
26750 0.012665232788319467 0.012665232788319467 11.288964893031007 0.356717754444299 0.05168906169151071
26800 0.012665232788319467 0.012665232788319467 11.288964893031007 0.356717754444299 0.05168906169151071
26850 0.012665232788319467 0.012665232788319467 11.288964893031007 0.356717754444299 0.05168906169151071
26900 0.012665232788319459 0.012665232788319459 11.288966149422857 0.3567177330139964 0.051689060800710854
26950 0.012665232788319459 0.012665232788319459 11.288966149422857 0.3567177330139964 0.051689060800710854
27000 0.012665232788319446 0.012665232788319446 11.288965805877691 0.3567177388738531 0.05168906104428928
27050 0.012665232788319446 0.012665232788319446 11.288965805877691 0.3567177388738531 0.05168906104428928
27100 0.012665232788319446 0.012665232788319446 11.288965805877691 0.3567177388738531 0.05168906104428928
27150 0.012665232788319446 0.012665232788319446 11.288965805877691 0.3567177388738531 0.05168906104428928
27200 0.012665232788319446 0.012665232788319446 11.288965805877691 0.3567177388738531 0.05168906104428928
27250 0.012665232788319429 0.012665232788319429 11.288965652120345 0.35671774149649504 0.05168906115330543
27300 0.012665232788319429 0.012665232788319429 11.288965652120345 0.35671774149649504 0.05168906115330543
27350 0.012665232788319429 0.012665232788319429 11.288965652120345 0.35671774149649504 0.05168906115330543
27400 0.012665232788319429 0.012665232788319429 11.288965652120345 0.35671774149649504 0.05168906115330543
27450 0.012665232788319415 0.012665232788319415 11.288965713043083 0.3567177404573345 0.05168906111011032
27500 0.012665232788319415 0.012665232788319415 11.288965713043083 0.3567177404573345 0.05168906111011032
27550 0.012665232788319415 0.012665232788319415 11.288965713043083 0.3567177404573345 0.05168906111011032
27600 0.012665232788319415 0.012665232788319415 11.288965713043083 0.3567177404573345 0.05168906111011032
27650 0.012665232788319415 0.012665232788319415 11.288965713043083 0.3567177404573345 0.05168906111011032
27700 0.012665232788319415 0.012665232788319415 11.288965713043083 0.3567177404573345 0.05168906111011032
27750 0.012665232788319415 0.012665232788319415 11.288965713043083 0.3567177404573345 0.05168906111011032
27800 0.012665232788319415 0.012665232788319415 11.288965713043083 0.3567177404573345 0.05168906111011032
27850 0.012665232788319415 0.012665232788319415 11.288965713043083 0.3567177404573345 0.05168906111011032
27900 0.012665232788319415 0.012665232788319415 11.288965713043083 0.3567177404573345 0.05168906111011032
27950 0.012665232788319415 0.012665232788319415 11.288965713043083 0.3567177404573345 0.05168906111011032
28000 0.012665232788319415 0.012665232788319415 11.288965713043083 0.3567177404573345 0.05168906111011032
28050 0.012665232788319415 0.012665232788319415 11.288965713043083 0.3567177404573345 0.05168906111011032
28100 0.012665232788319415 0.012665232788319415 11.288965713043083 0.3567177404573345 0.05168906111011032
28150 0.012665232788319415 0.012665232788319415 11.288965713043083 0.3567177404573345 0.05168906111011032
28200 0.012665232788319415 0.012665232788319415 11.288965713043083 0.3567177404573345 0.05168906111011032
28250 0.012665232788319415 0.012665232788319415 11.288965713043083 0.3567177404573345 0.05168906111011032
28300 0.012665232788319415 0.012665232788319415 11.288965713043083 0.3567177404573345 0.05168906111011032
28350 0.012665232788319415 0.012665232788319415 11.288965713043083 0.3567177404573345 0.05168906111011032
28400 0.012665232788319415 0.012665232788319415 11.288965713043083 0.3567177404573345 0.05168906111011032
28450 0.012665232788319415 0.012665232788319415 11.288965713043083 0.3567177404573345 0.05168906111011032
28500 0.012665232788319415 0.012665232788319415 11.288965713043083 0.3567177404573345 0.05168906111011032
28550 0.012665232788319415 0.012665232788319415 11.288965713043083 0.3567177404573345 0.05168906111011032
28600 0.012665232788319415 0.012665232788319415 11.288965713043083 0.3567177404573345 0.05168906111011032
28650 0.012665232788319415 0.012665232788319415 11.288965713043083 0.3567177404573345 0.05168906111011032
28700 0.012665232788319415 0.012665232788319415 11.288965713043083 0.3567177404573345 0.05168906111011032
28750 0.012665232788319412 0.012665232788319412 11.288965937307472 0.3567177366320522 0.05168906095110365
28800 0.012665232788319412 0.012665232788319412 11.288965937307472 0.3567177366320522 0.05168906095110365
28850 0.012665232788319412 0.012665232788319412 11.288965937307472 0.3567177366320522 0.05168906095110365
28900 0.012665232788319412 0.012665232788319412 11.288965937307472 0.3567177366320522 0.05168906095110365
28950 0.012665232788319412 0.012665232788319412 11.288965937307472 0.3567177366320522 0.05168906095110365
29000 0.012665232788319412 0.012665232788319412 11.288965937307472 0.3567177366320522 0.05168906095110365
29050 0.012665232788319412 0.012665232788319412 11.288965937307472 0.3567177366320522 0.05168906095110365
29100 0.012665232788319412 0.012665232788319412 11.288965937307472 0.3567177366320522 0.05168906095110365
29150 0.012665232788319412 0.012665232788319412 11.288965937307472 0.3567177366320522 0.05168906095110365
29200 0.012665232788319412 0.012665232788319412 11.288965937307472 0.3567177366320522 0.05168906095110365
29250 0.012665232788319412 0.012665232788319412 11.288965937307472 0.3567177366320522 0.05168906095110365
29300 0.012665232788319412 0.012665232788319412 11.288965937307472 0.3567177366320522 0.05168906095110365
29350 0.012665232788319412 0.012665232788319412 11.288965937307472 0.3567177366320522 0.05168906095110365
29400 0.012665232788319412 0.012665232788319412 11.288965937307472 0.3567177366320522 0.05168906095110365
29450 0.012665232788319412 0.012665232788319412 11.288965937307472 0.3567177366320522 0.05168906095110365
29500 0.012665232788319412 0.012665232788319412 11.288965937307472 0.3567177366320522 0.05168906095110365
29550 0.012665232788319412 0.012665232788319412 11.288965937307472 0.3567177366320522 0.05168906095110365
29600 0.012665232788319412 0.012665232788319412 11.288965937307472 0.3567177366320522 0.05168906095110365
29650 0.012665232788319412 0.012665232788319412 11.288965961856967 0.356717736213311 0.051689060933697704
29700 0.012665232788319412 0.012665232788319412 11.288965961856967 0.356717736213311 0.051689060933697704
29750 0.012665232788319412 0.012665232788319412 11.288965961856967 0.356717736213311 0.051689060933697704
29800 0.012665232788319412 0.012665232788319412 11.288965961856967 0.356717736213311 0.051689060933697704
29850 0.012665232788319412 0.012665232788319412 11.288965961856967 0.356717736213311 0.051689060933697704
29900 0.012665232788319412 0.012665232788319412 11.288965961856967 0.356717736213311 0.051689060933697704
29950 0.012665232788319412 0.012665232788319412 11.288965961856967 0.356717736213311 0.051689060933697704
30000 0.012665232788319412 0.012665232788319412 11.288965961856967 0.356717736213311 0.051689060933697704
30050 0.012665232788319412 0.012665232788319412 11.288965961856967 0.356717736213311 0.051689060933697704
30100 0.01266523278831941 0.01266523278831941 11.288965892875085 0.3567177373899363 0.051689060982606845
30150 0.01266523278831941 0.01266523278831941 11.288965892875085 0.3567177373899363 0.051689060982606845
30200 0.01266523278831941 0.01266523278831941 11.288965892875085 0.3567177373899363 0.051689060982606845
30250 0.01266523278831941 0.01266523278831941 11.288965892875085 0.3567177373899363 0.051689060982606845
30300 0.01266523278831941 0.01266523278831941 11.288965892875085 0.3567177373899363 0.051689060982606845
30350 0.01266523278831941 0.01266523278831941 11.288965892875085 0.3567177373899363 0.051689060982606845
30400 0.01266523278831941 0.01266523278831941 11.288965892875085 0.3567177373899363 0.051689060982606845
30450 0.01266523278831941 0.01266523278831941 11.288965892875085 0.3567177373899363 0.051689060982606845
30500 0.01266523278831941 0.01266523278831941 11.288965892875085 0.3567177373899363 0.051689060982606845
30550 0.01266523278831941 0.01266523278831941 11.288965892875085 0.3567177373899363 0.051689060982606845
30600 0.01266523278831941 0.01266523278831941 11.288965892875085 0.3567177373899363 0.051689060982606845
30650 0.01266523278831941 0.01266523278831941 11.288965892875085 0.3567177373899363 0.051689060982606845
30700 0.01266523278831941 0.01266523278831941 11.288965892875085 0.3567177373899363 0.051689060982606845
30750 0.01266523278831941 0.01266523278831941 11.288965892875085 0.3567177373899363 0.051689060982606845
30800 0.01266523278831941 0.01266523278831941 11.288965892875085 0.3567177373899363 0.051689060982606845
30850 0.01266523278831941 0.01266523278831941 11.288965892875085 0.3567177373899363 0.051689060982606845
30900 0.01266523278831941 0.01266523278831941 11.288965892875085 0.3567177373899363 0.051689060982606845
30950 0.01266523278831941 0.01266523278831941 11.288965892875085 0.3567177373899363 0.051689060982606845
31000 0.01266523278831941 0.01266523278831941 11.288965892875085 0.3567177373899363 0.051689060982606845
31050 0.01266523278831941 0.01266523278831941 11.288965892875085 0.3567177373899363 0.051689060982606845
31100 0.01266523278831941 0.01266523278831941 11.288965892875085 0.3567177373899363 0.051689060982606845
31150 0.01266523278831941 0.01266523278831941 11.288965892875085 0.3567177373899363 0.051689060982606845
31200 0.01266523278831941 0.01266523278831941 11.288965892875085 0.3567177373899363 0.051689060982606845
31250 0.01266523278831941 0.01266523278831941 11.288965892875085 0.3567177373899363 0.051689060982606845
31300 0.01266523278831941 0.01266523278831941 11.288965892875085 0.3567177373899363 0.051689060982606845
31350 0.01266523278831941 0.01266523278831941 11.288965892875085 0.3567177373899363 0.051689060982606845
31400 0.01266523278831941 0.01266523278831941 11.288965892875085 0.3567177373899363 0.051689060982606845
31450 0.01266523278831941 0.01266523278831941 11.288965892875085 0.3567177373899363 0.051689060982606845
31500 0.01266523278831941 0.01266523278831941 11.288965892875085 0.3567177373899363 0.051689060982606845
31550 0.01266523278831941 0.01266523278831941 11.288965892875085 0.3567177373899363 0.051689060982606845
31600 0.01266523278831941 0.01266523278831941 11.288965892875085 0.3567177373899363 0.051689060982606845
31650 0.01266523278831941 0.01266523278831941 11.288965892875085 0.3567177373899363 0.051689060982606845
31700 0.01266523278831941 0.01266523278831941 11.288965892875085 0.3567177373899363 0.051689060982606845
31750 0.01266523278831941 0.01266523278831941 11.288965892875085 0.3567177373899363 0.051689060982606845
31800 0.01266523278831941 0.01266523278831941 11.288965892875085 0.3567177373899363 0.051689060982606845
31850 0.01266523278831941 0.01266523278831941 11.288965892875085 0.3567177373899363 0.051689060982606845
31900 0.01266523278831941 0.01266523278831941 11.288965892875085 0.3567177373899363 0.051689060982606845
31950 0.01266523278831941 0.01266523278831941 11.288965892875085 0.3567177373899363 0.051689060982606845
32000 0.01266523278831941 0.01266523278831941 11.288965892875085 0.3567177373899363 0.051689060982606845
32050 0.01266523278831941 0.01266523278831941 11.288965892875085 0.3567177373899363 0.051689060982606845
32100 0.01266523278831941 0.01266523278831941 11.288965892875085 0.3567177373899363 0.051689060982606845
32150 0.01266523278831941 0.01266523278831941 11.288965892875085 0.3567177373899363 0.051689060982606845
32200 0.01266523278831941 0.01266523278831941 11.288965892875085 0.3567177373899363 0.051689060982606845
32250 0.01266523278831941 0.01266523278831941 11.288965892875085 0.3567177373899363 0.051689060982606845
32300 0.01266523278831941 0.01266523278831941 11.288965892875085 0.3567177373899363 0.051689060982606845
32350 0.01266523278831941 0.01266523278831941 11.288965892875085 0.3567177373899363 0.051689060982606845
32400 0.01266523278831941 0.01266523278831941 11.288965892875085 0.3567177373899363 0.051689060982606845
32450 0.01266523278831941 0.01266523278831941 11.288965892875085 0.3567177373899363 0.051689060982606845
32500 0.01266523278831941 0.01266523278831941 11.288965892875085 0.3567177373899363 0.051689060982606845
32550 0.01266523278831941 0.01266523278831941 11.288965892875085 0.3567177373899363 0.051689060982606845
32600 0.01266523278831941 0.01266523278831941 11.288965892875085 0.3567177373899363 0.051689060982606845
32650 0.01266523278831941 0.01266523278831941 11.288965892875085 0.3567177373899363 0.051689060982606845
32700 0.01266523278831941 0.01266523278831941 11.288965892875085 0.3567177373899363 0.051689060982606845
32750 0.01266523278831941 0.01266523278831941 11.288965892875085 0.3567177373899363 0.051689060982606845
32800 0.01266523278831941 0.01266523278831941 11.288965892875085 0.3567177373899363 0.051689060982606845
32850 0.01266523278831941 0.01266523278831941 11.288965601058058 0.35671774236746534 0.051689061189509306
32900 0.01266523278831941 0.01266523278831941 11.288965601058058 0.35671774236746534 0.051689061189509306
32950 0.01266523278831941 0.01266523278831941 11.288965601058058 0.35671774236746534 0.051689061189509306
33000 0.01266523278831941 0.01266523278831941 11.288965601058058 0.35671774236746534 0.051689061189509306
33050 0.01266523278831941 0.01266523278831941 11.288965601058058 0.35671774236746534 0.051689061189509306
33100 0.01266523278831941 0.01266523278831941 11.288965601058058 0.35671774236746534 0.051689061189509306
33150 0.01266523278831941 0.01266523278831941 11.288965601058058 0.35671774236746534 0.051689061189509306
33200 0.01266523278831941 0.01266523278831941 11.288965601058058 0.35671774236746534 0.051689061189509306
33250 0.01266523278831941 0.01266523278831941 11.288965601058058 0.35671774236746534 0.051689061189509306
33300 0.01266523278831941 0.01266523278831941 11.288965601058058 0.35671774236746534 0.051689061189509306
33350 0.01266523278831941 0.01266523278831941 11.288965601058058 0.35671774236746534 0.051689061189509306
33400 0.01266523278831941 0.01266523278831941 11.288965601058058 0.35671774236746534 0.051689061189509306
33450 0.01266523278831941 0.01266523278831941 11.288965601058058 0.35671774236746534 0.051689061189509306
33500 0.01266523278831941 0.01266523278831941 11.288965601058058 0.35671774236746534 0.051689061189509306
33550 0.01266523278831941 0.01266523278831941 11.288965601058058 0.35671774236746534 0.051689061189509306
33600 0.01266523278831941 0.01266523278831941 11.288965601058058 0.35671774236746534 0.051689061189509306
33650 0.01266523278831941 0.01266523278831941 11.288965601058058 0.35671774236746534 0.051689061189509306
33700 0.01266523278831941 0.01266523278831941 11.288965601058058 0.35671774236746534 0.051689061189509306
33750 0.01266523278831941 0.01266523278831941 11.288965601058058 0.35671774236746534 0.051689061189509306
33800 0.01266523278831941 0.01266523278831941 11.288965601058058 0.35671774236746534 0.051689061189509306
33850 0.01266523278831941 0.01266523278831941 11.288965601058058 0.35671774236746534 0.051689061189509306
33900 0.01266523278831941 0.01266523278831941 11.288965601058058 0.35671774236746534 0.051689061189509306
33950 0.01266523278831941 0.01266523278831941 11.288965601058058 0.35671774236746534 0.051689061189509306
34000 0.01266523278831941 0.01266523278831941 11.288965601058058 0.35671774236746534 0.051689061189509306
34050 0.01266523278831941 0.01266523278831941 11.288965601058058 0.35671774236746534 0.051689061189509306
34100 0.01266523278831941 0.01266523278831941 11.288965601058058 0.35671774236746534 0.051689061189509306
34150 0.01266523278831941 0.01266523278831941 11.288965601058058 0.35671774236746534 0.051689061189509306
34200 0.01266523278831941 0.01266523278831941 11.288965601058058 0.35671774236746534 0.051689061189509306
34250 0.01266523278831941 0.01266523278831941 11.288965601058058 0.35671774236746534 0.051689061189509306
34300 0.01266523278831941 0.01266523278831941 11.288965601058058 0.35671774236746534 0.051689061189509306
34350 0.01266523278831941 0.01266523278831941 11.288965601058058 0.35671774236746534 0.051689061189509306
34400 0.01266523278831941 0.01266523278831941 11.288965601058058 0.35671774236746534 0.051689061189509306
34450 0.01266523278831941 0.01266523278831941 11.288965601058058 0.35671774236746534 0.051689061189509306
34500 0.01266523278831941 0.01266523278831941 11.288965601058058 0.35671774236746534 0.051689061189509306
34550 0.01266523278831941 0.01266523278831941 11.288965601058058 0.35671774236746534 0.051689061189509306
34600 0.01266523278831941 0.01266523278831941 11.288965601058058 0.35671774236746534 0.051689061189509306
34650 0.01266523278831941 0.01266523278831941 11.288965601058058 0.35671774236746534 0.051689061189509306
34700 0.01266523278831941 0.01266523278831941 11.288965601058058 0.35671774236746534 0.051689061189509306
34750 0.01266523278831941 0.01266523278831941 11.288965601058058 0.35671774236746534 0.051689061189509306
34800 0.01266523278831941 0.01266523278831941 11.288965601058058 0.35671774236746534 0.051689061189509306
34850 0.01266523278831941 0.01266523278831941 11.288965601058058 0.35671774236746534 0.051689061189509306
34900 0.01266523278831941 0.01266523278831941 11.288965601058058 0.35671774236746534 0.051689061189509306
34950 0.01266523278831941 0.01266523278831941 11.288965601058058 0.35671774236746534 0.051689061189509306
35000 0.01266523278831941 0.01266523278831941 11.288965601058058 0.35671774236746534 0.051689061189509306
35050 0.01266523278831941 0.01266523278831941 11.288965601058058 0.35671774236746534 0.051689061189509306
35100 0.01266523278831941 0.01266523278831941 11.288965601058058 0.35671774236746534 0.051689061189509306
35150 0.01266523278831941 0.01266523278831941 11.288965601058058 0.35671774236746534 0.051689061189509306
35200 0.01266523278831941 0.01266523278831941 11.288965601058058 0.35671774236746534 0.051689061189509306
35250 0.01266523278831941 0.01266523278831941 11.288965601058058 0.35671774236746534 0.051689061189509306
35300 0.01266523278831941 0.01266523278831941 11.288965601058058 0.35671774236746534 0.051689061189509306
35350 0.01266523278831941 0.01266523278831941 11.288965601058058 0.35671774236746534 0.051689061189509306
35400 0.01266523278831941 0.01266523278831941 11.288965601058058 0.35671774236746534 0.051689061189509306
35450 0.01266523278831941 0.01266523278831941 11.288965601058058 0.35671774236746534 0.051689061189509306
35500 0.01266523278831941 0.01266523278831941 11.288965601058058 0.35671774236746534 0.051689061189509306
35550 0.01266523278831941 0.01266523278831941 11.288965601058058 0.35671774236746534 0.051689061189509306
35600 0.01266523278831941 0.01266523278831941 11.288965601058058 0.35671774236746534 0.051689061189509306
35650 0.01266523278831941 0.01266523278831941 11.288965601058058 0.35671774236746534 0.051689061189509306
35700 0.01266523278831941 0.01266523278831941 11.288965601058058 0.35671774236746534 0.051689061189509306
35750 0.01266523278831941 0.01266523278831941 11.288965601058058 0.35671774236746534 0.051689061189509306
35800 0.01266523278831941 0.01266523278831941 11.288965601058058 0.35671774236746534 0.051689061189509306
35850 0.01266523278831941 0.01266523278831941 11.288965601058058 0.35671774236746534 0.051689061189509306
35900 0.01266523278831941 0.01266523278831941 11.288965601058058 0.35671774236746534 0.051689061189509306
35950 0.01266523278831941 0.01266523278831941 11.288965601058058 0.35671774236746534 0.051689061189509306
*---*---*---*---*---*---*---*---*---*---*---*---*---*---*---*---*---*---*---*---*
Status: Finished
Last individual
0.01266523278831941 0.01266523278831941 11.288965601058058 0.35671774236746534 0.051689061189509306
Hall of fame
0.01266523278831941 0.01266523278831941 11.288965892875085 0.3567177373899363 0.051689060982606845
Last factible individual
0.01266523278831941 0.01266523278831941 11.288965601058058 0.35671774236746534 0.051689061189509306
CPU time used (seconds)
1.6061387800000375
