*---*---*---*---*---*---*---*---*---*---*---*---*---*---*---*---*---*---*---*---*
Algorithm: Differential Evolution
Constrainth handling method: DEB
Function: 21
Case: continuous
Seed: 4
Parents size: 50
Offsprings size: 50
maxFe: 36000
CR: 0.9
F: 0.6
rweights: -
*---*---*---*---*---*---*---*---*---*---*---*---*---*---*---*---*---*---*---*---*
ngen ObjectiveFunction ViolationSum ProjectVariables
50 0.01183896921930506 0.18587088072273983 10.082352796173634 0.39194251050356177 0.05
100 0.012566342036448509 0.05110684742536775 12.871621353507255 0.3379952121625237 0.05
150 0.012566342036448509 0.05110684742536775 12.871621353507255 0.3379952121625237 0.05
200 0.04546275587014632 0 14.328979840824333 0.6300155281089501 0.06647720108123135
250 0.04546275587014632 0 14.328979840824333 0.6300155281089501 0.06647720108123135
300 0.04546275587014632 0 14.328979840824333 0.6300155281089501 0.06647720108123135
350 0.03610612775642267 0 9.983788770776025 0.6372085650240523 0.0687626463320668
400 0.024492610019878243 0 9.054586768527376 0.5529475962682483 0.06330008455160249
450 0.01729185637431994 0 12.871621353507255 0.3805406787667951 0.055276572466406076
500 0.01729185637431994 0 12.871621353507255 0.3805406787667951 0.055276572466406076
550 0.01729185637431994 0 12.871621353507255 0.3805406787667951 0.055276572466406076
600 0.01729185637431994 0 12.871621353507255 0.3805406787667951 0.055276572466406076
650 0.01729185637431994 0 12.871621353507255 0.3805406787667951 0.055276572466406076
700 0.01729185637431994 0 12.871621353507255 0.3805406787667951 0.055276572466406076
750 0.01729185637431994 0 12.871621353507255 0.3805406787667951 0.055276572466406076
800 0.01701980077773399 0 7.737081908995755 0.506220316288952 0.05876152240120832
850 0.01701980077773399 0 7.737081908995755 0.506220316288952 0.05876152240120832
900 0.01701980077773399 0 7.737081908995755 0.506220316288952 0.05876152240120832
950 0.01701980077773399 0 7.737081908995755 0.506220316288952 0.05876152240120832
1000 0.015154119823926627 0 15 0.3357916037187817 0.051523574075658864
1050 0.01434551252066843 0 12.26983078968853 0.3645862255962843 0.052510783033520976
1100 0.01434551252066843 0 12.26983078968853 0.3645862255962843 0.052510783033520976
1150 0.01379073729328463 0 9.14679430083901 0.4171997140838604 0.054456126722528496
1200 0.01379073729328463 0 9.14679430083901 0.4171997140838604 0.054456126722528496
1250 0.012947743893520786 0 12.295613145300152 0.3436278595408795 0.05133948090499108
1300 0.012947743893520786 0 12.295613145300152 0.3436278595408795 0.05133948090499108
1350 0.012947743893520786 0 12.295613145300152 0.3436278595408795 0.05133948090499108
1400 0.012947743893520786 0 12.295613145300152 0.3436278595408795 0.05133948090499108
1450 0.012947743893520786 0 12.295613145300152 0.3436278595408795 0.05133948090499108
1500 0.012947743893520786 0 12.295613145300152 0.3436278595408795 0.05133948090499108
1550 0.012947743893520786 0 12.295613145300152 0.3436278595408795 0.05133948090499108
1600 0.012947743893520786 0 12.295613145300152 0.3436278595408795 0.05133948090499108
1650 0.012947743893520786 0 12.295613145300152 0.3436278595408795 0.05133948090499108
1700 0.012947743893520786 0 12.295613145300152 0.3436278595408795 0.05133948090499108
1750 0.01290302794284926 0 12.824721424967432 0.33641678128819885 0.050864376194441945
1800 0.01290302794284926 0 12.824721424967432 0.33641678128819885 0.050864376194441945
1850 0.01290302794284926 0 12.824721424967432 0.33641678128819885 0.050864376194441945
1900 0.01290302794284926 0 12.824721424967432 0.33641678128819885 0.050864376194441945
1950 0.01290302794284926 0 12.824721424967432 0.33641678128819885 0.050864376194441945
2000 0.01290302794284926 0 12.824721424967432 0.33641678128819885 0.050864376194441945
2050 0.01290302794284926 0 12.824721424967432 0.33641678128819885 0.050864376194441945
2100 0.012844567413432163 0 12.047396863615734 0.34699675489361415 0.05133329106099523
2150 0.012844567413432163 0 12.047396863615734 0.34699675489361415 0.05133329106099523
2200 0.012810932352489856 0 13.905521368861486 0.32015625333060693 0.050157446635707065
2250 0.012799127801642753 0 11.03468923731642 0.3635034120025709 0.051973935268234676
2300 0.012799127801642753 0 11.03468923731642 0.3635034120025709 0.051973935268234676
2350 0.012799127801642753 0 11.03468923731642 0.3635034120025709 0.051973935268234676
2400 0.012799127801642753 0 11.03468923731642 0.3635034120025709 0.051973935268234676
2450 0.012771248452569094 0 11.768115140625909 0.35052683219965886 0.0514421129018999
2500 0.012715298192762067 0 12.287854696981992 0.3412684206897224 0.0510659847205351
2550 0.012715298192762067 0 12.287854696981992 0.3412684206897224 0.0510659847205351
2600 0.012715298192762067 0 12.287854696981992 0.3412684206897224 0.0510659847205351
2650 0.012715298192762067 0 12.287854696981992 0.3412684206897224 0.0510659847205351
2700 0.012715298192762067 0 12.287854696981992 0.3412684206897224 0.0510659847205351
2750 0.012715298192762067 0 12.287854696981992 0.3412684206897224 0.0510659847205351
2800 0.012715298192762067 0 12.287854696981992 0.3412684206897224 0.0510659847205351
2850 0.012715298192762067 0 12.287854696981992 0.3412684206897224 0.0510659847205351
2900 0.012715298192762067 0 12.287854696981992 0.3412684206897224 0.0510659847205351
2950 0.012671479902891716 0 12.09043039067239 0.3437822308602837 0.0511457824989754
3000 0.012671479902891716 0 12.09043039067239 0.3437822308602837 0.0511457824989754
3050 0.012671479902891716 0 12.09043039067239 0.3437822308602837 0.0511457824989754
3100 0.012671479902891716 0 12.09043039067239 0.3437822308602837 0.0511457824989754
3150 0.012671479902891716 0 12.09043039067239 0.3437822308602837 0.0511457824989754
3200 0.012671479902891716 0 12.09043039067239 0.3437822308602837 0.0511457824989754
3250 0.012671479902891716 0 12.09043039067239 0.3437822308602837 0.0511457824989754
3300 0.012671479902891716 0 12.09043039067239 0.3437822308602837 0.0511457824989754
3350 0.012671479902891716 0 12.09043039067239 0.3437822308602837 0.0511457824989754
3400 0.012671479902891716 0 12.09043039067239 0.3437822308602837 0.0511457824989754
3450 0.012671479902891716 0 12.09043039067239 0.3437822308602837 0.0511457824989754
3500 0.012671479902891716 0 12.09043039067239 0.3437822308602837 0.0511457824989754
3550 0.012671479902891716 0 12.09043039067239 0.3437822308602837 0.0511457824989754
3600 0.012671479902891716 0 12.09043039067239 0.3437822308602837 0.0511457824989754
3650 0.012671479902891716 0 12.09043039067239 0.3437822308602837 0.0511457824989754
3700 0.012671479902891716 0 12.09043039067239 0.3437822308602837 0.0511457824989754
3750 0.012671479902891716 0 12.09043039067239 0.3437822308602837 0.0511457824989754
3800 0.012671479902891716 0 12.09043039067239 0.3437822308602837 0.0511457824989754
3850 0.012671479902891716 0 12.09043039067239 0.3437822308602837 0.0511457824989754
3900 0.012671479902891716 0 12.09043039067239 0.3437822308602837 0.0511457824989754
3950 0.012671479902891716 0 12.09043039067239 0.3437822308602837 0.0511457824989754
4000 0.012671479902891716 0 12.09043039067239 0.3437822308602837 0.0511457824989754
4050 0.012671479902891716 0 12.09043039067239 0.3437822308602837 0.0511457824989754
4100 0.012671479902891716 0 12.09043039067239 0.3437822308602837 0.0511457824989754
4150 0.012671479902891716 0 12.09043039067239 0.3437822308602837 0.0511457824989754
4200 0.012671479902891716 0 12.09043039067239 0.3437822308602837 0.0511457824989754
4250 0.012671479902891716 0 12.09043039067239 0.3437822308602837 0.0511457824989754
4300 0.012671479902891716 0 12.09043039067239 0.3437822308602837 0.0511457824989754
4350 0.012671479902891716 0 12.09043039067239 0.3437822308602837 0.0511457824989754
4400 0.012671479902891716 0 12.09043039067239 0.3437822308602837 0.0511457824989754
4450 0.012671479902891716 0 12.09043039067239 0.3437822308602837 0.0511457824989754
4500 0.012671479902891716 0 12.09043039067239 0.3437822308602837 0.0511457824989754
4550 0.012671479902891716 0 12.09043039067239 0.3437822308602837 0.0511457824989754
4600 0.012671479902891716 0 12.09043039067239 0.3437822308602837 0.0511457824989754
4650 0.012671479902891716 0 12.09043039067239 0.3437822308602837 0.0511457824989754
4700 0.012671479902891716 0 12.09043039067239 0.3437822308602837 0.0511457824989754
4750 0.012671479902891716 0 12.09043039067239 0.3437822308602837 0.0511457824989754
4800 0.012671479902891716 0 12.09043039067239 0.3437822308602837 0.0511457824989754
4850 0.012671479902891716 0 12.09043039067239 0.3437822308602837 0.0511457824989754
4900 0.012671479902891716 0 12.09043039067239 0.3437822308602837 0.0511457824989754
4950 0.012671479902891716 0 12.09043039067239 0.3437822308602837 0.0511457824989754
5000 0.012671479902891716 0 12.09043039067239 0.3437822308602837 0.0511457824989754
5050 0.012671479902891716 0 12.09043039067239 0.3437822308602837 0.0511457824989754
5100 0.012671479902891716 0 12.09043039067239 0.3437822308602837 0.0511457824989754
5150 0.012671479902891716 0 12.09043039067239 0.3437822308602837 0.0511457824989754
5200 0.012671479902891716 0 12.09043039067239 0.3437822308602837 0.0511457824989754
5250 0.012670516292472673 0 11.842042493202852 0.3476790506471122 0.05131068413388647
5300 0.012670516292472673 0 11.842042493202852 0.3476790506471122 0.05131068413388647
5350 0.01266986663247234 0 11.240945442490068 0.3576053195529805 0.051727863157167084
5400 0.012667549668211469 0 10.966443352654691 0.36236328998396056 0.05192347825593264
5450 0.012667549668211469 0 10.966443352654691 0.36236328998396056 0.05192347825593264
5500 0.012667549668211469 0 10.966443352654691 0.36236328998396056 0.05192347825593264
5550 0.012667549668211469 0 10.966443352654691 0.36236328998396056 0.05192347825593264
5600 0.012667549668211469 0 10.966443352654691 0.36236328998396056 0.05192347825593264
5650 0.012667549668211469 0 10.966443352654691 0.36236328998396056 0.05192347825593264
5700 0.012667549668211469 0 10.966443352654691 0.36236328998396056 0.05192347825593264
5750 0.012667549668211469 0 10.966443352654691 0.36236328998396056 0.05192347825593264
5800 0.012667549668211469 0 10.966443352654691 0.36236328998396056 0.05192347825593264
5850 0.012667549668211469 0 10.966443352654691 0.36236328998396056 0.05192347825593264
5900 0.012667549668211469 0 10.966443352654691 0.36236328998396056 0.05192347825593264
5950 0.012667549668211469 0 10.966443352654691 0.36236328998396056 0.05192347825593264
6000 0.012667549668211469 0 10.966443352654691 0.36236328998396056 0.05192347825593264
6050 0.012667549668211469 0 10.966443352654691 0.36236328998396056 0.05192347825593264
6100 0.012667549668211469 0 10.966443352654691 0.36236328998396056 0.05192347825593264
6150 0.012667549668211469 0 10.966443352654691 0.36236328998396056 0.05192347825593264
6200 0.012667549668211469 0 10.966443352654691 0.36236328998396056 0.05192347825593264
6250 0.012667549668211469 0 10.966443352654691 0.36236328998396056 0.05192347825593264
6300 0.012667549668211469 0 10.966443352654691 0.36236328998396056 0.05192347825593264
6350 0.012667549668211469 0 10.966443352654691 0.36236328998396056 0.05192347825593264
6400 0.012667512757927973 0 11.023368085805869 0.36135502750904974 0.05188203075108896
6450 0.012667512757927973 0 11.023368085805869 0.36135502750904974 0.05188203075108896
6500 0.012667512757927973 0 11.023368085805869 0.36135502750904974 0.05188203075108896
6550 0.012667434854165356 0 11.244613268768589 0.3575145020096414 0.05172230457475291
6600 0.012667434854165356 0 11.244613268768589 0.3575145020096414 0.05172230457475291
6650 0.012667434854165356 0 11.244613268768589 0.3575145020096414 0.05172230457475291
6700 0.012666936959807662 0 11.00259829689626 0.36171560437787986 0.05189638531954096
6750 0.012666936959807662 0 11.00259829689626 0.36171560437787986 0.05189638531954096
6800 0.012666936959807662 0 11.00259829689626 0.36171560437787986 0.05189638531954096
6850 0.012666936959807662 0 11.00259829689626 0.36171560437787986 0.05189638531954096
6900 0.012666936959807662 0 11.00259829689626 0.36171560437787986 0.05189638531954096
6950 0.012666936959807662 0 11.00259829689626 0.36171560437787986 0.05189638531954096
7000 0.012666916176237155 0 11.049304427537825 0.36089301623050535 0.05186239013923643
7050 0.012666711990843797 0 10.99134332044038 0.36191388145773024 0.05190417559234454
7100 0.012666509659496202 0 11.095386988986682 0.3600796715916769 0.05182866338247116
7150 0.012666437908309139 0 11.479361826005189 0.3535256821594377 0.05155634238556118
7200 0.012666437908309139 0 11.479361826005189 0.3535256821594377 0.05155634238556118
7250 0.012665961667768266 0 11.286677937188347 0.35676716960965615 0.051691417199743635
7300 0.012665961667768266 0 11.286677937188347 0.35676716960965615 0.051691417199743635
7350 0.012665961667768266 0 11.286677937188347 0.35676716960965615 0.051691417199743635
7400 0.012665961667768266 0 11.286677937188347 0.35676716960965615 0.051691417199743635
7450 0.012665961667768266 0 11.286677937188347 0.35676716960965615 0.051691417199743635
7500 0.012665961667768266 0 11.286677937188347 0.35676716960965615 0.051691417199743635
7550 0.012665961667768266 0 11.286677937188347 0.35676716960965615 0.051691417199743635
7600 0.012665961667768266 0 11.286677937188347 0.35676716960965615 0.051691417199743635
7650 0.012665848285237211 0 11.362321654541029 0.35548091918844765 0.0516378358577639
7700 0.012665848285237211 0 11.362321654541029 0.35548091918844765 0.0516378358577639
7750 0.012665848285237211 0 11.362321654541029 0.35548091918844765 0.0516378358577639
7800 0.012665848285237211 0 11.362321654541029 0.35548091918844765 0.0516378358577639
7850 0.012665848285237211 0 11.362321654541029 0.35548091918844765 0.0516378358577639
7900 0.012665525540904438 0 11.346005643343094 0.35575328356491054 0.0516489499847843
7950 0.012665525540904438 0 11.346005643343094 0.35575328356491054 0.0516489499847843
8000 0.012665525540904438 0 11.346005643343094 0.35575328356491054 0.0516489499847843
8050 0.012665525540904438 0 11.346005643343094 0.35575328356491054 0.0516489499847843
8100 0.012665525540904438 0 11.346005643343094 0.35575328356491054 0.0516489499847843
8150 0.012665477500685083 0 11.362581708606193 0.3554711418451429 0.0516372876886958
8200 0.012665477500685083 0 11.362581708606193 0.3554711418451429 0.0516372876886958
8250 0.012665477500685083 0 11.362581708606193 0.3554711418451429 0.0516372876886958
8300 0.012665477500685083 0 11.362581708606193 0.3554711418451429 0.0516372876886958
8350 0.012665477500685083 0 11.362581708606193 0.3554711418451429 0.0516372876886958
8400 0.012665477500685083 0 11.362581708606193 0.3554711418451429 0.0516372876886958
8450 0.012665477500685083 0 11.362581708606193 0.3554711418451429 0.0516372876886958
8500 0.012665477500685083 0 11.362581708606193 0.3554711418451429 0.0516372876886958
8550 0.012665477500685083 0 11.362581708606193 0.3554711418451429 0.0516372876886958
8600 0.012665477500685083 0 11.362581708606193 0.3554711418451429 0.0516372876886958
8650 0.012665473717280325 0 11.284234037392409 0.3568023415487314 0.05169262801962845
8700 0.012665473717280325 0 11.284234037392409 0.3568023415487314 0.05169262801962845
8750 0.012665473717280325 0 11.284234037392409 0.3568023415487314 0.05169262801962845
8800 0.012665368921624804 0 11.353596702888721 0.3556215787289123 0.05164350878262021
8850 0.012665368921624804 0 11.353596702888721 0.3556215787289123 0.05164350878262021
8900 0.012665368921624804 0 11.353596702888721 0.3556215787289123 0.05164350878262021
8950 0.012665319855300165 0 11.230603224562534 0.3577181676890967 0.05173062905513911
9000 0.012665319855300165 0 11.230603224562534 0.3577181676890967 0.05173062905513911
9050 0.012665319855300165 0 11.230603224562534 0.3577181676890967 0.05173062905513911
9100 0.012665319855300165 0 11.230603224562534 0.3577181676890967 0.05173062905513911
9150 0.012665319855300165 0 11.230603224562534 0.3577181676890967 0.05173062905513911
9200 0.012665319855300165 0 11.230603224562534 0.3577181676890967 0.05173062905513911
9250 0.012665319855300165 0 11.230603224562534 0.3577181676890967 0.05173062905513911
9300 0.012665319855300165 0 11.230603224562534 0.3577181676890967 0.05173062905513911
9350 0.012665319855300165 0 11.230603224562534 0.3577181676890967 0.05173062905513911
9400 0.012665319855300165 0 11.230603224562534 0.3577181676890967 0.05173062905513911
9450 0.012665319855300165 0 11.230603224562534 0.3577181676890967 0.05173062905513911
9500 0.012665319855300165 0 11.230603224562534 0.3577181676890967 0.05173062905513911
9550 0.012665277780554363 0 11.354665399022348 0.35560230503620555 0.05164265603070719
9600 0.01266525981771185 0 11.327131929653488 0.35606863118462934 0.05166207501783048
9650 0.01266525981771185 0 11.327131929653488 0.35606863118462934 0.05166207501783048
9700 0.01266525981771185 0 11.327131929653488 0.35606863118462934 0.05166207501783048
9750 0.01266525981771185 0 11.327131929653488 0.35606863118462934 0.05166207501783048
9800 0.01266525981771185 0 11.327131929653488 0.35606863118462934 0.05166207501783048
9850 0.01266525981771185 0 11.327131929653488 0.35606863118462934 0.05166207501783048
9900 0.01266525981771185 0 11.327131929653488 0.35606863118462934 0.05166207501783048
9950 0.012665255258357589 0 11.308755184208222 0.35638095259964775 0.05167506281725425
10000 0.012665255258357589 0 11.308755184208222 0.35638095259964775 0.05167506281725425
10050 0.012665255258357589 0 11.308755184208222 0.35638095259964775 0.05167506281725425
10100 0.012665255258357589 0 11.308755184208222 0.35638095259964775 0.05167506281725425
10150 0.012665255258357589 0 11.308755184208222 0.35638095259964775 0.05167506281725425
10200 0.012665255258357589 0 11.308755184208222 0.35638095259964775 0.05167506281725425
10250 0.012665254405814896 0 11.262324820020542 0.35717327274923655 0.051707989519551065
10300 0.012665254405814896 0 11.262324820020542 0.35717327274923655 0.051707989519551065
10350 0.012665254405814896 0 11.262324820020542 0.35717327274923655 0.051707989519551065
10400 0.012665254405814896 0 11.262324820020542 0.35717327274923655 0.051707989519551065
10450 0.012665254405814896 0 11.262324820020542 0.35717327274923655 0.051707989519551065
10500 0.012665254405814896 0 11.262324820020542 0.35717327274923655 0.051707989519551065
10550 0.012665254405814896 0 11.262324820020542 0.35717327274923655 0.051707989519551065
10600 0.012665254405814896 0 11.262324820020542 0.35717327274923655 0.051707989519551065
10650 0.012665254405814896 0 11.262324820020542 0.35717327274923655 0.051707989519551065
10700 0.012665254405814896 0 11.262324820020542 0.35717327274923655 0.051707989519551065
10750 0.012665254405814896 0 11.262324820020542 0.35717327274923655 0.051707989519551065
10800 0.012665252962526229 0 11.27380898862289 0.3569767910873732 0.05169983554527584
10850 0.012665252962526229 0 11.27380898862289 0.3569767910873732 0.05169983554527584
10900 0.012665252962526229 0 11.27380898862289 0.3569767910873732 0.05169983554527584
10950 0.012665252962526229 0 11.27380898862289 0.3569767910873732 0.05169983554527584
11000 0.012665245909904007 0 11.265575309165905 0.3571174964442951 0.05170567408289688
11050 0.012665239172863128 0 11.285060642006107 0.35678445318093865 0.051691837008523235
11100 0.012665239172863128 0 11.285060642006107 0.35678445318093865 0.051691837008523235
11150 0.012665239172863128 0 11.285060642006107 0.35678445318093865 0.051691837008523235
11200 0.012665239172863128 0 11.285060642006107 0.35678445318093865 0.051691837008523235
11250 0.012665239172863128 0 11.285060642006107 0.35678445318093865 0.051691837008523235
11300 0.012665239172863128 0 11.285060642006107 0.35678445318093865 0.051691837008523235
11350 0.012665239172863128 0 11.285060642006107 0.35678445318093865 0.051691837008523235
11400 0.012665239172863128 0 11.285060642006107 0.35678445318093865 0.051691837008523235
11450 0.012665239172863128 0 11.285060642006107 0.35678445318093865 0.051691837008523235
11500 0.012665239172863128 0 11.285060642006107 0.35678445318093865 0.051691837008523235
11550 0.012665239172863128 0 11.285060642006107 0.35678445318093865 0.051691837008523235
11600 0.012665239172863128 0 11.285060642006107 0.35678445318093865 0.051691837008523235
11650 0.012665239172863128 0 11.285060642006107 0.35678445318093865 0.051691837008523235
11700 0.012665239172863128 0 11.285060642006107 0.35678445318093865 0.051691837008523235
11750 0.012665239172863128 0 11.285060642006107 0.35678445318093865 0.051691837008523235
11800 0.012665239172863128 0 11.285060642006107 0.35678445318093865 0.051691837008523235
11850 0.012665239172863128 0 11.285060642006107 0.35678445318093865 0.051691837008523235
11900 0.01266523840675791 0 11.299749528902186 0.35653400810078406 0.051681424165934416
11950 0.01266523482693935 0 11.282153505704427 0.35683401552873967 0.05169389448679032
12000 0.01266523482693935 0 11.282153505704427 0.35683401552873967 0.05169389448679032
12050 0.01266523482693935 0 11.282153505704427 0.35683401552873967 0.05169389448679032
12100 0.01266523482693935 0 11.282153505704427 0.35683401552873967 0.05169389448679032
12150 0.01266523482693935 0 11.282153505704427 0.35683401552873967 0.05169389448679032
12200 0.01266523482693935 0 11.282153505704427 0.35683401552873967 0.05169389448679032
12250 0.01266523482693935 0 11.282153505704427 0.35683401552873967 0.05169389448679032
12300 0.01266523482693935 0 11.282153505704427 0.35683401552873967 0.05169389448679032
12350 0.01266523482693935 0 11.282153505704427 0.35683401552873967 0.05169389448679032
12400 0.01266523482693935 0 11.282153505704427 0.35683401552873967 0.05169389448679032
12450 0.01266523482693935 0 11.282153505704427 0.35683401552873967 0.05169389448679032
12500 0.01266523416703217 0 11.289506284097916 0.3567085402944362 0.051688679206513655
12550 0.01266523416703217 0 11.289506284097916 0.3567085402944362 0.051688679206513655
12600 0.01266523416703217 0 11.289506284097916 0.3567085402944362 0.051688679206513655
12650 0.01266523416703217 0 11.289506284097916 0.3567085402944362 0.051688679206513655
12700 0.012665233626981263 0 11.290337702053037 0.356694354524076 0.051688089096684015
12750 0.012665233626981263 0 11.290337702053037 0.356694354524076 0.051688089096684015
12800 0.012665233550074354 0 11.291448202820753 0.3566754156076685 0.05168730182770598
12850 0.012665233550074354 0 11.291448202820753 0.3566754156076685 0.05168730182770598
12900 0.012665233550074354 0 11.291448202820753 0.3566754156076685 0.05168730182770598
12950 0.012665233550074354 0 11.291448202820753 0.3566754156076685 0.05168730182770598
13000 0.012665233550074354 0 11.291448202820753 0.3566754156076685 0.05168730182770598
13050 0.012665233542837922 0 11.287759423661152 0.3567383301380982 0.05168991707016906
13100 0.012665233542837922 0 11.287759423661152 0.3567383301380982 0.05168991707016906
13150 0.012665233542837922 0 11.287759423661152 0.3567383301380982 0.05168991707016906
13200 0.012665233542837922 0 11.287759423661152 0.3567383301380982 0.05168991707016906
13250 0.012665233542837922 0 11.287759423661152 0.3567383301380982 0.05168991707016906
13300 0.012665233542837922 0 11.287759423661152 0.3567383301380982 0.05168991707016906
13350 0.012665233542837922 0 11.287759423661152 0.3567383301380982 0.05168991707016906
13400 0.012665233507773918 0 11.287057907662696 0.35675029601339686 0.05169041461119075
13450 0.012665232959452353 0 11.28617114591561 0.35676541797801137 0.05169104292486245
13500 0.012665232959452353 0 11.28617114591561 0.35676541797801137 0.05169104292486245
13550 0.012665232959452353 0 11.28617114591561 0.35676541797801137 0.05169104292486245
13600 0.012665232959452353 0 11.28617114591561 0.35676541797801137 0.05169104292486245
13650 0.012665232894562542 0 11.288685994953127 0.3567225135957362 0.051689259515931764
13700 0.012665232894562542 0 11.288685994953127 0.3567225135957362 0.051689259515931764
13750 0.012665232894562542 0 11.288685994953127 0.3567225135957362 0.051689259515931764
13800 0.012665232894562542 0 11.288685994953127 0.3567225135957362 0.051689259515931764
13850 0.012665232894562542 0 11.288685994953127 0.3567225135957362 0.051689259515931764
13900 0.012665232894562542 0 11.288685994953127 0.3567225135957362 0.051689259515931764
13950 0.012665232894562542 0 11.288685994953127 0.3567225135957362 0.051689259515931764
14000 0.012665232894562542 0 11.288685994953127 0.3567225135957362 0.051689259515931764
14050 0.012665232894562542 0 11.288685994953127 0.3567225135957362 0.051689259515931764
14100 0.012665232894562542 0 11.288685994953127 0.3567225135957362 0.051689259515931764
14150 0.012665232894562542 0 11.288685994953127 0.3567225135957362 0.051689259515931764
14200 0.012665232871162823 0 11.288775477513573 0.3567209862887042 0.05168919609177172
14250 0.012665232871162823 0 11.288775477513573 0.3567209862887042 0.05168919609177172
14300 0.012665232871162823 0 11.288775477513573 0.3567209862887042 0.05168919609177172
14350 0.012665232871162823 0 11.288775477513573 0.3567209862887042 0.05168919609177172
14400 0.012665232871162823 0 11.288775477513573 0.3567209862887042 0.05168919609177172
14450 0.012665232871162823 0 11.288775477513573 0.3567209862887042 0.05168919609177172
14500 0.012665232871162823 0 11.288775477513573 0.3567209862887042 0.05168919609177172
14550 0.012665232871162823 0 11.288775477513573 0.3567209862887042 0.05168919609177172
14600 0.012665232871162823 0 11.288775477513573 0.3567209862887042 0.05168919609177172
14650 0.012665232871162823 0 11.288775477513573 0.3567209862887042 0.05168919609177172
14700 0.012665232871162823 0 11.288775477513573 0.3567209862887042 0.05168919609177172
14750 0.012665232871162823 0 11.288775477513573 0.3567209862887042 0.05168919609177172
14800 0.012665232855338437 0 11.288825073448821 0.3567201403188422 0.05168916089427981
14850 0.01266523282438114 0 11.288426572881951 0.35672693735454936 0.05168944341712538
14900 0.01266523282438114 0 11.288426572881951 0.35672693735454936 0.05168944341712538
14950 0.01266523282438114 0 11.288426572881951 0.35672693735454936 0.05168944341712538
15000 0.01266523282438114 0 11.288426572881951 0.35672693735454936 0.05168944341712538
15050 0.01266523282438114 0 11.288426572881951 0.35672693735454936 0.05168944341712538
15100 0.01266523282438114 0 11.288426572881951 0.35672693735454936 0.05168944341712538
15150 0.012665232810284248 0 11.289422546176668 0.35670994878397844 0.05168873723709472
15200 0.012665232810284248 0 11.289422546176668 0.35670994878397844 0.05168873723709472
15250 0.012665232810284248 0 11.289422546176668 0.35670994878397844 0.05168873723709472
15300 0.012665232810284248 0 11.289422546176668 0.35670994878397844 0.05168873723709472
15350 0.012665232810284248 0 11.289422546176668 0.35670994878397844 0.05168873723709472
15400 0.012665232810284248 0 11.289422546176668 0.35670994878397844 0.05168873723709472
15450 0.012665232810284248 0 11.289422546176668 0.35670994878397844 0.05168873723709472
15500 0.012665232810284248 0 11.289422546176668 0.35670994878397844 0.05168873723709472
15550 0.0126652328092092 0 11.288472984274438 0.35672614545698705 0.051689410493324144
15600 0.0126652328092092 0 11.288472984274438 0.35672614545698705 0.051689410493324144
15650 0.0126652328092092 0 11.288472984274438 0.35672614545698705 0.051689410493324144
15700 0.0126652328092092 0 11.288472984274438 0.35672614545698705 0.051689410493324144
15750 0.0126652328092092 0 11.288472984274438 0.35672614545698705 0.051689410493324144
15800 0.0126652328092092 0 11.288472984274438 0.35672614545698705 0.051689410493324144
15850 0.0126652328092092 0 11.288472984274438 0.35672614545698705 0.051689410493324144
15900 0.0126652328092092 0 11.288472984274438 0.35672614545698705 0.051689410493324144
15950 0.012665232797337635 0 11.289182839629236 0.3567140371057314 0.0516889071746006
16000 0.012665232797337635 0 11.289182839629236 0.3567140371057314 0.0516889071746006
16050 0.012665232797337635 0 11.289182839629236 0.3567140371057314 0.0516889071746006
16100 0.012665232797337635 0 11.289182839629236 0.3567140371057314 0.0516889071746006
16150 0.012665232797337635 0 11.289182839629236 0.3567140371057314 0.0516889071746006
16200 0.012665232797337635 0 11.289182839629236 0.3567140371057314 0.0516889071746006
16250 0.01266523279706058 0 11.289221333556398 0.3567133805544639 0.05168887988031597
16300 0.01266523279706058 0 11.289221333556398 0.3567133805544639 0.05168887988031597
16350 0.01266523279706058 0 11.289221333556398 0.3567133805544639 0.05168887988031597
16400 0.01266523279706058 0 11.289221333556398 0.3567133805544639 0.05168887988031597
16450 0.01266523279706058 0 11.289221333556398 0.3567133805544639 0.05168887988031597
16500 0.01266523279706058 0 11.289221333556398 0.3567133805544639 0.05168887988031597
16550 0.012665232792574562 0 11.289045831711679 0.3567163739301218 0.05168900430995435
16600 0.012665232792574562 0 11.289045831711679 0.3567163739301218 0.05168900430995435
16650 0.012665232792574562 0 11.289045831711679 0.3567163739301218 0.05168900430995435
16700 0.012665232792574562 0 11.289045831711679 0.3567163739301218 0.05168900430995435
16750 0.012665232792574562 0 11.289045831711679 0.3567163739301218 0.05168900430995435
16800 0.012665232792574562 0 11.289045831711679 0.3567163739301218 0.05168900430995435
16850 0.012665232792574562 0 11.289045831711679 0.3567163739301218 0.05168900430995435
16900 0.012665232792574562 0 11.289045831711679 0.3567163739301218 0.05168900430995435
16950 0.012665232792574562 0 11.289045831711679 0.3567163739301218 0.05168900430995435
17000 0.01266523278990004 0 11.289099753348536 0.35671545417100053 0.05168896607573081
17050 0.01266523278990004 0 11.289099753348536 0.35671545417100053 0.05168896607573081
17100 0.01266523278990004 0 11.289099753348536 0.35671545417100053 0.05168896607573081
17150 0.01266523278990004 0 11.289099753348536 0.35671545417100053 0.05168896607573081
17200 0.01266523278990004 0 11.289099753348536 0.35671545417100053 0.05168896607573081
17250 0.01266523278990004 0 11.289099753348536 0.35671545417100053 0.05168896607573081
17300 0.012665232788630262 0 11.288886852671371 0.3567190855915754 0.051689117023733834
17350 0.012665232788630262 0 11.288886852671371 0.3567190855915754 0.051689117023733834
17400 0.012665232788630262 0 11.288886852671371 0.3567190855915754 0.051689117023733834
17450 0.012665232788630262 0 11.288886852671371 0.3567190855915754 0.051689117023733834
17500 0.012665232788630262 0 11.288886852671371 0.3567190855915754 0.051689117023733834
17550 0.012665232788630262 0 11.288886852671371 0.3567190855915754 0.051689117023733834
17600 0.012665232788630262 0 11.288886852671371 0.3567190855915754 0.051689117023733834
17650 0.012665232788630262 0 11.288886852671371 0.3567190855915754 0.051689117023733834
17700 0.012665232788630262 0 11.288886852671371 0.3567190855915754 0.051689117023733834
17750 0.012665232788630262 0 11.288886852671371 0.3567190855915754 0.051689117023733834
17800 0.012665232788630262 0 11.288886852671371 0.3567190855915754 0.051689117023733834
17850 0.012665232788630262 0 11.288886852671371 0.3567190855915754 0.051689117023733834
17900 0.012665232788630262 0 11.288886852671371 0.3567190855915754 0.051689117023733834
17950 0.012665232788630262 0 11.288886852671371 0.3567190855915754 0.051689117023733834
18000 0.012665232788630262 0 11.288886852671371 0.3567190855915754 0.051689117023733834
18050 0.012665232788630262 0 11.288886852671371 0.3567190855915754 0.051689117023733834
18100 0.012665232788630262 0 11.288886852671371 0.3567190855915754 0.051689117023733834
18150 0.012665232788630262 0 11.288886852671371 0.3567190855915754 0.051689117023733834
18200 0.012665232788624591 0 11.288947656786206 0.356718048448778 0.051689073912515135
18250 0.012665232788624591 0 11.288947656786206 0.356718048448778 0.051689073912515135
18300 0.012665232788624591 0 11.288947656786206 0.356718048448778 0.051689073912515135
18350 0.012665232788624591 0 11.288947656786206 0.356718048448778 0.051689073912515135
18400 0.01266523278859408 0 11.289090253381305 0.35671561619049313 0.05168897280998291
18450 0.01266523278859408 0 11.289090253381305 0.35671561619049313 0.05168897280998291
18500 0.01266523278859408 0 11.289090253381305 0.35671561619049313 0.05168897280998291
18550 0.012665232788583195 0 11.288846271382678 0.35671977779517133 0.05168914579666059
18600 0.012665232788514684 0 11.289007687184196 0.3567170245084171 0.0516890313500767
18650 0.012665232788514684 0 11.289007687184196 0.3567170245084171 0.0516890313500767
18700 0.012665232788514684 0 11.289007687184196 0.3567170245084171 0.0516890313500767
18750 0.012665232788514684 0 11.289007687184196 0.3567170245084171 0.0516890313500767
18800 0.012665232788514684 0 11.289007687184196 0.3567170245084171 0.0516890313500767
18850 0.012665232788514684 0 11.289007687184196 0.3567170245084171 0.0516890313500767
18900 0.012665232788514684 0 11.289007687184196 0.3567170245084171 0.0516890313500767
18950 0.01266523278842638 0 11.28900585805036 0.35671705570646356 0.05168903264687313
19000 0.01266523278842638 0 11.28900585805036 0.35671705570646356 0.05168903264687313
19050 0.01266523278842638 0 11.28900585805036 0.35671705570646356 0.05168903264687313
19100 0.01266523278842638 0 11.28900585805036 0.35671705570646356 0.05168903264687313
19150 0.01266523278842638 0 11.28900585805036 0.35671705570646356 0.05168903264687313
19200 0.01266523278842638 0 11.28900585805036 0.35671705570646356 0.05168903264687313
19250 0.01266523278842638 0 11.28900585805036 0.35671705570646356 0.05168903264687313
19300 0.012665232788418477 0 11.289007699304912 0.35671702430032914 0.051689031341384147
19350 0.012665232788418477 0 11.289007699304912 0.35671702430032914 0.051689031341384147
19400 0.012665232788400163 0 11.28902635232683 0.35671670613674433 0.05168901811619138
19450 0.012665232788400163 0 11.28902635232683 0.35671670613674433 0.05168901811619138
19500 0.012665232788397296 0 11.28893749698133 0.356718221741094 0.051689081115816396
19550 0.012665232788397296 0 11.28893749698133 0.356718221741094 0.051689081115816396
19600 0.012665232788397296 0 11.28893749698133 0.356718221741094 0.051689081115816396
19650 0.012665232788390152 0 11.288989477910816 0.35671733510093045 0.0516890442605791
19700 0.012665232788390152 0 11.288989477910816 0.35671733510093045 0.0516890442605791
19750 0.012665232788366117 0 11.288974482987433 0.35671759086894483 0.05168905489214443
19800 0.012665232788362742 0 11.288970847988397 0.35671765287102974 0.05168905746941082
19850 0.012665232788362742 0 11.288970847988397 0.35671765287102974 0.05168905746941082
19900 0.012665232788362742 0 11.288970847988397 0.35671765287102974 0.05168905746941082
19950 0.012665232788352765 0 11.288942229757094 0.3567181410133128 0.05168907776014595
20000 0.012665232788352765 0 11.288942229757094 0.3567181410133128 0.05168907776014595
20050 0.012665232788334382 0 11.288953657637258 0.3567179460870169 0.051689069657584984
20100 0.012665232788334382 0 11.288953657637258 0.3567179460870169 0.051689069657584984
20150 0.012665232788334382 0 11.288953657637258 0.3567179460870169 0.051689069657584984
20200 0.012665232788334382 0 11.288953657637258 0.3567179460870169 0.051689069657584984
20250 0.012665232788334382 0 11.288953657637258 0.3567179460870169 0.051689069657584984
20300 0.012665232788334382 0 11.288953657637258 0.3567179460870169 0.051689069657584984
20350 0.012665232788334382 0 11.288953657637258 0.3567179460870169 0.051689069657584984
20400 0.012665232788334382 0 11.288953657637258 0.3567179460870169 0.051689069657584984
20450 0.012665232788334382 0 11.288953657637258 0.3567179460870169 0.051689069657584984
20500 0.012665232788329667 0 11.288961812576638 0.3567178069878433 0.0516890638756071
20550 0.012665232788329667 0 11.288961812576638 0.3567178069878433 0.0516890638756071
20600 0.012665232788329667 0 11.288961812576638 0.3567178069878433 0.0516890638756071
20650 0.012665232788329667 0 11.288961812576638 0.3567178069878433 0.0516890638756071
20700 0.012665232788329667 0 11.288961812576638 0.3567178069878433 0.0516890638756071
20750 0.012665232788329667 0 11.288961812576638 0.3567178069878433 0.0516890638756071
20800 0.012665232788329667 0 11.288961812576638 0.3567178069878433 0.0516890638756071
20850 0.012665232788328387 0 11.2889620443009 0.35671780303528555 0.0516890637113108
20900 0.012665232788328387 0 11.2889620443009 0.35671780303528555 0.0516890637113108
20950 0.012665232788328387 0 11.2889620443009 0.35671780303528555 0.0516890637113108
21000 0.012665232788328387 0 11.2889620443009 0.35671780303528555 0.0516890637113108
21050 0.012665232788324949 0 11.2889515539485 0.3567179819696078 0.051689071149122384
21100 0.012665232788324949 0 11.2889515539485 0.3567179819696078 0.051689071149122384
21150 0.012665232788324949 0 11.2889515539485 0.3567179819696078 0.051689071149122384
21200 0.012665232788324949 0 11.2889515539485 0.3567179819696078 0.051689071149122384
21250 0.012665232788324949 0 11.2889515539485 0.3567179819696078 0.051689071149122384
21300 0.012665232788324949 0 11.2889515539485 0.3567179819696078 0.051689071149122384
21350 0.012665232788324949 0 11.2889515539485 0.3567179819696078 0.051689071149122384
21400 0.012665232788324949 0 11.2889515539485 0.3567179819696078 0.051689071149122384
21450 0.012665232788324949 0 11.2889515539485 0.3567179819696078 0.051689071149122384
21500 0.012665232788324949 0 11.2889515539485 0.3567179819696078 0.051689071149122384
21550 0.012665232788324949 0 11.2889515539485 0.3567179819696078 0.051689071149122384
21600 0.012665232788324949 0 11.2889515539485 0.3567179819696078 0.051689071149122384
21650 0.01266523278832387 0 11.288965959180048 0.3567177362590301 0.05168906093560051
21700 0.01266523278832387 0 11.288965959180048 0.3567177362590301 0.05168906093560051
21750 0.01266523278832387 0 11.288965959180048 0.3567177362590301 0.05168906093560051
21800 0.012665232788322862 0 11.288966211978487 0.35671773194702777 0.051689060756361774
21850 0.012665232788320586 0 11.28896983985639 0.35671767006623295 0.051689058184141906
21900 0.012665232788320586 0 11.28896983985639 0.35671767006623295 0.051689058184141906
21950 0.012665232788320586 0 11.28896983985639 0.35671767006623295 0.051689058184141906
22000 0.012665232788320586 0 11.28896983985639 0.35671767006623295 0.051689058184141906
22050 0.012665232788320586 0 11.28896983985639 0.35671767006623295 0.051689058184141906
22100 0.012665232788320586 0 11.28896983985639 0.35671767006623295 0.051689058184141906
22150 0.012665232788320586 0 11.28896983985639 0.35671767006623295 0.051689058184141906
22200 0.012665232788320586 0 11.28896983985639 0.35671767006623295 0.051689058184141906
22250 0.012665232788320586 0 11.28896983985639 0.35671767006623295 0.051689058184141906
22300 0.012665232788320586 0 11.28896983985639 0.35671767006623295 0.051689058184141906
22350 0.012665232788320586 0 11.28896983985639 0.35671767006623295 0.051689058184141906
22400 0.012665232788320586 0 11.28896983985639 0.35671767006623295 0.051689058184141906
22450 0.012665232788320586 0 11.28896983985639 0.35671767006623295 0.051689058184141906
22500 0.012665232788320586 0 11.28896983985639 0.35671767006623295 0.051689058184141906
22550 0.012665232788320586 0 11.28896983985639 0.35671767006623295 0.051689058184141906
22600 0.012665232788320586 0 11.28896983985639 0.35671767006623295 0.051689058184141906
22650 0.012665232788320586 0 11.28896983985639 0.35671767006623295 0.051689058184141906
22700 0.012665232788320586 0 11.28896983985639 0.35671767006623295 0.051689058184141906
22750 0.012665232788320586 0 11.28896983985639 0.35671767006623295 0.051689058184141906
22800 0.012665232788320586 0 11.28896983985639 0.35671767006623295 0.051689058184141906
22850 0.012665232788319712 0 11.288966266638102 0.35671773101465715 0.05168906071760383
22900 0.012665232788319712 0 11.288966266638102 0.35671773101465715 0.05168906071760383
22950 0.012665232788319712 0 11.288966266638102 0.35671773101465715 0.05168906071760383
23000 0.012665232788319712 0 11.288966266638102 0.35671773101465715 0.05168906071760383
23050 0.012665232788319712 0 11.288966266638102 0.35671773101465715 0.05168906071760383
23100 0.012665232788319712 0 11.288966266638102 0.35671773101465715 0.05168906071760383
23150 0.012665232788319712 0 11.288966266638102 0.35671773101465715 0.05168906071760383
23200 0.012665232788319712 0 11.288966266638102 0.35671773101465715 0.05168906071760383
23250 0.01266523278831966 0 11.288969865998173 0.3567176696203153 0.05168905816560635
23300 0.01266523278831966 0 11.288969865998173 0.3567176696203153 0.05168905816560635
23350 0.01266523278831966 0 11.288969865998173 0.3567176696203153 0.05168905816560635
23400 0.01266523278831966 0 11.288969865998173 0.3567176696203153 0.05168905816560635
23450 0.01266523278831966 0 11.288969865998173 0.3567176696203153 0.05168905816560635
23500 0.01266523278831966 0 11.288969865998173 0.3567176696203153 0.05168905816560635
23550 0.01266523278831966 0 11.288969865998173 0.3567176696203153 0.05168905816560635
23600 0.01266523278831966 0 11.288969865998173 0.3567176696203153 0.05168905816560635
23650 0.01266523278831966 0 11.288969865998173 0.3567176696203153 0.05168905816560635
23700 0.01266523278831966 0 11.288969865998173 0.3567176696203153 0.05168905816560635
23750 0.01266523278831966 0 11.288969865998173 0.3567176696203153 0.05168905816560635
23800 0.01266523278831966 0 11.288969865998173 0.3567176696203153 0.05168905816560635
23850 0.012665232788319502 0 11.288965850838236 0.3567177381069608 0.051689061012411684
23900 0.012665232788319502 0 11.288965850838236 0.3567177381069608 0.051689061012411684
23950 0.012665232788319502 0 11.288965850838236 0.3567177381069608 0.051689061012411684
24000 0.012665232788319502 0 11.288965850838236 0.3567177381069608 0.051689061012411684
24050 0.012665232788319502 0 11.288965850838236 0.3567177381069608 0.051689061012411684
24100 0.012665232788319502 0 11.288965850838236 0.3567177381069608 0.051689061012411684
24150 0.012665232788319502 0 11.288965850838236 0.3567177381069608 0.051689061012411684
24200 0.012665232788319502 0 11.288965850838236 0.3567177381069608 0.051689061012411684
24250 0.012665232788319502 0 11.288965850838236 0.3567177381069608 0.051689061012411684
24300 0.012665232788319462 0 11.28896733378047 0.35671771281238684 0.051689059960984385
24350 0.012665232788319462 0 11.28896733378047 0.35671771281238684 0.051689059960984385
24400 0.012665232788319462 0 11.28896733378047 0.35671771281238684 0.051689059960984385
24450 0.012665232788319462 0 11.28896733378047 0.35671771281238684 0.051689059960984385
24500 0.012665232788319462 0 11.28896733378047 0.35671771281238684 0.051689059960984385
24550 0.012665232788319462 0 11.28896733378047 0.35671771281238684 0.051689059960984385
24600 0.012665232788319462 0 11.28896733378047 0.35671771281238684 0.051689059960984385
24650 0.012665232788319462 0 11.28896733378047 0.35671771281238684 0.051689059960984385
24700 0.012665232788319426 0 11.288965971841774 0.3567177360430001 0.051689060926618347
24750 0.012665232788319426 0 11.288965971841774 0.3567177360430001 0.051689060926618347
24800 0.012665232788319426 0 11.288965971841774 0.3567177360430001 0.051689060926618347
24850 0.012665232788319426 0 11.288965971841774 0.3567177360430001 0.051689060926618347
24900 0.012665232788319426 0 11.288965971841774 0.3567177360430001 0.051689060926618347
24950 0.012665232788319426 0 11.288965971841774 0.3567177360430001 0.051689060926618347
25000 0.012665232788319426 0 11.288965971841774 0.3567177360430001 0.051689060926618347
25050 0.012665232788319426 0 11.288965971841774 0.3567177360430001 0.051689060926618347
25100 0.012665232788319426 0 11.288965971841774 0.3567177360430001 0.051689060926618347
25150 0.012665232788319426 0 11.288965971841774 0.3567177360430001 0.051689060926618347
25200 0.012665232788319426 0 11.288965971841774 0.3567177360430001 0.051689060926618347
25250 0.012665232788319426 0 11.288965971841774 0.3567177360430001 0.051689060926618347
25300 0.012665232788319426 0 11.288965971841774 0.3567177360430001 0.051689060926618347
25350 0.012665232788319426 0 11.288965971841774 0.3567177360430001 0.051689060926618347
25400 0.012665232788319426 0 11.288965971841774 0.3567177360430001 0.051689060926618347
25450 0.012665232788319426 0 11.288965971841774 0.3567177360430001 0.051689060926618347
25500 0.012665232788319426 0 11.288965971841774 0.3567177360430001 0.051689060926618347
25550 0.012665232788319426 0 11.288965971841774 0.3567177360430001 0.051689060926618347
25600 0.012665232788319426 0 11.288965971841774 0.3567177360430001 0.051689060926618347
25650 0.012665232788319426 0 11.288965971841774 0.3567177360430001 0.051689060926618347
25700 0.012665232788319426 0 11.288965971841774 0.3567177360430001 0.051689060926618347
25750 0.012665232788319426 0 11.288965971841774 0.3567177360430001 0.051689060926618347
25800 0.012665232788319426 0 11.288965971841774 0.3567177360430001 0.051689060926618347
25850 0.012665232788319426 0 11.288965971841774 0.3567177360430001 0.051689060926618347
25900 0.012665232788319426 0 11.288965971841774 0.3567177360430001 0.051689060926618347
25950 0.012665232788319426 0 11.288965971841774 0.3567177360430001 0.051689060926618347
26000 0.012665232788319426 0 11.288965971841774 0.3567177360430001 0.051689060926618347
26050 0.012665232788319426 0 11.288965971841774 0.3567177360430001 0.051689060926618347
26100 0.012665232788319426 0 11.288965971841774 0.3567177360430001 0.051689060926618347
26150 0.012665232788319426 0 11.288965971841774 0.3567177360430001 0.051689060926618347
26200 0.012665232788319426 0 11.288965971841774 0.3567177360430001 0.051689060926618347
26250 0.012665232788319426 0 11.288965971841774 0.3567177360430001 0.051689060926618347
26300 0.012665232788319426 0 11.288965971841774 0.3567177360430001 0.051689060926618347
26350 0.012665232788319426 0 11.288965971841774 0.3567177360430001 0.051689060926618347
26400 0.012665232788319426 0 11.288965971841774 0.3567177360430001 0.051689060926618347
26450 0.012665232788319426 0 11.288965971841774 0.3567177360430001 0.051689060926618347
26500 0.012665232788319415 0 11.28896615064748 0.35671773299310744 0.05168906079984253
26550 0.012665232788319415 0 11.28896615064748 0.35671773299310744 0.05168906079984253
26600 0.012665232788319415 0 11.28896615064748 0.35671773299310744 0.05168906079984253
26650 0.012665232788319415 0 11.28896615064748 0.35671773299310744 0.05168906079984253
26700 0.012665232788319415 0 11.28896615064748 0.35671773299310744 0.05168906079984253
26750 0.012665232788319415 0 11.28896615064748 0.35671773299310744 0.05168906079984253
26800 0.012665232788319415 0 11.28896615064748 0.35671773299310744 0.05168906079984253
26850 0.012665232788319415 0 11.28896615064748 0.35671773299310744 0.05168906079984253
26900 0.012665232788319415 0 11.28896615064748 0.35671773299310744 0.05168906079984253
26950 0.012665232788319415 0 11.28896615064748 0.35671773299310744 0.05168906079984253
27000 0.012665232788319415 0 11.28896615064748 0.35671773299310744 0.05168906079984253
27050 0.012665232788319415 0 11.28896615064748 0.35671773299310744 0.05168906079984253
27100 0.012665232788319415 0 11.28896615064748 0.35671773299310744 0.05168906079984253
27150 0.012665232788319415 0 11.28896615064748 0.35671773299310744 0.05168906079984253
27200 0.012665232788319415 0 11.28896615064748 0.35671773299310744 0.05168906079984253
27250 0.012665232788319415 0 11.28896615064748 0.35671773299310744 0.05168906079984253
27300 0.012665232788319415 0 11.28896615064748 0.35671773299310744 0.05168906079984253
27350 0.012665232788319415 0 11.28896615064748 0.35671773299310744 0.05168906079984253
27400 0.012665232788319415 0 11.28896615064748 0.35671773299310744 0.05168906079984253
27450 0.012665232788319415 0 11.28896615064748 0.35671773299310744 0.05168906079984253
27500 0.012665232788319415 0 11.28896615064748 0.35671773299310744 0.05168906079984253
27550 0.012665232788319415 0 11.288965669986526 0.3567177411917511 0.05168906114063804
27600 0.012665232788319415 0 11.288965669986526 0.3567177411917511 0.05168906114063804
27650 0.012665232788319415 0 11.288965669986526 0.3567177411917511 0.05168906114063804
27700 0.012665232788319415 0 11.288965669986526 0.3567177411917511 0.05168906114063804
27750 0.012665232788319413 0 11.288965866170011 0.3567177378454453 0.05168906100154113
27800 0.012665232788319413 0 11.288965866170011 0.3567177378454453 0.05168906100154113
27850 0.012665232788319413 0 11.288965866170011 0.3567177378454453 0.05168906100154113
27900 0.012665232788319413 0 11.288965866170011 0.3567177378454453 0.05168906100154113
27950 0.012665232788319413 0 11.288965866170011 0.3567177378454453 0.05168906100154113
28000 0.012665232788319413 0 11.288965866170011 0.3567177378454453 0.05168906100154113
28050 0.012665232788319413 0 11.288965866170011 0.3567177378454453 0.05168906100154113
28100 0.012665232788319413 0 11.288965866170011 0.3567177378454453 0.05168906100154113
28150 0.012665232788319413 0 11.288965866170011 0.3567177378454453 0.05168906100154113
28200 0.012665232788319413 0 11.288965866170011 0.3567177378454453 0.05168906100154113
28250 0.012665232788319413 0 11.288965866170011 0.3567177378454453 0.05168906100154113
28300 0.012665232788319413 0 11.288965866170011 0.3567177378454453 0.05168906100154113
28350 0.012665232788319413 0 11.288965866170011 0.3567177378454453 0.05168906100154113
28400 0.012665232788319413 0 11.288965866170011 0.3567177378454453 0.05168906100154113
28450 0.012665232788319413 0 11.288965866170011 0.3567177378454453 0.05168906100154113
28500 0.012665232788319413 0 11.288965866170011 0.3567177378454453 0.05168906100154113
28550 0.012665232788319412 0 11.288966171540974 0.3567177326367267 0.05168906078502874
28600 0.012665232788319412 0 11.288966171540974 0.3567177326367267 0.05168906078502874
28650 0.012665232788319412 0 11.288966171540974 0.3567177326367267 0.05168906078502874
28700 0.012665232788319412 0 11.288966171540974 0.3567177326367267 0.05168906078502874
28750 0.012665232788319412 0 11.288966171540974 0.3567177326367267 0.05168906078502874
28800 0.012665232788319412 0 11.288966171540974 0.3567177326367267 0.05168906078502874
28850 0.012665232788319412 0 11.288966171540974 0.3567177326367267 0.05168906078502874
28900 0.012665232788319412 0 11.28896565885902 0.35671774138155316 0.051689061148527594
28950 0.012665232788319412 0 11.28896565885902 0.35671774138155316 0.051689061148527594
29000 0.012665232788319412 0 11.28896565885902 0.35671774138155316 0.051689061148527594
29050 0.012665232788319412 0 11.28896565885902 0.35671774138155316 0.051689061148527594
29100 0.012665232788319412 0 11.28896565885902 0.35671774138155316 0.051689061148527594
29150 0.01266523278831941 0 11.288965625686169 0.35671774194738315 0.05168906117204762
29200 0.01266523278831941 0 11.288965625686169 0.35671774194738315 0.05168906117204762
29250 0.01266523278831941 0 11.288965625686169 0.35671774194738315 0.05168906117204762
29300 0.01266523278831941 0 11.288965625686169 0.35671774194738315 0.05168906117204762
29350 0.01266523278831941 0 11.288965625686169 0.35671774194738315 0.05168906117204762
29400 0.01266523278831941 0 11.288965625686169 0.35671774194738315 0.05168906117204762
29450 0.01266523278831941 0 11.288965625686169 0.35671774194738315 0.05168906117204762
29500 0.01266523278831941 0 11.288965625686169 0.35671774194738315 0.05168906117204762
29550 0.01266523278831941 0 11.288965625686169 0.35671774194738315 0.05168906117204762
29600 0.01266523278831941 0 11.288965625686169 0.35671774194738315 0.05168906117204762
29650 0.01266523278831941 0 11.288965625686169 0.35671774194738315 0.05168906117204762
29700 0.01266523278831941 0 11.288965625686169 0.35671774194738315 0.05168906117204762
29750 0.01266523278831941 0 11.288965625686169 0.35671774194738315 0.05168906117204762
29800 0.01266523278831941 0 11.288965625686169 0.35671774194738315 0.05168906117204762
29850 0.01266523278831941 0 11.288965625686169 0.35671774194738315 0.05168906117204762
29900 0.01266523278831941 0 11.288965625686169 0.35671774194738315 0.05168906117204762
29950 0.01266523278831941 0 11.288965625686169 0.35671774194738315 0.05168906117204762
30000 0.01266523278831941 0 11.288965625686169 0.35671774194738315 0.05168906117204762
30050 0.01266523278831941 0 11.288965625686169 0.35671774194738315 0.05168906117204762
30100 0.01266523278831941 0 11.288965625686169 0.35671774194738315 0.05168906117204762
30150 0.01266523278831941 0 11.288965625686169 0.35671774194738315 0.05168906117204762
30200 0.01266523278831941 0 11.288965625686169 0.35671774194738315 0.05168906117204762
30250 0.01266523278831941 0 11.288965625686169 0.35671774194738315 0.05168906117204762
30300 0.01266523278831941 0 11.288965625686169 0.35671774194738315 0.05168906117204762
30350 0.01266523278831941 0 11.288965625686169 0.35671774194738315 0.05168906117204762
30400 0.01266523278831941 0 11.288965625686169 0.35671774194738315 0.05168906117204762
30450 0.01266523278831941 0 11.288965901047623 0.3567177372505371 0.0516890609768124
30500 0.01266523278831941 0 11.288965901047623 0.3567177372505371 0.0516890609768124
30550 0.01266523278831941 0 11.288965901047623 0.3567177372505371 0.0516890609768124
30600 0.01266523278831941 0 11.288965774233134 0.35671773941361445 0.05168906106672569
30650 0.01266523278831941 0 11.288965774233134 0.35671773941361445 0.05168906106672569
30700 0.01266523278831941 0 11.288965774233134 0.35671773941361445 0.05168906106672569
30750 0.01266523278831941 0 11.288965774233134 0.35671773941361445 0.05168906106672569
30800 0.01266523278831941 0 11.288965774233134 0.35671773941361445 0.05168906106672569
30850 0.01266523278831941 0 11.288965774233134 0.35671773941361445 0.05168906106672569
30900 0.01266523278831941 0 11.288965774233134 0.35671773941361445 0.05168906106672569
30950 0.01266523278831941 0 11.288965774233134 0.35671773941361445 0.05168906106672569
31000 0.01266523278831941 0 11.288965774233134 0.35671773941361445 0.05168906106672569
31050 0.01266523278831941 0 11.288965774233134 0.35671773941361445 0.05168906106672569
31100 0.01266523278831941 0 11.288965774233134 0.35671773941361445 0.05168906106672569
31150 0.01266523278831941 0 11.288965774233134 0.35671773941361445 0.05168906106672569
31200 0.01266523278831941 0 11.288965774233134 0.35671773941361445 0.05168906106672569
31250 0.01266523278831941 0 11.288965774233134 0.35671773941361445 0.05168906106672569
31300 0.01266523278831941 0 11.288965774233134 0.35671773941361445 0.05168906106672569
31350 0.01266523278831941 0 11.288965774233134 0.35671773941361445 0.05168906106672569
31400 0.01266523278831941 0 11.288965774233134 0.35671773941361445 0.05168906106672569
31450 0.01266523278831941 0 11.288965774233134 0.35671773941361445 0.05168906106672569
31500 0.01266523278831941 0 11.288965774233134 0.35671773941361445 0.05168906106672569
31550 0.01266523278831941 0 11.288965774233134 0.35671773941361445 0.05168906106672569
31600 0.01266523278831941 0 11.288965774233134 0.35671773941361445 0.05168906106672569
31650 0.01266523278831941 0 11.288965774233134 0.35671773941361445 0.05168906106672569
31700 0.01266523278831941 0 11.288965774233134 0.35671773941361445 0.05168906106672569
31750 0.01266523278831941 0 11.288965774233134 0.35671773941361445 0.05168906106672569
31800 0.01266523278831941 0 11.288965774233134 0.35671773941361445 0.05168906106672569
31850 0.012665232788319407 0 11.288965555033318 0.35671774315251026 0.0516890612221415
31900 0.012665232788319407 0 11.288965555033318 0.35671774315251026 0.0516890612221415
31950 0.012665232788319407 0 11.288965555033318 0.35671774315251026 0.0516890612221415
32000 0.012665232788319407 0 11.288965555033318 0.35671774315251026 0.0516890612221415
32050 0.012665232788319407 0 11.288965555033318 0.35671774315251026 0.0516890612221415
32100 0.012665232788319407 0 11.288965555033318 0.35671774315251026 0.0516890612221415
32150 0.012665232788319407 0 11.288965555033318 0.35671774315251026 0.0516890612221415
32200 0.012665232788319407 0 11.288965555033318 0.35671774315251026 0.0516890612221415
32250 0.012665232788319407 0 11.288965555033318 0.35671774315251026 0.0516890612221415
32300 0.012665232788319407 0 11.288965555033318 0.35671774315251026 0.0516890612221415
32350 0.012665232788319407 0 11.288965555033318 0.35671774315251026 0.0516890612221415
32400 0.012665232788319407 0 11.288965555033318 0.35671774315251026 0.0516890612221415
32450 0.012665232788319407 0 11.288965555033318 0.35671774315251026 0.0516890612221415
32500 0.012665232788319407 0 11.288965555033318 0.35671774315251026 0.0516890612221415
32550 0.012665232788319407 0 11.288965555033318 0.35671774315251026 0.0516890612221415
32600 0.012665232788319407 0 11.288965555033318 0.35671774315251026 0.0516890612221415
32650 0.012665232788319407 0 11.288965555033318 0.35671774315251026 0.0516890612221415
32700 0.012665232788319407 0 11.288965555033318 0.35671774315251026 0.0516890612221415
32750 0.012665232788319407 0 11.288965555033318 0.35671774315251026 0.0516890612221415
32800 0.012665232788319407 0 11.288965555033318 0.35671774315251026 0.0516890612221415
32850 0.012665232788319407 0 11.288965555033318 0.35671774315251026 0.0516890612221415
32900 0.012665232788319407 0 11.288965555033318 0.35671774315251026 0.0516890612221415
32950 0.012665232788319407 0 11.288965555033318 0.35671774315251026 0.0516890612221415
33000 0.012665232788319407 0 11.288965555033318 0.35671774315251026 0.0516890612221415
33050 0.012665232788319407 0 11.288965555033318 0.35671774315251026 0.0516890612221415
33100 0.012665232788319407 0 11.288965555033318 0.35671774315251026 0.0516890612221415
33150 0.012665232788319407 0 11.288965555033318 0.35671774315251026 0.0516890612221415
33200 0.012665232788319407 0 11.288965555033318 0.35671774315251026 0.0516890612221415
33250 0.012665232788319407 0 11.288965555033318 0.35671774315251026 0.0516890612221415
33300 0.012665232788319407 0 11.288965555033318 0.35671774315251026 0.0516890612221415
33350 0.012665232788319407 0 11.288965555033318 0.35671774315251026 0.0516890612221415
33400 0.012665232788319407 0 11.288965555033318 0.35671774315251026 0.0516890612221415
33450 0.012665232788319407 0 11.288965555033318 0.35671774315251026 0.0516890612221415
33500 0.012665232788319407 0 11.288965555033318 0.35671774315251026 0.0516890612221415
33550 0.012665232788319407 0 11.288965555033318 0.35671774315251026 0.0516890612221415
33600 0.012665232788319407 0 11.288965555033318 0.35671774315251026 0.0516890612221415
33650 0.012665232788319407 0 11.288965555033318 0.35671774315251026 0.0516890612221415
33700 0.012665232788319407 0 11.288965555033318 0.35671774315251026 0.0516890612221415
33750 0.012665232788319407 0 11.288965555033318 0.35671774315251026 0.0516890612221415
33800 0.012665232788319407 0 11.288965555033318 0.35671774315251026 0.0516890612221415
33850 0.012665232788319407 0 11.288965555033318 0.35671774315251026 0.0516890612221415
33900 0.012665232788319407 0 11.288965555033318 0.35671774315251026 0.0516890612221415
33950 0.012665232788319407 0 11.288965555033318 0.35671774315251026 0.0516890612221415
34000 0.012665232788319407 0 11.288965555033318 0.35671774315251026 0.0516890612221415
34050 0.012665232788319407 0 11.288965555033318 0.35671774315251026 0.0516890612221415
34100 0.012665232788319407 0 11.288965555033318 0.35671774315251026 0.0516890612221415
34150 0.012665232788319407 0 11.288965555033318 0.35671774315251026 0.0516890612221415
34200 0.012665232788319407 0 11.288965555033318 0.35671774315251026 0.0516890612221415
34250 0.012665232788319407 0 11.288965555033318 0.35671774315251026 0.0516890612221415
34300 0.012665232788319407 0 11.288965662324015 0.3567177413224506 0.05168906114607086
34350 0.012665232788319407 0 11.288965662324015 0.3567177413224506 0.05168906114607086
34400 0.012665232788319407 0 11.288965662324015 0.3567177413224506 0.05168906114607086
34450 0.012665232788319407 0 11.288965662324015 0.3567177413224506 0.05168906114607086
34500 0.012665232788319407 0 11.288965662324015 0.3567177413224506 0.05168906114607086
34550 0.012665232788319407 0 11.288965662324015 0.3567177413224506 0.05168906114607086
34600 0.012665232788319407 0 11.288965662324015 0.3567177413224506 0.05168906114607086
34650 0.012665232788319407 0 11.288965662324015 0.3567177413224506 0.05168906114607086
34700 0.012665232788319407 0 11.288965662324015 0.3567177413224506 0.05168906114607086
34750 0.012665232788319407 0 11.288965662324015 0.3567177413224506 0.05168906114607086
34800 0.012665232788319407 0 11.288965662324015 0.3567177413224506 0.05168906114607086
34850 0.012665232788319407 0 11.288965662324015 0.3567177413224506 0.05168906114607086
34900 0.012665232788319407 0 11.288965662324015 0.3567177413224506 0.05168906114607086
34950 0.012665232788319407 0 11.288965662324015 0.3567177413224506 0.05168906114607086
35000 0.012665232788319407 0 11.288965662324015 0.3567177413224506 0.05168906114607086
35050 0.012665232788319407 0 11.288965662324015 0.3567177413224506 0.05168906114607086
35100 0.012665232788319407 0 11.288965662324015 0.3567177413224506 0.05168906114607086
35150 0.012665232788319407 0 11.288965662324015 0.3567177413224506 0.05168906114607086
35200 0.012665232788319407 0 11.288965662324015 0.3567177413224506 0.05168906114607086
35250 0.012665232788319407 0 11.288965662324015 0.3567177413224506 0.05168906114607086
35300 0.012665232788319407 0 11.288965662324015 0.3567177413224506 0.05168906114607086
35350 0.012665232788319407 0 11.288965662324015 0.3567177413224506 0.05168906114607086
35400 0.012665232788319407 0 11.288965662324015 0.3567177413224506 0.05168906114607086
35450 0.012665232788319407 0 11.288965662324015 0.3567177413224506 0.05168906114607086
35500 0.012665232788319407 0 11.288965662324015 0.3567177413224506 0.05168906114607086
35550 0.012665232788319407 0 11.288965662324015 0.3567177413224506 0.05168906114607086
35600 0.012665232788319407 0 11.288965662324015 0.3567177413224506 0.05168906114607086
35650 0.012665232788319407 0 11.288965662324015 0.3567177413224506 0.05168906114607086
35700 0.012665232788319407 0 11.288965662324015 0.3567177413224506 0.05168906114607086
35750 0.012665232788319407 0 11.288965662324015 0.3567177413224506 0.05168906114607086
35800 0.012665232788319407 0 11.288965662324015 0.3567177413224506 0.05168906114607086
35850 0.012665232788319407 0 11.288965662324015 0.3567177413224506 0.05168906114607086
35900 0.012665232788319407 0 11.288965662324015 0.3567177413224506 0.05168906114607086
35950 0.012665232788319407 0 11.288965662324015 0.3567177413224506 0.05168906114607086
*---*---*---*---*---*---*---*---*---*---*---*---*---*---*---*---*---*---*---*---*
Status: Finished
Last individual
0.012665232788319407 0 11.288965662324015 0.3567177413224506 0.05168906114607086
Hall of fame
0.012665232788319407 0 11.288965555033318 0.35671774315251026 0.0516890612221415
Last factible individual
0.012665232788319407 0 11.288965662324015 0.3567177413224506 0.05168906114607086
CPU time used (seconds)
1.5533741300005204
