*---*---*---*---*---*---*---*---*---*---*---*---*---*---*---*---*---*---*---*---*
Algorithm: Differential Evolution
Constrainth handling method: APM
Function: 21
Case: continuous
Seed: 18
Parents size: 50
Offsprings size: 50
maxFe: 36000
CR: 0.9
F: 0.6
rweights: -
*---*---*---*---*---*---*---*---*---*---*---*---*---*---*---*---*---*---*---*---*
ngen ObjectiveFunction Fitness ProjectVariables
50 0.01992089414140102 12.798810670945802 5.805464955098665 1.0208690580764619 0.05
100 0.009509312601479162 9.040283122139039 6.202400793463719 0.4637331357451777 0.05
150 0.1709175393798915 0.1709175393798915 14.33733600263821 0.936195223970476 0.10571083049250564
200 0.10605945504746894 0.10605945504746894 8.385636807326224 1.09535359857147 0.0965563767202058
250 0.10605945504746894 0.10605945504746894 8.385636807326224 1.09535359857147 0.0965563767202058
300 0.10605945504746894 0.10605945504746894 8.385636807326224 1.09535359857147 0.0965563767202058
350 0.03297055068103228 0.03297055068103228 2 1.3 0.07962719708480973
400 0.018548277035233145 0.018548277035233145 4.9480702478577925 0.6724430346981309 0.06300745484550213
450 0.018548277035233145 0.018548277035233145 4.9480702478577925 0.6724430346981309 0.06300745484550213
500 0.018548277035233145 0.018548277035233145 4.9480702478577925 0.6724430346981309 0.06300745484550213
550 0.018548277035233145 0.018548277035233145 4.9480702478577925 0.6724430346981309 0.06300745484550213
600 0.017972004000054942 0.017972004000054942 4.53198476672465 0.6930546306530039 0.06300745484550213
650 0.017972004000054942 0.017972004000054942 4.53198476672465 0.6930546306530039 0.06300745484550213
700 0.014357509949676535 0.014357509949676535 6.097029635123912 0.5215467527255007 0.05830825919943025
750 0.013616803008233272 0.013616803008233272 14.227840741368723 0.32810406998842795 0.05057098352336528
800 0.013467149868888889 0.013467149868888889 15 0.3168741145620914 0.05
850 0.013467149868888889 0.013467149868888889 15 0.3168741145620914 0.05
900 0.013467149868888889 0.013467149868888889 15 0.3168741145620914 0.05
950 0.013467149868888889 0.013467149868888889 15 0.3168741145620914 0.05
1000 0.013467149868888889 0.013467149868888889 15 0.3168741145620914 0.05
1050 0.013467149868888889 0.013467149868888889 15 0.3168741145620914 0.05
1100 0.013169299394282123 0.013169299394282123 13.207406085661093 0.3338431853526722 0.05093103551826071
1150 0.013169299394282123 0.013169299394282123 13.207406085661093 0.3338431853526722 0.05093103551826071
1200 0.013169299394282123 0.013169299394282123 13.207406085661093 0.3338431853526722 0.05093103551826071
1250 0.013169299394282123 0.013169299394282123 13.207406085661093 0.3338431853526722 0.05093103551826071
1300 0.013169299394282123 0.013169299394282123 13.207406085661093 0.3338431853526722 0.05093103551826071
1350 0.013169299394282123 0.013169299394282123 13.207406085661093 0.3338431853526722 0.05093103551826071
1400 0.012877142974332732 0.012877142974332732 11.965169363435386 0.348173872416439 0.051462225851477465
1450 0.012877142974332732 0.012877142974332732 11.965169363435386 0.348173872416439 0.051462225851477465
1500 0.012877142974332732 0.012877142974332732 11.965169363435386 0.348173872416439 0.051462225851477465
1550 0.012877142974332732 0.012877142974332732 11.965169363435386 0.348173872416439 0.051462225851477465
1600 0.012877142974332732 0.012877142974332732 11.965169363435386 0.348173872416439 0.051462225851477465
1650 0.012877142974332732 0.012877142974332732 11.965169363435386 0.348173872416439 0.051462225851477465
1700 0.012877142974332732 0.012877142974332732 11.965169363435386 0.348173872416439 0.051462225851477465
1750 0.012877142974332732 0.012877142974332732 11.965169363435386 0.348173872416439 0.051462225851477465
1800 0.012877142974332732 0.012877142974332732 11.965169363435386 0.348173872416439 0.051462225851477465
1850 0.012877142974332732 0.012877142974332732 11.965169363435386 0.348173872416439 0.051462225851477465
1900 0.012877142974332732 0.012877142974332732 11.965169363435386 0.348173872416439 0.051462225851477465
1950 0.012877142974332732 0.012877142974332732 11.965169363435386 0.348173872416439 0.051462225851477465
2000 0.012708767033131693 0.012708767033131693 10.031793050194747 0.3807185036957808 0.05267257378585562
2050 0.012708767033131693 0.012708767033131693 10.031793050194747 0.3807185036957808 0.05267257378585562
2100 0.012708767033131693 0.012708767033131693 10.031793050194747 0.3807185036957808 0.05267257378585562
2150 0.012708767033131693 0.012708767033131693 10.031793050194747 0.3807185036957808 0.05267257378585562
2200 0.012708767033131693 0.012708767033131693 10.031793050194747 0.3807185036957808 0.05267257378585562
2250 0.012708767033131693 0.012708767033131693 10.031793050194747 0.3807185036957808 0.05267257378585562
2300 0.012708767033131693 0.012708767033131693 10.031793050194747 0.3807185036957808 0.05267257378585562
2350 0.012708767033131693 0.012708767033131693 10.031793050194747 0.3807185036957808 0.05267257378585562
2400 0.012708767033131693 0.012708767033131693 10.031793050194747 0.3807185036957808 0.05267257378585562
2450 0.012708767033131693 0.012708767033131693 10.031793050194747 0.3807185036957808 0.05267257378585562
2500 0.012708767033131693 0.012708767033131693 10.031793050194747 0.3807185036957808 0.05267257378585562
2550 0.012697224222408312 0.012697224222408312 11.142786604144675 0.35968126322464733 0.051826485468045864
2600 0.012697224222408312 0.012697224222408312 11.142786604144675 0.35968126322464733 0.051826485468045864
2650 0.012697224222408312 0.012697224222408312 11.142786604144675 0.35968126322464733 0.051826485468045864
2700 0.012697224222408312 0.012697224222408312 11.142786604144675 0.35968126322464733 0.051826485468045864
2750 0.012697224222408312 0.012697224222408312 11.142786604144675 0.35968126322464733 0.051826485468045864
2800 0.012697224222408312 0.012697224222408312 11.142786604144675 0.35968126322464733 0.051826485468045864
2850 0.012697224222408312 0.012697224222408312 11.142786604144675 0.35968126322464733 0.051826485468045864
2900 0.012697224222408312 0.012697224222408312 11.142786604144675 0.35968126322464733 0.051826485468045864
2950 0.012697224222408312 0.012697224222408312 11.142786604144675 0.35968126322464733 0.051826485468045864
3000 0.012697224222408312 0.012697224222408312 11.142786604144675 0.35968126322464733 0.051826485468045864
3050 0.012697224222408312 0.012697224222408312 11.142786604144675 0.35968126322464733 0.051826485468045864
3100 0.012697224222408312 0.012697224222408312 11.142786604144675 0.35968126322464733 0.051826485468045864
3150 0.012697224222408312 0.012697224222408312 11.142786604144675 0.35968126322464733 0.051826485468045864
3200 0.012697224222408312 0.012697224222408312 11.142786604144675 0.35968126322464733 0.051826485468045864
3250 0.012697224222408312 0.012697224222408312 11.142786604144675 0.35968126322464733 0.051826485468045864
3300 0.012683060509191125 0.012683060509191125 11.264011185442461 0.35739046828939625 0.05172531089912745
3350 0.012683060509191125 0.012683060509191125 11.264011185442461 0.35739046828939625 0.05172531089912745
3400 0.012683060509191125 0.012683060509191125 11.264011185442461 0.35739046828939625 0.05172531089912745
3450 0.012683060509191125 0.012683060509191125 11.264011185442461 0.35739046828939625 0.05172531089912745
3500 0.012683060509191125 0.012683060509191125 11.264011185442461 0.35739046828939625 0.05172531089912745
3550 0.012676729539801528 0.012676729539801528 11.25521909438494 0.357499306334632 0.0517216719424312
3600 0.012676729539801528 0.012676729539801528 11.25521909438494 0.357499306334632 0.0517216719424312
3650 0.012676729539801528 0.012676729539801528 11.25521909438494 0.357499306334632 0.0517216719424312
3700 0.01267299617230021 0.01267299617230021 11.077282403667882 0.3604711780657612 0.05184962595276876
3750 0.01267299617230021 0.01267299617230021 11.077282403667882 0.3604711780657612 0.05184962595276876
3800 0.01267299617230021 0.01267299617230021 11.077282403667882 0.3604711780657612 0.05184962595276876
3850 0.01267299617230021 0.01267299617230021 11.077282403667882 0.3604711780657612 0.05184962595276876
3900 0.01267299617230021 0.01267299617230021 11.077282403667882 0.3604711780657612 0.05184962595276876
3950 0.012672991238974035 0.012672991238974035 10.654800397507369 0.36810486041776835 0.05215862591225333
4000 0.012672991238974035 0.012672991238974035 10.654800397507369 0.36810486041776835 0.05215862591225333
4050 0.012672991238974035 0.012672991238974035 10.654800397507369 0.36810486041776835 0.05215862591225333
4100 0.012672991238974035 0.012672991238974035 10.654800397507369 0.36810486041776835 0.05215862591225333
4150 0.012671147837687632 0.012671147837687632 11.220585823620864 0.35797447259065834 0.051743595135968844
4200 0.012671147837687632 0.012671147837687632 11.220585823620864 0.35797447259065834 0.051743595135968844
4250 0.012671147837687632 0.012671147837687632 11.220585823620864 0.35797447259065834 0.051743595135968844
4300 0.012671147837687632 0.012671147837687632 11.220585823620864 0.35797447259065834 0.051743595135968844
4350 0.012671147837687632 0.012671147837687632 11.220585823620864 0.35797447259065834 0.051743595135968844
4400 0.012671147837687632 0.012671147837687632 11.220585823620864 0.35797447259065834 0.051743595135968844
4450 0.012671147837687632 0.012671147837687632 11.220585823620864 0.35797447259065834 0.051743595135968844
4500 0.012671147837687632 0.012671147837687632 11.220585823620864 0.35797447259065834 0.051743595135968844
4550 0.012671147837687632 0.012671147837687632 11.220585823620864 0.35797447259065834 0.051743595135968844
4600 0.012671147837687632 0.012671147837687632 11.220585823620864 0.35797447259065834 0.051743595135968844
4650 0.012671147837687632 0.012671147837687632 11.220585823620864 0.35797447259065834 0.051743595135968844
4700 0.012671147837687632 0.012671147837687632 11.220585823620864 0.35797447259065834 0.051743595135968844
4750 0.012671147837687632 0.012671147837687632 11.220585823620864 0.35797447259065834 0.051743595135968844
4800 0.012671147837687632 0.012671147837687632 11.220585823620864 0.35797447259065834 0.051743595135968844
4850 0.012668003775527728 0.012668003775527728 11.078064358192005 0.36040743977864015 0.051842445913549015
4900 0.012668003775527728 0.012668003775527728 11.078064358192005 0.36040743977864015 0.051842445913549015
4950 0.012668003775527728 0.012668003775527728 11.078064358192005 0.36040743977864015 0.051842445913549015
5000 0.012668003775527728 0.012668003775527728 11.078064358192005 0.36040743977864015 0.051842445913549015
5050 0.012667583392929166 0.012667583392929166 11.318780988596068 0.3562398790719523 0.051670585161496536
5100 0.012667583392929166 0.012667583392929166 11.318780988596068 0.3562398790719523 0.051670585161496536
5150 0.012667583392929166 0.012667583392929166 11.318780988596068 0.3562398790719523 0.051670585161496536
5200 0.012667583392929166 0.012667583392929166 11.318780988596068 0.3562398790719523 0.051670585161496536
5250 0.012667583392929166 0.012667583392929166 11.318780988596068 0.3562398790719523 0.051670585161496536
5300 0.012667583392929166 0.012667583392929166 11.318780988596068 0.3562398790719523 0.051670585161496536
5350 0.012667583392929166 0.012667583392929166 11.318780988596068 0.3562398790719523 0.051670585161496536
5400 0.012667583392929166 0.012667583392929166 11.318780988596068 0.3562398790719523 0.051670585161496536
5450 0.012667583392929166 0.012667583392929166 11.318780988596068 0.3562398790719523 0.051670585161496536
5500 0.012667583392929166 0.012667583392929166 11.318780988596068 0.3562398790719523 0.051670585161496536
5550 0.012666953900034715 0.012666953900034715 11.001252713692088 0.36173760720321235 0.051897527083832135
5600 0.012666953900034715 0.012666953900034715 11.001252713692088 0.36173760720321235 0.051897527083832135
5650 0.012666953900034715 0.012666953900034715 11.001252713692088 0.36173760720321235 0.051897527083832135
5700 0.012666880734420004 0.012666880734420004 11.1869163426508 0.3584936823406674 0.05176336035007866
5750 0.012666880734420004 0.012666880734420004 11.1869163426508 0.3584936823406674 0.05176336035007866
5800 0.012666880734420004 0.012666880734420004 11.1869163426508 0.3584936823406674 0.05176336035007866
5850 0.012666781813368192 0.012666781813368192 10.95377221009207 0.36258048916322666 0.05193173134898752
5900 0.012666169175076809 0.012666169175076809 11.23846083183188 0.3575945112614733 0.051725949643434424
5950 0.012666169175076809 0.012666169175076809 11.23846083183188 0.3575945112614733 0.051725949643434424
6000 0.012666169175076809 0.012666169175076809 11.23846083183188 0.3575945112614733 0.051725949643434424
6050 0.01266586474331298 0.01266586474331298 11.23168676684533 0.3577091664527159 0.05173027447020836
6100 0.01266586474331298 0.01266586474331298 11.23168676684533 0.3577091664527159 0.05173027447020836
6150 0.01266586474331298 0.01266586474331298 11.23168676684533 0.3577091664527159 0.05173027447020836
6200 0.012665701815895908 0.012665701815895908 11.248653933409306 0.35741477805572774 0.05171809254698537
6250 0.012665701815895908 0.012665701815895908 11.248653933409306 0.35741477805572774 0.05171809254698537
6300 0.012665701815895908 0.012665701815895908 11.248653933409306 0.35741477805572774 0.05171809254698537
6350 0.012665408838581232 0.012665408838581232 11.335347266672128 0.3559318980224326 0.051656382186686986
6400 0.012665408838581232 0.012665408838581232 11.335347266672128 0.3559318980224326 0.051656382186686986
6450 0.012665408838581232 0.012665408838581232 11.335347266672128 0.3559318980224326 0.051656382186686986
6500 0.012665408838581232 0.012665408838581232 11.335347266672128 0.3559318980224326 0.051656382186686986
6550 0.012665408838581232 0.012665408838581232 11.335347266672128 0.3559318980224326 0.051656382186686986
6600 0.012665408838581232 0.012665408838581232 11.335347266672128 0.3559318980224326 0.051656382186686986
6650 0.012665408838581232 0.012665408838581232 11.335347266672128 0.3559318980224326 0.051656382186686986
6700 0.012665408838581232 0.012665408838581232 11.335347266672128 0.3559318980224326 0.051656382186686986
6750 0.012665408838581232 0.012665408838581232 11.335347266672128 0.3559318980224326 0.051656382186686986
6800 0.012665408838581232 0.012665408838581232 11.335347266672128 0.3559318980224326 0.051656382186686986
6850 0.012665368416919351 0.012665368416919351 11.311500120522274 0.35633586392907246 0.05167323436787745
6900 0.012665368416919351 0.012665368416919351 11.311500120522274 0.35633586392907246 0.05167323436787745
6950 0.012665368416919351 0.012665368416919351 11.311500120522274 0.35633586392907246 0.05167323436787745
7000 0.012665368416919351 0.012665368416919351 11.311500120522274 0.35633586392907246 0.05167323436787745
7050 0.012665352491827002 0.012665352491827002 11.257345440079796 0.35726017605444094 0.05171160892238331
7100 0.012665352491827002 0.012665352491827002 11.257345440079796 0.35726017605444094 0.05171160892238331
7150 0.012665282191287819 0.012665282191287819 11.257853998887002 0.3572502196466167 0.05171119416453823
7200 0.012665282191287819 0.012665282191287819 11.257853998887002 0.3572502196466167 0.05171119416453823
7250 0.012665282191287819 0.012665282191287819 11.257853998887002 0.3572502196466167 0.05171119416453823
7300 0.012665282191287819 0.012665282191287819 11.257853998887002 0.3572502196466167 0.05171119416453823
7350 0.012665282191287819 0.012665282191287819 11.257853998887002 0.3572502196466167 0.05171119416453823
7400 0.012665259848862374 0.012665259848862374 11.27037003391451 0.3570357576979087 0.05170227805369796
7450 0.012665259848862374 0.012665259848862374 11.27037003391451 0.3570357576979087 0.05170227805369796
7500 0.012665259848862374 0.012665259848862374 11.27037003391451 0.3570357576979087 0.05170227805369796
7550 0.012665259848862374 0.012665259848862374 11.27037003391451 0.3570357576979087 0.05170227805369796
7600 0.012665259848862374 0.012665259848862374 11.27037003391451 0.3570357576979087 0.05170227805369796
7650 0.012665259848862374 0.012665259848862374 11.27037003391451 0.3570357576979087 0.05170227805369796
7700 0.012665259848862374 0.012665259848862374 11.27037003391451 0.3570357576979087 0.05170227805369796
7750 0.012665259848862374 0.012665259848862374 11.27037003391451 0.3570357576979087 0.05170227805369796
7800 0.012665247177630288 0.012665247177630288 11.302548417022312 0.3564864731804459 0.051679450023160704
7850 0.012665247177630288 0.012665247177630288 11.302548417022312 0.3564864731804459 0.051679450023160704
7900 0.012665247177630288 0.012665247177630288 11.302548417022312 0.3564864731804459 0.051679450023160704
7950 0.012665247177630288 0.012665247177630288 11.302548417022312 0.3564864731804459 0.051679450023160704
8000 0.012665247177630288 0.012665247177630288 11.302548417022312 0.3564864731804459 0.051679450023160704
8050 0.012665247177630288 0.012665247177630288 11.302548417022312 0.3564864731804459 0.051679450023160704
8100 0.012665247177630288 0.012665247177630288 11.302548417022312 0.3564864731804459 0.051679450023160704
8150 0.012665247177630288 0.012665247177630288 11.302548417022312 0.3564864731804459 0.051679450023160704
8200 0.012665247177630288 0.012665247177630288 11.302548417022312 0.3564864731804459 0.051679450023160704
8250 0.012665247177630288 0.012665247177630288 11.302548417022312 0.3564864731804459 0.051679450023160704
8300 0.012665247177630288 0.012665247177630288 11.302548417022312 0.3564864731804459 0.051679450023160704
8350 0.012665247177630288 0.012665247177630288 11.302548417022312 0.3564864731804459 0.051679450023160704
8400 0.012665247177630288 0.012665247177630288 11.302548417022312 0.3564864731804459 0.051679450023160704
8450 0.012665244079262587 0.012665244079262587 11.292373385498072 0.35665976269888994 0.05168665865948051
8500 0.012665243172594147 0.012665243172594147 11.266641786863985 0.35709920763255576 0.05170491417910688
8550 0.012665243172594147 0.012665243172594147 11.266641786863985 0.35709920763255576 0.05170491417910688
8600 0.012665243172594147 0.012665243172594147 11.266641786863985 0.35709920763255576 0.05170491417910688
8650 0.012665243172594147 0.012665243172594147 11.266641786863985 0.35709920763255576 0.05170491417910688
8700 0.012665243172594147 0.012665243172594147 11.266641786863985 0.35709920763255576 0.05170491417910688
8750 0.012665243172594147 0.012665243172594147 11.266641786863985 0.35709920763255576 0.05170491417910688
8800 0.012665243172594147 0.012665243172594147 11.266641786863985 0.35709920763255576 0.05170491417910688
8850 0.012665243172594147 0.012665243172594147 11.266641786863985 0.35709920763255576 0.05170491417910688
8900 0.012665241836331451 0.012665241836331451 11.261912714958457 0.35718009015649754 0.05170827377147081
8950 0.012665241836331451 0.012665241836331451 11.261912714958457 0.35718009015649754 0.05170827377147081
9000 0.012665241836331451 0.012665241836331451 11.261912714958457 0.35718009015649754 0.05170827377147081
9050 0.012665241836331451 0.012665241836331451 11.261912714958457 0.35718009015649754 0.05170827377147081
9100 0.012665241836331451 0.012665241836331451 11.261912714958457 0.35718009015649754 0.05170827377147081
9150 0.012665241836331451 0.012665241836331451 11.261912714958457 0.35718009015649754 0.05170827377147081
9200 0.012665241836331451 0.012665241836331451 11.261912714958457 0.35718009015649754 0.05170827377147081
9250 0.012665241836331451 0.012665241836331451 11.261912714958457 0.35718009015649754 0.05170827377147081
9300 0.01266524115858128 0.01266524115858128 11.275900203772247 0.3569409004464691 0.051698338379703127
9350 0.01266523644831489 0.01266523644831489 11.278034798134742 0.35690436723249885 0.051696818728578696
9400 0.01266523644831489 0.01266523644831489 11.278034798134742 0.35690436723249885 0.051696818728578696
9450 0.01266523644831489 0.01266523644831489 11.278034798134742 0.35690436723249885 0.051696818728578696
9500 0.01266523644831489 0.01266523644831489 11.278034798134742 0.35690436723249885 0.051696818728578696
9550 0.01266523644831489 0.01266523644831489 11.278034798134742 0.35690436723249885 0.051696818728578696
9600 0.01266523644831489 0.01266523644831489 11.278034798134742 0.35690436723249885 0.051696818728578696
9650 0.01266523644831489 0.01266523644831489 11.278034798134742 0.35690436723249885 0.051696818728578696
9700 0.01266523644831489 0.01266523644831489 11.278034798134742 0.35690436723249885 0.051696818728578696
9750 0.01266523644831489 0.01266523644831489 11.278034798134742 0.35690436723249885 0.051696818728578696
9800 0.01266523644831489 0.01266523644831489 11.278034798134742 0.35690436723249885 0.051696818728578696
9850 0.01266523644831489 0.01266523644831489 11.278034798134742 0.35690436723249885 0.051696818728578696
9900 0.01266523644831489 0.01266523644831489 11.278034798134742 0.35690436723249885 0.051696818728578696
9950 0.012665236304064 0.012665236304064 11.276740298120256 0.35692647614851813 0.05169773740959492
10000 0.012665236304064 0.012665236304064 11.276740298120256 0.35692647614851813 0.05169773740959492
10050 0.012665236304064 0.012665236304064 11.276740298120256 0.35692647614851813 0.05169773740959492
10100 0.012665236304064 0.012665236304064 11.276740298120256 0.35692647614851813 0.05169773740959492
10150 0.012665236304064 0.012665236304064 11.276740298120256 0.35692647614851813 0.05169773740959492
10200 0.012665235671670822 0.012665235671670822 11.294780171195628 0.35661864145871275 0.051684942418908135
10250 0.012665235671670822 0.012665235671670822 11.294780171195628 0.35661864145871275 0.051684942418908135
10300 0.012665235671670822 0.012665235671670822 11.294780171195628 0.35661864145871275 0.051684942418908135
10350 0.012665235671670822 0.012665235671670822 11.294780171195628 0.35661864145871275 0.051684942418908135
10400 0.012665235671670822 0.012665235671670822 11.294780171195628 0.35661864145871275 0.051684942418908135
10450 0.012665235244341985 0.012665235244341985 11.288402159129385 0.35672738505747503 0.05168946340189802
10500 0.012665235244341985 0.012665235244341985 11.288402159129385 0.35672738505747503 0.05168946340189802
10550 0.012665234815716207 0.012665234815716207 11.289666375658609 0.3567058137008651 0.051688566747907706
10600 0.012665234709691954 0.012665234709691954 11.28443038568155 0.35679514776358107 0.05169227936975152
10650 0.012665234709691954 0.012665234709691954 11.28443038568155 0.35679514776358107 0.05169227936975152
10700 0.012665234709691954 0.012665234709691954 11.28443038568155 0.35679514776358107 0.05169227936975152
10750 0.012665234709691954 0.012665234709691954 11.28443038568155 0.35679514776358107 0.05169227936975152
10800 0.012665234709691954 0.012665234709691954 11.28443038568155 0.35679514776358107 0.05169227936975152
10850 0.012665234214775379 0.012665234214775379 11.28953547132074 0.35670803920000044 0.051688658848540785
10900 0.012665233063536618 0.012665233063536618 11.287970732568745 0.35673471672349844 0.05168976688130373
10950 0.012665233063536618 0.012665233063536618 11.287970732568745 0.35673471672349844 0.05168976688130373
11000 0.012665233063536618 0.012665233063536618 11.287970732568745 0.35673471672349844 0.05168976688130373
11050 0.012665233063536618 0.012665233063536618 11.287970732568745 0.35673471672349844 0.05168976688130373
11100 0.012665233063536618 0.012665233063536618 11.287970732568745 0.35673471672349844 0.05168976688130373
11150 0.012665233063536618 0.012665233063536618 11.287970732568745 0.35673471672349844 0.05168976688130373
11200 0.012665233063536618 0.012665233063536618 11.287970732568745 0.35673471672349844 0.05168976688130373
11250 0.012665233063536618 0.012665233063536618 11.287970732568745 0.35673471672349844 0.05168976688130373
11300 0.0126652330111758 0.0126652330111758 11.289000011750817 0.3567171591314565 0.051689036978078584
11350 0.0126652330111758 0.0126652330111758 11.289000011750817 0.3567171591314565 0.051689036978078584
11400 0.0126652330111758 0.0126652330111758 11.289000011750817 0.3567171591314565 0.051689036978078584
11450 0.0126652330111758 0.0126652330111758 11.289000011750817 0.3567171591314565 0.051689036978078584
11500 0.0126652330111758 0.0126652330111758 11.289000011750817 0.3567171591314565 0.051689036978078584
11550 0.0126652330111758 0.0126652330111758 11.289000011750817 0.3567171591314565 0.051689036978078584
11600 0.0126652330111758 0.0126652330111758 11.289000011750817 0.3567171591314565 0.051689036978078584
11650 0.0126652330111758 0.0126652330111758 11.289000011750817 0.3567171591314565 0.051689036978078584
11700 0.0126652330111758 0.0126652330111758 11.289000011750817 0.3567171591314565 0.051689036978078584
11750 0.0126652330111758 0.0126652330111758 11.289000011750817 0.3567171591314565 0.051689036978078584
11800 0.0126652330111758 0.0126652330111758 11.289000011750817 0.3567171591314565 0.051689036978078584
11850 0.0126652330111758 0.0126652330111758 11.289000011750817 0.3567171591314565 0.051689036978078584
11900 0.0126652330111758 0.0126652330111758 11.289000011750817 0.3567171591314565 0.051689036978078584
11950 0.0126652330111758 0.0126652330111758 11.289000011750817 0.3567171591314565 0.051689036978078584
12000 0.012665232968539402 0.012665232968539402 11.286057061844602 0.35676736490544547 0.0516911238287207
12050 0.012665232968539402 0.012665232968539402 11.286057061844602 0.35676736490544547 0.0516911238287207
12100 0.012665232968539402 0.012665232968539402 11.286057061844602 0.35676736490544547 0.0516911238287207
12150 0.012665232968539402 0.012665232968539402 11.286057061844602 0.35676736490544547 0.0516911238287207
12200 0.012665232968539402 0.012665232968539402 11.286057061844602 0.35676736490544547 0.0516911238287207
12250 0.012665232968539402 0.012665232968539402 11.286057061844602 0.35676736490544547 0.0516911238287207
12300 0.012665232968539402 0.012665232968539402 11.286057061844602 0.35676736490544547 0.0516911238287207
12350 0.012665232968539402 0.012665232968539402 11.286057061844602 0.35676736490544547 0.0516911238287207
12400 0.012665232968539402 0.012665232968539402 11.286057061844602 0.35676736490544547 0.0516911238287207
12450 0.012665232968539402 0.012665232968539402 11.286057061844602 0.35676736490544547 0.0516911238287207
12500 0.012665232931232437 0.012665232931232437 11.286869756757792 0.35675349821915747 0.051690547430931155
12550 0.012665232931232437 0.012665232931232437 11.286869756757792 0.35675349821915747 0.051690547430931155
12600 0.012665232931232437 0.012665232931232437 11.286869756757792 0.35675349821915747 0.051690547430931155
12650 0.012665232931232437 0.012665232931232437 11.286869756757792 0.35675349821915747 0.051690547430931155
12700 0.012665232931232437 0.012665232931232437 11.286869756757792 0.35675349821915747 0.051690547430931155
12750 0.012665232931232437 0.012665232931232437 11.286869756757792 0.35675349821915747 0.051690547430931155
12800 0.012665232931232437 0.012665232931232437 11.286869756757792 0.35675349821915747 0.051690547430931155
12850 0.012665232931232437 0.012665232931232437 11.286869756757792 0.35675349821915747 0.051690547430931155
12900 0.012665232871145089 0.012665232871145089 11.287808620309251 0.35673747952543294 0.05168988163643196
12950 0.012665232871145089 0.012665232871145089 11.287808620309251 0.35673747952543294 0.05168988163643196
13000 0.012665232871145089 0.012665232871145089 11.287808620309251 0.35673747952543294 0.05168988163643196
13050 0.012665232871145089 0.012665232871145089 11.287808620309251 0.35673747952543294 0.05168988163643196
13100 0.012665232871145089 0.012665232871145089 11.287808620309251 0.35673747952543294 0.05168988163643196
13150 0.012665232871145089 0.012665232871145089 11.287808620309251 0.35673747952543294 0.05168988163643196
13200 0.012665232871145089 0.012665232871145089 11.287808620309251 0.35673747952543294 0.05168988163643196
13250 0.012665232871145089 0.012665232871145089 11.287808620309251 0.35673747952543294 0.05168988163643196
13300 0.012665232871145089 0.012665232871145089 11.287808620309251 0.35673747952543294 0.05168988163643196
13350 0.012665232871145089 0.012665232871145089 11.287808620309251 0.35673747952543294 0.05168988163643196
13400 0.012665232871145089 0.012665232871145089 11.287808620309251 0.35673747952543294 0.05168988163643196
13450 0.012665232855705732 0.012665232855705732 11.287992908174758 0.35673433561255286 0.05168975093697049
13500 0.01266523281358635 0.01266523281358635 11.28862031025294 0.35672363255727546 0.05168930602965573
13550 0.01266523281358635 0.01266523281358635 11.28862031025294 0.35672363255727546 0.05168930602965573
13600 0.01266523281358635 0.01266523281358635 11.28862031025294 0.35672363255727546 0.05168930602965573
13650 0.01266523281358635 0.01266523281358635 11.28862031025294 0.35672363255727546 0.05168930602965573
13700 0.01266523281358635 0.01266523281358635 11.28862031025294 0.35672363255727546 0.05168930602965573
13750 0.01266523281358635 0.01266523281358635 11.28862031025294 0.35672363255727546 0.05168930602965573
13800 0.01266523281358635 0.01266523281358635 11.28862031025294 0.35672363255727546 0.05168930602965573
13850 0.01266523281358635 0.01266523281358635 11.28862031025294 0.35672363255727546 0.05168930602965573
13900 0.01266523281358635 0.01266523281358635 11.28862031025294 0.35672363255727546 0.05168930602965573
13950 0.01266523279140542 0.01266523279140542 11.288604044990832 0.3567239096161539 0.051689317545323486
14000 0.01266523279140542 0.01266523279140542 11.288604044990832 0.3567239096161539 0.051689317545323486
14050 0.01266523279140542 0.01266523279140542 11.288604044990832 0.3567239096161539 0.051689317545323486
14100 0.01266523279140542 0.01266523279140542 11.288604044990832 0.3567239096161539 0.051689317545323486
14150 0.01266523279140542 0.01266523279140542 11.288604044990832 0.3567239096161539 0.051689317545323486
14200 0.01266523279140542 0.01266523279140542 11.288604044990832 0.3567239096161539 0.051689317545323486
14250 0.01266523279140542 0.01266523279140542 11.288604044990832 0.3567239096161539 0.051689317545323486
14300 0.01266523279140542 0.01266523279140542 11.288604044990832 0.3567239096161539 0.051689317545323486
14350 0.01266523279140542 0.01266523279140542 11.288604044990832 0.3567239096161539 0.051689317545323486
14400 0.01266523279140542 0.01266523279140542 11.288604044990832 0.3567239096161539 0.051689317545323486
14450 0.01266523279140542 0.01266523279140542 11.288604044990832 0.3567239096161539 0.051689317545323486
14500 0.01266523279140542 0.01266523279140542 11.288604044990832 0.3567239096161539 0.051689317545323486
14550 0.01266523279140542 0.01266523279140542 11.288604044990832 0.3567239096161539 0.051689317545323486
14600 0.01266523279140542 0.01266523279140542 11.288604044990832 0.3567239096161539 0.051689317545323486
14650 0.01266523279140542 0.01266523279140542 11.288604044990832 0.3567239096161539 0.051689317545323486
14700 0.01266523279140542 0.01266523279140542 11.288604044990832 0.3567239096161539 0.051689317545323486
14750 0.01266523279140542 0.01266523279140542 11.288604044990832 0.3567239096161539 0.051689317545323486
14800 0.01266523279140542 0.01266523279140542 11.288604044990832 0.3567239096161539 0.051689317545323486
14850 0.01266523279140542 0.01266523279140542 11.288604044990832 0.3567239096161539 0.051689317545323486
14900 0.01266523279140542 0.01266523279140542 11.288604044990832 0.3567239096161539 0.051689317545323486
14950 0.01266523279140542 0.01266523279140542 11.288604044990832 0.3567239096161539 0.051689317545323486
15000 0.01266523279140542 0.01266523279140542 11.288604044990832 0.3567239096161539 0.051689317545323486
15050 0.01266523279140542 0.01266523279140542 11.288604044990832 0.3567239096161539 0.051689317545323486
15100 0.01266523279140542 0.01266523279140542 11.288604044990832 0.3567239096161539 0.051689317545323486
15150 0.01266523279140542 0.01266523279140542 11.288604044990832 0.3567239096161539 0.051689317545323486
15200 0.01266523279140542 0.01266523279140542 11.288604044990832 0.3567239096161539 0.051689317545323486
15250 0.01266523279140542 0.01266523279140542 11.288604044990832 0.3567239096161539 0.051689317545323486
15300 0.01266523279140542 0.01266523279140542 11.288604044990832 0.3567239096161539 0.051689317545323486
15350 0.01266523279140542 0.01266523279140542 11.288604044990832 0.3567239096161539 0.051689317545323486
15400 0.01266523279140542 0.01266523279140542 11.288604044990832 0.3567239096161539 0.051689317545323486
15450 0.01266523279140542 0.01266523279140542 11.288604044990832 0.3567239096161539 0.051689317545323486
15500 0.01266523279140542 0.01266523279140542 11.288604044990832 0.3567239096161539 0.051689317545323486
15550 0.01266523279140542 0.01266523279140542 11.288604044990832 0.3567239096161539 0.051689317545323486
15600 0.01266523279014452 0.01266523279014452 11.288955410184498 0.35671791621692095 0.05168906841701697
15650 0.01266523279014452 0.01266523279014452 11.288955410184498 0.35671791621692095 0.05168906841701697
15700 0.01266523279014452 0.01266523279014452 11.288955410184498 0.35671791621692095 0.05168906841701697
15750 0.01266523279014452 0.01266523279014452 11.288955410184498 0.35671791621692095 0.05168906841701697
15800 0.01266523279014452 0.01266523279014452 11.288955410184498 0.35671791621692095 0.05168906841701697
15850 0.01266523279014452 0.01266523279014452 11.288955410184498 0.35671791621692095 0.05168906841701697
15900 0.01266523279014452 0.01266523279014452 11.288955410184498 0.35671791621692095 0.05168906841701697
15950 0.01266523279014452 0.01266523279014452 11.288955410184498 0.35671791621692095 0.05168906841701697
16000 0.01266523279014452 0.01266523279014452 11.288955410184498 0.35671791621692095 0.05168906841701697
16050 0.01266523279014452 0.01266523279014452 11.288955410184498 0.35671791621692095 0.05168906841701697
16100 0.012665232789440924 0.012665232789440924 11.288968992369066 0.35671768454111263 0.05168905878591186
16150 0.012665232789440924 0.012665232789440924 11.288968992369066 0.35671768454111263 0.05168905878591186
16200 0.012665232789440924 0.012665232789440924 11.288968992369066 0.35671768454111263 0.05168905878591186
16250 0.012665232789440924 0.012665232789440924 11.288968992369066 0.35671768454111263 0.05168905878591186
16300 0.012665232789149293 0.012665232789149293 11.28870554325357 0.35672217826283176 0.05168924557711309
16350 0.012665232789149293 0.012665232789149293 11.28870554325357 0.35672217826283176 0.05168924557711309
16400 0.012665232789149293 0.012665232789149293 11.28870554325357 0.35672217826283176 0.05168924557711309
16450 0.012665232789149293 0.012665232789149293 11.28870554325357 0.35672217826283176 0.05168924557711309
16500 0.012665232789149293 0.012665232789149293 11.28870554325357 0.35672217826283176 0.05168924557711309
16550 0.012665232789149293 0.012665232789149293 11.28870554325357 0.35672217826283176 0.05168924557711309
16600 0.012665232789149293 0.012665232789149293 11.28870554325357 0.35672217826283176 0.05168924557711309
16650 0.012665232789149293 0.012665232789149293 11.28870554325357 0.35672217826283176 0.05168924557711309
16700 0.012665232789149293 0.012665232789149293 11.28870554325357 0.35672217826283176 0.05168924557711309
16750 0.012665232789149293 0.012665232789149293 11.28870554325357 0.35672217826283176 0.05168924557711309
16800 0.012665232789149293 0.012665232789149293 11.28870554325357 0.35672217826283176 0.05168924557711309
16850 0.012665232789149293 0.012665232789149293 11.28870554325357 0.35672217826283176 0.05168924557711309
16900 0.012665232789149293 0.012665232789149293 11.28870554325357 0.35672217826283176 0.05168924557711309
16950 0.012665232789149293 0.012665232789149293 11.28870554325357 0.35672217826283176 0.05168924557711309
17000 0.012665232789149293 0.012665232789149293 11.28870554325357 0.35672217826283176 0.05168924557711309
17050 0.012665232789149293 0.012665232789149293 11.28870554325357 0.35672217826283176 0.05168924557711309
17100 0.012665232789149293 0.012665232789149293 11.28870554325357 0.35672217826283176 0.05168924557711309
17150 0.012665232789149293 0.012665232789149293 11.28870554325357 0.35672217826283176 0.05168924557711309
17200 0.012665232789149293 0.012665232789149293 11.28870554325357 0.35672217826283176 0.05168924557711309
17250 0.012665232789125559 0.012665232789125559 11.288940289743229 0.35671817411459394 0.05168907913647552
17300 0.012665232789125559 0.012665232789125559 11.288940289743229 0.35671817411459394 0.05168907913647552
17350 0.012665232788749906 0.012665232788749906 11.289006733157283 0.3567170407833956 0.05168903202681322
17400 0.012665232788749906 0.012665232788749906 11.289006733157283 0.3567170407833956 0.05168903202681322
17450 0.012665232788749906 0.012665232788749906 11.289006733157283 0.3567170407833956 0.05168903202681322
17500 0.012665232788749906 0.012665232788749906 11.289006733157283 0.3567170407833956 0.05168903202681322
17550 0.01266523278853988 0.01266523278853988 11.288950122576725 0.3567180063871258 0.051689072164241755
17600 0.01266523278853988 0.01266523278853988 11.288950122576725 0.3567180063871258 0.051689072164241755
17650 0.01266523278853988 0.01266523278853988 11.288950122576725 0.3567180063871258 0.051689072164241755
17700 0.01266523278853988 0.01266523278853988 11.288950122576725 0.3567180063871258 0.051689072164241755
17750 0.01266523278853988 0.01266523278853988 11.288950122576725 0.3567180063871258 0.051689072164241755
17800 0.01266523278853988 0.01266523278853988 11.288950122576725 0.3567180063871258 0.051689072164241755
17850 0.01266523278853988 0.01266523278853988 11.288950122576725 0.3567180063871258 0.051689072164241755
17900 0.01266523278853988 0.01266523278853988 11.288950122576725 0.3567180063871258 0.051689072164241755
17950 0.01266523278853988 0.01266523278853988 11.288950122576725 0.3567180063871258 0.051689072164241755
18000 0.01266523278853988 0.01266523278853988 11.288950122576725 0.3567180063871258 0.051689072164241755
18050 0.012665232788521861 0.012665232788521861 11.288996253526808 0.3567172195313715 0.05168903945671452
18100 0.012665232788521861 0.012665232788521861 11.288996253526808 0.3567172195313715 0.05168903945671452
18150 0.012665232788521861 0.012665232788521861 11.288996253526808 0.3567172195313715 0.05168903945671452
18200 0.012665232788521861 0.012665232788521861 11.288996253526808 0.3567172195313715 0.05168903945671452
18250 0.012665232788521861 0.012665232788521861 11.288996253526808 0.3567172195313715 0.05168903945671452
18300 0.012665232788521861 0.012665232788521861 11.288996253526808 0.3567172195313715 0.05168903945671452
18350 0.012665232788521861 0.012665232788521861 11.288996253526808 0.3567172195313715 0.05168903945671452
18400 0.012665232788521861 0.012665232788521861 11.288996253526808 0.3567172195313715 0.05168903945671452
18450 0.012665232788521861 0.012665232788521861 11.288996253526808 0.3567172195313715 0.05168903945671452
18500 0.012665232788521861 0.012665232788521861 11.288996253526808 0.3567172195313715 0.05168903945671452
18550 0.01266523278850044 0.01266523278850044 11.288916002098953 0.35671858838343945 0.05168909635611964
18600 0.01266523278850044 0.01266523278850044 11.288916002098953 0.35671858838343945 0.05168909635611964
18650 0.01266523278850044 0.01266523278850044 11.288916002098953 0.35671858838343945 0.05168909635611964
18700 0.01266523278841515 0.01266523278841515 11.288997049117642 0.35671720595974993 0.05168903889250457
18750 0.01266523278841515 0.01266523278841515 11.288997049117642 0.35671720595974993 0.05168903889250457
18800 0.01266523278841515 0.01266523278841515 11.288997049117642 0.35671720595974993 0.05168903889250457
18850 0.01266523278841515 0.01266523278841515 11.288997049117642 0.35671720595974993 0.05168903889250457
18900 0.012665232788355749 0.012665232788355749 11.288996809084367 0.3567172100531322 0.051689039062631836
18950 0.012665232788355749 0.012665232788355749 11.288996809084367 0.3567172100531322 0.051689039062631836
19000 0.012665232788355749 0.012665232788355749 11.288996809084367 0.3567172100531322 0.051689039062631836
19050 0.012665232788355749 0.012665232788355749 11.288996809084367 0.3567172100531322 0.051689039062631836
19100 0.012665232788355749 0.012665232788355749 11.288996809084367 0.3567172100531322 0.051689039062631836
19150 0.012665232788355749 0.012665232788355749 11.288996809084367 0.3567172100531322 0.051689039062631836
19200 0.012665232788355749 0.012665232788355749 11.288996809084367 0.3567172100531322 0.051689039062631836
19250 0.012665232788341405 0.012665232788341405 11.288990559451843 0.35671731665256107 0.051689043493693534
19300 0.012665232788341405 0.012665232788341405 11.288990559451843 0.35671731665256107 0.051689043493693534
19350 0.012665232788341405 0.012665232788341405 11.288990559451843 0.35671731665256107 0.051689043493693534
19400 0.012665232788341405 0.012665232788341405 11.288990559451843 0.35671731665256107 0.051689043493693534
19450 0.012665232788341405 0.012665232788341405 11.288990559451843 0.35671731665256107 0.051689043493693534
19500 0.012665232788341405 0.012665232788341405 11.288990559451843 0.35671731665256107 0.051689043493693534
19550 0.012665232788341405 0.012665232788341405 11.288990559451843 0.35671731665256107 0.051689043493693534
19600 0.012665232788341405 0.012665232788341405 11.288990559451843 0.35671731665256107 0.051689043493693534
19650 0.012665232788341405 0.012665232788341405 11.288990559451843 0.35671731665256107 0.051689043493693534
19700 0.012665232788341405 0.012665232788341405 11.288990559451843 0.35671731665256107 0.051689043493693534
19750 0.01266523278834001 0.01266523278834001 11.28894823614975 0.35671803856163986 0.05168907350151176
19800 0.01266523278834001 0.01266523278834001 11.28894823614975 0.35671803856163986 0.05168907350151176
19850 0.01266523278833742 0.01266523278833742 11.288972495927952 0.35671762476187346 0.0516890563009642
19900 0.01266523278833742 0.01266523278833742 11.288972495927952 0.35671762476187346 0.0516890563009642
19950 0.01266523278833742 0.01266523278833742 11.288972495927952 0.35671762476187346 0.0516890563009642
20000 0.012665232788332023 0.012665232788332023 11.288962215676206 0.3567178001121637 0.05168906358980835
20050 0.012665232788329553 0.012665232788329553 11.288963606257061 0.35671777639295904 0.05168906260386346
20100 0.012665232788329553 0.012665232788329553 11.288963606257061 0.35671777639295904 0.05168906260386346
20150 0.012665232788329553 0.012665232788329553 11.288963606257061 0.35671777639295904 0.05168906260386346
20200 0.012665232788328972 0.012665232788328972 11.28895992361679 0.356717839207882 0.05168906521490645
20250 0.012665232788328675 0.012665232788328675 11.288968959058435 0.3567176850901081 0.05168905880864986
20300 0.012665232788328675 0.012665232788328675 11.288968959058435 0.3567176850901081 0.05168905880864986
20350 0.01266523278832733 0.01266523278832733 11.288968999935495 0.3567176843928754 0.05168905877966413
20400 0.01266523278832733 0.01266523278832733 11.288968999935495 0.3567176843928754 0.05168905877966413
20450 0.01266523278832287 0.01266523278832287 11.288969313193808 0.35671767904954954 0.05168905855755586
20500 0.01266523278832287 0.01266523278832287 11.288969313193808 0.35671767904954954 0.05168905855755586
20550 0.01266523278832287 0.01266523278832287 11.288969313193808 0.35671767904954954 0.05168905855755586
20600 0.01266523278832287 0.01266523278832287 11.288969313193808 0.35671767904954954 0.05168905855755586
20650 0.01266523278832287 0.01266523278832287 11.288969313193808 0.35671767904954954 0.05168905855755586
20700 0.01266523278832287 0.01266523278832287 11.288969313193808 0.35671767904954954 0.05168905855755586
20750 0.012665232788321072 0.012665232788321072 11.28896179382371 0.356717807307584 0.05168906388889497
20800 0.012665232788320845 0.012665232788320845 11.288957662682376 0.3567178777725909 0.05168906681793514
20850 0.012665232788320845 0.012665232788320845 11.288957662682376 0.3567178777725909 0.05168906681793514
20900 0.012665232788320845 0.012665232788320845 11.288957662682376 0.3567178777725909 0.05168906681793514
20950 0.012665232788320845 0.012665232788320845 11.288957662682376 0.3567178777725909 0.05168906681793514
21000 0.012665232788320845 0.012665232788320845 11.288957662682376 0.3567178777725909 0.05168906681793514
21050 0.012665232788320845 0.012665232788320845 11.288957662682376 0.3567178777725909 0.05168906681793514
21100 0.01266523278832069 0.01266523278832069 11.288973386297695 0.3567176095745533 0.05168905566966573
21150 0.01266523278832069 0.01266523278832069 11.288973386297695 0.3567176095745533 0.05168905566966573
21200 0.01266523278832069 0.01266523278832069 11.288973386297695 0.3567176095745533 0.05168905566966573
21250 0.01266523278832069 0.01266523278832069 11.288973386297695 0.3567176095745533 0.05168905566966573
21300 0.01266523278832069 0.01266523278832069 11.288973386297695 0.3567176095745533 0.05168905566966573
21350 0.01266523278832069 0.01266523278832069 11.288973386297695 0.3567176095745533 0.05168905566966573
21400 0.01266523278832069 0.01266523278832069 11.288973386297695 0.3567176095745533 0.05168905566966573
21450 0.012665232788320465 0.012665232788320465 11.28896187175711 0.35671780597825925 0.05168906383363872
21500 0.012665232788320465 0.012665232788320465 11.28896187175711 0.35671780597825925 0.05168906383363872
21550 0.012665232788320465 0.012665232788320465 11.28896187175711 0.35671780597825925 0.05168906383363872
21600 0.012665232788320465 0.012665232788320465 11.28896187175711 0.35671780597825925 0.05168906383363872
21650 0.012665232788320465 0.012665232788320465 11.28896187175711 0.35671780597825925 0.05168906383363872
21700 0.012665232788320175 0.012665232788320175 11.288960691290336 0.35671782611351277 0.051689064670606605
21750 0.012665232788320175 0.012665232788320175 11.288960691290336 0.35671782611351277 0.051689064670606605
21800 0.012665232788320175 0.012665232788320175 11.288960691290336 0.35671782611351277 0.051689064670606605
21850 0.012665232788320175 0.012665232788320175 11.288960691290336 0.35671782611351277 0.051689064670606605
21900 0.012665232788320175 0.012665232788320175 11.288960691290336 0.35671782611351277 0.051689064670606605
21950 0.012665232788320175 0.012665232788320175 11.288960691290336 0.35671782611351277 0.051689064670606605
22000 0.012665232788320175 0.012665232788320175 11.288960691290336 0.35671782611351277 0.051689064670606605
22050 0.012665232788319972 0.012665232788319972 11.288967839187913 0.3567177041916506 0.05168905960264385
22100 0.012665232788319972 0.012665232788319972 11.288967839187913 0.3567177041916506 0.05168905960264385
22150 0.012665232788319972 0.012665232788319972 11.288967839187913 0.3567177041916506 0.05168905960264385
22200 0.012665232788319972 0.012665232788319972 11.288967839187913 0.3567177041916506 0.05168905960264385
22250 0.012665232788319972 0.012665232788319972 11.288967839187913 0.3567177041916506 0.05168905960264385
22300 0.012665232788319972 0.012665232788319972 11.288967839187913 0.3567177041916506 0.05168905960264385
22350 0.01266523278831965 0.01266523278831965 11.288966360142107 0.3567177294197566 0.05168906065130809
22400 0.01266523278831965 0.01266523278831965 11.288966360142107 0.3567177294197566 0.05168906065130809
22450 0.01266523278831965 0.01266523278831965 11.288966360142107 0.3567177294197566 0.05168906065130809
22500 0.012665232788319583 0.012665232788319583 11.288966679094933 0.3567177239793715 0.05168906042516589
22550 0.012665232788319583 0.012665232788319583 11.288966679094933 0.3567177239793715 0.05168906042516589
22600 0.012665232788319583 0.012665232788319583 11.288966679094933 0.3567177239793715 0.05168906042516589
22650 0.012665232788319561 0.012665232788319561 11.28896667721856 0.3567177240113765 0.05168906042649624
22700 0.012665232788319561 0.012665232788319561 11.28896667721856 0.3567177240113765 0.05168906042649624
22750 0.012665232788319561 0.012665232788319561 11.28896667721856 0.3567177240113765 0.05168906042649624
22800 0.012665232788319561 0.012665232788319561 11.28896667721856 0.3567177240113765 0.05168906042649624
22850 0.012665232788319561 0.012665232788319561 11.28896667721856 0.3567177240113765 0.05168906042649624
22900 0.012665232788319561 0.012665232788319561 11.28896667721856 0.3567177240113765 0.05168906042649624
22950 0.012665232788319561 0.012665232788319561 11.28896667721856 0.3567177240113765 0.05168906042649624
23000 0.012665232788319561 0.012665232788319561 11.28896667721856 0.3567177240113765 0.05168906042649624
23050 0.012665232788319561 0.012665232788319561 11.28896667721856 0.3567177240113765 0.05168906042649624
23100 0.012665232788319561 0.012665232788319561 11.28896667721856 0.3567177240113765 0.05168906042649624
23150 0.012665232788319561 0.012665232788319561 11.28896667721856 0.3567177240113765 0.05168906042649624
23200 0.012665232788319561 0.012665232788319561 11.28896667721856 0.3567177240113765 0.05168906042649624
23250 0.012665232788319561 0.012665232788319561 11.28896667721856 0.3567177240113765 0.05168906042649624
23300 0.012665232788319561 0.012665232788319561 11.28896667721856 0.3567177240113765 0.05168906042649624
23350 0.012665232788319561 0.012665232788319561 11.28896667721856 0.3567177240113765 0.05168906042649624
23400 0.012665232788319556 0.012665232788319556 11.28896592616635 0.35671773682208874 0.051689060959003
23450 0.012665232788319556 0.012665232788319556 11.28896592616635 0.35671773682208874 0.051689060959003
23500 0.012665232788319556 0.012665232788319556 11.28896592616635 0.35671773682208874 0.051689060959003
23550 0.012665232788319498 0.012665232788319498 11.28896650404735 0.35671772696516 0.051689060549277056
23600 0.012665232788319498 0.012665232788319498 11.28896650404735 0.35671772696516 0.051689060549277056
23650 0.012665232788319498 0.012665232788319498 11.28896650404735 0.35671772696516 0.051689060549277056
23700 0.012665232788319498 0.012665232788319498 11.28896650404735 0.35671772696516 0.051689060549277056
23750 0.012665232788319498 0.012665232788319498 11.28896650404735 0.35671772696516 0.051689060549277056
23800 0.012665232788319498 0.012665232788319498 11.28896650404735 0.35671772696516 0.051689060549277056
23850 0.012665232788319472 0.012665232788319472 11.28896595694138 0.35671773629715725 0.05168906093718297
23900 0.012665232788319472 0.012665232788319472 11.28896595694138 0.35671773629715725 0.05168906093718297
23950 0.012665232788319455 0.012665232788319455 11.28896752526444 0.3567177095462414 0.05168905982521951
24000 0.012665232788319455 0.012665232788319455 11.28896752526444 0.3567177095462414 0.05168905982521951
24050 0.012665232788319455 0.012665232788319455 11.28896752526444 0.3567177095462414 0.05168905982521951
24100 0.012665232788319455 0.012665232788319455 11.28896752526444 0.3567177095462414 0.05168905982521951
24150 0.012665232788319453 0.012665232788319453 11.288967562387969 0.35671770891302473 0.0516890597988984
24200 0.012665232788319453 0.012665232788319453 11.288967562387969 0.35671770891302473 0.0516890597988984
24250 0.012665232788319453 0.012665232788319453 11.288967562387969 0.35671770891302473 0.0516890597988984
24300 0.012665232788319424 0.012665232788319424 11.288965597802669 0.35671774242299276 0.05168906119181744
24350 0.012665232788319424 0.012665232788319424 11.288965597802669 0.35671774242299276 0.05168906119181744
24400 0.012665232788319424 0.012665232788319424 11.288965597802669 0.35671774242299276 0.05168906119181744
24450 0.012665232788319424 0.012665232788319424 11.288965597802669 0.35671774242299276 0.05168906119181744
24500 0.012665232788319424 0.012665232788319424 11.288965597802669 0.35671774242299276 0.05168906119181744
24550 0.012665232788319424 0.012665232788319424 11.288965597802669 0.35671774242299276 0.05168906119181744
24600 0.012665232788319424 0.012665232788319424 11.288965597802669 0.35671774242299276 0.05168906119181744
24650 0.012665232788319424 0.012665232788319424 11.288965597802669 0.35671774242299276 0.05168906119181744
24700 0.012665232788319424 0.012665232788319424 11.288965597802669 0.35671774242299276 0.05168906119181744
24750 0.012665232788319419 0.012665232788319419 11.28896570761277 0.3567177405499595 0.051689061113960495
24800 0.012665232788319419 0.012665232788319419 11.28896570761277 0.3567177405499595 0.051689061113960495
24850 0.012665232788319419 0.012665232788319419 11.28896570761277 0.3567177405499595 0.051689061113960495
24900 0.012665232788319419 0.012665232788319419 11.28896570761277 0.3567177405499595 0.051689061113960495
24950 0.012665232788319419 0.012665232788319419 11.28896570761277 0.3567177405499595 0.051689061113960495
25000 0.012665232788319419 0.012665232788319419 11.28896570761277 0.3567177405499595 0.051689061113960495
25050 0.012665232788319419 0.012665232788319419 11.28896570761277 0.3567177405499595 0.051689061113960495
25100 0.012665232788319415 0.012665232788319415 11.288965774258912 0.35671773941317486 0.05168906106670742
25150 0.012665232788319415 0.012665232788319415 11.288965774258912 0.35671773941317486 0.05168906106670742
25200 0.012665232788319415 0.012665232788319415 11.288965774258912 0.35671773941317486 0.05168906106670742
25250 0.012665232788319415 0.012665232788319415 11.288965774258912 0.35671773941317486 0.05168906106670742
25300 0.012665232788319415 0.012665232788319415 11.288965774258912 0.35671773941317486 0.05168906106670742
25350 0.012665232788319415 0.012665232788319415 11.288965774258912 0.35671773941317486 0.05168906106670742
25400 0.012665232788319415 0.012665232788319415 11.288965774258912 0.35671773941317486 0.05168906106670742
25450 0.012665232788319415 0.012665232788319415 11.288965774258912 0.35671773941317486 0.05168906106670742
25500 0.012665232788319415 0.012665232788319415 11.288965774258912 0.35671773941317486 0.05168906106670742
25550 0.012665232788319415 0.012665232788319415 11.288965774258912 0.35671773941317486 0.05168906106670742
25600 0.012665232788319415 0.012665232788319415 11.288965774258912 0.35671773941317486 0.05168906106670742
25650 0.012665232788319415 0.012665232788319415 11.288965774258912 0.35671773941317486 0.05168906106670742
25700 0.012665232788319415 0.012665232788319415 11.288965774258912 0.35671773941317486 0.05168906106670742
25750 0.012665232788319415 0.012665232788319415 11.288965774258912 0.35671773941317486 0.05168906106670742
25800 0.012665232788319415 0.012665232788319415 11.288965774258912 0.35671773941317486 0.05168906106670742
25850 0.012665232788319415 0.012665232788319415 11.288965774258912 0.35671773941317486 0.05168906106670742
25900 0.012665232788319415 0.012665232788319415 11.288965774258912 0.35671773941317486 0.05168906106670742
25950 0.012665232788319415 0.012665232788319415 11.288965774258912 0.35671773941317486 0.05168906106670742
26000 0.012665232788319415 0.012665232788319415 11.288965774258912 0.35671773941317486 0.05168906106670742
26050 0.012665232788319415 0.012665232788319415 11.288965774258912 0.35671773941317486 0.05168906106670742
26100 0.012665232788319415 0.012665232788319415 11.288965774258912 0.35671773941317486 0.05168906106670742
26150 0.012665232788319415 0.012665232788319415 11.288965774258912 0.35671773941317486 0.05168906106670742
26200 0.012665232788319415 0.012665232788319415 11.288965774258912 0.35671773941317486 0.05168906106670742
26250 0.012665232788319415 0.012665232788319415 11.288965774258912 0.35671773941317486 0.05168906106670742
26300 0.012665232788319415 0.012665232788319415 11.288965774258912 0.35671773941317486 0.05168906106670742
26350 0.012665232788319413 0.012665232788319413 11.288966140367114 0.35671773316845984 0.051689060807131454
26400 0.012665232788319413 0.012665232788319413 11.288965459178991 0.3567177447874996 0.0516890612901036
26450 0.012665232788319413 0.012665232788319413 11.288965459178991 0.3567177447874996 0.0516890612901036
26500 0.012665232788319413 0.012665232788319413 11.288965459178991 0.3567177447874996 0.0516890612901036
26550 0.012665232788319413 0.012665232788319413 11.288965459178991 0.3567177447874996 0.0516890612901036
26600 0.012665232788319413 0.012665232788319413 11.288965459178991 0.3567177447874996 0.0516890612901036
26650 0.012665232788319413 0.012665232788319413 11.288965459178991 0.3567177447874996 0.0516890612901036
26700 0.012665232788319413 0.012665232788319413 11.288965459178991 0.3567177447874996 0.0516890612901036
26750 0.012665232788319413 0.012665232788319413 11.288965670675868 0.35671774117999294 0.05168906114014928
26800 0.012665232788319412 0.012665232788319412 11.288965833917596 0.3567177383955754 0.05168906102440855
26850 0.012665232788319412 0.012665232788319412 11.288965833917596 0.3567177383955754 0.05168906102440855
26900 0.012665232788319412 0.012665232788319412 11.288965833917596 0.3567177383955754 0.05168906102440855
26950 0.012665232788319412 0.012665232788319412 11.288965833917596 0.3567177383955754 0.05168906102440855
27000 0.012665232788319408 0.012665232788319408 11.288965687609746 0.3567177408911514 0.051689061128142914
27050 0.012665232788319408 0.012665232788319408 11.288965687609746 0.3567177408911514 0.051689061128142914
27100 0.012665232788319408 0.012665232788319408 11.288965687609746 0.3567177408911514 0.051689061128142914
27150 0.012665232788319408 0.012665232788319408 11.288965687609746 0.3567177408911514 0.051689061128142914
27200 0.012665232788319408 0.012665232788319408 11.288965687609746 0.3567177408911514 0.051689061128142914
27250 0.012665232788319408 0.012665232788319408 11.288965687609746 0.3567177408911514 0.051689061128142914
27300 0.012665232788319408 0.012665232788319408 11.288965687609746 0.3567177408911514 0.051689061128142914
27350 0.012665232788319408 0.012665232788319408 11.288965687609746 0.3567177408911514 0.051689061128142914
27400 0.012665232788319408 0.012665232788319408 11.288965687609746 0.3567177408911514 0.051689061128142914
27450 0.012665232788319408 0.012665232788319408 11.288965687609746 0.3567177408911514 0.051689061128142914
27500 0.012665232788319408 0.012665232788319408 11.288965687609746 0.3567177408911514 0.051689061128142914
27550 0.012665232788319408 0.012665232788319408 11.288965687609746 0.3567177408911514 0.051689061128142914
27600 0.012665232788319408 0.012665232788319408 11.288965687609746 0.3567177408911514 0.051689061128142914
27650 0.012665232788319408 0.012665232788319408 11.288965687609746 0.3567177408911514 0.051689061128142914
27700 0.012665232788319408 0.012665232788319408 11.288965687609746 0.3567177408911514 0.051689061128142914
27750 0.012665232788319408 0.012665232788319408 11.288965687609746 0.3567177408911514 0.051689061128142914
27800 0.012665232788319408 0.012665232788319408 11.288965687609746 0.3567177408911514 0.051689061128142914
27850 0.012665232788319408 0.012665232788319408 11.288965687609746 0.3567177408911514 0.051689061128142914
27900 0.012665232788319408 0.012665232788319408 11.288965687609746 0.3567177408911514 0.051689061128142914
27950 0.012665232788319408 0.012665232788319408 11.288965687609746 0.3567177408911514 0.051689061128142914
28000 0.012665232788319408 0.012665232788319408 11.288965687609746 0.3567177408911514 0.051689061128142914
28050 0.012665232788319408 0.012665232788319408 11.288965687609746 0.3567177408911514 0.051689061128142914
28100 0.012665232788319408 0.012665232788319408 11.288965687609746 0.3567177408911514 0.051689061128142914
28150 0.012665232788319408 0.012665232788319408 11.288965687609746 0.3567177408911514 0.051689061128142914
28200 0.012665232788319408 0.012665232788319408 11.288965687609746 0.3567177408911514 0.051689061128142914
28250 0.012665232788319408 0.012665232788319408 11.288965687609746 0.3567177408911514 0.051689061128142914
28300 0.012665232788319408 0.012665232788319408 11.288965687609746 0.3567177408911514 0.051689061128142914
28350 0.012665232788319408 0.012665232788319408 11.288965687609746 0.3567177408911514 0.051689061128142914
28400 0.012665232788319408 0.012665232788319408 11.288965687609746 0.3567177408911514 0.051689061128142914
28450 0.012665232788319408 0.012665232788319408 11.288965687609746 0.3567177408911514 0.051689061128142914
28500 0.012665232788319408 0.012665232788319408 11.288965687609746 0.3567177408911514 0.051689061128142914
28550 0.012665232788319408 0.012665232788319408 11.288965687609746 0.3567177408911514 0.051689061128142914
28600 0.012665232788319408 0.012665232788319408 11.288965687609746 0.3567177408911514 0.051689061128142914
28650 0.012665232788319408 0.012665232788319408 11.288965687609746 0.3567177408911514 0.051689061128142914
28700 0.012665232788319408 0.012665232788319408 11.288965687609746 0.3567177408911514 0.051689061128142914
28750 0.012665232788319408 0.012665232788319408 11.288965687609746 0.3567177408911514 0.051689061128142914
28800 0.012665232788319408 0.012665232788319408 11.288965687609746 0.3567177408911514 0.051689061128142914
28850 0.012665232788319408 0.012665232788319408 11.288965687609746 0.3567177408911514 0.051689061128142914
28900 0.012665232788319408 0.012665232788319408 11.288965687609746 0.3567177408911514 0.051689061128142914
28950 0.012665232788319408 0.012665232788319408 11.288965687609746 0.3567177408911514 0.051689061128142914
29000 0.012665232788319408 0.012665232788319408 11.288965687609746 0.3567177408911514 0.051689061128142914
29050 0.012665232788319408 0.012665232788319408 11.288965687609746 0.3567177408911514 0.051689061128142914
29100 0.012665232788319408 0.012665232788319408 11.288965687609746 0.3567177408911514 0.051689061128142914
29150 0.012665232788319408 0.012665232788319408 11.288965687609746 0.3567177408911514 0.051689061128142914
29200 0.012665232788319408 0.012665232788319408 11.288965687609746 0.3567177408911514 0.051689061128142914
29250 0.012665232788319408 0.012665232788319408 11.288965687609746 0.3567177408911514 0.051689061128142914
29300 0.012665232788319408 0.012665232788319408 11.288965687609746 0.3567177408911514 0.051689061128142914
29350 0.012665232788319408 0.012665232788319408 11.288965687609746 0.3567177408911514 0.051689061128142914
29400 0.012665232788319408 0.012665232788319408 11.288965770854146 0.3567177394712499 0.05168906106912144
29450 0.012665232788319408 0.012665232788319408 11.288965770854146 0.3567177394712499 0.05168906106912144
29500 0.012665232788319408 0.012665232788319408 11.288965770854146 0.3567177394712499 0.05168906106912144
29550 0.012665232788319408 0.012665232788319408 11.288965770854146 0.3567177394712499 0.05168906106912144
29600 0.012665232788319408 0.012665232788319408 11.288965770854146 0.3567177394712499 0.05168906106912144
29650 0.012665232788319408 0.012665232788319408 11.288965770854146 0.3567177394712499 0.05168906106912144
29700 0.012665232788319408 0.012665232788319408 11.288965770854146 0.3567177394712499 0.05168906106912144
29750 0.012665232788319408 0.012665232788319408 11.288965770854146 0.3567177394712499 0.05168906106912144
29800 0.012665232788319408 0.012665232788319408 11.288965770854146 0.3567177394712499 0.05168906106912144
29850 0.012665232788319408 0.012665232788319408 11.288965770854146 0.3567177394712499 0.05168906106912144
29900 0.012665232788319408 0.012665232788319408 11.288965770854146 0.3567177394712499 0.05168906106912144
29950 0.012665232788319408 0.012665232788319408 11.288965770854146 0.3567177394712499 0.05168906106912144
30000 0.012665232788319408 0.012665232788319408 11.288965770854146 0.3567177394712499 0.05168906106912144
30050 0.012665232788319408 0.012665232788319408 11.288965770854146 0.3567177394712499 0.05168906106912144
30100 0.012665232788319408 0.012665232788319408 11.288965770854146 0.3567177394712499 0.05168906106912144
30150 0.012665232788319408 0.012665232788319408 11.288965770854146 0.3567177394712499 0.05168906106912144
30200 0.012665232788319408 0.012665232788319408 11.288965770854146 0.3567177394712499 0.05168906106912144
30250 0.012665232788319408 0.012665232788319408 11.288965770854146 0.3567177394712499 0.05168906106912144
30300 0.012665232788319408 0.012665232788319408 11.288965770854146 0.3567177394712499 0.05168906106912144
30350 0.012665232788319408 0.012665232788319408 11.288965770854146 0.3567177394712499 0.05168906106912144
30400 0.012665232788319408 0.012665232788319408 11.288965770854146 0.3567177394712499 0.05168906106912144
30450 0.012665232788319408 0.012665232788319408 11.288965770854146 0.3567177394712499 0.05168906106912144
30500 0.012665232788319408 0.012665232788319408 11.288965770854146 0.3567177394712499 0.05168906106912144
30550 0.012665232788319408 0.012665232788319408 11.288965770854146 0.3567177394712499 0.05168906106912144
30600 0.012665232788319408 0.012665232788319408 11.288965770854146 0.3567177394712499 0.05168906106912144
30650 0.012665232788319408 0.012665232788319408 11.288965770854146 0.3567177394712499 0.05168906106912144
30700 0.012665232788319408 0.012665232788319408 11.288965770854146 0.3567177394712499 0.05168906106912144
30750 0.012665232788319408 0.012665232788319408 11.288965770854146 0.3567177394712499 0.05168906106912144
30800 0.012665232788319408 0.012665232788319408 11.288965770854146 0.3567177394712499 0.05168906106912144
30850 0.012665232788319408 0.012665232788319408 11.288965770854146 0.3567177394712499 0.05168906106912144
30900 0.012665232788319408 0.012665232788319408 11.288965770854146 0.3567177394712499 0.05168906106912144
30950 0.012665232788319408 0.012665232788319408 11.288965770854146 0.3567177394712499 0.05168906106912144
31000 0.012665232788319408 0.012665232788319408 11.288965770854146 0.3567177394712499 0.05168906106912144
31050 0.012665232788319408 0.012665232788319408 11.288965770854146 0.3567177394712499 0.05168906106912144
31100 0.012665232788319408 0.012665232788319408 11.288965770854146 0.3567177394712499 0.05168906106912144
31150 0.012665232788319408 0.012665232788319408 11.288965770854146 0.3567177394712499 0.05168906106912144
31200 0.012665232788319408 0.012665232788319408 11.288965770854146 0.3567177394712499 0.05168906106912144
31250 0.012665232788319408 0.012665232788319408 11.288965770854146 0.3567177394712499 0.05168906106912144
31300 0.012665232788319408 0.012665232788319408 11.288965770854146 0.3567177394712499 0.05168906106912144
31350 0.012665232788319408 0.012665232788319408 11.288965770854146 0.3567177394712499 0.05168906106912144
31400 0.012665232788319408 0.012665232788319408 11.288965770854146 0.3567177394712499 0.05168906106912144
31450 0.012665232788319408 0.012665232788319408 11.288965770854146 0.3567177394712499 0.05168906106912144
31500 0.012665232788319408 0.012665232788319408 11.288965770854146 0.3567177394712499 0.05168906106912144
31550 0.012665232788319408 0.012665232788319408 11.288965770854146 0.3567177394712499 0.05168906106912144
31600 0.012665232788319408 0.012665232788319408 11.288965770854146 0.3567177394712499 0.05168906106912144
31650 0.012665232788319408 0.012665232788319408 11.288965770854146 0.3567177394712499 0.05168906106912144
31700 0.012665232788319408 0.012665232788319408 11.288965770854146 0.3567177394712499 0.05168906106912144
31750 0.012665232788319408 0.012665232788319408 11.288965770854146 0.3567177394712499 0.05168906106912144
31800 0.012665232788319408 0.012665232788319408 11.288965770854146 0.3567177394712499 0.05168906106912144
31850 0.012665232788319408 0.012665232788319408 11.288965770854146 0.3567177394712499 0.05168906106912144
31900 0.012665232788319408 0.012665232788319408 11.288965770854146 0.3567177394712499 0.05168906106912144
31950 0.012665232788319408 0.012665232788319408 11.288965770854146 0.3567177394712499 0.05168906106912144
32000 0.012665232788319408 0.012665232788319408 11.288965770854146 0.3567177394712499 0.05168906106912144
32050 0.012665232788319408 0.012665232788319408 11.288965770854146 0.3567177394712499 0.05168906106912144
32100 0.012665232788319408 0.012665232788319408 11.288965770854146 0.3567177394712499 0.05168906106912144
32150 0.012665232788319408 0.012665232788319408 11.288965770854146 0.3567177394712499 0.05168906106912144
32200 0.012665232788319408 0.012665232788319408 11.288965770854146 0.3567177394712499 0.05168906106912144
32250 0.012665232788319408 0.012665232788319408 11.288965770854146 0.3567177394712499 0.05168906106912144
32300 0.012665232788319408 0.012665232788319408 11.288965770854146 0.3567177394712499 0.05168906106912144
32350 0.012665232788319408 0.012665232788319408 11.288965770854146 0.3567177394712499 0.05168906106912144
32400 0.012665232788319408 0.012665232788319408 11.288965770854146 0.3567177394712499 0.05168906106912144
32450 0.012665232788319408 0.012665232788319408 11.288965770854146 0.3567177394712499 0.05168906106912144
32500 0.012665232788319408 0.012665232788319408 11.288965770854146 0.3567177394712499 0.05168906106912144
32550 0.012665232788319408 0.012665232788319408 11.288965770854146 0.3567177394712499 0.05168906106912144
32600 0.012665232788319408 0.012665232788319408 11.288965770854146 0.3567177394712499 0.05168906106912144
32650 0.012665232788319408 0.012665232788319408 11.288965770854146 0.3567177394712499 0.05168906106912144
32700 0.012665232788319408 0.012665232788319408 11.288965770854146 0.3567177394712499 0.05168906106912144
32750 0.012665232788319408 0.012665232788319408 11.288965770854146 0.3567177394712499 0.05168906106912144
32800 0.012665232788319408 0.012665232788319408 11.288965770854146 0.3567177394712499 0.05168906106912144
32850 0.012665232788319408 0.012665232788319408 11.288965770854146 0.3567177394712499 0.05168906106912144
32900 0.012665232788319408 0.012665232788319408 11.288965770854146 0.3567177394712499 0.05168906106912144
32950 0.012665232788319408 0.012665232788319408 11.288965770854146 0.3567177394712499 0.05168906106912144
33000 0.012665232788319408 0.012665232788319408 11.288965770854146 0.3567177394712499 0.05168906106912144
33050 0.012665232788319408 0.012665232788319408 11.288965770854146 0.3567177394712499 0.05168906106912144
33100 0.012665232788319408 0.012665232788319408 11.288965770854146 0.3567177394712499 0.05168906106912144
33150 0.012665232788319408 0.012665232788319408 11.288965770854146 0.3567177394712499 0.05168906106912144
33200 0.012665232788319408 0.012665232788319408 11.288965770854146 0.3567177394712499 0.05168906106912144
33250 0.012665232788319408 0.012665232788319408 11.288965770854146 0.3567177394712499 0.05168906106912144
33300 0.012665232788319408 0.012665232788319408 11.288965770854146 0.3567177394712499 0.05168906106912144
33350 0.012665232788319408 0.012665232788319408 11.288965770854146 0.3567177394712499 0.05168906106912144
33400 0.012665232788319408 0.012665232788319408 11.288965770854146 0.3567177394712499 0.05168906106912144
33450 0.012665232788319408 0.012665232788319408 11.288965770854146 0.3567177394712499 0.05168906106912144
33500 0.012665232788319408 0.012665232788319408 11.288965770854146 0.3567177394712499 0.05168906106912144
33550 0.012665232788319408 0.012665232788319408 11.288965770854146 0.3567177394712499 0.05168906106912144
33600 0.012665232788319408 0.012665232788319408 11.288965770854146 0.3567177394712499 0.05168906106912144
33650 0.012665232788319408 0.012665232788319408 11.288965770854146 0.3567177394712499 0.05168906106912144
33700 0.012665232788319407 0.012665232788319407 11.28896569345842 0.3567177407913904 0.05168906112399612
33750 0.012665232788319407 0.012665232788319407 11.28896569345842 0.3567177407913904 0.05168906112399612
33800 0.012665232788319407 0.012665232788319407 11.28896569345842 0.3567177407913904 0.05168906112399612
33850 0.012665232788319407 0.012665232788319407 11.28896569345842 0.3567177407913904 0.05168906112399612
33900 0.012665232788319407 0.012665232788319407 11.28896569345842 0.3567177407913904 0.05168906112399612
33950 0.012665232788319407 0.012665232788319407 11.28896569345842 0.3567177407913904 0.05168906112399612
34000 0.012665232788319407 0.012665232788319407 11.28896569345842 0.3567177407913904 0.05168906112399612
34050 0.012665232788319407 0.012665232788319407 11.28896569345842 0.3567177407913904 0.05168906112399612
34100 0.012665232788319407 0.012665232788319407 11.28896569345842 0.3567177407913904 0.05168906112399612
34150 0.012665232788319407 0.012665232788319407 11.28896569345842 0.3567177407913904 0.05168906112399612
34200 0.012665232788319407 0.012665232788319407 11.28896569345842 0.3567177407913904 0.05168906112399612
34250 0.012665232788319407 0.012665232788319407 11.28896569345842 0.3567177407913904 0.05168906112399612
34300 0.012665232788319407 0.012665232788319407 11.28896569345842 0.3567177407913904 0.05168906112399612
34350 0.012665232788319407 0.012665232788319407 11.28896569345842 0.3567177407913904 0.05168906112399612
34400 0.012665232788319407 0.012665232788319407 11.28896569345842 0.3567177407913904 0.05168906112399612
34450 0.012665232788319407 0.012665232788319407 11.28896569345842 0.3567177407913904 0.05168906112399612
34500 0.012665232788319407 0.012665232788319407 11.28896569345842 0.3567177407913904 0.05168906112399612
34550 0.012665232788319407 0.012665232788319407 11.28896569345842 0.3567177407913904 0.05168906112399612
34600 0.012665232788319407 0.012665232788319407 11.288965737948997 0.3567177400325137 0.05168906109245166
34650 0.012665232788319407 0.012665232788319407 11.288965737948997 0.3567177400325137 0.05168906109245166
34700 0.012665232788319407 0.012665232788319407 11.288965737948997 0.3567177400325137 0.05168906109245166
34750 0.012665232788319407 0.012665232788319407 11.288965737948997 0.3567177400325137 0.05168906109245166
34800 0.012665232788319407 0.012665232788319407 11.288965737948997 0.3567177400325137 0.05168906109245166
34850 0.012665232788319407 0.012665232788319407 11.288965737948997 0.3567177400325137 0.05168906109245166
34900 0.012665232788319407 0.012665232788319407 11.288965737948997 0.3567177400325137 0.05168906109245166
34950 0.012665232788319407 0.012665232788319407 11.288965737948997 0.3567177400325137 0.05168906109245166
35000 0.012665232788319407 0.012665232788319407 11.288965737948997 0.3567177400325137 0.05168906109245166
35050 0.012665232788319407 0.012665232788319407 11.288965737948997 0.3567177400325137 0.05168906109245166
35100 0.012665232788319407 0.012665232788319407 11.288965737948997 0.3567177400325137 0.05168906109245166
35150 0.012665232788319407 0.012665232788319407 11.288965737948997 0.3567177400325137 0.05168906109245166
35200 0.012665232788319407 0.012665232788319407 11.288965737948997 0.3567177400325137 0.05168906109245166
35250 0.012665232788319407 0.012665232788319407 11.288965737948997 0.3567177400325137 0.05168906109245166
35300 0.012665232788319407 0.012665232788319407 11.288965737948997 0.3567177400325137 0.05168906109245166
35350 0.012665232788319407 0.012665232788319407 11.288965737948997 0.3567177400325137 0.05168906109245166
35400 0.012665232788319407 0.012665232788319407 11.288965737948997 0.3567177400325137 0.05168906109245166
35450 0.012665232788319407 0.012665232788319407 11.288965737948997 0.3567177400325137 0.05168906109245166
35500 0.012665232788319407 0.012665232788319407 11.288965737948997 0.3567177400325137 0.05168906109245166
35550 0.012665232788319407 0.012665232788319407 11.288965737948997 0.3567177400325137 0.05168906109245166
35600 0.012665232788319407 0.012665232788319407 11.288965737948997 0.3567177400325137 0.05168906109245166
35650 0.012665232788319407 0.012665232788319407 11.288965737948997 0.3567177400325137 0.05168906109245166
35700 0.012665232788319407 0.012665232788319407 11.288965737948997 0.3567177400325137 0.05168906109245166
35750 0.012665232788319407 0.012665232788319407 11.288965737948997 0.3567177400325137 0.05168906109245166
35800 0.012665232788319407 0.012665232788319407 11.288965737948997 0.3567177400325137 0.05168906109245166
35850 0.012665232788319407 0.012665232788319407 11.288965737948997 0.3567177400325137 0.05168906109245166
35900 0.012665232788319407 0.012665232788319407 11.288965737948997 0.3567177400325137 0.05168906109245166
35950 0.012665232788319407 0.012665232788319407 11.288965737948997 0.3567177400325137 0.05168906109245166
*---*---*---*---*---*---*---*---*---*---*---*---*---*---*---*---*---*---*---*---*
Status: Finished
Last individual
0.012665232788319407 0.012665232788319407 11.288965737948997 0.3567177400325137 0.05168906109245166
Hall of fame
0.012665232788319407 0.012665232788319407 11.28896569345842 0.3567177407913904 0.05168906112399612
Last factible individual
0.012665232788319407 0.012665232788319407 11.288965737948997 0.3567177400325137 0.05168906109245166
CPU time used (seconds)
1.5901445539984707
