*---*---*---*---*---*---*---*---*---*---*---*---*---*---*---*---*---*---*---*---*
Algorithm: Differential Evolution
Constrainth handling method: APM
Function: 21
Case: continuous
Seed: 15
Parents size: 50
Offsprings size: 50
maxFe: 36000
CR: 0.9
F: 0.6
rweights: -
*---*---*---*---*---*---*---*---*---*---*---*---*---*---*---*---*---*---*---*---*
ngen ObjectiveFunction Fitness ProjectVariables
50 0.048301267115352535 0.048301267115352535 10.818871402106595 0.8236559996997581 0.06763654789064197
100 0.048301267115352535 0.048301267115352535 10.818871402106595 0.8236559996997581 0.06763654789064197
150 0.048301267115352535 0.048301267115352535 10.818871402106595 0.8236559996997581 0.06763654789064197
200 0.048301267115352535 0.048301267115352535 10.818871402106595 0.8236559996997581 0.06763654789064197
250 0.048301267115352535 0.048301267115352535 10.818871402106595 0.8236559996997581 0.06763654789064197
300 0.02603301894920771 0.02603301894920771 11.553418263292869 0.484947744311561 0.06293473023150419
350 0.02603301894920771 0.02603301894920771 11.553418263292869 0.484947744311561 0.06293473023150419
400 0.02603301894920771 0.02603301894920771 11.553418263292869 0.484947744311561 0.06293473023150419
450 0.01728338221220928 0.01728338221220928 8.504455045550845 0.4712481332424274 0.05908847510325603
500 0.01728338221220928 0.01728338221220928 8.504455045550845 0.4712481332424274 0.05908847510325603
550 0.01728338221220928 0.01728338221220928 8.504455045550845 0.4712481332424274 0.05908847510325603
600 0.015102708560497936 0.015102708560497936 8.452731201238006 0.45747594369139677 0.05619897554788547
650 0.015102708560497936 0.015102708560497936 8.452731201238006 0.45747594369139677 0.05619897554788547
700 0.01509586495419779 0.01509586495419779 13.718158198400499 0.3474172994160811 0.05257780522546908
750 0.01509586495419779 0.01509586495419779 13.718158198400499 0.3474172994160811 0.05257780522546908
800 0.01509586495419779 0.01509586495419779 13.718158198400499 0.3474172994160811 0.05257780522546908
850 0.01509586495419779 0.01509586495419779 13.718158198400499 0.3474172994160811 0.05257780522546908
900 0.013987575620259943 0.013987575620259943 10.098034856781242 0.39708247961770615 0.053960186916904386
950 0.013987575620259943 0.013987575620259943 10.098034856781242 0.39708247961770615 0.053960186916904386
1000 0.013987575620259943 0.013987575620259943 10.098034856781242 0.39708247961770615 0.053960186916904386
1050 0.013987575620259943 0.013987575620259943 10.098034856781242 0.39708247961770615 0.053960186916904386
1100 0.013987575620259943 0.013987575620259943 10.098034856781242 0.39708247961770615 0.053960186916904386
1150 0.013335160655323077 0.013335160655323077 7.153088010665397 0.46391424707791606 0.05603978389788489
1200 0.013335160655323077 0.013335160655323077 7.153088010665397 0.46391424707791606 0.05603978389788489
1250 0.013335160655323077 0.013335160655323077 7.153088010665397 0.46391424707791606 0.05603978389788489
1300 0.013335160655323077 0.013335160655323077 7.153088010665397 0.46391424707791606 0.05603978389788489
1350 0.013335160655323077 0.013335160655323077 7.153088010665397 0.46391424707791606 0.05603978389788489
1400 0.013335160655323077 0.013335160655323077 7.153088010665397 0.46391424707791606 0.05603978389788489
1450 0.013335160655323077 0.013335160655323077 7.153088010665397 0.46391424707791606 0.05603978389788489
1500 0.013335160655323077 0.013335160655323077 7.153088010665397 0.46391424707791606 0.05603978389788489
1550 0.013335160655323077 0.013335160655323077 7.153088010665397 0.46391424707791606 0.05603978389788489
1600 0.013335160655323077 0.013335160655323077 7.153088010665397 0.46391424707791606 0.05603978389788489
1650 0.013335160655323077 0.013335160655323077 7.153088010665397 0.46391424707791606 0.05603978389788489
1700 0.013335160655323077 0.013335160655323077 7.153088010665397 0.46391424707791606 0.05603978389788489
1750 0.013335160655323077 0.013335160655323077 7.153088010665397 0.46391424707791606 0.05603978389788489
1800 0.013145219665043102 0.013145219665043102 12.715699035337567 0.34002021145882183 0.05125557487003242
1850 0.013145219665043102 0.013145219665043102 12.715699035337567 0.34002021145882183 0.05125557487003242
1900 0.013145219665043102 0.013145219665043102 12.715699035337567 0.34002021145882183 0.05125557487003242
1950 0.013092464424447807 0.013092464424447807 13.391244250653774 0.3304763864427741 0.050734527433203204
2000 0.013092464424447807 0.013092464424447807 13.391244250653774 0.3304763864427741 0.050734527433203204
2050 0.013092464424447807 0.013092464424447807 13.391244250653774 0.3304763864427741 0.050734527433203204
2100 0.013092464424447807 0.013092464424447807 13.391244250653774 0.3304763864427741 0.050734527433203204
2150 0.01278432667816913 0.01278432667816913 9.053397207804831 0.4032118275436439 0.05355800727950746
2200 0.01278432667816913 0.01278432667816913 9.053397207804831 0.4032118275436439 0.05355800727950746
2250 0.01278432667816913 0.01278432667816913 9.053397207804831 0.4032118275436439 0.05355800727950746
2300 0.01278432667816913 0.01278432667816913 9.053397207804831 0.4032118275436439 0.05355800727950746
2350 0.01278432667816913 0.01278432667816913 9.053397207804831 0.4032118275436439 0.05355800727950746
2400 0.01278432667816913 0.01278432667816913 9.053397207804831 0.4032118275436439 0.05355800727950746
2450 0.01278432667816913 0.01278432667816913 9.053397207804831 0.4032118275436439 0.05355800727950746
2500 0.01278432667816913 0.01278432667816913 9.053397207804831 0.4032118275436439 0.05355800727950746
2550 0.01278432667816913 0.01278432667816913 9.053397207804831 0.4032118275436439 0.05355800727950746
2600 0.01278432667816913 0.01278432667816913 9.053397207804831 0.4032118275436439 0.05355800727950746
2650 0.01278432667816913 0.01278432667816913 9.053397207804831 0.4032118275436439 0.05355800727950746
2700 0.01278432667816913 0.01278432667816913 9.053397207804831 0.4032118275436439 0.05355800727950746
2750 0.012767158770818183 0.012767158770818183 9.264563084050504 0.39779370730739844 0.05337784048563072
2800 0.012767158770818183 0.012767158770818183 9.264563084050504 0.39779370730739844 0.05337784048563072
2850 0.012767158770818183 0.012767158770818183 9.264563084050504 0.39779370730739844 0.05337784048563072
2900 0.012767158770818183 0.012767158770818183 9.264563084050504 0.39779370730739844 0.05337784048563072
2950 0.012767158770818183 0.012767158770818183 9.264563084050504 0.39779370730739844 0.05337784048563072
3000 0.012767158770818183 0.012767158770818183 9.264563084050504 0.39779370730739844 0.05337784048563072
3050 0.012767158770818183 0.012767158770818183 9.264563084050504 0.39779370730739844 0.05337784048563072
3100 0.012767158770818183 0.012767158770818183 9.264563084050504 0.39779370730739844 0.05337784048563072
3150 0.012767158770818183 0.012767158770818183 9.264563084050504 0.39779370730739844 0.05337784048563072
3200 0.012767158770818183 0.012767158770818183 9.264563084050504 0.39779370730739844 0.05337784048563072
3250 0.012767158770818183 0.012767158770818183 9.264563084050504 0.39779370730739844 0.05337784048563072
3300 0.012767158770818183 0.012767158770818183 9.264563084050504 0.39779370730739844 0.05337784048563072
3350 0.012757308012909216 0.012757308012909216 9.74983933680346 0.38722747389325884 0.05295176918257274
3400 0.012741262301515857 0.012741262301515857 9.272859738797436 0.3973641745663908 0.05333285364382073
3450 0.012741262301515857 0.012741262301515857 9.272859738797436 0.3973641745663908 0.05333285364382073
3500 0.012740088147245913 0.012740088147245913 11.201049997283356 0.35933034379022655 0.051824489412931274
3550 0.012740088147245913 0.012740088147245913 11.201049997283356 0.35933034379022655 0.051824489412931274
3600 0.012740088147245913 0.012740088147245913 11.201049997283356 0.35933034379022655 0.051824489412931274
3650 0.012735858517328462 0.012735858517328462 11.067711159067038 0.3615981944636177 0.05191599991123145
3700 0.012735858517328462 0.012735858517328462 11.067711159067038 0.3615981944636177 0.05191599991123145
3750 0.012696575868644729 0.012696575868644729 10.017659151029982 0.3807920102525914 0.05267316941396559
3800 0.012696575868644729 0.012696575868644729 10.017659151029982 0.3807920102525914 0.05267316941396559
3850 0.012696575868644729 0.012696575868644729 10.017659151029982 0.3807920102525914 0.05267316941396559
3900 0.012696575868644729 0.012696575868644729 10.017659151029982 0.3807920102525914 0.05267316941396559
3950 0.012696575868644729 0.012696575868644729 10.017659151029982 0.3807920102525914 0.05267316941396559
4000 0.012689964096406407 0.012689964096406407 10.808662509579833 0.3655664919017261 0.05205891528004486
4050 0.012689964096406407 0.012689964096406407 10.808662509579833 0.3655664919017261 0.05205891528004486
4100 0.012689964096406407 0.012689964096406407 10.808662509579833 0.3655664919017261 0.05205891528004486
4150 0.012689964096406407 0.012689964096406407 10.808662509579833 0.3655664919017261 0.05205891528004486
4200 0.012680832754360521 0.012680832754360521 10.40772021058897 0.37286316057671 0.05235439595394284
4250 0.012680832754360521 0.012680832754360521 10.40772021058897 0.37286316057671 0.05235439595394284
4300 0.012680832754360521 0.012680832754360521 10.40772021058897 0.37286316057671 0.05235439595394284
4350 0.012677291360855898 0.012677291360855898 10.286785546260253 0.3751451794239912 0.052443831303740744
4400 0.012677291360855898 0.012677291360855898 10.286785546260253 0.3751451794239912 0.052443831303740744
4450 0.012677291360855898 0.012677291360855898 10.286785546260253 0.3751451794239912 0.052443831303740744
4500 0.012677291360855898 0.012677291360855898 10.286785546260253 0.3751451794239912 0.052443831303740744
4550 0.012677291360855898 0.012677291360855898 10.286785546260253 0.3751451794239912 0.052443831303740744
4600 0.012677291360855898 0.012677291360855898 10.286785546260253 0.3751451794239912 0.052443831303740744
4650 0.012677291360855898 0.012677291360855898 10.286785546260253 0.3751451794239912 0.052443831303740744
4700 0.012677291360855898 0.012677291360855898 10.286785546260253 0.3751451794239912 0.052443831303740744
4750 0.012677291360855898 0.012677291360855898 10.286785546260253 0.3751451794239912 0.052443831303740744
4800 0.012677291360855898 0.012677291360855898 10.286785546260253 0.3751451794239912 0.052443831303740744
4850 0.012677291360855898 0.012677291360855898 10.286785546260253 0.3751451794239912 0.052443831303740744
4900 0.012677291360855898 0.012677291360855898 10.286785546260253 0.3751451794239912 0.052443831303740744
4950 0.012677291360855898 0.012677291360855898 10.286785546260253 0.3751451794239912 0.052443831303740744
5000 0.012677291360855898 0.012677291360855898 10.286785546260253 0.3751451794239912 0.052443831303740744
5050 0.012677291360855898 0.012677291360855898 10.286785546260253 0.3751451794239912 0.052443831303740744
5100 0.0126764161498835 0.0126764161498835 11.442031050205587 0.3542945475570085 0.05159214238606123
5150 0.0126764161498835 0.0126764161498835 11.442031050205587 0.3542945475570085 0.05159214238606123
5200 0.012672569364208075 0.012672569364208075 11.073701033657304 0.36056607614275404 0.051849029524271395
5250 0.012670840992309714 0.012670840992309714 10.653860614500699 0.36807966888288524 0.05215792224052713
5300 0.012670840992309714 0.012670840992309714 10.653860614500699 0.36807966888288524 0.05215792224052713
5350 0.012670840992309714 0.012670840992309714 10.653860614500699 0.36807966888288524 0.05215792224052713
5400 0.012669120333971455 0.012669120333971455 11.293587107893282 0.3567041883435903 0.05168898847793738
5450 0.012668963356639702 0.012668963356639702 11.104165992702676 0.3599545141675587 0.05182532508053997
5500 0.012668963356639702 0.012668963356639702 11.104165992702676 0.3599545141675587 0.05182532508053997
5550 0.012668963356639702 0.012668963356639702 11.104165992702676 0.3599545141675587 0.05182532508053997
5600 0.012668963356639702 0.012668963356639702 11.104165992702676 0.3599545141675587 0.05182532508053997
5650 0.012668963356639702 0.012668963356639702 11.104165992702676 0.3599545141675587 0.05182532508053997
5700 0.012667055126427561 0.012667055126427561 11.112963726427276 0.3597748703080171 0.051816966863869315
5750 0.012667055126427561 0.012667055126427561 11.112963726427276 0.3597748703080171 0.051816966863869315
5800 0.012667055126427561 0.012667055126427561 11.112963726427276 0.3597748703080171 0.051816966863869315
5850 0.012667055126427561 0.012667055126427561 11.112963726427276 0.3597748703080171 0.051816966863869315
5900 0.012667055126427561 0.012667055126427561 11.112963726427276 0.3597748703080171 0.051816966863869315
5950 0.012667055126427561 0.012667055126427561 11.112963726427276 0.3597748703080171 0.051816966863869315
6000 0.012667055126427561 0.012667055126427561 11.112963726427276 0.3597748703080171 0.051816966863869315
6050 0.012667055126427561 0.012667055126427561 11.112963726427276 0.3597748703080171 0.051816966863869315
6100 0.012667055126427561 0.012667055126427561 11.112963726427276 0.3597748703080171 0.051816966863869315
6150 0.012667055126427561 0.012667055126427561 11.112963726427276 0.3597748703080171 0.051816966863869315
6200 0.012667055126427561 0.012667055126427561 11.112963726427276 0.3597748703080171 0.051816966863869315
6250 0.012667055126427561 0.012667055126427561 11.112963726427276 0.3597748703080171 0.051816966863869315
6300 0.012665863932573393 0.012665863932573393 11.11014208612165 0.35981182187200506 0.051817445065605275
6350 0.012665863932573393 0.012665863932573393 11.11014208612165 0.35981182187200506 0.051817445065605275
6400 0.012665863932573393 0.012665863932573393 11.11014208612165 0.35981182187200506 0.051817445065605275
6450 0.012665863932573393 0.012665863932573393 11.11014208612165 0.35981182187200506 0.051817445065605275
6500 0.012665863932573393 0.012665863932573393 11.11014208612165 0.35981182187200506 0.051817445065605275
6550 0.012665863932573393 0.012665863932573393 11.11014208612165 0.35981182187200506 0.051817445065605275
6600 0.012665804036680307 0.012665804036680307 11.240638103601132 0.35755329428138605 0.051723932061835357
6650 0.012665743602351648 0.012665743602351648 11.208218955301506 0.3581105023462545 0.05174694166735261
6700 0.012665743602351648 0.012665743602351648 11.208218955301506 0.3581105023462545 0.05174694166735261
6750 0.012665743602351648 0.012665743602351648 11.208218955301506 0.3581105023462545 0.05174694166735261
6800 0.012665743602351648 0.012665743602351648 11.208218955301506 0.3581105023462545 0.05174694166735261
6850 0.012665485639665906 0.012665485639665906 11.18809393389774 0.35845313199678125 0.05176112629900502
6900 0.012665485639665906 0.012665485639665906 11.18809393389774 0.35845313199678125 0.05176112629900502
6950 0.012665485639665906 0.012665485639665906 11.18809393389774 0.35845313199678125 0.05176112629900502
7000 0.012665485639665906 0.012665485639665906 11.18809393389774 0.35845313199678125 0.05176112629900502
7050 0.012665485639665906 0.012665485639665906 11.18809393389774 0.35845313199678125 0.05176112629900502
7100 0.012665485639665906 0.012665485639665906 11.18809393389774 0.35845313199678125 0.05176112629900502
7150 0.012665485639665906 0.012665485639665906 11.18809393389774 0.35845313199678125 0.05176112629900502
7200 0.012665418381324709 0.012665418381324709 11.282776206828775 0.35682654203010145 0.05169359867843439
7250 0.012665418381324709 0.012665418381324709 11.282776206828775 0.35682654203010145 0.05169359867843439
7300 0.012665339016965569 0.012665339016965569 11.289657562466024 0.3567072205656479 0.05168869458505882
7350 0.012665339016965569 0.012665339016965569 11.289657562466024 0.3567072205656479 0.05168869458505882
7400 0.012665339016965569 0.012665339016965569 11.289657562466024 0.3567072205656479 0.05168869458505882
7450 0.012665339016965569 0.012665339016965569 11.289657562466024 0.3567072205656479 0.05168869458505882
7500 0.012665339016965569 0.012665339016965569 11.289657562466024 0.3567072205656479 0.05168869458505882
7550 0.012665339016965569 0.012665339016965569 11.289657562466024 0.3567072205656479 0.05168869458505882
7600 0.012665339016965569 0.012665339016965569 11.289657562466024 0.3567072205656479 0.05168869458505882
7650 0.012665339016965569 0.012665339016965569 11.289657562466024 0.3567072205656479 0.05168869458505882
7700 0.012665339016965569 0.012665339016965569 11.289657562466024 0.3567072205656479 0.05168869458505882
7750 0.012665339016965569 0.012665339016965569 11.289657562466024 0.3567072205656479 0.05168869458505882
7800 0.012665336278217457 0.012665336278217457 11.292841392288121 0.35665332461416416 0.051686403400966884
7850 0.012665336278217457 0.012665336278217457 11.292841392288121 0.35665332461416416 0.051686403400966884
7900 0.012665334096915507 0.012665334096915507 11.27183560376164 0.3570118179725755 0.051701308199057446
7950 0.012665255053190041 0.012665255053190041 11.303247133175514 0.3564746730471165 0.051678964237990434
8000 0.012665255053190041 0.012665255053190041 11.303247133175514 0.3564746730471165 0.051678964237990434
8050 0.012665255053190041 0.012665255053190041 11.303247133175514 0.3564746730471165 0.051678964237990434
8100 0.012665255053190041 0.012665255053190041 11.303247133175514 0.3564746730471165 0.051678964237990434
8150 0.012665255053190041 0.012665255053190041 11.303247133175514 0.3564746730471165 0.051678964237990434
8200 0.012665255053190041 0.012665255053190041 11.303247133175514 0.3564746730471165 0.051678964237990434
8250 0.012665241887437981 0.012665241887437981 11.298848233599175 0.35654940665089563 0.05168206647498413
8300 0.012665241887437981 0.012665241887437981 11.298848233599175 0.35654940665089563 0.05168206647498413
8350 0.012665241887437981 0.012665241887437981 11.298848233599175 0.35654940665089563 0.05168206647498413
8400 0.012665241887437981 0.012665241887437981 11.298848233599175 0.35654940665089563 0.05168206647498413
8450 0.012665241887437981 0.012665241887437981 11.298848233599175 0.35654940665089563 0.05168206647498413
8500 0.012665241887437981 0.012665241887437981 11.298848233599175 0.35654940665089563 0.05168206647498413
8550 0.012665241887437981 0.012665241887437981 11.298848233599175 0.35654940665089563 0.05168206647498413
8600 0.012665241887437981 0.012665241887437981 11.298848233599175 0.35654940665089563 0.05168206647498413
8650 0.012665241887437981 0.012665241887437981 11.298848233599175 0.35654940665089563 0.05168206647498413
8700 0.012665241887437981 0.012665241887437981 11.298848233599175 0.35654940665089563 0.05168206647498413
8750 0.012665236531512037 0.012665236531512037 11.277917216322598 0.3569063755973818 0.051696902343266765
8800 0.012665236531512037 0.012665236531512037 11.277917216322598 0.3569063755973818 0.051696902343266765
8850 0.012665236531512037 0.012665236531512037 11.277917216322598 0.3569063755973818 0.051696902343266765
8900 0.012665236531512037 0.012665236531512037 11.277917216322598 0.3569063755973818 0.051696902343266765
8950 0.012665236531512037 0.012665236531512037 11.277917216322598 0.3569063755973818 0.051696902343266765
9000 0.012665236531512037 0.012665236531512037 11.277917216322598 0.3569063755973818 0.051696902343266765
9050 0.012665236531512037 0.012665236531512037 11.277917216322598 0.3569063755973818 0.051696902343266765
9100 0.012665236531512037 0.012665236531512037 11.277917216322598 0.3569063755973818 0.051696902343266765
9150 0.012665236531512037 0.012665236531512037 11.277917216322598 0.3569063755973818 0.051696902343266765
9200 0.012665236531512037 0.012665236531512037 11.277917216322598 0.3569063755973818 0.051696902343266765
9250 0.012665236531512037 0.012665236531512037 11.277917216322598 0.3569063755973818 0.051696902343266765
9300 0.012665236531512037 0.012665236531512037 11.277917216322598 0.3569063755973818 0.051696902343266765
9350 0.012665236531512037 0.012665236531512037 11.277917216322598 0.3569063755973818 0.051696902343266765
9400 0.012665236531512037 0.012665236531512037 11.277917216322598 0.3569063755973818 0.051696902343266765
9450 0.012665236531512037 0.012665236531512037 11.277917216322598 0.3569063755973818 0.051696902343266765
9500 0.012665236531512037 0.012665236531512037 11.277917216322598 0.3569063755973818 0.051696902343266765
9550 0.012665236531512037 0.012665236531512037 11.277917216322598 0.3569063755973818 0.051696902343266765
9600 0.012665235243695415 0.012665235243695415 11.27748612196308 0.35691372481917993 0.05169720669982382
9650 0.012665235243695415 0.012665235243695415 11.27748612196308 0.35691372481917993 0.05169720669982382
9700 0.012665235243695415 0.012665235243695415 11.27748612196308 0.35691372481917993 0.05169720669982382
9750 0.012665235243695415 0.012665235243695415 11.27748612196308 0.35691372481917993 0.05169720669982382
9800 0.012665235243695415 0.012665235243695415 11.27748612196308 0.35691372481917993 0.05169720669982382
9850 0.012665235243695415 0.012665235243695415 11.27748612196308 0.35691372481917993 0.05169720669982382
9900 0.012665235243695415 0.012665235243695415 11.27748612196308 0.35691372481917993 0.05169720669982382
9950 0.012665235243695415 0.012665235243695415 11.27748612196308 0.35691372481917993 0.05169720669982382
10000 0.012665235243695415 0.012665235243695415 11.27748612196308 0.35691372481917993 0.05169720669982382
10050 0.012665235243695415 0.012665235243695415 11.27748612196308 0.35691372481917993 0.05169720669982382
10100 0.012665235243695415 0.012665235243695415 11.27748612196308 0.35691372481917993 0.05169720669982382
10150 0.012665234674168344 0.012665234674168344 11.284866938489065 0.35678770344856414 0.05169196922628337
10200 0.012665234325257088 0.012665234325257088 11.291984641049641 0.3566662776774402 0.05168692250716701
10250 0.012665234325257088 0.012665234325257088 11.291984641049641 0.3566662776774402 0.05168692250716701
10300 0.012665233725705344 0.012665233725705344 11.29195869488329 0.3566667096063569 0.05168694043382948
10350 0.012665233725705344 0.012665233725705344 11.29195869488329 0.3566667096063569 0.05168694043382948
10400 0.012665233725705344 0.012665233725705344 11.29195869488329 0.3566667096063569 0.05168694043382948
10450 0.012665233725705344 0.012665233725705344 11.29195869488329 0.3566667096063569 0.05168694043382948
10500 0.012665233725705344 0.012665233725705344 11.29195869488329 0.3566667096063569 0.05168694043382948
10550 0.012665233101784825 0.012665233101784825 11.285110878444073 0.35678351228011124 0.051691795045270446
10600 0.012665233101784825 0.012665233101784825 11.285110878444073 0.35678351228011124 0.051691795045270446
10650 0.012665233101784825 0.012665233101784825 11.285110878444073 0.35678351228011124 0.051691795045270446
10700 0.012665233101784825 0.012665233101784825 11.285110878444073 0.35678351228011124 0.051691795045270446
10750 0.012665233101784825 0.012665233101784825 11.285110878444073 0.35678351228011124 0.051691795045270446
10800 0.012665233101784825 0.012665233101784825 11.285110878444073 0.35678351228011124 0.051691795045270446
10850 0.012665233101784825 0.012665233101784825 11.285110878444073 0.35678351228011124 0.051691795045270446
10900 0.012665233101784825 0.012665233101784825 11.285110878444073 0.35678351228011124 0.051691795045270446
10950 0.012665233101784825 0.012665233101784825 11.285110878444073 0.35678351228011124 0.051691795045270446
11000 0.012665233101784825 0.012665233101784825 11.285110878444073 0.35678351228011124 0.051691795045270446
11050 0.012665233101784825 0.012665233101784825 11.285110878444073 0.35678351228011124 0.051691795045270446
11100 0.012665233007434235 0.012665233007434235 11.290002354495572 0.35670006245038877 0.05168832638879233
11150 0.012665233007434235 0.012665233007434235 11.290002354495572 0.35670006245038877 0.05168832638879233
11200 0.012665233007434235 0.012665233007434235 11.290002354495572 0.35670006245038877 0.05168832638879233
11250 0.012665233007434235 0.012665233007434235 11.290002354495572 0.35670006245038877 0.05168832638879233
11300 0.012665233007434235 0.012665233007434235 11.290002354495572 0.35670006245038877 0.05168832638879233
11350 0.012665233007434235 0.012665233007434235 11.290002354495572 0.35670006245038877 0.05168832638879233
11400 0.012665233007434235 0.012665233007434235 11.290002354495572 0.35670006245038877 0.05168832638879233
11450 0.012665233007434235 0.012665233007434235 11.290002354495572 0.35670006245038877 0.05168832638879233
11500 0.012665233007434235 0.012665233007434235 11.290002354495572 0.35670006245038877 0.05168832638879233
11550 0.012665233007434235 0.012665233007434235 11.290002354495572 0.35670006245038877 0.05168832638879233
11600 0.012665233007434235 0.012665233007434235 11.290002354495572 0.35670006245038877 0.05168832638879233
11650 0.012665233007434235 0.012665233007434235 11.290002354495572 0.35670006245038877 0.05168832638879233
11700 0.012665233007434235 0.012665233007434235 11.290002354495572 0.35670006245038877 0.05168832638879233
11750 0.012665233007434235 0.012665233007434235 11.290002354495572 0.35670006245038877 0.05168832638879233
11800 0.012665233007434235 0.012665233007434235 11.290002354495572 0.35670006245038877 0.05168832638879233
11850 0.012665233007434235 0.012665233007434235 11.290002354495572 0.35670006245038877 0.05168832638879233
11900 0.012665233007434235 0.012665233007434235 11.290002354495572 0.35670006245038877 0.05168832638879233
11950 0.012665233007434235 0.012665233007434235 11.290002354495572 0.35670006245038877 0.05168832638879233
12000 0.012665233007434235 0.012665233007434235 11.290002354495572 0.35670006245038877 0.05168832638879233
12050 0.012665233007434235 0.012665233007434235 11.290002354495572 0.35670006245038877 0.05168832638879233
12100 0.012665233000150237 0.012665233000150237 11.292190967085755 0.35666274129230263 0.05168677489115019
12150 0.012665233000150237 0.012665233000150237 11.292190967085755 0.35666274129230263 0.05168677489115019
12200 0.012665233000150237 0.012665233000150237 11.292190967085755 0.35666274129230263 0.05168677489115019
12250 0.012665232982415524 0.012665232982415524 11.290743937466537 0.35668741498796297 0.051687800643703596
12300 0.012665232932934043 0.012665232932934043 11.290446356839109 0.35669248952887744 0.05168801152140048
12350 0.012665232932934043 0.012665232932934043 11.290446356839109 0.35669248952887744 0.05168801152140048
12400 0.012665232932934043 0.012665232932934043 11.290446356839109 0.35669248952887744 0.05168801152140048
12450 0.012665232932934043 0.012665232932934043 11.290446356839109 0.35669248952887744 0.05168801152140048
12500 0.012665232932934043 0.012665232932934043 11.290446356839109 0.35669248952887744 0.05168801152140048
12550 0.012665232932934043 0.012665232932934043 11.290446356839109 0.35669248952887744 0.05168801152140048
12600 0.012665232859185624 0.012665232859185624 11.287806423950297 0.3567375170868471 0.051689883162719365
12650 0.012665232859185624 0.012665232859185624 11.287806423950297 0.3567375170868471 0.051689883162719365
12700 0.012665232859185624 0.012665232859185624 11.287806423950297 0.3567375170868471 0.051689883162719365
12750 0.012665232859185624 0.012665232859185624 11.287806423950297 0.3567375170868471 0.051689883162719365
12800 0.012665232859185624 0.012665232859185624 11.287806423950297 0.3567375170868471 0.051689883162719365
12850 0.012665232859185624 0.012665232859185624 11.287806423950297 0.3567375170868471 0.051689883162719365
12900 0.012665232859185624 0.012665232859185624 11.287806423950297 0.3567375170868471 0.051689883162719365
12950 0.012665232859185624 0.012665232859185624 11.287806423950297 0.3567375170868471 0.051689883162719365
13000 0.012665232859185624 0.012665232859185624 11.287806423950297 0.3567375170868471 0.051689883162719365
13050 0.012665232859185624 0.012665232859185624 11.287806423950297 0.3567375170868471 0.051689883162719365
13100 0.012665232859185624 0.012665232859185624 11.287806423950297 0.3567375170868471 0.051689883162719365
13150 0.012665232859185624 0.012665232859185624 11.287806423950297 0.3567375170868471 0.051689883162719365
13200 0.012665232859185624 0.012665232859185624 11.287806423950297 0.3567375170868471 0.051689883162719365
13250 0.012665232833177437 0.012665232833177437 11.287733300387918 0.3567387639371092 0.05168993500453601
13300 0.012665232833177437 0.012665232833177437 11.287733300387918 0.3567387639371092 0.05168993500453601
13350 0.012665232833177437 0.012665232833177437 11.287733300387918 0.3567387639371092 0.05168993500453601
13400 0.012665232833177437 0.012665232833177437 11.287733300387918 0.3567387639371092 0.05168993500453601
13450 0.012665232833177437 0.012665232833177437 11.287733300387918 0.3567387639371092 0.05168993500453601
13500 0.012665232833177437 0.012665232833177437 11.287733300387918 0.3567387639371092 0.05168993500453601
13550 0.012665232833177437 0.012665232833177437 11.287733300387918 0.3567387639371092 0.05168993500453601
13600 0.012665232833177437 0.012665232833177437 11.287733300387918 0.3567387639371092 0.05168993500453601
13650 0.012665232833177437 0.012665232833177437 11.287733300387918 0.3567387639371092 0.05168993500453601
13700 0.012665232833177437 0.012665232833177437 11.287733300387918 0.3567387639371092 0.05168993500453601
13750 0.012665232833177437 0.012665232833177437 11.287733300387918 0.3567387639371092 0.05168993500453601
13800 0.012665232833177437 0.012665232833177437 11.287733300387918 0.3567387639371092 0.05168993500453601
13850 0.012665232831240316 0.012665232831240316 11.287764676473463 0.3567382287252749 0.05168991274839555
13900 0.012665232831240316 0.012665232831240316 11.287764676473463 0.3567382287252749 0.05168991274839555
13950 0.012665232831240316 0.012665232831240316 11.287764676473463 0.3567382287252749 0.05168991274839555
14000 0.012665232831240316 0.012665232831240316 11.287764676473463 0.3567382287252749 0.05168991274839555
14050 0.012665232831240316 0.012665232831240316 11.287764676473463 0.3567382287252749 0.05168991274839555
14100 0.012665232831240316 0.012665232831240316 11.287764676473463 0.3567382287252749 0.05168991274839555
14150 0.012665232831240316 0.012665232831240316 11.287764676473463 0.3567382287252749 0.05168991274839555
14200 0.012665232828162726 0.012665232828162726 11.289197030197741 0.35671379549320265 0.051688897145259635
14250 0.01266523280506411 0.01266523280506411 11.289408242984535 0.35671019265831666 0.05168874737314683
14300 0.01266523280506411 0.01266523280506411 11.289408242984535 0.35671019265831666 0.05168874737314683
14350 0.01266523280506411 0.01266523280506411 11.289408242984535 0.35671019265831666 0.05168874737314683
14400 0.01266523280506411 0.01266523280506411 11.289408242984535 0.35671019265831666 0.05168874737314683
14450 0.01266523280506411 0.01266523280506411 11.289408242984535 0.35671019265831666 0.05168874737314683
14500 0.01266523279955673 0.01266523279955673 11.28890355318124 0.35671880087107793 0.05168910519470043
14550 0.01266523279955673 0.01266523279955673 11.28890355318124 0.35671880087107793 0.05168910519470043
14600 0.01266523279955673 0.01266523279955673 11.28890355318124 0.35671880087107793 0.05168910519470043
14650 0.01266523279955673 0.01266523279955673 11.28890355318124 0.35671880087107793 0.05168910519470043
14700 0.01266523279955673 0.01266523279955673 11.28890355318124 0.35671880087107793 0.05168910519470043
14750 0.01266523279955673 0.01266523279955673 11.28890355318124 0.35671880087107793 0.05168910519470043
14800 0.01266523279955673 0.01266523279955673 11.28890355318124 0.35671880087107793 0.05168910519470043
14850 0.01266523279955673 0.01266523279955673 11.28890355318124 0.35671880087107793 0.05168910519470043
14900 0.01266523279955673 0.01266523279955673 11.28890355318124 0.35671880087107793 0.05168910519470043
14950 0.01266523279955673 0.01266523279955673 11.28890355318124 0.35671880087107793 0.05168910519470043
15000 0.01266523279955673 0.01266523279955673 11.28890355318124 0.35671880087107793 0.05168910519470043
15050 0.012665232796397608 0.012665232796397608 11.288716155996914 0.3567219973260196 0.05168923806057851
15100 0.012665232794620531 0.012665232794620531 11.289224508236765 0.3567133263592469 0.051688877627851994
15150 0.012665232794620531 0.012665232794620531 11.289224508236765 0.3567133263592469 0.051688877627851994
15200 0.012665232794620531 0.012665232794620531 11.289224508236765 0.3567133263592469 0.051688877627851994
15250 0.012665232794620531 0.012665232794620531 11.289224508236765 0.3567133263592469 0.051688877627851994
15300 0.012665232794620531 0.012665232794620531 11.289224508236765 0.3567133263592469 0.051688877627851994
15350 0.012665232794620531 0.012665232794620531 11.289224508236765 0.3567133263592469 0.051688877627851994
15400 0.012665232794620531 0.012665232794620531 11.289224508236765 0.3567133263592469 0.051688877627851994
15450 0.012665232794620531 0.012665232794620531 11.289224508236765 0.3567133263592469 0.051688877627851994
15500 0.012665232793175987 0.012665232793175987 11.289525201650806 0.3567081976496808 0.0516886644391839
15550 0.012665232793175987 0.012665232793175987 11.289525201650806 0.3567081976496808 0.0516886644391839
15600 0.012665232793175987 0.012665232793175987 11.289525201650806 0.3567081976496808 0.0516886644391839
15650 0.012665232793175987 0.012665232793175987 11.289525201650806 0.3567081976496808 0.0516886644391839
15700 0.012665232793175987 0.012665232793175987 11.289525201650806 0.3567081976496808 0.0516886644391839
15750 0.012665232793175987 0.012665232793175987 11.289525201650806 0.3567081976496808 0.0516886644391839
15800 0.012665232793175987 0.012665232793175987 11.289525201650806 0.3567081976496808 0.0516886644391839
15850 0.012665232791923069 0.012665232791923069 11.28861568435036 0.35672371109337253 0.051689309292290084
15900 0.012665232791923069 0.012665232791923069 11.28861568435036 0.35672371109337253 0.051689309292290084
15950 0.012665232791923069 0.012665232791923069 11.28861568435036 0.35672371109337253 0.051689309292290084
16000 0.012665232791923069 0.012665232791923069 11.28861568435036 0.35672371109337253 0.051689309292290084
16050 0.012665232791923069 0.012665232791923069 11.28861568435036 0.35672371109337253 0.051689309292290084
16100 0.012665232791923069 0.012665232791923069 11.28861568435036 0.35672371109337253 0.051689309292290084
16150 0.012665232791923069 0.012665232791923069 11.28861568435036 0.35672371109337253 0.051689309292290084
16200 0.012665232791923069 0.012665232791923069 11.28861568435036 0.35672371109337253 0.051689309292290084
16250 0.01266523279119788 0.01266523279119788 11.288786418957176 0.35672079875034024 0.051689188236445374
16300 0.01266523279119788 0.01266523279119788 11.288786418957176 0.35672079875034024 0.051689188236445374
16350 0.01266523279098495 0.01266523279098495 11.288570992515663 0.3567244734160277 0.05168934098015923
16400 0.012665232790501234 0.012665232790501234 11.288987649792476 0.3567173663173882 0.05168904555856189
16450 0.01266523278953875 0.01266523278953875 11.288872160408129 0.3567193362171195 0.051689127441486946
16500 0.01266523278953875 0.01266523278953875 11.288872160408129 0.3567193362171195 0.051689127441486946
16550 0.01266523278953875 0.01266523278953875 11.288872160408129 0.3567193362171195 0.051689127441486946
16600 0.012665232789525612 0.012665232789525612 11.289030842534919 0.35671662956547495 0.051689014933600674
16650 0.012665232789525612 0.012665232789525612 11.289030842534919 0.35671662956547495 0.051689014933600674
16700 0.012665232789525612 0.012665232789525612 11.289030842534919 0.35671662956547495 0.051689014933600674
16750 0.012665232789525612 0.012665232789525612 11.289030842534919 0.35671662956547495 0.051689014933600674
16800 0.012665232789525612 0.012665232789525612 11.289030842534919 0.35671662956547495 0.051689014933600674
16850 0.012665232789525612 0.012665232789525612 11.289030842534919 0.35671662956547495 0.051689014933600674
16900 0.012665232789525612 0.012665232789525612 11.289030842534919 0.35671662956547495 0.051689014933600674
16950 0.012665232789525612 0.012665232789525612 11.289030842534919 0.35671662956547495 0.051689014933600674
17000 0.012665232789525612 0.012665232789525612 11.289030842534919 0.35671662956547495 0.051689014933600674
17050 0.012665232789525612 0.012665232789525612 11.289030842534919 0.35671662956547495 0.051689014933600674
17100 0.012665232789503147 0.012665232789503147 11.289089626668638 0.3567156268965717 0.05168897325499375
17150 0.012665232789503147 0.012665232789503147 11.289089626668638 0.3567156268965717 0.05168897325499375
17200 0.01266523278874222 0.01266523278874222 11.28885827676014 0.35671957301797186 0.05168913728479612
17250 0.01266523278874222 0.01266523278874222 11.28885827676014 0.35671957301797186 0.05168913728479612
17300 0.01266523278874222 0.01266523278874222 11.28885827676014 0.35671957301797186 0.05168913728479612
17350 0.01266523278874222 0.01266523278874222 11.28885827676014 0.35671957301797186 0.05168913728479612
17400 0.012665232788505005 0.012665232788505005 11.288950440765428 0.35671800096007483 0.051689071938547416
17450 0.012665232788505005 0.012665232788505005 11.288950440765428 0.35671800096007483 0.051689071938547416
17500 0.012665232788505005 0.012665232788505005 11.288950440765428 0.35671800096007483 0.051689071938547416
17550 0.012665232788505005 0.012665232788505005 11.288950440765428 0.35671800096007483 0.051689071938547416
17600 0.012665232788505005 0.012665232788505005 11.288950440765428 0.35671800096007483 0.051689071938547416
17650 0.012665232788505005 0.012665232788505005 11.288950440765428 0.35671800096007483 0.051689071938547416
17700 0.012665232788505005 0.012665232788505005 11.288950440765428 0.35671800096007483 0.051689071938547416
17750 0.012665232788505005 0.012665232788505005 11.288950440765428 0.35671800096007483 0.051689071938547416
17800 0.012665232788505005 0.012665232788505005 11.288950440765428 0.35671800096007483 0.051689071938547416
17850 0.012665232788505005 0.012665232788505005 11.288950440765428 0.35671800096007483 0.051689071938547416
17900 0.012665232788505005 0.012665232788505005 11.288950440765428 0.35671800096007483 0.051689071938547416
17950 0.012665232788505005 0.012665232788505005 11.288950440765428 0.35671800096007483 0.051689071938547416
18000 0.012665232788505005 0.012665232788505005 11.288950440765428 0.35671800096007483 0.051689071938547416
18050 0.012665232788505005 0.012665232788505005 11.288950440765428 0.35671800096007483 0.051689071938547416
18100 0.012665232788505005 0.012665232788505005 11.288950440765428 0.35671800096007483 0.051689071938547416
18150 0.012665232788490846 0.012665232788490846 11.28895696519033 0.35671788967233237 0.05168906731262643
18200 0.012665232788457017 0.012665232788457017 11.288966733873123 0.3567177230466161 0.051689060386492104
18250 0.012665232788457017 0.012665232788457017 11.288966733873123 0.3567177230466161 0.051689060386492104
18300 0.012665232788367412 0.012665232788367412 11.288956817326355 0.35671789219239547 0.051689067417361456
18350 0.012665232788367412 0.012665232788367412 11.288956817326355 0.35671789219239547 0.051689067417361456
18400 0.012665232788367412 0.012665232788367412 11.288956817326355 0.35671789219239547 0.051689067417361456
18450 0.012665232788367412 0.012665232788367412 11.288956817326355 0.35671789219239547 0.051689067417361456
18500 0.012665232788367412 0.012665232788367412 11.288956817326355 0.35671789219239547 0.051689067417361456
18550 0.012665232788367412 0.012665232788367412 11.288956817326355 0.35671789219239547 0.051689067417361456
18600 0.012665232788367412 0.012665232788367412 11.288956817326355 0.35671789219239547 0.051689067417361456
18650 0.012665232788367412 0.012665232788367412 11.288956817326355 0.35671789219239547 0.051689067417361456
18700 0.012665232788367412 0.012665232788367412 11.288956817326355 0.35671789219239547 0.051689067417361456
18750 0.012665232788367412 0.012665232788367412 11.288956817326355 0.35671789219239547 0.051689067417361456
18800 0.012665232788367412 0.012665232788367412 11.288956817326355 0.35671789219239547 0.051689067417361456
18850 0.012665232788367412 0.012665232788367412 11.288956817326355 0.35671789219239547 0.051689067417361456
18900 0.012665232788367412 0.012665232788367412 11.288956817326355 0.35671789219239547 0.051689067417361456
18950 0.012665232788367412 0.012665232788367412 11.288956817326355 0.35671789219239547 0.051689067417361456
19000 0.012665232788367412 0.012665232788367412 11.288956817326355 0.35671789219239547 0.051689067417361456
19050 0.012665232788336592 0.012665232788336592 11.28896153817546 0.3567178116684032 0.05168906407016908
19100 0.012665232788336592 0.012665232788336592 11.28896153817546 0.3567178116684032 0.05168906407016908
19150 0.012665232788336592 0.012665232788336592 11.28896153817546 0.3567178116684032 0.05168906407016908
19200 0.012665232788336592 0.012665232788336592 11.28896153817546 0.3567178116684032 0.05168906407016908
19250 0.012665232788336592 0.012665232788336592 11.28896153817546 0.3567178116684032 0.05168906407016908
19300 0.012665232788336592 0.012665232788336592 11.28896153817546 0.3567178116684032 0.05168906407016908
19350 0.012665232788336592 0.012665232788336592 11.28896153817546 0.3567178116684032 0.05168906407016908
19400 0.012665232788336592 0.012665232788336592 11.28896153817546 0.3567178116684032 0.05168906407016908
19450 0.012665232788336592 0.012665232788336592 11.28896153817546 0.3567178116684032 0.05168906407016908
19500 0.012665232788336592 0.012665232788336592 11.28896153817546 0.3567178116684032 0.05168906407016908
19550 0.012665232788336592 0.012665232788336592 11.28896153817546 0.3567178116684032 0.05168906407016908
19600 0.012665232788336592 0.012665232788336592 11.28896153817546 0.3567178116684032 0.05168906407016908
19650 0.012665232788336592 0.012665232788336592 11.28896153817546 0.3567178116684032 0.05168906407016908
19700 0.012665232788336592 0.012665232788336592 11.28896153817546 0.3567178116684032 0.05168906407016908
19750 0.012665232788336592 0.012665232788336592 11.28896153817546 0.3567178116684032 0.05168906407016908
19800 0.012665232788336592 0.012665232788336592 11.28896153817546 0.3567178116684032 0.05168906407016908
19850 0.012665232788336592 0.012665232788336592 11.28896153817546 0.3567178116684032 0.05168906407016908
19900 0.012665232788336592 0.012665232788336592 11.28896153817546 0.3567178116684032 0.05168906407016908
19950 0.012665232788336592 0.012665232788336592 11.28896153817546 0.3567178116684032 0.05168906407016908
20000 0.012665232788336592 0.012665232788336592 11.28896153817546 0.3567178116684032 0.05168906407016908
20050 0.012665232788336592 0.012665232788336592 11.28896153817546 0.3567178116684032 0.05168906407016908
20100 0.012665232788336592 0.012665232788336592 11.28896153817546 0.3567178116684032 0.05168906407016908
20150 0.012665232788335723 0.012665232788335723 11.288979521623594 0.3567175049245103 0.051689051319652006
20200 0.012665232788326684 0.012665232788326684 11.288956201463446 0.3567179026967662 0.05168906785396532
20250 0.012665232788326684 0.012665232788326684 11.288956201463446 0.3567179026967662 0.05168906785396532
20300 0.012665232788326684 0.012665232788326684 11.288956201463446 0.3567179026967662 0.05168906785396532
20350 0.012665232788323858 0.012665232788323858 11.288972469793032 0.35671762520742367 0.05168905631948345
20400 0.012665232788323858 0.012665232788323858 11.288972469793032 0.35671762520742367 0.05168905631948345
20450 0.012665232788323858 0.012665232788323858 11.288972469793032 0.35671762520742367 0.05168905631948345
20500 0.012665232788323858 0.012665232788323858 11.288972469793032 0.35671762520742367 0.05168905631948345
20550 0.012665232788320881 0.012665232788320881 11.288966021686978 0.35671773519281214 0.051689060891278706
20600 0.012665232788320881 0.012665232788320881 11.288966021686978 0.35671773519281214 0.051689060891278706
20650 0.012665232788320881 0.012665232788320881 11.288966021686978 0.35671773519281214 0.051689060891278706
20700 0.012665232788320881 0.012665232788320881 11.288966021686978 0.35671773519281214 0.051689060891278706
20750 0.012665232788320881 0.012665232788320881 11.288966021686978 0.35671773519281214 0.051689060891278706
20800 0.012665232788320881 0.012665232788320881 11.288966021686978 0.35671773519281214 0.051689060891278706
20850 0.012665232788320881 0.012665232788320881 11.288966021686978 0.35671773519281214 0.051689060891278706
20900 0.012665232788320881 0.012665232788320881 11.288966021686978 0.35671773519281214 0.051689060891278706
20950 0.012665232788320881 0.012665232788320881 11.288966021686978 0.35671773519281214 0.051689060891278706
21000 0.012665232788320881 0.012665232788320881 11.288966021686978 0.35671773519281214 0.051689060891278706
21050 0.012665232788320881 0.012665232788320881 11.288966021686978 0.35671773519281214 0.051689060891278706
21100 0.012665232788320881 0.012665232788320881 11.288966021686978 0.35671773519281214 0.051689060891278706
21150 0.012665232788320881 0.012665232788320881 11.288966021686978 0.35671773519281214 0.051689060891278706
21200 0.012665232788320881 0.012665232788320881 11.288966021686978 0.35671773519281214 0.051689060891278706
21250 0.01266523278832081 0.01266523278832081 11.288966227262556 0.35671773168629894 0.051689060745523006
21300 0.01266523278832081 0.01266523278832081 11.288966227262556 0.35671773168629894 0.051689060745523006
21350 0.01266523278832081 0.01266523278832081 11.288966227262556 0.35671773168629894 0.051689060745523006
21400 0.012665232788320269 0.012665232788320269 11.288969059946131 0.3567176833691625 0.05168905873710935
21450 0.012665232788320269 0.012665232788320269 11.288969059946131 0.3567176833691625 0.05168905873710935
21500 0.012665232788320269 0.012665232788320269 11.288969059946131 0.3567176833691625 0.05168905873710935
21550 0.012665232788320269 0.012665232788320269 11.288969059946131 0.3567176833691625 0.05168905873710935
21600 0.012665232788320269 0.012665232788320269 11.288969059946131 0.3567176833691625 0.05168905873710935
21650 0.012665232788320269 0.012665232788320269 11.288969059946131 0.3567176833691625 0.05168905873710935
21700 0.01266523278832021 0.01266523278832021 11.288970119980526 0.356717665288145 0.0516890579855297
21750 0.01266523278832021 0.01266523278832021 11.288970119980526 0.356717665288145 0.0516890579855297
21800 0.01266523278832021 0.01266523278832021 11.288970119980526 0.356717665288145 0.0516890579855297
21850 0.01266523278832021 0.01266523278832021 11.288970119980526 0.356717665288145 0.0516890579855297
21900 0.01266523278832021 0.01266523278832021 11.288970119980526 0.356717665288145 0.0516890579855297
21950 0.012665232788320137 0.012665232788320137 11.288970932271285 0.3567176514328914 0.05168905740960411
22000 0.012665232788319752 0.012665232788319752 11.288967890144212 0.35671770332248554 0.05168905956651485
22050 0.012665232788319752 0.012665232788319752 11.288967890144212 0.35671770332248554 0.05168905956651485
22100 0.012665232788319698 0.012665232788319698 11.288964881246196 0.3567177546453155 0.05168906169986659
22150 0.012665232788319665 0.012665232788319665 11.28896624708503 0.35671773134817336 0.05168906073146721
22200 0.012665232788319665 0.012665232788319665 11.28896624708503 0.35671773134817336 0.05168906073146721
22250 0.012665232788319665 0.012665232788319665 11.28896624708503 0.35671773134817336 0.05168906073146721
22300 0.012665232788319585 0.012665232788319585 11.28896723399843 0.3567177145143721 0.051689060031731425
22350 0.012665232788319585 0.012665232788319585 11.28896723399843 0.3567177145143721 0.051689060031731425
22400 0.012665232788319585 0.012665232788319585 11.28896723399843 0.3567177145143721 0.051689060031731425
22450 0.012665232788319585 0.012665232788319585 11.28896723399843 0.3567177145143721 0.051689060031731425
22500 0.012665232788319585 0.012665232788319585 11.28896723399843 0.3567177145143721 0.051689060031731425
22550 0.012665232788319585 0.012665232788319585 11.28896723399843 0.3567177145143721 0.051689060031731425
22600 0.012665232788319585 0.012665232788319585 11.28896723399843 0.3567177145143721 0.051689060031731425
22650 0.012665232788319577 0.012665232788319577 11.288966904410367 0.35671772013616176 0.05168906026541403
22700 0.012665232788319545 0.012665232788319545 11.288965997524883 0.3567177356049248 0.05168906090840875
22750 0.012665232788319545 0.012665232788319545 11.288965997524883 0.3567177356049248 0.05168906090840875
22800 0.012665232788319514 0.012665232788319514 11.28896554899469 0.35671774325551286 0.051689061226423076
22850 0.012665232788319514 0.012665232788319514 11.28896554899469 0.35671774325551286 0.051689061226423076
22900 0.012665232788319514 0.012665232788319514 11.28896554899469 0.35671774325551286 0.051689061226423076
22950 0.012665232788319514 0.012665232788319514 11.28896554899469 0.35671774325551286 0.051689061226423076
23000 0.012665232788319514 0.012665232788319514 11.28896554899469 0.35671774325551286 0.051689061226423076
23050 0.012665232788319514 0.012665232788319514 11.28896554899469 0.35671774325551286 0.051689061226423076
23100 0.012665232788319483 0.012665232788319483 11.288966814514255 0.3567177216695201 0.05168906032915156
23150 0.012665232788319483 0.012665232788319483 11.288966814514255 0.3567177216695201 0.05168906032915156
23200 0.012665232788319483 0.012665232788319483 11.288966814514255 0.3567177216695201 0.05168906032915156
23250 0.012665232788319478 0.012665232788319478 11.288965847939627 0.35671773815640245 0.05168906101446678
23300 0.012665232788319478 0.012665232788319478 11.288965847939627 0.35671773815640245 0.05168906101446678
23350 0.012665232788319443 0.012665232788319443 11.288965484102835 0.35671774436237347 0.05168906127243227
23400 0.012665232788319443 0.012665232788319443 11.288965484102835 0.35671774436237347 0.05168906127243227
23450 0.012665232788319443 0.012665232788319443 11.288965484102835 0.35671774436237347 0.05168906127243227
23500 0.012665232788319443 0.012665232788319443 11.288965484102835 0.35671774436237347 0.05168906127243227
23550 0.012665232788319443 0.012665232788319443 11.288965484102835 0.35671774436237347 0.05168906127243227
23600 0.012665232788319443 0.012665232788319443 11.288965484102835 0.35671774436237347 0.05168906127243227
23650 0.012665232788319443 0.012665232788319443 11.288965484102835 0.35671774436237347 0.05168906127243227
23700 0.012665232788319443 0.012665232788319443 11.288965484102835 0.35671774436237347 0.05168906127243227
23750 0.012665232788319443 0.012665232788319443 11.288965484102835 0.35671774436237347 0.05168906127243227
23800 0.012665232788319443 0.012665232788319443 11.288965484102835 0.35671774436237347 0.05168906127243227
23850 0.012665232788319443 0.012665232788319443 11.288965484102835 0.35671774436237347 0.05168906127243227
23900 0.012665232788319443 0.012665232788319443 11.288965484102835 0.35671774436237347 0.05168906127243227
23950 0.012665232788319443 0.012665232788319443 11.288965484102835 0.35671774436237347 0.05168906127243227
24000 0.012665232788319433 0.012665232788319433 11.288966062952207 0.35671773448892774 0.05168906086201975
24050 0.012665232788319433 0.012665232788319433 11.288966062952207 0.35671773448892774 0.05168906086201975
24100 0.012665232788319433 0.012665232788319433 11.288966751812657 0.3567177227390218 0.051689060373607834
24150 0.012665232788319433 0.012665232788319433 11.288966751812657 0.3567177227390218 0.051689060373607834
24200 0.012665232788319433 0.012665232788319433 11.288966751812657 0.3567177227390218 0.051689060373607834
24250 0.012665232788319433 0.012665232788319433 11.288966751812657 0.3567177227390218 0.051689060373607834
24300 0.012665232788319433 0.012665232788319433 11.288966751812657 0.3567177227390218 0.051689060373607834
24350 0.012665232788319433 0.012665232788319433 11.288966751812657 0.3567177227390218 0.051689060373607834
24400 0.012665232788319427 0.012665232788319427 11.28896626485023 0.35671773104514914 0.05168906071887115
24450 0.012665232788319426 0.012665232788319426 11.288965836467014 0.35671773835209014 0.05168906102260099
24500 0.012665232788319419 0.012665232788319419 11.288965600612853 0.3567177423750593 0.05168906118982497
24550 0.012665232788319419 0.012665232788319419 11.288965600612853 0.3567177423750593 0.05168906118982497
24600 0.012665232788319415 0.012665232788319415 11.28896599694936 0.35671773561473935 0.0516890609088167
24650 0.012665232788319415 0.012665232788319415 11.28896599694936 0.35671773561473935 0.0516890609088167
24700 0.012665232788319415 0.012665232788319415 11.28896599694936 0.35671773561473935 0.0516890609088167
24750 0.012665232788319415 0.012665232788319415 11.28896599694936 0.35671773561473935 0.0516890609088167
24800 0.012665232788319415 0.012665232788319415 11.28896599694936 0.35671773561473935 0.0516890609088167
24850 0.012665232788319415 0.012665232788319415 11.28896599694936 0.35671773561473935 0.0516890609088167
24900 0.012665232788319415 0.012665232788319415 11.28896599694936 0.35671773561473935 0.0516890609088167
24950 0.012665232788319415 0.012665232788319415 11.28896599694936 0.35671773561473935 0.0516890609088167
25000 0.012665232788319415 0.012665232788319415 11.28896599694936 0.35671773561473935 0.0516890609088167
25050 0.012665232788319415 0.012665232788319415 11.28896599694936 0.35671773561473935 0.0516890609088167
25100 0.012665232788319415 0.012665232788319415 11.28896599694936 0.35671773561473935 0.0516890609088167
25150 0.012665232788319415 0.012665232788319415 11.28896599694936 0.35671773561473935 0.0516890609088167
25200 0.012665232788319415 0.012665232788319415 11.28896599694936 0.35671773561473935 0.0516890609088167
25250 0.012665232788319415 0.012665232788319415 11.28896599694936 0.35671773561473935 0.0516890609088167
25300 0.012665232788319413 0.012665232788319413 11.288965331351813 0.3567177469678505 0.05168906138073491
25350 0.012665232788319413 0.012665232788319413 11.288965331351813 0.3567177469678505 0.05168906138073491
25400 0.012665232788319413 0.012665232788319413 11.288965331351813 0.3567177469678505 0.05168906138073491
25450 0.012665232788319413 0.012665232788319413 11.288965331351813 0.3567177469678505 0.05168906138073491
25500 0.012665232788319413 0.012665232788319413 11.288965331351813 0.3567177469678505 0.05168906138073491
25550 0.012665232788319413 0.012665232788319413 11.288965331351813 0.3567177469678505 0.05168906138073491
25600 0.012665232788319413 0.012665232788319413 11.288965331351813 0.3567177469678505 0.05168906138073491
25650 0.012665232788319413 0.012665232788319413 11.288965331351813 0.3567177469678505 0.05168906138073491
25700 0.01266523278831941 0.01266523278831941 11.288965317085568 0.35671774721119015 0.05168906139084988
25750 0.01266523278831941 0.01266523278831941 11.288965317085568 0.35671774721119015 0.05168906139084988
25800 0.01266523278831941 0.01266523278831941 11.288965317085568 0.35671774721119015 0.05168906139084988
25850 0.01266523278831941 0.01266523278831941 11.288965317085568 0.35671774721119015 0.05168906139084988
25900 0.01266523278831941 0.01266523278831941 11.288965317085568 0.35671774721119015 0.05168906139084988
25950 0.01266523278831941 0.01266523278831941 11.288965317085568 0.35671774721119015 0.05168906139084988
26000 0.01266523278831941 0.01266523278831941 11.288965317085568 0.35671774721119015 0.05168906139084988
26050 0.01266523278831941 0.01266523278831941 11.288965317085568 0.35671774721119015 0.05168906139084988
26100 0.01266523278831941 0.01266523278831941 11.288965317085568 0.35671774721119015 0.05168906139084988
26150 0.01266523278831941 0.01266523278831941 11.288965317085568 0.35671774721119015 0.05168906139084988
26200 0.01266523278831941 0.01266523278831941 11.288965317085568 0.35671774721119015 0.05168906139084988
26250 0.01266523278831941 0.01266523278831941 11.288965317085568 0.35671774721119015 0.05168906139084988
26300 0.01266523278831941 0.01266523278831941 11.288965317085568 0.35671774721119015 0.05168906139084988
26350 0.01266523278831941 0.01266523278831941 11.288965317085568 0.35671774721119015 0.05168906139084988
26400 0.01266523278831941 0.01266523278831941 11.288965317085568 0.35671774721119015 0.05168906139084988
26450 0.01266523278831941 0.01266523278831941 11.288965317085568 0.35671774721119015 0.05168906139084988
26500 0.01266523278831941 0.01266523278831941 11.288965317085568 0.35671774721119015 0.05168906139084988
26550 0.01266523278831941 0.01266523278831941 11.288965317085568 0.35671774721119015 0.05168906139084988
26600 0.01266523278831941 0.01266523278831941 11.288965317085568 0.35671774721119015 0.05168906139084988
26650 0.01266523278831941 0.01266523278831941 11.288965317085568 0.35671774721119015 0.05168906139084988
26700 0.01266523278831941 0.01266523278831941 11.288965317085568 0.35671774721119015 0.05168906139084988
26750 0.012665232788319408 0.012665232788319408 11.288965573804479 0.3567177428323302 0.05168906120883248
26800 0.012665232788319408 0.012665232788319408 11.288965573804479 0.3567177428323302 0.05168906120883248
26850 0.012665232788319408 0.012665232788319408 11.288965573804479 0.3567177428323302 0.05168906120883248
26900 0.012665232788319408 0.012665232788319408 11.288965573804479 0.3567177428323302 0.05168906120883248
26950 0.012665232788319408 0.012665232788319408 11.288965573804479 0.3567177428323302 0.05168906120883248
27000 0.012665232788319408 0.012665232788319408 11.288965573804479 0.3567177428323302 0.05168906120883248
27050 0.012665232788319408 0.012665232788319408 11.288965573804479 0.3567177428323302 0.05168906120883248
27100 0.012665232788319408 0.012665232788319408 11.288965573804479 0.3567177428323302 0.05168906120883248
27150 0.012665232788319408 0.012665232788319408 11.288965573804479 0.3567177428323302 0.05168906120883248
27200 0.012665232788319408 0.012665232788319408 11.288965573804479 0.3567177428323302 0.05168906120883248
27250 0.012665232788319408 0.012665232788319408 11.288965573804479 0.3567177428323302 0.05168906120883248
27300 0.012665232788319408 0.012665232788319408 11.288965573804479 0.3567177428323302 0.05168906120883248
27350 0.012665232788319408 0.012665232788319408 11.288965573804479 0.3567177428323302 0.05168906120883248
27400 0.012665232788319408 0.012665232788319408 11.288965573804479 0.3567177428323302 0.05168906120883248
27450 0.012665232788319408 0.012665232788319408 11.288965573804479 0.3567177428323302 0.05168906120883248
27500 0.012665232788319408 0.012665232788319408 11.288965573804479 0.3567177428323302 0.05168906120883248
27550 0.012665232788319408 0.012665232788319408 11.288965573804479 0.3567177428323302 0.05168906120883248
27600 0.012665232788319408 0.012665232788319408 11.288965573804479 0.3567177428323302 0.05168906120883248
27650 0.012665232788319408 0.012665232788319408 11.288965573804479 0.3567177428323302 0.05168906120883248
27700 0.012665232788319408 0.012665232788319408 11.288965573804479 0.3567177428323302 0.05168906120883248
27750 0.012665232788319408 0.012665232788319408 11.288965573804479 0.3567177428323302 0.05168906120883248
27800 0.012665232788319408 0.012665232788319408 11.288965573804479 0.3567177428323302 0.05168906120883248
27850 0.012665232788319408 0.012665232788319408 11.288965573804479 0.3567177428323302 0.05168906120883248
27900 0.012665232788319408 0.012665232788319408 11.288965573804479 0.3567177428323302 0.05168906120883248
27950 0.012665232788319408 0.012665232788319408 11.288965573804479 0.3567177428323302 0.05168906120883248
28000 0.012665232788319408 0.012665232788319408 11.288965573804479 0.3567177428323302 0.05168906120883248
28050 0.012665232788319408 0.012665232788319408 11.288965573804479 0.3567177428323302 0.05168906120883248
28100 0.012665232788319408 0.012665232788319408 11.288965573804479 0.3567177428323302 0.05168906120883248
28150 0.012665232788319408 0.012665232788319408 11.288965573804479 0.3567177428323302 0.05168906120883248
28200 0.012665232788319408 0.012665232788319408 11.288965573804479 0.3567177428323302 0.05168906120883248
28250 0.012665232788319408 0.012665232788319408 11.288965573804479 0.3567177428323302 0.05168906120883248
28300 0.012665232788319408 0.012665232788319408 11.288965573804479 0.3567177428323302 0.05168906120883248
28350 0.012665232788319408 0.012665232788319408 11.288965573804479 0.3567177428323302 0.05168906120883248
28400 0.012665232788319408 0.012665232788319408 11.288965573804479 0.3567177428323302 0.05168906120883248
28450 0.012665232788319408 0.012665232788319408 11.288965573804479 0.3567177428323302 0.05168906120883248
28500 0.012665232788319408 0.012665232788319408 11.288965573804479 0.3567177428323302 0.05168906120883248
28550 0.012665232788319408 0.012665232788319408 11.288965573804479 0.3567177428323302 0.05168906120883248
28600 0.012665232788319408 0.012665232788319408 11.288965573804479 0.3567177428323302 0.05168906120883248
28650 0.012665232788319408 0.012665232788319408 11.288965573804479 0.3567177428323302 0.05168906120883248
28700 0.012665232788319408 0.012665232788319408 11.288965573804479 0.3567177428323302 0.05168906120883248
28750 0.012665232788319408 0.012665232788319408 11.288965573804479 0.3567177428323302 0.05168906120883248
28800 0.012665232788319408 0.012665232788319408 11.288965573804479 0.3567177428323302 0.05168906120883248
28850 0.012665232788319408 0.012665232788319408 11.288965573804479 0.3567177428323302 0.05168906120883248
28900 0.012665232788319408 0.012665232788319408 11.288965573804479 0.3567177428323302 0.05168906120883248
28950 0.012665232788319408 0.012665232788319408 11.288965573804479 0.3567177428323302 0.05168906120883248
29000 0.012665232788319408 0.012665232788319408 11.288965573804479 0.3567177428323302 0.05168906120883248
29050 0.012665232788319408 0.012665232788319408 11.288965573804479 0.3567177428323302 0.05168906120883248
29100 0.012665232788319408 0.012665232788319408 11.288965573804479 0.3567177428323302 0.05168906120883248
29150 0.012665232788319408 0.012665232788319408 11.288965573804479 0.3567177428323302 0.05168906120883248
29200 0.012665232788319408 0.012665232788319408 11.288965573804479 0.3567177428323302 0.05168906120883248
29250 0.012665232788319408 0.012665232788319408 11.288965573804479 0.3567177428323302 0.05168906120883248
29300 0.012665232788319408 0.012665232788319408 11.288965573804479 0.3567177428323302 0.05168906120883248
29350 0.012665232788319408 0.012665232788319408 11.288965573804479 0.3567177428323302 0.05168906120883248
29400 0.012665232788319408 0.012665232788319408 11.288965573804479 0.3567177428323302 0.05168906120883248
29450 0.012665232788319408 0.012665232788319408 11.288965573804479 0.3567177428323302 0.05168906120883248
29500 0.012665232788319408 0.012665232788319408 11.288965573804479 0.3567177428323302 0.05168906120883248
29550 0.012665232788319408 0.012665232788319408 11.288965573804479 0.3567177428323302 0.05168906120883248
29600 0.012665232788319408 0.012665232788319408 11.288965573804479 0.3567177428323302 0.05168906120883248
29650 0.012665232788319408 0.012665232788319408 11.288965573804479 0.3567177428323302 0.05168906120883248
29700 0.012665232788319408 0.012665232788319408 11.288965573804479 0.3567177428323302 0.05168906120883248
29750 0.012665232788319408 0.012665232788319408 11.288965573804479 0.3567177428323302 0.05168906120883248
29800 0.012665232788319408 0.012665232788319408 11.288965573804479 0.3567177428323302 0.05168906120883248
29850 0.012665232788319408 0.012665232788319408 11.288965573804479 0.3567177428323302 0.05168906120883248
29900 0.012665232788319408 0.012665232788319408 11.288965573804479 0.3567177428323302 0.05168906120883248
29950 0.012665232788319408 0.012665232788319408 11.288965573804479 0.3567177428323302 0.05168906120883248
30000 0.012665232788319408 0.012665232788319408 11.288965573804479 0.3567177428323302 0.05168906120883248
30050 0.012665232788319408 0.012665232788319408 11.288965573804479 0.3567177428323302 0.05168906120883248
30100 0.012665232788319408 0.012665232788319408 11.288965573804479 0.3567177428323302 0.05168906120883248
30150 0.012665232788319408 0.012665232788319408 11.288965573804479 0.3567177428323302 0.05168906120883248
30200 0.012665232788319408 0.012665232788319408 11.288965573804479 0.3567177428323302 0.05168906120883248
30250 0.012665232788319408 0.012665232788319408 11.288965573804479 0.3567177428323302 0.05168906120883248
30300 0.012665232788319408 0.012665232788319408 11.288965573804479 0.3567177428323302 0.05168906120883248
30350 0.012665232788319408 0.012665232788319408 11.288965573804479 0.3567177428323302 0.05168906120883248
30400 0.012665232788319408 0.012665232788319408 11.288965573804479 0.3567177428323302 0.05168906120883248
30450 0.012665232788319408 0.012665232788319408 11.288965573804479 0.3567177428323302 0.05168906120883248
30500 0.012665232788319408 0.012665232788319408 11.288965573804479 0.3567177428323302 0.05168906120883248
30550 0.012665232788319408 0.012665232788319408 11.288965573804479 0.3567177428323302 0.05168906120883248
30600 0.012665232788319408 0.012665232788319408 11.288965573804479 0.3567177428323302 0.05168906120883248
30650 0.012665232788319408 0.012665232788319408 11.288965573804479 0.3567177428323302 0.05168906120883248
30700 0.012665232788319408 0.012665232788319408 11.288965480517403 0.3567177444235298 0.05168906127497436
30750 0.012665232788319408 0.012665232788319408 11.288965480517403 0.3567177444235298 0.05168906127497436
30800 0.012665232788319408 0.012665232788319408 11.288965480517403 0.3567177444235298 0.05168906127497436
30850 0.012665232788319408 0.012665232788319408 11.288965480517403 0.3567177444235298 0.05168906127497436
30900 0.012665232788319408 0.012665232788319408 11.288965480517403 0.3567177444235298 0.05168906127497436
30950 0.012665232788319408 0.012665232788319408 11.288965480517403 0.3567177444235298 0.05168906127497436
31000 0.012665232788319408 0.012665232788319408 11.288965480517403 0.3567177444235298 0.05168906127497436
31050 0.012665232788319408 0.012665232788319408 11.288965480517403 0.3567177444235298 0.05168906127497436
31100 0.012665232788319408 0.012665232788319408 11.288965480517403 0.3567177444235298 0.05168906127497436
31150 0.012665232788319408 0.012665232788319408 11.288965480517403 0.3567177444235298 0.05168906127497436
31200 0.012665232788319408 0.012665232788319408 11.288965480517403 0.3567177444235298 0.05168906127497436
31250 0.012665232788319408 0.012665232788319408 11.288965480517403 0.3567177444235298 0.05168906127497436
31300 0.012665232788319408 0.012665232788319408 11.288965480517403 0.3567177444235298 0.05168906127497436
31350 0.012665232788319408 0.012665232788319408 11.288965480517403 0.3567177444235298 0.05168906127497436
31400 0.012665232788319408 0.012665232788319408 11.288965480517403 0.3567177444235298 0.05168906127497436
31450 0.012665232788319408 0.012665232788319408 11.288965480517403 0.3567177444235298 0.05168906127497436
31500 0.012665232788319408 0.012665232788319408 11.288965480517403 0.3567177444235298 0.05168906127497436
31550 0.012665232788319408 0.012665232788319408 11.288965480517403 0.3567177444235298 0.05168906127497436
31600 0.012665232788319407 0.012665232788319407 11.28896540394461 0.35671774572963355 0.05168906132926557
31650 0.012665232788319407 0.012665232788319407 11.28896540394461 0.35671774572963355 0.05168906132926557
31700 0.012665232788319407 0.012665232788319407 11.28896540394461 0.35671774572963355 0.05168906132926557
31750 0.012665232788319407 0.012665232788319407 11.28896540394461 0.35671774572963355 0.05168906132926557
31800 0.012665232788319407 0.012665232788319407 11.28896540394461 0.35671774572963355 0.05168906132926557
31850 0.012665232788319407 0.012665232788319407 11.28896540394461 0.35671774572963355 0.05168906132926557
31900 0.012665232788319407 0.012665232788319407 11.28896540394461 0.35671774572963355 0.05168906132926557
31950 0.012665232788319407 0.012665232788319407 11.28896540394461 0.35671774572963355 0.05168906132926557
32000 0.012665232788319407 0.012665232788319407 11.28896540394461 0.35671774572963355 0.05168906132926557
32050 0.012665232788319407 0.012665232788319407 11.28896540394461 0.35671774572963355 0.05168906132926557
32100 0.012665232788319407 0.012665232788319407 11.28896540394461 0.35671774572963355 0.05168906132926557
32150 0.012665232788319407 0.012665232788319407 11.28896540394461 0.35671774572963355 0.05168906132926557
32200 0.012665232788319407 0.012665232788319407 11.28896540394461 0.35671774572963355 0.05168906132926557
32250 0.012665232788319407 0.012665232788319407 11.28896540394461 0.35671774572963355 0.05168906132926557
32300 0.012665232788319407 0.012665232788319407 11.28896540394461 0.35671774572963355 0.05168906132926557
32350 0.012665232788319407 0.012665232788319407 11.28896540394461 0.35671774572963355 0.05168906132926557
32400 0.012665232788319407 0.012665232788319407 11.28896540394461 0.35671774572963355 0.05168906132926557
32450 0.012665232788319407 0.012665232788319407 11.28896540394461 0.35671774572963355 0.05168906132926557
32500 0.012665232788319407 0.012665232788319407 11.28896540394461 0.35671774572963355 0.05168906132926557
32550 0.012665232788319407 0.012665232788319407 11.28896540394461 0.35671774572963355 0.05168906132926557
32600 0.012665232788319407 0.012665232788319407 11.28896540394461 0.35671774572963355 0.05168906132926557
32650 0.012665232788319407 0.012665232788319407 11.28896540394461 0.35671774572963355 0.05168906132926557
32700 0.012665232788319407 0.012665232788319407 11.28896540394461 0.35671774572963355 0.05168906132926557
32750 0.012665232788319407 0.012665232788319407 11.28896540394461 0.35671774572963355 0.05168906132926557
32800 0.012665232788319407 0.012665232788319407 11.28896540394461 0.35671774572963355 0.05168906132926557
32850 0.012665232788319407 0.012665232788319407 11.28896540394461 0.35671774572963355 0.05168906132926557
32900 0.012665232788319407 0.012665232788319407 11.28896540394461 0.35671774572963355 0.05168906132926557
32950 0.012665232788319407 0.012665232788319407 11.28896540394461 0.35671774572963355 0.05168906132926557
33000 0.012665232788319407 0.012665232788319407 11.28896540394461 0.35671774572963355 0.05168906132926557
33050 0.012665232788319407 0.012665232788319407 11.28896540394461 0.35671774572963355 0.05168906132926557
33100 0.012665232788319407 0.012665232788319407 11.28896540394461 0.35671774572963355 0.05168906132926557
33150 0.012665232788319407 0.012665232788319407 11.28896540394461 0.35671774572963355 0.05168906132926557
33200 0.012665232788319407 0.012665232788319407 11.28896540394461 0.35671774572963355 0.05168906132926557
33250 0.012665232788319407 0.012665232788319407 11.28896540394461 0.35671774572963355 0.05168906132926557
33300 0.012665232788319407 0.012665232788319407 11.28896540394461 0.35671774572963355 0.05168906132926557
33350 0.012665232788319407 0.012665232788319407 11.28896540394461 0.35671774572963355 0.05168906132926557
33400 0.012665232788319407 0.012665232788319407 11.28896540394461 0.35671774572963355 0.05168906132926557
33450 0.012665232788319407 0.012665232788319407 11.28896540394461 0.35671774572963355 0.05168906132926557
33500 0.012665232788319407 0.012665232788319407 11.28896540394461 0.35671774572963355 0.05168906132926557
33550 0.012665232788319407 0.012665232788319407 11.28896540394461 0.35671774572963355 0.05168906132926557
33600 0.012665232788319407 0.012665232788319407 11.28896540394461 0.35671774572963355 0.05168906132926557
33650 0.012665232788319407 0.012665232788319407 11.28896540394461 0.35671774572963355 0.05168906132926557
33700 0.012665232788319407 0.012665232788319407 11.28896540394461 0.35671774572963355 0.05168906132926557
33750 0.012665232788319407 0.012665232788319407 11.28896540394461 0.35671774572963355 0.05168906132926557
33800 0.012665232788319407 0.012665232788319407 11.28896540394461 0.35671774572963355 0.05168906132926557
33850 0.012665232788319407 0.012665232788319407 11.28896540394461 0.35671774572963355 0.05168906132926557
33900 0.012665232788319407 0.012665232788319407 11.28896540394461 0.35671774572963355 0.05168906132926557
33950 0.012665232788319407 0.012665232788319407 11.28896540394461 0.35671774572963355 0.05168906132926557
34000 0.012665232788319407 0.012665232788319407 11.28896540394461 0.35671774572963355 0.05168906132926557
34050 0.012665232788319407 0.012665232788319407 11.28896540394461 0.35671774572963355 0.05168906132926557
34100 0.012665232788319407 0.012665232788319407 11.28896540394461 0.35671774572963355 0.05168906132926557
34150 0.012665232788319407 0.012665232788319407 11.28896540394461 0.35671774572963355 0.05168906132926557
34200 0.012665232788319407 0.012665232788319407 11.28896540394461 0.35671774572963355 0.05168906132926557
34250 0.012665232788319407 0.012665232788319407 11.28896540394461 0.35671774572963355 0.05168906132926557
34300 0.012665232788319407 0.012665232788319407 11.28896540394461 0.35671774572963355 0.05168906132926557
34350 0.012665232788319407 0.012665232788319407 11.28896540394461 0.35671774572963355 0.05168906132926557
34400 0.012665232788319407 0.012665232788319407 11.28896540394461 0.35671774572963355 0.05168906132926557
34450 0.012665232788319407 0.012665232788319407 11.28896540394461 0.35671774572963355 0.05168906132926557
34500 0.012665232788319407 0.012665232788319407 11.28896540394461 0.35671774572963355 0.05168906132926557
34550 0.012665232788319407 0.012665232788319407 11.28896540394461 0.35671774572963355 0.05168906132926557
34600 0.012665232788319407 0.012665232788319407 11.28896540394461 0.35671774572963355 0.05168906132926557
34650 0.012665232788319407 0.012665232788319407 11.28896540394461 0.35671774572963355 0.05168906132926557
34700 0.012665232788319407 0.012665232788319407 11.28896540394461 0.35671774572963355 0.05168906132926557
34750 0.012665232788319407 0.012665232788319407 11.28896540394461 0.35671774572963355 0.05168906132926557
34800 0.012665232788319407 0.012665232788319407 11.28896540394461 0.35671774572963355 0.05168906132926557
34850 0.012665232788319407 0.012665232788319407 11.28896540394461 0.35671774572963355 0.05168906132926557
34900 0.012665232788319407 0.012665232788319407 11.28896540394461 0.35671774572963355 0.05168906132926557
34950 0.012665232788319407 0.012665232788319407 11.28896540394461 0.35671774572963355 0.05168906132926557
35000 0.012665232788319407 0.012665232788319407 11.28896540394461 0.35671774572963355 0.05168906132926557
35050 0.012665232788319407 0.012665232788319407 11.28896540394461 0.35671774572963355 0.05168906132926557
35100 0.012665232788319407 0.012665232788319407 11.28896540394461 0.35671774572963355 0.05168906132926557
35150 0.012665232788319407 0.012665232788319407 11.28896540394461 0.35671774572963355 0.05168906132926557
35200 0.012665232788319407 0.012665232788319407 11.28896540394461 0.35671774572963355 0.05168906132926557
35250 0.012665232788319407 0.012665232788319407 11.28896540394461 0.35671774572963355 0.05168906132926557
35300 0.012665232788319407 0.012665232788319407 11.28896540394461 0.35671774572963355 0.05168906132926557
35350 0.012665232788319407 0.012665232788319407 11.28896540394461 0.35671774572963355 0.05168906132926557
35400 0.012665232788319407 0.012665232788319407 11.28896540394461 0.35671774572963355 0.05168906132926557
35450 0.012665232788319407 0.012665232788319407 11.28896540394461 0.35671774572963355 0.05168906132926557
35500 0.012665232788319407 0.012665232788319407 11.28896540394461 0.35671774572963355 0.05168906132926557
35550 0.012665232788319407 0.012665232788319407 11.28896540394461 0.35671774572963355 0.05168906132926557
35600 0.012665232788319407 0.012665232788319407 11.28896540394461 0.35671774572963355 0.05168906132926557
35650 0.012665232788319407 0.012665232788319407 11.28896540394461 0.35671774572963355 0.05168906132926557
35700 0.012665232788319407 0.012665232788319407 11.28896540394461 0.35671774572963355 0.05168906132926557
35750 0.012665232788319407 0.012665232788319407 11.28896540394461 0.35671774572963355 0.05168906132926557
35800 0.012665232788319407 0.012665232788319407 11.28896540394461 0.35671774572963355 0.05168906132926557
35850 0.012665232788319407 0.012665232788319407 11.28896540394461 0.35671774572963355 0.05168906132926557
35900 0.012665232788319407 0.012665232788319407 11.28896540394461 0.35671774572963355 0.05168906132926557
35950 0.012665232788319407 0.012665232788319407 11.28896540394461 0.35671774572963355 0.05168906132926557
*---*---*---*---*---*---*---*---*---*---*---*---*---*---*---*---*---*---*---*---*
Status: Finished
Last individual
0.012665232788319407 0.012665232788319407 11.28896540394461 0.35671774572963355 0.05168906132926557
Hall of fame
0.012665232788319407 0.012665232788319407 11.28896540394461 0.35671774572963355 0.05168906132926557
Last factible individual
0.012665232788319407 0.012665232788319407 11.28896540394461 0.35671774572963355 0.05168906132926557
CPU time used (seconds)
1.5639454030006164
