*---*---*---*---*---*---*---*---*---*---*---*---*---*---*---*---*---*---*---*---*
Algorithm: Differential Evolution
Constrainth handling method: DEB
Function: 21
Case: continuous
Seed: 18
Parents size: 50
Offsprings size: 50
maxFe: 36000
CR: 0.9
F: 0.6
rweights: -
*---*---*---*---*---*---*---*---*---*---*---*---*---*---*---*---*---*---*---*---*
ngen ObjectiveFunction ViolationSum ProjectVariables
50 0.17254583029982115 0.36322056222437826 10.93270690887838 0.9426381653926752 0.11896932758357866
100 0.22753906392962933 0.13774513075879835 13.769280507486158 0.9868457110930243 0.12091979863420448
150 0.22753906392962933 0.13774513075879835 13.769280507486158 0.9868457110930243 0.12091979863420448
200 0.04168024835125146 0 11.327220288897804 0.7341344037317676 0.0652690922128118
250 0.04168024835125146 0 11.327220288897804 0.7341344037317676 0.0652690922128118
300 0.020789167993589472 0 7.250389955394073 0.5550889009462613 0.06362931706975157
350 0.018929299031600184 0 14.601220124184328 0.36480470563253076 0.055907110407624555
400 0.018929299031600184 0 14.601220124184328 0.36480470563253076 0.055907110407624555
450 0.01332250506659481 0 15 0.31347070744928957 0.05
500 0.01332250506659481 0 15 0.31347070744928957 0.05
550 0.01332250506659481 0 15 0.31347070744928957 0.05
600 0.01332250506659481 0 15 0.31347070744928957 0.05
650 0.01332250506659481 0 15 0.31347070744928957 0.05
700 0.01332250506659481 0 15 0.31347070744928957 0.05
750 0.01332250506659481 0 15 0.31347070744928957 0.05
800 0.01332250506659481 0 15 0.31347070744928957 0.05
850 0.01332250506659481 0 15 0.31347070744928957 0.05
900 0.01332250506659481 0 15 0.31347070744928957 0.05
950 0.01332250506659481 0 15 0.31347070744928957 0.05
1000 0.01332250506659481 0 15 0.31347070744928957 0.05
1050 0.01332250506659481 0 15 0.31347070744928957 0.05
1100 0.01332250506659481 0 15 0.31347070744928957 0.05
1150 0.01332250506659481 0 15 0.31347070744928957 0.05
1200 0.01332250506659481 0 15 0.31347070744928957 0.05
1250 0.01332250506659481 0 15 0.31347070744928957 0.05
1300 0.01332250506659481 0 15 0.31347070744928957 0.05
1350 0.01311633761435407 0 14.268046802769813 0.3193068829364427 0.05024981263172765
1400 0.01311633761435407 0 14.268046802769813 0.3193068829364427 0.05024981263172765
1450 0.01311633761435407 0 14.268046802769813 0.3193068829364427 0.05024981263172765
1500 0.012998335403895639 0 12.119542640845548 0.34764600753881303 0.05145942531493644
1550 0.012998335403895639 0 12.119542640845548 0.34764600753881303 0.05145942531493644
1600 0.012998335403895639 0 12.119542640845548 0.34764600753881303 0.05145942531493644
1650 0.012998335403895639 0 12.119542640845548 0.34764600753881303 0.05145942531493644
1700 0.012998335403895639 0 12.119542640845548 0.34764600753881303 0.05145942531493644
1750 0.012946919694528925 0 11.392644493406433 0.3596216183908568 0.051847421317897414
1800 0.012946919694528925 0 11.392644493406433 0.3596216183908568 0.051847421317897414
1850 0.012946919694528925 0 11.392644493406433 0.3596216183908568 0.051847421317897414
1900 0.01277611126702231 0 10.49389778297336 0.3725715362023721 0.05238965423860748
1950 0.01277611126702231 0 10.49389778297336 0.3725715362023721 0.05238965423860748
2000 0.01277611126702231 0 10.49389778297336 0.3725715362023721 0.05238965423860748
2050 0.01277611126702231 0 10.49389778297336 0.3725715362023721 0.05238965423860748
2100 0.01277611126702231 0 10.49389778297336 0.3725715362023721 0.05238965423860748
2150 0.01277611126702231 0 10.49389778297336 0.3725715362023721 0.05238965423860748
2200 0.01277611126702231 0 10.49389778297336 0.3725715362023721 0.05238965423860748
2250 0.01277611126702231 0 10.49389778297336 0.3725715362023721 0.05238965423860748
2300 0.01277611126702231 0 10.49389778297336 0.3725715362023721 0.05238965423860748
2350 0.01277611126702231 0 10.49389778297336 0.3725715362023721 0.05238965423860748
2400 0.01277611126702231 0 10.49389778297336 0.3725715362023721 0.05238965423860748
2450 0.012762676905617162 0 11.057099814581358 0.3623698133606115 0.05193636129142188
2500 0.012762676905617162 0 11.057099814581358 0.3623698133606115 0.05193636129142188
2550 0.012762676905617162 0 11.057099814581358 0.3623698133606115 0.05193636129142188
2600 0.012762676905617162 0 11.057099814581358 0.3623698133606115 0.05193636129142188
2650 0.012762676905617162 0 11.057099814581358 0.3623698133606115 0.05193636129142188
2700 0.012762676905617162 0 11.057099814581358 0.3623698133606115 0.05193636129142188
2750 0.012762676905617162 0 11.057099814581358 0.3623698133606115 0.05193636129142188
2800 0.012762676905617162 0 11.057099814581358 0.3623698133606115 0.05193636129142188
2850 0.012762676905617162 0 11.057099814581358 0.3623698133606115 0.05193636129142188
2900 0.012703294053213781 0 11.148790020801 0.3597217991353928 0.05182411592841874
2950 0.012703294053213781 0 11.148790020801 0.3597217991353928 0.05182411592841874
3000 0.012703294053213781 0 11.148790020801 0.3597217991353928 0.05182411592841874
3050 0.012703294053213781 0 11.148790020801 0.3597217991353928 0.05182411592841874
3100 0.012703294053213781 0 11.148790020801 0.3597217991353928 0.05182411592841874
3150 0.012703294053213781 0 11.148790020801 0.3597217991353928 0.05182411592841874
3200 0.01270296782905398 0 10.744382985722192 0.36689407318162215 0.05212221267354403
3250 0.012685511102644985 0 11.731530296170229 0.34968490263808766 0.05139916620639768
3300 0.012685511102644985 0 11.731530296170229 0.34968490263808766 0.05139916620639768
3350 0.012679292501837296 0 10.606886842743407 0.36905436244028755 0.052203354555938254
3400 0.012679292501837296 0 10.606886842743407 0.36905436244028755 0.052203354555938254
3450 0.012679292501837296 0 10.606886842743407 0.36905436244028755 0.052203354555938254
3500 0.012679292501837296 0 10.606886842743407 0.36905436244028755 0.052203354555938254
3550 0.012679292501837296 0 10.606886842743407 0.36905436244028755 0.052203354555938254
3600 0.012679292501837296 0 10.606886842743407 0.36905436244028755 0.052203354555938254
3650 0.012679292501837296 0 10.606886842743407 0.36905436244028755 0.052203354555938254
3700 0.01267028462084964 0 11.693607591786396 0.35006732949037184 0.05141128457991197
3750 0.01267028462084964 0 11.693607591786396 0.35006732949037184 0.05141128457991197
3800 0.01267028462084964 0 11.693607591786396 0.35006732949037184 0.05141128457991197
3850 0.01267028462084964 0 11.693607591786396 0.35006732949037184 0.05141128457991197
3900 0.01267028462084964 0 11.693607591786396 0.35006732949037184 0.05141128457991197
3950 0.01267028462084964 0 11.693607591786396 0.35006732949037184 0.05141128457991197
4000 0.01267028462084964 0 11.693607591786396 0.35006732949037184 0.05141128457991197
4050 0.01267028462084964 0 11.693607591786396 0.35006732949037184 0.05141128457991197
4100 0.012669559938892311 0 11.104388438498798 0.35996808768568295 0.05182512829053256
4150 0.012669559938892311 0 11.104388438498798 0.35996808768568295 0.05182512829053256
4200 0.012669559938892311 0 11.104388438498798 0.35996808768568295 0.05182512829053256
4250 0.012669559938892311 0 11.104388438498798 0.35996808768568295 0.05182512829053256
4300 0.012669559938892311 0 11.104388438498798 0.35996808768568295 0.05182512829053256
4350 0.012669559938892311 0 11.104388438498798 0.35996808768568295 0.05182512829053256
4400 0.012669559938892311 0 11.104388438498798 0.35996808768568295 0.05182512829053256
4450 0.012669559938892311 0 11.104388438498798 0.35996808768568295 0.05182512829053256
4500 0.012669559938892311 0 11.104388438498798 0.35996808768568295 0.05182512829053256
4550 0.012669559938892311 0 11.104388438498798 0.35996808768568295 0.05182512829053256
4600 0.012669559938892311 0 11.104388438498798 0.35996808768568295 0.05182512829053256
4650 0.012669559938892311 0 11.104388438498798 0.35996808768568295 0.05182512829053256
4700 0.012669559938892311 0 11.104388438498798 0.35996808768568295 0.05182512829053256
4750 0.012669559938892311 0 11.104388438498798 0.35996808768568295 0.05182512829053256
4800 0.012669559938892311 0 11.104388438498798 0.35996808768568295 0.05182512829053256
4850 0.012667274553828463 0 11.48126756507127 0.3535015986962048 0.05155615688494362
4900 0.012667274553828463 0 11.48126756507127 0.3535015986962048 0.05155615688494362
4950 0.012667274553828463 0 11.48126756507127 0.3535015986962048 0.05155615688494362
5000 0.012667274553828463 0 11.48126756507127 0.3535015986962048 0.05155615688494362
5050 0.012667274553828463 0 11.48126756507127 0.3535015986962048 0.05155615688494362
5100 0.012667274553828463 0 11.48126756507127 0.3535015986962048 0.05155615688494362
5150 0.012667274553828463 0 11.48126756507127 0.3535015986962048 0.05155615688494362
5200 0.012667274553828463 0 11.48126756507127 0.3535015986962048 0.05155615688494362
5250 0.012667274553828463 0 11.48126756507127 0.3535015986962048 0.05155615688494362
5300 0.012667274553828463 0 11.48126756507127 0.3535015986962048 0.05155615688494362
5350 0.012667274553828463 0 11.48126756507127 0.3535015986962048 0.05155615688494362
5400 0.012667070957133906 0 11.088940404632687 0.36020421709724515 0.05183361038945744
5450 0.012667070957133906 0 11.088940404632687 0.36020421709724515 0.05183361038945744
5500 0.012667070957133906 0 11.088940404632687 0.36020421709724515 0.05183361038945744
5550 0.012667070957133906 0 11.088940404632687 0.36020421709724515 0.05183361038945744
5600 0.012667070957133906 0 11.088940404632687 0.36020421709724515 0.05183361038945744
5650 0.012667070957133906 0 11.088940404632687 0.36020421709724515 0.05183361038945744
5700 0.012666911388645476 0 11.228891482098566 0.3577684212698198 0.051733592396018
5750 0.012666443010521682 0 11.097295602867417 0.36004240594462933 0.05182743246318886
5800 0.012666443010521682 0 11.097295602867417 0.36004240594462933 0.05182743246318886
5850 0.012666443010521682 0 11.097295602867417 0.36004240594462933 0.05182743246318886
5900 0.012666443010521682 0 11.097295602867417 0.36004240594462933 0.05182743246318886
5950 0.012666443010521682 0 11.097295602867417 0.36004240594462933 0.05182743246318886
6000 0.012665728264148008 0 11.131857224174906 0.35943081981063935 0.05180174030039474
6050 0.012665728264148008 0 11.131857224174906 0.35943081981063935 0.05180174030039474
6100 0.012665728264148008 0 11.131857224174906 0.35943081981063935 0.05180174030039474
6150 0.012665728264148008 0 11.131857224174906 0.35943081981063935 0.05180174030039474
6200 0.012665728264148008 0 11.131857224174906 0.35943081981063935 0.05180174030039474
6250 0.012665728264148008 0 11.131857224174906 0.35943081981063935 0.05180174030039474
6300 0.012665728264148008 0 11.131857224174906 0.35943081981063935 0.05180174030039474
6350 0.012665556059594144 0 11.267275422808318 0.3570930575110561 0.051704763361714264
6400 0.012665556059594144 0 11.267275422808318 0.3570930575110561 0.051704763361714264
6450 0.012665556059594144 0 11.267275422808318 0.3570930575110561 0.051704763361714264
6500 0.012665556059594144 0 11.267275422808318 0.3570930575110561 0.051704763361714264
6550 0.012665556059594144 0 11.267275422808318 0.3570930575110561 0.051704763361714264
6600 0.012665556059594144 0 11.267275422808318 0.3570930575110561 0.051704763361714264
6650 0.012665556059594144 0 11.267275422808318 0.3570930575110561 0.051704763361714264
6700 0.012665556059594144 0 11.267275422808318 0.3570930575110561 0.051704763361714264
6750 0.012665556059594144 0 11.267275422808318 0.3570930575110561 0.051704763361714264
6800 0.012665556059594144 0 11.267275422808318 0.3570930575110561 0.051704763361714264
6850 0.012665556059594144 0 11.267275422808318 0.3570930575110561 0.051704763361714264
6900 0.012665556059594144 0 11.267275422808318 0.3570930575110561 0.051704763361714264
6950 0.012665556059594144 0 11.267275422808318 0.3570930575110561 0.051704763361714264
7000 0.012665556059594144 0 11.267275422808318 0.3570930575110561 0.051704763361714264
7050 0.012665556059594144 0 11.267275422808318 0.3570930575110561 0.051704763361714264
7100 0.012665556059594144 0 11.267275422808318 0.3570930575110561 0.051704763361714264
7150 0.012665556059594144 0 11.267275422808318 0.3570930575110561 0.051704763361714264
7200 0.012665556059594144 0 11.267275422808318 0.3570930575110561 0.051704763361714264
7250 0.012665556059594144 0 11.267275422808318 0.3570930575110561 0.051704763361714264
7300 0.012665488100774459 0 11.213785691929788 0.3580096200406935 0.051742807323583245
7350 0.012665488100774459 0 11.213785691929788 0.3580096200406935 0.051742807323583245
7400 0.012665488100774459 0 11.213785691929788 0.3580096200406935 0.051742807323583245
7450 0.012665488100774459 0 11.213785691929788 0.3580096200406935 0.051742807323583245
7500 0.012665488100774459 0 11.213785691929788 0.3580096200406935 0.051742807323583245
7550 0.012665488100774459 0 11.213785691929788 0.3580096200406935 0.051742807323583245
7600 0.012665488100774459 0 11.213785691929788 0.3580096200406935 0.051742807323583245
7650 0.012665488100774459 0 11.213785691929788 0.3580096200406935 0.051742807323583245
7700 0.012665488100774459 0 11.213785691929788 0.3580096200406935 0.051742807323583245
7750 0.012665455629317295 0 11.222053966647955 0.35786756804475184 0.051736825226007484
7800 0.012665455629317295 0 11.222053966647955 0.35786756804475184 0.051736825226007484
7850 0.012665455629317295 0 11.222053966647955 0.35786756804475184 0.051736825226007484
7900 0.012665455629317295 0 11.222053966647955 0.35786756804475184 0.051736825226007484
7950 0.012665455629317295 0 11.222053966647955 0.35786756804475184 0.051736825226007484
8000 0.012665455629317295 0 11.222053966647955 0.35786756804475184 0.051736825226007484
8050 0.012665455629317295 0 11.222053966647955 0.35786756804475184 0.051736825226007484
8100 0.012665429311440338 0 11.323035446508928 0.35614036125860554 0.051665158795454635
8150 0.012665429311440338 0 11.323035446508928 0.35614036125860554 0.051665158795454635
8200 0.012665429311440338 0 11.323035446508928 0.35614036125860554 0.051665158795454635
8250 0.012665423524686525 0 11.376669435351259 0.3552326917021869 0.051627298187946306
8300 0.012665423524686525 0 11.376669435351259 0.3552326917021869 0.051627298187946306
8350 0.012665423524686525 0 11.376669435351259 0.3552326917021869 0.051627298187946306
8400 0.012665423524686525 0 11.376669435351259 0.3552326917021869 0.051627298187946306
8450 0.012665371673168477 0 11.28692174493323 0.3567547884184593 0.051690635957683875
8500 0.012665371673168477 0 11.28692174493323 0.3567547884184593 0.051690635957683875
8550 0.012665371673168477 0 11.28692174493323 0.3567547884184593 0.051690635957683875
8600 0.012665371673168477 0 11.28692174493323 0.3567547884184593 0.051690635957683875
8650 0.012665327348534781 0 11.238076958690597 0.3575900164548332 0.0517253057127371
8700 0.012665327348534781 0 11.238076958690597 0.3575900164548332 0.0517253057127371
8750 0.012665327348534781 0 11.238076958690597 0.3575900164548332 0.0517253057127371
8800 0.012665284089052186 0 11.254542065393697 0.3573069158870888 0.05171355486140793
8850 0.012665284089052186 0 11.254542065393697 0.3573069158870888 0.05171355486140793
8900 0.012665284089052186 0 11.254542065393697 0.3573069158870888 0.05171355486140793
8950 0.012665284089052186 0 11.254542065393697 0.3573069158870888 0.05171355486140793
9000 0.012665284089052186 0 11.254542065393697 0.3573069158870888 0.05171355486140793
9050 0.012665284089052186 0 11.254542065393697 0.3573069158870888 0.05171355486140793
9100 0.012665284089052186 0 11.254542065393697 0.3573069158870888 0.05171355486140793
9150 0.012665284089052186 0 11.254542065393697 0.3573069158870888 0.05171355486140793
9200 0.012665284089052186 0 11.254542065393697 0.3573069158870888 0.05171355486140793
9250 0.012665284089052186 0 11.254542065393697 0.3573069158870888 0.05171355486140793
9300 0.012665284089052186 0 11.254542065393697 0.3573069158870888 0.05171355486140793
9350 0.012665284089052186 0 11.254542065393697 0.3573069158870888 0.05171355486140793
9400 0.012665274363186738 0 11.246566214394042 0.3574434427576384 0.051719221198868154
9450 0.012665274363186738 0 11.246566214394042 0.3574434427576384 0.051719221198868154
9500 0.012665273518746394 0 11.298937540389527 0.35654828497465235 0.05168203877487648
9550 0.012665273518746394 0 11.298937540389527 0.35654828497465235 0.05168203877487648
9600 0.01266526993224439 0 11.282969390968669 0.356820622211152 0.05169334862635085
9650 0.01266526993224439 0 11.282969390968669 0.356820622211152 0.05169334862635085
9700 0.01266525172750107 0 11.290030305834843 0.35669988634440053 0.05168832299266266
9750 0.01266525172750107 0 11.290030305834843 0.35669988634440053 0.05168832299266266
9800 0.01266525172750107 0 11.290030305834843 0.35669988634440053 0.05168832299266266
9850 0.012665245559289011 0 11.285484665475165 0.35677731573904287 0.05169154217347652
9900 0.012665245559289011 0 11.285484665475165 0.35677731573904287 0.05169154217347652
9950 0.012665245559289011 0 11.285484665475165 0.35677731573904287 0.05169154217347652
10000 0.012665245559289011 0 11.285484665475165 0.35677731573904287 0.05169154217347652
10050 0.012665245559289011 0 11.285484665475165 0.35677731573904287 0.05169154217347652
10100 0.012665245559289011 0 11.285484665475165 0.35677731573904287 0.05169154217347652
10150 0.012665240876275284 0 11.297101285076067 0.35657913685289033 0.0516833045346404
10200 0.012665240876275284 0 11.297101285076067 0.35657913685289033 0.0516833045346404
10250 0.012665240876275284 0 11.297101285076067 0.35657913685289033 0.0516833045346404
10300 0.012665240876275284 0 11.297101285076067 0.35657913685289033 0.0516833045346404
10350 0.012665240876275284 0 11.297101285076067 0.35657913685289033 0.0516833045346404
10400 0.012665240876275284 0 11.297101285076067 0.35657913685289033 0.0516833045346404
10450 0.012665240876275284 0 11.297101285076067 0.35657913685289033 0.0516833045346404
10500 0.012665240876275284 0 11.297101285076067 0.35657913685289033 0.0516833045346404
10550 0.012665240876275284 0 11.297101285076067 0.35657913685289033 0.0516833045346404
10600 0.012665240876275284 0 11.297101285076067 0.35657913685289033 0.0516833045346404
10650 0.012665240876275284 0 11.297101285076067 0.35657913685289033 0.0516833045346404
10700 0.012665240876275284 0 11.297101285076067 0.35657913685289033 0.0516833045346404
10750 0.012665240876275284 0 11.297101285076067 0.35657913685289033 0.0516833045346404
10800 0.012665240876275284 0 11.297101285076067 0.35657913685289033 0.0516833045346404
10850 0.012665237100546343 0 11.278813475586087 0.35689107386496716 0.0516962670278169
10900 0.012665237100546343 0 11.278813475586087 0.35689107386496716 0.0516962670278169
10950 0.012665237100546343 0 11.278813475586087 0.35689107386496716 0.0516962670278169
11000 0.012665234416982887 0 11.29012402241327 0.3566980107914264 0.05168824131716585
11050 0.012665234416982887 0 11.29012402241327 0.3566980107914264 0.05168824131716585
11100 0.012665234416982887 0 11.29012402241327 0.3566980107914264 0.05168824131716585
11150 0.012665233930050595 0 11.286967230241137 0.3567518521674435 0.05169047911674221
11200 0.01266523287312761 0 11.289222630431064 0.3567133596474977 0.051688879028160245
11250 0.01266523287312761 0 11.289222630431064 0.3567133596474977 0.051688879028160245
11300 0.01266523287312761 0 11.289222630431064 0.3567133596474977 0.051688879028160245
11350 0.01266523287312761 0 11.289222630431064 0.3567133596474977 0.051688879028160245
11400 0.01266523287312761 0 11.289222630431064 0.3567133596474977 0.051688879028160245
11450 0.01266523287312761 0 11.289222630431064 0.3567133596474977 0.051688879028160245
11500 0.01266523287312761 0 11.289222630431064 0.3567133596474977 0.051688879028160245
11550 0.01266523287312761 0 11.289222630431064 0.3567133596474977 0.051688879028160245
11600 0.01266523287312761 0 11.289222630431064 0.3567133596474977 0.051688879028160245
11650 0.01266523287312761 0 11.289222630431064 0.3567133596474977 0.051688879028160245
11700 0.01266523287312761 0 11.289222630431064 0.3567133596474977 0.051688879028160245
11750 0.01266523287312761 0 11.289222630431064 0.3567133596474977 0.051688879028160245
11800 0.01266523287312761 0 11.289222630431064 0.3567133596474977 0.051688879028160245
11850 0.01266523287312761 0 11.289222630431064 0.3567133596474977 0.051688879028160245
11900 0.01266523287312761 0 11.289222630431064 0.3567133596474977 0.051688879028160245
11950 0.01266523287312761 0 11.289222630431064 0.3567133596474977 0.051688879028160245
12000 0.01266523287312761 0 11.289222630431064 0.3567133596474977 0.051688879028160245
12050 0.01266523287312761 0 11.289222630431064 0.3567133596474977 0.051688879028160245
12100 0.01266523287312761 0 11.289222630431064 0.3567133596474977 0.051688879028160245
12150 0.01266523287312761 0 11.289222630431064 0.3567133596474977 0.051688879028160245
12200 0.01266523287312761 0 11.289222630431064 0.3567133596474977 0.051688879028160245
12250 0.01266523287312761 0 11.289222630431064 0.3567133596474977 0.051688879028160245
12300 0.01266523287312761 0 11.289222630431064 0.3567133596474977 0.051688879028160245
12350 0.01266523287312761 0 11.289222630431064 0.3567133596474977 0.051688879028160245
12400 0.01266523287312761 0 11.289222630431064 0.3567133596474977 0.051688879028160245
12450 0.01266523287312761 0 11.289222630431064 0.3567133596474977 0.051688879028160245
12500 0.01266523287312761 0 11.289222630431064 0.3567133596474977 0.051688879028160245
12550 0.01266523287312761 0 11.289222630431064 0.3567133596474977 0.051688879028160245
12600 0.01266523287312761 0 11.289222630431064 0.3567133596474977 0.051688879028160245
12650 0.01266523287312761 0 11.289222630431064 0.3567133596474977 0.051688879028160245
12700 0.01266523287312761 0 11.289222630431064 0.3567133596474977 0.051688879028160245
12750 0.01266523287312761 0 11.289222630431064 0.3567133596474977 0.051688879028160245
12800 0.01266523287312761 0 11.289222630431064 0.3567133596474977 0.051688879028160245
12850 0.01266523287312761 0 11.289222630431064 0.3567133596474977 0.051688879028160245
12900 0.01266523287312761 0 11.289222630431064 0.3567133596474977 0.051688879028160245
12950 0.012665232858685002 0 11.289644160004721 0.3567061697106648 0.05168858016320935
13000 0.012665232858685002 0 11.289644160004721 0.3567061697106648 0.05168858016320935
13050 0.012665232858685002 0 11.289644160004721 0.3567061697106648 0.05168858016320935
13100 0.012665232858685002 0 11.289644160004721 0.3567061697106648 0.05168858016320935
13150 0.012665232858685002 0 11.289644160004721 0.3567061697106648 0.05168858016320935
13200 0.012665232858685002 0 11.289644160004721 0.3567061697106648 0.05168858016320935
13250 0.012665232858685002 0 11.289644160004721 0.3567061697106648 0.05168858016320935
13300 0.012665232858685002 0 11.289644160004721 0.3567061697106648 0.05168858016320935
13350 0.012665232858685002 0 11.289644160004721 0.3567061697106648 0.05168858016320935
13400 0.012665232858685002 0 11.289644160004721 0.3567061697106648 0.05168858016320935
13450 0.012665232858685002 0 11.289644160004721 0.3567061697106648 0.05168858016320935
13500 0.012665232858685002 0 11.289644160004721 0.3567061697106648 0.05168858016320935
13550 0.012665232858685002 0 11.289644160004721 0.3567061697106648 0.05168858016320935
13600 0.012665232858685002 0 11.289644160004721 0.3567061697106648 0.05168858016320935
13650 0.012665232858685002 0 11.289644160004721 0.3567061697106648 0.05168858016320935
13700 0.012665232858685002 0 11.289644160004721 0.3567061697106648 0.05168858016320935
13750 0.012665232838077573 0 11.2890044691555 0.3567170801136317 0.05168903368099536
13800 0.012665232838077573 0 11.2890044691555 0.3567170801136317 0.05168903368099536
13850 0.012665232838077573 0 11.2890044691555 0.3567170801136317 0.05168903368099536
13900 0.012665232836647052 0 11.289065571357801 0.35671603791607265 0.05168899035491239
13950 0.012665232836647052 0 11.289065571357801 0.35671603791607265 0.05168899035491239
14000 0.012665232836647052 0 11.289065571357801 0.35671603791607265 0.05168899035491239
14050 0.012665232836647052 0 11.289065571357801 0.35671603791607265 0.05168899035491239
14100 0.012665232836647052 0 11.289065571357801 0.35671603791607265 0.05168899035491239
14150 0.012665232827134281 0 11.288387751511317 0.35672759957719763 0.0516894709490053
14200 0.012665232826228032 0 11.287570231682718 0.3567415458732403 0.05169005062047378
14250 0.012665232826228032 0 11.287570231682718 0.3567415458732403 0.05169005062047378
14300 0.012665232826228032 0 11.287570231682718 0.3567415458732403 0.05169005062047378
14350 0.012665232826228032 0 11.287570231682718 0.3567415458732403 0.05169005062047378
14400 0.012665232821736119 0 11.28974882127171 0.35670438416694816 0.05168850592215041
14450 0.012665232821736119 0 11.28974882127171 0.35670438416694816 0.05168850592215041
14500 0.012665232821736119 0 11.28974882127171 0.35670438416694816 0.05168850592215041
14550 0.012665232816550112 0 11.28815680349503 0.35673153912663114 0.05168963468817365
14600 0.012665232816550112 0 11.28815680349503 0.35673153912663114 0.05168963468817365
14650 0.012665232816550112 0 11.28815680349503 0.35673153912663114 0.05168963468817365
14700 0.012665232816550112 0 11.28815680349503 0.35673153912663114 0.05168963468817365
14750 0.012665232816550112 0 11.28815680349503 0.35673153912663114 0.05168963468817365
14800 0.012665232816550112 0 11.28815680349503 0.35673153912663114 0.05168963468817365
14850 0.012665232813460688 0 11.288846224312456 0.35671977891086687 0.05168914585813623
14900 0.01266523279778384 0 11.28936639019019 0.3567109064321107 0.051688777036709266
14950 0.01266523279778384 0 11.28936639019019 0.3567109064321107 0.051688777036709266
15000 0.012665232797702075 0 11.288471647554214 0.35672616812437236 0.051689411427379955
15050 0.012665232797702075 0 11.288471647554214 0.35672616812437236 0.051689411427379955
15100 0.012665232797702075 0 11.288471647554214 0.35672616812437236 0.051689411427379955
15150 0.012665232797409698 0 11.28929135094686 0.35671218629339735 0.0516888302401151
15200 0.012665232797409698 0 11.28929135094686 0.35671218629339735 0.0516888302401151
15250 0.012665232797409698 0 11.28929135094686 0.35671218629339735 0.0516888302401151
15300 0.012665232797409698 0 11.28929135094686 0.35671218629339735 0.0516888302401151
15350 0.012665232797409698 0 11.28929135094686 0.35671218629339735 0.0516888302401151
15400 0.012665232796498276 0 11.288205371280434 0.35673071035443116 0.051689600229190856
15450 0.012665232796498276 0 11.288205371280434 0.35673071035443116 0.051689600229190856
15500 0.012665232796498276 0 11.288205371280434 0.35673071035443116 0.051689600229190856
15550 0.012665232796498276 0 11.288205371280434 0.35673071035443116 0.051689600229190856
15600 0.012665232796443156 0 11.289390339716523 0.356710497896768 0.05168876005755449
15650 0.012665232795624768 0 11.288399545746682 0.3567273980280913 0.051689462548111756
15700 0.012665232795624768 0 11.288399545746682 0.3567273980280913 0.051689462548111756
15750 0.012665232795624768 0 11.288399545746682 0.3567273980280913 0.051689462548111756
15800 0.01266523279440379 0 11.289493488882314 0.3567087385541159 0.051688686924303145
15850 0.01266523279440379 0 11.289493488882314 0.3567087385541159 0.051688686924303145
15900 0.01266523279440379 0 11.289493488882314 0.3567087385541159 0.051688686924303145
15950 0.01266523279440379 0 11.289493488882314 0.3567087385541159 0.051688686924303145
16000 0.012665232792104577 0 11.289281092239909 0.356712361192658 0.05168883750821794
16050 0.012665232792104577 0 11.289281092239909 0.356712361192658 0.05168883750821794
16100 0.012665232792104577 0 11.289281092239909 0.356712361192658 0.05168883750821794
16150 0.012665232792104577 0 11.289281092239909 0.356712361192658 0.05168883750821794
16200 0.012665232792104577 0 11.289281092239909 0.356712361192658 0.05168883750821794
16250 0.012665232792104577 0 11.289281092239909 0.356712361192658 0.05168883750821794
16300 0.012665232792104577 0 11.289281092239909 0.356712361192658 0.05168883750821794
16350 0.012665232792104577 0 11.289281092239909 0.356712361192658 0.05168883750821794
16400 0.012665232792104577 0 11.289281092239909 0.356712361192658 0.05168883750821794
16450 0.012665232792104577 0 11.289281092239909 0.356712361192658 0.05168883750821794
16500 0.012665232792104577 0 11.289281092239909 0.356712361192658 0.05168883750821794
16550 0.012665232792104577 0 11.289281092239909 0.356712361192658 0.05168883750821794
16600 0.012665232791731257 0 11.288940656170572 0.35671816789717214 0.05168907887961662
16650 0.012665232791731257 0 11.288940656170572 0.35671816789717214 0.05168907887961662
16700 0.012665232791731257 0 11.288940656170572 0.35671816789717214 0.05168907887961662
16750 0.012665232791731257 0 11.288940656170572 0.35671816789717214 0.05168907887961662
16800 0.01266523279169441 0 11.288858659570275 0.3567195665386768 0.05168913701574897
16850 0.01266523279169441 0 11.288858659570275 0.3567195665386768 0.05168913701574897
16900 0.012665232791128682 0 11.288794475734298 0.3567206613328196 0.05168918252311582
16950 0.012665232790478457 0 11.288739990303629 0.35672159070308046 0.051689221154260764
17000 0.012665232790478457 0 11.288739990303629 0.35672159070308046 0.051689221154260764
17050 0.012665232790478457 0 11.288739990303629 0.35672159070308046 0.051689221154260764
17100 0.012665232790478457 0 11.288739990303629 0.35672159070308046 0.051689221154260764
17150 0.012665232790478457 0 11.288739990303629 0.35672159070308046 0.051689221154260764
17200 0.012665232789556492 0 11.28903334301249 0.3567165869155079 0.05168901316077199
17250 0.012665232789556492 0 11.28903334301249 0.3567165869155079 0.05168901316077199
17300 0.012665232789556492 0 11.28903334301249 0.3567165869155079 0.05168901316077199
17350 0.012665232789556492 0 11.28903334301249 0.3567165869155079 0.05168901316077199
17400 0.012665232789556492 0 11.28903334301249 0.3567165869155079 0.05168901316077199
17450 0.012665232789556492 0 11.28903334301249 0.3567165869155079 0.05168901316077199
17500 0.012665232789556492 0 11.28903334301249 0.3567165869155079 0.05168901316077199
17550 0.012665232789556492 0 11.28903334301249 0.3567165869155079 0.05168901316077199
17600 0.012665232789556492 0 11.28903334301249 0.3567165869155079 0.05168901316077199
17650 0.012665232789556492 0 11.28903334301249 0.3567165869155079 0.05168901316077199
17700 0.012665232789556492 0 11.28903334301249 0.3567165869155079 0.05168901316077199
17750 0.012665232789556492 0 11.28903334301249 0.3567165869155079 0.05168901316077199
17800 0.012665232789556492 0 11.28903334301249 0.3567165869155079 0.05168901316077199
17850 0.012665232789556492 0 11.28903334301249 0.3567165869155079 0.05168901316077199
17900 0.012665232789556492 0 11.28903334301249 0.3567165869155079 0.05168901316077199
17950 0.012665232789556492 0 11.28903334301249 0.3567165869155079 0.05168901316077199
18000 0.012665232789556492 0 11.28903334301249 0.3567165869155079 0.05168901316077199
18050 0.012665232789285576 0 11.288714861765733 0.3567220193141325 0.05168923897011163
18100 0.012665232789285576 0 11.288714861765733 0.3567220193141325 0.05168923897011163
18150 0.012665232789281269 0 11.288967910256016 0.3567177029938129 0.051689059553175896
18200 0.012665232789018066 0 11.289065312864592 0.35671604160151604 0.05168899049342271
18250 0.012665232788968549 0 11.288895622600835 0.35671893600461047 0.05168911080613987
18300 0.012665232788692419 0 11.289092910709769 0.3567155708668604 0.0516889709259923
18350 0.012665232788692419 0 11.289092910709769 0.3567155708668604 0.0516889709259923
18400 0.012665232788692419 0 11.289092910709769 0.3567155708668604 0.0516889709259923
18450 0.012665232788692419 0 11.289092910709769 0.3567155708668604 0.0516889709259923
18500 0.012665232788692419 0 11.289092910709769 0.3567155708668604 0.0516889709259923
18550 0.012665232788692419 0 11.289092910709769 0.3567155708668604 0.0516889709259923
18600 0.012665232788692419 0 11.289092910709769 0.3567155708668604 0.0516889709259923
18650 0.012665232788692419 0 11.289092910709769 0.3567155708668604 0.0516889709259923
18700 0.012665232788692419 0 11.289092910709769 0.3567155708668604 0.0516889709259923
18750 0.012665232788692419 0 11.289092910709769 0.3567155708668604 0.0516889709259923
18800 0.012665232788692419 0 11.289092910709769 0.3567155708668604 0.0516889709259923
18850 0.012665232788684883 0 11.289005085114308 0.3567170688949264 0.05168903319509244
18900 0.012665232788541644 0 11.288898527723369 0.35671888644656774 0.0516891087458368
18950 0.012665232788516327 0 11.289086329432005 0.3567156831194947 0.05168897559199353
19000 0.012665232788482937 0 11.288952237002528 0.35671797032112446 0.05168907066497496
19050 0.012665232788482937 0 11.288952237002528 0.35671797032112446 0.05168907066497496
19100 0.012665232788482937 0 11.288952237002528 0.35671797032112446 0.05168907066497496
19150 0.012665232788482937 0 11.288952237002528 0.35671797032112446 0.05168907066497496
19200 0.012665232788460223 0 11.289005204211191 0.3567170668596191 0.05168903311047394
19250 0.012665232788460223 0 11.289005204211191 0.3567170668596191 0.05168903311047394
19300 0.012665232788460223 0 11.289005204211191 0.3567170668596191 0.05168903311047394
19350 0.012665232788460223 0 11.289005204211191 0.3567170668596191 0.05168903311047394
19400 0.012665232788460223 0 11.289005204211191 0.3567170668596191 0.05168903311047394
19450 0.012665232788460223 0 11.289005204211191 0.3567170668596191 0.05168903311047394
19500 0.012665232788460223 0 11.289005204211191 0.3567170668596191 0.05168903311047394
19550 0.012665232788403685 0 11.289023742746787 0.35671675064840774 0.05168901996639475
19600 0.012665232788403685 0 11.289023742746787 0.35671675064840774 0.05168901996639475
19650 0.012665232788388214 0 11.288928303595906 0.3567183785534135 0.051689087634064816
19700 0.012665232788388214 0 11.288928303595906 0.3567183785534135 0.051689087634064816
19750 0.012665232788388214 0 11.288928303595906 0.3567183785534135 0.051689087634064816
19800 0.012665232788388214 0 11.288928303595906 0.3567183785534135 0.051689087634064816
19850 0.012665232788388214 0 11.288928303595906 0.3567183785534135 0.051689087634064816
19900 0.012665232788388214 0 11.288928303595906 0.3567183785534135 0.051689087634064816
19950 0.012665232788387522 0 11.288912234819696 0.35671865264059355 0.05168909902708796
20000 0.012665232788387522 0 11.288912234819696 0.35671865264059355 0.05168909902708796
20050 0.012665232788387522 0 11.288912234819696 0.35671865264059355 0.05168909902708796
20100 0.012665232788387522 0 11.288912234819696 0.35671865264059355 0.05168909902708796
20150 0.012665232788387522 0 11.288912234819696 0.35671865264059355 0.05168909902708796
20200 0.012665232788387522 0 11.288912234819696 0.35671865264059355 0.05168909902708796
20250 0.012665232788387522 0 11.288912234819696 0.35671865264059355 0.05168909902708796
20300 0.012665232788387522 0 11.288912234819696 0.35671865264059355 0.05168909902708796
20350 0.012665232788387522 0 11.288912234819696 0.35671865264059355 0.05168909902708796
20400 0.012665232788387522 0 11.288912234819696 0.35671865264059355 0.05168909902708796
20450 0.012665232788387522 0 11.288912234819696 0.35671865264059355 0.05168909902708796
20500 0.012665232788381582 0 11.289012874551759 0.35671693602590154 0.051689027672044
20550 0.012665232788381582 0 11.289012874551759 0.35671693602590154 0.051689027672044
20600 0.012665232788381582 0 11.289012874551759 0.35671693602590154 0.051689027672044
20650 0.012665232788381582 0 11.289012874551759 0.35671693602590154 0.051689027672044
20700 0.012665232788381582 0 11.289012874551759 0.35671693602590154 0.051689027672044
20750 0.012665232788380542 0 11.28899068073683 0.35671731458445743 0.051689043407733656
20800 0.012665232788380542 0 11.28899068073683 0.35671731458445743 0.051689043407733656
20850 0.012665232788380542 0 11.28899068073683 0.35671731458445743 0.051689043407733656
20900 0.012665232788358223 0 11.288948461374542 0.35671803472038593 0.051689073341830774
20950 0.012665232788339535 0 11.288939132420154 0.3567181938446485 0.051689079956192305
21000 0.012665232788339535 0 11.288939132420154 0.3567181938446485 0.051689079956192305
21050 0.012665232788339535 0 11.288939132420154 0.3567181938446485 0.051689079956192305
21100 0.012665232788339535 0 11.288939132420154 0.3567181938446485 0.051689079956192305
21150 0.012665232788339535 0 11.288939132420154 0.3567181938446485 0.051689079956192305
21200 0.012665232788339535 0 11.288939132420154 0.3567181938446485 0.051689079956192305
21250 0.012665232788339535 0 11.288939132420154 0.3567181938446485 0.051689079956192305
21300 0.012665232788339535 0 11.288939132420154 0.3567181938446485 0.051689079956192305
21350 0.012665232788339535 0 11.288939132420154 0.3567181938446485 0.051689079956192305
21400 0.012665232788339297 0 11.288962269124667 0.35671779920068 0.05168906355191382
21450 0.012665232788339297 0 11.288962269124667 0.35671779920068 0.05168906355191382
21500 0.012665232788339297 0 11.288962269124667 0.35671779920068 0.05168906355191382
21550 0.012665232788330247 0 11.288958865145483 0.35671785726224214 0.051689065965382336
21600 0.012665232788330247 0 11.288958865145483 0.35671785726224214 0.051689065965382336
21650 0.012665232788330247 0 11.288958865145483 0.35671785726224214 0.051689065965382336
21700 0.012665232788330247 0 11.288958865145483 0.35671785726224214 0.051689065965382336
21750 0.012665232788330247 0 11.288958865145483 0.35671785726224214 0.051689065965382336
21800 0.012665232788330247 0 11.288958865145483 0.35671785726224214 0.051689065965382336
21850 0.012665232788330247 0 11.288958865145483 0.35671785726224214 0.051689065965382336
21900 0.012665232788330247 0 11.288958865145483 0.35671785726224214 0.051689065965382336
21950 0.012665232788330247 0 11.288958865145483 0.35671785726224214 0.051689065965382336
22000 0.012665232788330247 0 11.288958865145483 0.35671785726224214 0.051689065965382336
22050 0.012665232788330247 0 11.288958865145483 0.35671785726224214 0.051689065965382336
22100 0.012665232788327959 0 11.288960468527126 0.3567178299132912 0.051689064828557674
22150 0.012665232788327959 0 11.288960468527126 0.3567178299132912 0.051689064828557674
22200 0.012665232788327959 0 11.288960468527126 0.3567178299132912 0.051689064828557674
22250 0.012665232788327126 0 11.28897960618613 0.356717503482019 0.05168905125968637
22300 0.012665232788327126 0 11.28897960618613 0.356717503482019 0.05168905125968637
22350 0.012665232788327126 0 11.28897960618613 0.356717503482019 0.05168905125968637
22400 0.012665232788327126 0 11.28897960618613 0.356717503482019 0.05168905125968637
22450 0.012665232788327126 0 11.28897960618613 0.356717503482019 0.05168905125968637
22500 0.012665232788327126 0 11.28897960618613 0.356717503482019 0.05168905125968637
22550 0.012665232788327126 0 11.28897960618613 0.356717503482019 0.05168905125968637
22600 0.012665232788327126 0 11.28897960618613 0.356717503482019 0.05168905125968637
22650 0.012665232788324998 0 11.288980922098736 0.35671748103648415 0.051689050326684235
22700 0.012665232788323679 0 11.288957213018552 0.35671788544256 0.05168906713675665
22750 0.012665232788323679 0 11.288957213018552 0.35671788544256 0.05168906713675665
22800 0.012665232788323679 0 11.288957213018552 0.35671788544256 0.05168906713675665
22850 0.012665232788323679 0 11.288957213018552 0.35671788544256 0.05168906713675665
22900 0.012665232788323679 0 11.288957213018552 0.35671788544256 0.05168906713675665
22950 0.012665232788323405 0 11.28897068595244 0.35671765563439867 0.05168905758425109
23000 0.012665232788323405 0 11.28897068595244 0.35671765563439867 0.05168905758425109
23050 0.012665232788323405 0 11.28897068595244 0.35671765563439867 0.05168905758425109
23100 0.012665232788323405 0 11.28897068595244 0.35671765563439867 0.05168905758425109
23150 0.012665232788323405 0 11.28897068595244 0.35671765563439867 0.05168905758425109
23200 0.012665232788323405 0 11.28897068595244 0.35671765563439867 0.05168905758425109
23250 0.012665232788323225 0 11.288961113171341 0.356717818917523 0.05168906437148957
23300 0.012665232788323225 0 11.288961113171341 0.356717818917523 0.05168906437148957
23350 0.012665232788323225 0 11.288961113171341 0.356717818917523 0.05168906437148957
23400 0.012665232788323225 0 11.288961113171341 0.356717818917523 0.05168906437148957
23450 0.012665232788323155 0 11.28898110755487 0.3567174778731388 0.051689050195191204
23500 0.012665232788323155 0 11.28898110755487 0.3567174778731388 0.051689050195191204
23550 0.012665232788322755 0 11.28895815904729 0.35671786930610583 0.0516890664660068
23600 0.012665232788322368 0 11.288957693666061 0.3567178772441311 0.05168906679596818
23650 0.012665232788322368 0 11.288957693666061 0.3567178772441311 0.05168906679596818
23700 0.01266523278832193 0 11.28895676054259 0.3567178931604367 0.051689067457566976
23750 0.01266523278832193 0 11.28895676054259 0.3567178931604367 0.051689067457566976
23800 0.012665232788320513 0 11.288964403520602 0.3567177627939034 0.05168906203858176
23850 0.012665232788320513 0 11.288964403520602 0.3567177627939034 0.05168906203858176
23900 0.012665232788320513 0 11.288964403520602 0.3567177627939034 0.05168906203858176
23950 0.012665232788320503 0 11.288959788339124 0.3567178415151849 0.051689065310812646
24000 0.012665232788320503 0 11.288959788339124 0.3567178415151849 0.051689065310812646
24050 0.012665232788320503 0 11.288959788339124 0.3567178415151849 0.051689065310812646
24100 0.012665232788320503 0 11.288959788339124 0.3567178415151849 0.051689065310812646
24150 0.012665232788320503 0 11.288959788339124 0.3567178415151849 0.051689065310812646
24200 0.012665232788320503 0 11.288959788339124 0.3567178415151849 0.051689065310812646
24250 0.012665232788320503 0 11.288959788339124 0.3567178415151849 0.051689065310812646
24300 0.012665232788320503 0 11.288959788339124 0.3567178415151849 0.051689065310812646
24350 0.012665232788320503 0 11.288959788339124 0.3567178415151849 0.051689065310812646
24400 0.012665232788320503 0 11.288959788339124 0.3567178415151849 0.051689065310812646
24450 0.012665232788320503 0 11.288959788339124 0.3567178415151849 0.051689065310812646
24500 0.012665232788320503 0 11.288959788339124 0.3567178415151849 0.051689065310812646
24550 0.012665232788320251 0 11.288961402667319 0.3567178139795348 0.051689064166229995
24600 0.012665232788320251 0 11.288961402667319 0.3567178139795348 0.051689064166229995
24650 0.01266523278832022 0 11.288960669650287 0.35671782648262884 0.05168906468594973
24700 0.01266523278832022 0 11.288960669650287 0.35671782648262884 0.05168906468594973
24750 0.012665232788320078 0 11.288964888064427 0.3567177545290216 0.05168906169503279
24800 0.012665232788319814 0 11.288966938329803 0.3567177195576014 0.05168906024136486
24850 0.012665232788319814 0 11.288966938329803 0.3567177195576014 0.05168906024136486
24900 0.012665232788319814 0 11.288966938329803 0.3567177195576014 0.05168906024136486
24950 0.012665232788319814 0 11.288966938329803 0.3567177195576014 0.05168906024136486
25000 0.012665232788319549 0 11.288964038280952 0.35671776902379143 0.051689062297540944
25050 0.012665232788319549 0 11.288964038280952 0.35671776902379143 0.051689062297540944
25100 0.012665232788319549 0 11.288964038280952 0.35671776902379143 0.051689062297540944
25150 0.012665232788319549 0 11.288964038280952 0.35671776902379143 0.051689062297540944
25200 0.012665232788319549 0 11.288964038280952 0.35671776902379143 0.051689062297540944
25250 0.012665232788319549 0 11.288964038280952 0.35671776902379143 0.051689062297540944
25300 0.012665232788319549 0 11.288964038280952 0.35671776902379143 0.051689062297540944
25350 0.012665232788319549 0 11.288964038280952 0.35671776902379143 0.051689062297540944
25400 0.012665232788319549 0 11.288964038280952 0.35671776902379143 0.051689062297540944
25450 0.012665232788319549 0 11.288964038280952 0.35671776902379143 0.051689062297540944
25500 0.012665232788319549 0 11.288964038280952 0.35671776902379143 0.051689062297540944
25550 0.012665232788319549 0 11.288964038280952 0.35671776902379143 0.051689062297540944
25600 0.012665232788319549 0 11.288964038280952 0.35671776902379143 0.051689062297540944
25650 0.012665232788319549 0 11.288964038280952 0.35671776902379143 0.051689062297540944
25700 0.012665232788319549 0 11.288964038280952 0.35671776902379143 0.051689062297540944
25750 0.012665232788319549 0 11.288964038280952 0.35671776902379143 0.051689062297540944
25800 0.012665232788319549 0 11.288964038280952 0.35671776902379143 0.051689062297540944
25850 0.012665232788319549 0 11.288964038280952 0.35671776902379143 0.051689062297540944
25900 0.012665232788319549 0 11.288964038280952 0.35671776902379143 0.051689062297540944
25950 0.012665232788319549 0 11.288964038280952 0.35671776902379143 0.051689062297540944
26000 0.012665232788319549 0 11.288964038280952 0.35671776902379143 0.051689062297540944
26050 0.012665232788319502 0 11.288966785867894 0.3567177221581419 0.05168906034946226
26100 0.012665232788319502 0 11.288966785867894 0.3567177221581419 0.05168906034946226
26150 0.012665232788319502 0 11.288966785867894 0.3567177221581419 0.05168906034946226
26200 0.012665232788319502 0 11.288966785867894 0.3567177221581419 0.05168906034946226
26250 0.012665232788319495 0 11.2889647633672 0.3567177566559777 0.05168906178344426
26300 0.012665232788319495 0 11.2889647633672 0.3567177566559777 0.05168906178344426
26350 0.012665232788319495 0 11.2889647633672 0.3567177566559777 0.05168906178344426
26400 0.012665232788319495 0 11.2889647633672 0.3567177566559777 0.05168906178344426
26450 0.012665232788319495 0 11.2889647633672 0.3567177566559777 0.05168906178344426
26500 0.012665232788319476 0 11.288964591599786 0.3567177595858183 0.0516890619052298
26550 0.012665232788319476 0 11.288964591599786 0.3567177595858183 0.0516890619052298
26600 0.012665232788319476 0 11.288964591599786 0.3567177595858183 0.0516890619052298
26650 0.012665232788319476 0 11.288964591599786 0.3567177595858183 0.0516890619052298
26700 0.012665232788319476 0 11.288964591599786 0.3567177595858183 0.0516890619052298
26750 0.012665232788319476 0 11.288964591599786 0.3567177595858183 0.0516890619052298
26800 0.012665232788319467 0 11.288965917676547 0.3567177369668981 0.05168906096502231
26850 0.012665232788319467 0 11.288965917676547 0.3567177369668981 0.05168906096502231
26900 0.012665232788319467 0 11.288965917676547 0.3567177369668981 0.05168906096502231
26950 0.012665232788319459 0 11.288965729073876 0.3567177401838975 0.051689061098744306
27000 0.012665232788319459 0 11.288965729073876 0.3567177401838975 0.051689061098744306
27050 0.012665232788319459 0 11.288965729073876 0.3567177401838975 0.051689061098744306
27100 0.012665232788319459 0 11.288965729073876 0.3567177401838975 0.051689061098744306
27150 0.012665232788319459 0 11.288965729073876 0.3567177401838975 0.051689061098744306
27200 0.012665232788319459 0 11.288965729073876 0.3567177401838975 0.051689061098744306
27250 0.012665232788319459 0 11.288965729073876 0.3567177401838975 0.051689061098744306
27300 0.012665232788319457 0 11.288965481762473 0.35671774440229337 0.05168906127409163
27350 0.012665232788319457 0 11.288965481762473 0.35671774440229337 0.05168906127409163
27400 0.012665232788319457 0 11.288965481762473 0.35671774440229337 0.05168906127409163
27450 0.012665232788319436 0 11.28896655257444 0.3567177261374318 0.051689060514870586
27500 0.012665232788319436 0 11.28896655257444 0.3567177261374318 0.051689060514870586
27550 0.012665232788319436 0 11.28896655257444 0.3567177261374318 0.051689060514870586
27600 0.012665232788319436 0 11.288964548293565 0.35671776032449287 0.051689061935934505
27650 0.012665232788319436 0 11.288964548293565 0.35671776032449287 0.051689061935934505
27700 0.012665232788319436 0 11.288964548293565 0.35671776032449287 0.051689061935934505
27750 0.012665232788319436 0 11.288964548293565 0.35671776032449287 0.051689061935934505
27800 0.012665232788319436 0 11.288964548293565 0.35671776032449287 0.051689061935934505
27850 0.012665232788319436 0 11.288964548293565 0.35671776032449287 0.051689061935934505
27900 0.012665232788319424 0 11.288965552106417 0.35671774320243466 0.05168906122421674
27950 0.012665232788319424 0 11.288965552106417 0.35671774320243466 0.05168906122421674
28000 0.012665232788319424 0 11.288965552106417 0.35671774320243466 0.05168906122421674
28050 0.012665232788319424 0 11.288965552106417 0.35671774320243466 0.05168906122421674
28100 0.012665232788319412 0 11.288965679780349 0.3567177410246976 0.05168906113369407
28150 0.012665232788319412 0 11.288965679780349 0.3567177410246976 0.05168906113369407
28200 0.012665232788319412 0 11.288965679780349 0.3567177410246976 0.05168906113369407
28250 0.012665232788319412 0 11.288965679780349 0.3567177410246976 0.05168906113369407
28300 0.012665232788319412 0 11.288965679780349 0.3567177410246976 0.05168906113369407
28350 0.012665232788319412 0 11.288965679780349 0.3567177410246976 0.05168906113369407
28400 0.012665232788319412 0 11.288965679780349 0.3567177410246976 0.05168906113369407
28450 0.012665232788319412 0 11.288965679780349 0.3567177410246976 0.05168906113369407
28500 0.012665232788319412 0 11.288965679780349 0.3567177410246976 0.05168906113369407
28550 0.012665232788319412 0 11.288965679780349 0.3567177410246976 0.05168906113369407
28600 0.012665232788319412 0 11.288965679780349 0.3567177410246976 0.05168906113369407
28650 0.012665232788319412 0 11.288965679780349 0.3567177410246976 0.05168906113369407
28700 0.012665232788319412 0 11.288965679780349 0.3567177410246976 0.05168906113369407
28750 0.012665232788319412 0 11.288965679780349 0.3567177410246976 0.05168906113369407
28800 0.012665232788319412 0 11.288965679780349 0.3567177410246976 0.05168906113369407
28850 0.012665232788319412 0 11.288965679780349 0.3567177410246976 0.05168906113369407
28900 0.012665232788319412 0 11.288965679780349 0.3567177410246976 0.05168906113369407
28950 0.012665232788319412 0 11.288965679780349 0.3567177410246976 0.05168906113369407
29000 0.012665232788319412 0 11.288965679780349 0.3567177410246976 0.05168906113369407
29050 0.012665232788319412 0 11.288965679780349 0.3567177410246976 0.05168906113369407
29100 0.012665232788319412 0 11.288965679780349 0.3567177410246976 0.05168906113369407
29150 0.012665232788319412 0 11.288965679780349 0.3567177410246976 0.05168906113369407
29200 0.012665232788319412 0 11.288965679780349 0.3567177410246976 0.05168906113369407
29250 0.012665232788319412 0 11.288965679780349 0.3567177410246976 0.05168906113369407
29300 0.012665232788319412 0 11.288965679780349 0.3567177410246976 0.05168906113369407
29350 0.012665232788319412 0 11.288965679780349 0.3567177410246976 0.05168906113369407
29400 0.012665232788319412 0 11.288965679780349 0.3567177410246976 0.05168906113369407
29450 0.012665232788319412 0 11.288965679780349 0.3567177410246976 0.05168906113369407
29500 0.012665232788319412 0 11.288965679780349 0.3567177410246976 0.05168906113369407
29550 0.012665232788319412 0 11.288965679780349 0.3567177410246976 0.05168906113369407
29600 0.012665232788319412 0 11.288965679780349 0.3567177410246976 0.05168906113369407
29650 0.012665232788319412 0 11.288965679780349 0.3567177410246976 0.05168906113369407
29700 0.012665232788319412 0 11.288965679780349 0.3567177410246976 0.05168906113369407
29750 0.012665232788319412 0 11.288965679780349 0.3567177410246976 0.05168906113369407
29800 0.012665232788319408 0 11.288966070333013 0.35671773436303283 0.05168906085678663
29850 0.012665232788319408 0 11.288966070333013 0.35671773436303283 0.05168906085678663
29900 0.012665232788319408 0 11.288966070333013 0.35671773436303283 0.05168906085678663
29950 0.012665232788319408 0 11.288966070333013 0.35671773436303283 0.05168906085678663
30000 0.012665232788319408 0 11.288966070333013 0.35671773436303283 0.05168906085678663
30050 0.012665232788319408 0 11.288966070333013 0.35671773436303283 0.05168906085678663
30100 0.012665232788319408 0 11.288966070333013 0.35671773436303283 0.05168906085678663
30150 0.012665232788319408 0 11.288966070333013 0.35671773436303283 0.05168906085678663
30200 0.012665232788319408 0 11.288966070333013 0.35671773436303283 0.05168906085678663
30250 0.012665232788319408 0 11.288966070333013 0.35671773436303283 0.05168906085678663
30300 0.012665232788319408 0 11.288966070333013 0.35671773436303283 0.05168906085678663
30350 0.012665232788319408 0 11.288966070333013 0.35671773436303283 0.05168906085678663
30400 0.012665232788319408 0 11.288966070333013 0.35671773436303283 0.05168906085678663
30450 0.012665232788319408 0 11.288966070333013 0.35671773436303283 0.05168906085678663
30500 0.012665232788319408 0 11.288966070333013 0.35671773436303283 0.05168906085678663
30550 0.012665232788319408 0 11.288966070333013 0.35671773436303283 0.05168906085678663
30600 0.012665232788319408 0 11.288966070333013 0.35671773436303283 0.05168906085678663
30650 0.012665232788319408 0 11.288966070333013 0.35671773436303283 0.05168906085678663
30700 0.012665232788319408 0 11.288966070333013 0.35671773436303283 0.05168906085678663
30750 0.012665232788319408 0 11.288966070333013 0.35671773436303283 0.05168906085678663
30800 0.012665232788319408 0 11.288966070333013 0.35671773436303283 0.05168906085678663
30850 0.012665232788319408 0 11.288966070333013 0.35671773436303283 0.05168906085678663
30900 0.012665232788319408 0 11.288966070333013 0.35671773436303283 0.05168906085678663
30950 0.012665232788319408 0 11.288966070333013 0.35671773436303283 0.05168906085678663
31000 0.012665232788319408 0 11.288966070333013 0.35671773436303283 0.05168906085678663
31050 0.012665232788319408 0 11.288966070333013 0.35671773436303283 0.05168906085678663
31100 0.012665232788319408 0 11.288966070333013 0.35671773436303283 0.05168906085678663
31150 0.012665232788319408 0 11.288966070333013 0.35671773436303283 0.05168906085678663
31200 0.012665232788319408 0 11.288966070333013 0.35671773436303283 0.05168906085678663
31250 0.012665232788319408 0 11.288966070333013 0.35671773436303283 0.05168906085678663
31300 0.012665232788319408 0 11.288966070333013 0.35671773436303283 0.05168906085678663
31350 0.012665232788319408 0 11.288966070333013 0.35671773436303283 0.05168906085678663
31400 0.012665232788319408 0 11.288966070333013 0.35671773436303283 0.05168906085678663
31450 0.012665232788319408 0 11.288966070333013 0.35671773436303283 0.05168906085678663
31500 0.012665232788319408 0 11.288966070333013 0.35671773436303283 0.05168906085678663
31550 0.012665232788319408 0 11.288966070333013 0.35671773436303283 0.05168906085678663
31600 0.012665232788319408 0 11.288966070333013 0.35671773436303283 0.05168906085678663
31650 0.012665232788319408 0 11.288966070333013 0.35671773436303283 0.05168906085678663
31700 0.012665232788319408 0 11.288966070333013 0.35671773436303283 0.05168906085678663
31750 0.012665232788319408 0 11.288966070333013 0.35671773436303283 0.05168906085678663
31800 0.012665232788319408 0 11.288966070333013 0.35671773436303283 0.05168906085678663
31850 0.012665232788319408 0 11.288966070333013 0.35671773436303283 0.05168906085678663
31900 0.012665232788319408 0 11.288966070333013 0.35671773436303283 0.05168906085678663
31950 0.012665232788319408 0 11.288966070333013 0.35671773436303283 0.05168906085678663
32000 0.012665232788319408 0 11.288966070333013 0.35671773436303283 0.05168906085678663
32050 0.012665232788319408 0 11.288966070333013 0.35671773436303283 0.05168906085678663
32100 0.012665232788319408 0 11.288966070333013 0.35671773436303283 0.05168906085678663
32150 0.012665232788319408 0 11.288966070333013 0.35671773436303283 0.05168906085678663
32200 0.012665232788319408 0 11.288966070333013 0.35671773436303283 0.05168906085678663
32250 0.012665232788319408 0 11.288966070333013 0.35671773436303283 0.05168906085678663
32300 0.012665232788319408 0 11.288966070333013 0.35671773436303283 0.05168906085678663
32350 0.012665232788319408 0 11.288966070333013 0.35671773436303283 0.05168906085678663
32400 0.012665232788319408 0 11.288966070333013 0.35671773436303283 0.05168906085678663
32450 0.012665232788319408 0 11.288966070333013 0.35671773436303283 0.05168906085678663
32500 0.012665232788319408 0 11.288966070333013 0.35671773436303283 0.05168906085678663
32550 0.012665232788319408 0 11.288966070333013 0.35671773436303283 0.05168906085678663
32600 0.012665232788319408 0 11.288966070333013 0.35671773436303283 0.05168906085678663
32650 0.012665232788319408 0 11.288966070333013 0.35671773436303283 0.05168906085678663
32700 0.012665232788319408 0 11.288966070333013 0.35671773436303283 0.05168906085678663
32750 0.012665232788319408 0 11.288966070333013 0.35671773436303283 0.05168906085678663
32800 0.012665232788319408 0 11.288966070333013 0.35671773436303283 0.05168906085678663
32850 0.012665232788319408 0 11.288966070333013 0.35671773436303283 0.05168906085678663
32900 0.012665232788319408 0 11.288966070333013 0.35671773436303283 0.05168906085678663
32950 0.012665232788319408 0 11.288966081431468 0.35671773417372626 0.05168906084891767
33000 0.012665232788319408 0 11.288966081431468 0.35671773417372626 0.05168906084891767
33050 0.012665232788319408 0 11.288966081431468 0.35671773417372626 0.05168906084891767
33100 0.012665232788319408 0 11.288966081431468 0.35671773417372626 0.05168906084891767
33150 0.012665232788319408 0 11.288966081431468 0.35671773417372626 0.05168906084891767
33200 0.012665232788319408 0 11.288966081431468 0.35671773417372626 0.05168906084891767
33250 0.012665232788319408 0 11.288966081431468 0.35671773417372626 0.05168906084891767
33300 0.012665232788319408 0 11.288966081431468 0.35671773417372626 0.05168906084891767
33350 0.012665232788319408 0 11.288966081431468 0.35671773417372626 0.05168906084891767
33400 0.012665232788319407 0 11.28896558856622 0.35671774258053884 0.05168906119836619
33450 0.012665232788319407 0 11.28896558856622 0.35671774258053884 0.05168906119836619
33500 0.012665232788319407 0 11.28896558856622 0.35671774258053884 0.05168906119836619
33550 0.012665232788319407 0 11.28896558856622 0.35671774258053884 0.05168906119836619
33600 0.012665232788319407 0 11.28896558856622 0.35671774258053884 0.05168906119836619
33650 0.012665232788319407 0 11.28896558856622 0.35671774258053884 0.05168906119836619
33700 0.012665232788319407 0 11.28896558856622 0.35671774258053884 0.05168906119836619
33750 0.012665232788319407 0 11.28896558856622 0.35671774258053884 0.05168906119836619
33800 0.012665232788319407 0 11.28896558856622 0.35671774258053884 0.05168906119836619
33850 0.012665232788319407 0 11.28896558856622 0.35671774258053884 0.05168906119836619
33900 0.012665232788319407 0 11.28896558856622 0.35671774258053884 0.05168906119836619
33950 0.012665232788319407 0 11.28896558856622 0.35671774258053884 0.05168906119836619
34000 0.012665232788319407 0 11.28896558856622 0.35671774258053884 0.05168906119836619
34050 0.012665232788319407 0 11.28896558856622 0.35671774258053884 0.05168906119836619
34100 0.012665232788319407 0 11.28896558856622 0.35671774258053884 0.05168906119836619
34150 0.012665232788319407 0 11.28896558856622 0.35671774258053884 0.05168906119836619
34200 0.012665232788319407 0 11.28896558856622 0.35671774258053884 0.05168906119836619
34250 0.012665232788319407 0 11.28896558856622 0.35671774258053884 0.05168906119836619
34300 0.012665232788319407 0 11.28896558856622 0.35671774258053884 0.05168906119836619
34350 0.012665232788319407 0 11.28896558856622 0.35671774258053884 0.05168906119836619
34400 0.012665232788319407 0 11.28896558856622 0.35671774258053884 0.05168906119836619
34450 0.012665232788319407 0 11.28896558856622 0.35671774258053884 0.05168906119836619
34500 0.012665232788319407 0 11.28896558856622 0.35671774258053884 0.05168906119836619
34550 0.012665232788319407 0 11.28896558856622 0.35671774258053884 0.05168906119836619
34600 0.012665232788319407 0 11.28896558856622 0.35671774258053884 0.05168906119836619
34650 0.012665232788319407 0 11.28896558856622 0.35671774258053884 0.05168906119836619
34700 0.012665232788319407 0 11.28896558856622 0.35671774258053884 0.05168906119836619
34750 0.012665232788319407 0 11.28896558856622 0.35671774258053884 0.05168906119836619
34800 0.012665232788319407 0 11.28896558856622 0.35671774258053884 0.05168906119836619
34850 0.012665232788319407 0 11.28896558856622 0.35671774258053884 0.05168906119836619
34900 0.012665232788319407 0 11.28896558856622 0.35671774258053884 0.05168906119836619
34950 0.012665232788319407 0 11.28896558856622 0.35671774258053884 0.05168906119836619
35000 0.012665232788319407 0 11.28896558856622 0.35671774258053884 0.05168906119836619
35050 0.012665232788319407 0 11.28896558856622 0.35671774258053884 0.05168906119836619
35100 0.012665232788319407 0 11.28896558856622 0.35671774258053884 0.05168906119836619
35150 0.012665232788319407 0 11.28896558856622 0.35671774258053884 0.05168906119836619
35200 0.012665232788319407 0 11.28896558856622 0.35671774258053884 0.05168906119836619
35250 0.012665232788319407 0 11.28896558856622 0.35671774258053884 0.05168906119836619
35300 0.012665232788319407 0 11.28896558856622 0.35671774258053884 0.05168906119836619
35350 0.012665232788319407 0 11.28896558856622 0.35671774258053884 0.05168906119836619
35400 0.012665232788319407 0 11.28896558856622 0.35671774258053884 0.05168906119836619
35450 0.012665232788319407 0 11.28896558856622 0.35671774258053884 0.05168906119836619
35500 0.012665232788319407 0 11.28896558856622 0.35671774258053884 0.05168906119836619
35550 0.012665232788319407 0 11.28896558856622 0.35671774258053884 0.05168906119836619
35600 0.012665232788319407 0 11.28896558856622 0.35671774258053884 0.05168906119836619
35650 0.012665232788319407 0 11.28896558856622 0.35671774258053884 0.05168906119836619
35700 0.012665232788319407 0 11.28896558856622 0.35671774258053884 0.05168906119836619
35750 0.012665232788319407 0 11.28896558856622 0.35671774258053884 0.05168906119836619
35800 0.012665232788319407 0 11.28896558856622 0.35671774258053884 0.05168906119836619
35850 0.012665232788319407 0 11.28896558856622 0.35671774258053884 0.05168906119836619
35900 0.012665232788319407 0 11.28896558856622 0.35671774258053884 0.05168906119836619
35950 0.012665232788319407 0 11.28896558856622 0.35671774258053884 0.05168906119836619
*---*---*---*---*---*---*---*---*---*---*---*---*---*---*---*---*---*---*---*---*
Status: Finished
Last individual
0.012665232788319407 0 11.28896558856622 0.35671774258053884 0.05168906119836619
Hall of fame
0.012665232788319407 0 11.28896558856622 0.35671774258053884 0.05168906119836619
Last factible individual
0.012665232788319407 0 11.28896558856622 0.35671774258053884 0.05168906119836619
CPU time used (seconds)
1.6518221309997898
