*---*---*---*---*---*---*---*---*---*---*---*---*---*---*---*---*---*---*---*---*
Algorithm: Differential Evolution
Constrainth handling method: DEB
Function: 21
Case: continuous
Seed: 10
Parents size: 50
Offsprings size: 50
maxFe: 36000
CR: 0.9
F: 0.6
rweights: -
*---*---*---*---*---*---*---*---*---*---*---*---*---*---*---*---*---*---*---*---*
ngen ObjectiveFunction ViolationSum ProjectVariables
50 0.17277822419903663 0.5429177754901537 11.341836534969254 0.8653230790558347 0.12233410580709536
100 0.042850521071281594 0 3.0015312896952535 1.1322482106365723 0.08698727719871036
150 0.042850521071281594 0 3.0015312896952535 1.1322482106365723 0.08698727719871036
200 0.042850521071281594 0 3.0015312896952535 1.1322482106365723 0.08698727719871036
250 0.042850521071281594 0 3.0015312896952535 1.1322482106365723 0.08698727719871036
300 0.042850521071281594 0 3.0015312896952535 1.1322482106365723 0.08698727719871036
350 0.024374702111211732 0 4.255687998133942 0.8061469831614061 0.06952243932854668
400 0.024374702111211732 0 4.255687998133942 0.8061469831614061 0.06952243932854668
450 0.01724216343622535 0 3.6318767519919515 0.7179990733385041 0.0652991255924101
500 0.01724216343622535 0 3.6318767519919515 0.7179990733385041 0.0652991255924101
550 0.01724216343622535 0 3.6318767519919515 0.7179990733385041 0.0652991255924101
600 0.01724216343622535 0 3.6318767519919515 0.7179990733385041 0.0652991255924101
650 0.01724216343622535 0 3.6318767519919515 0.7179990733385041 0.0652991255924101
700 0.01724216343622535 0 3.6318767519919515 0.7179990733385041 0.0652991255924101
750 0.01724216343622535 0 3.6318767519919515 0.7179990733385041 0.0652991255924101
800 0.01724216343622535 0 3.6318767519919515 0.7179990733385041 0.0652991255924101
850 0.01724216343622535 0 3.6318767519919515 0.7179990733385041 0.0652991255924101
900 0.01724216343622535 0 3.6318767519919515 0.7179990733385041 0.0652991255924101
950 0.01724216343622535 0 3.6318767519919515 0.7179990733385041 0.0652991255924101
1000 0.01724216343622535 0 3.6318767519919515 0.7179990733385041 0.0652991255924101
1050 0.01724216343622535 0 3.6318767519919515 0.7179990733385041 0.0652991255924101
1100 0.01724216343622535 0 3.6318767519919515 0.7179990733385041 0.0652991255924101
1150 0.01724216343622535 0 3.6318767519919515 0.7179990733385041 0.0652991255924101
1200 0.01724216343622535 0 3.6318767519919515 0.7179990733385041 0.0652991255924101
1250 0.01724216343622535 0 3.6318767519919515 0.7179990733385041 0.0652991255924101
1300 0.01724216343622535 0 3.6318767519919515 0.7179990733385041 0.0652991255924101
1350 0.015589867876908073 0 10.0095935094334 0.41951177159134406 0.055626916568347735
1400 0.015589867876908073 0 10.0095935094334 0.41951177159134406 0.055626916568347735
1450 0.01467456153403491 0 4.506246572907657 0.6065302577976638 0.06098051280440616
1500 0.01467456153403491 0 4.506246572907657 0.6065302577976638 0.06098051280440616
1550 0.01467456153403491 0 4.506246572907657 0.6065302577976638 0.06098051280440616
1600 0.01467456153403491 0 4.506246572907657 0.6065302577976638 0.06098051280440616
1650 0.01467456153403491 0 4.506246572907657 0.6065302577976638 0.06098051280440616
1700 0.01467456153403491 0 4.506246572907657 0.6065302577976638 0.06098051280440616
1750 0.01467456153403491 0 4.506246572907657 0.6065302577976638 0.06098051280440616
1800 0.01467456153403491 0 4.506246572907657 0.6065302577976638 0.06098051280440616
1850 0.01467456153403491 0 4.506246572907657 0.6065302577976638 0.06098051280440616
1900 0.01467456153403491 0 4.506246572907657 0.6065302577976638 0.06098051280440616
1950 0.01467456153403491 0 4.506246572907657 0.6065302577976638 0.06098051280440616
2000 0.013479178109928953 0 12.086662170739954 0.3538839814238227 0.05199926487260823
2050 0.013479178109928953 0 12.086662170739954 0.3538839814238227 0.05199926487260823
2100 0.013479178109928953 0 12.086662170739954 0.3538839814238227 0.05199926487260823
2150 0.013479178109928953 0 12.086662170739954 0.3538839814238227 0.05199926487260823
2200 0.013479178109928953 0 12.086662170739954 0.3538839814238227 0.05199926487260823
2250 0.013479178109928953 0 12.086662170739954 0.3538839814238227 0.05199926487260823
2300 0.013479178109928953 0 12.086662170739954 0.3538839814238227 0.05199926487260823
2350 0.013479178109928953 0 12.086662170739954 0.3538839814238227 0.05199926487260823
2400 0.013479178109928953 0 12.086662170739954 0.3538839814238227 0.05199926487260823
2450 0.013479178109928953 0 12.086662170739954 0.3538839814238227 0.05199926487260823
2500 0.013479178109928953 0 12.086662170739954 0.3538839814238227 0.05199926487260823
2550 0.013353088737217288 0 11.902880105026842 0.3544052965550129 0.05205810762149937
2600 0.013145738893437236 0 9.811524449472618 0.3908247030833146 0.05336401787839624
2650 0.013145738893437236 0 9.811524449472618 0.3908247030833146 0.05336401787839624
2700 0.013145738893437236 0 9.811524449472618 0.3908247030833146 0.05336401787839624
2750 0.013145738893437236 0 9.811524449472618 0.3908247030833146 0.05336401787839624
2800 0.013023450333262953 0 12.271689984730276 0.3448823596599207 0.05143868254239908
2850 0.013023450333262953 0 12.271689984730276 0.3448823596599207 0.05143868254239908
2900 0.013023450333262953 0 12.271689984730276 0.3448823596599207 0.05143868254239908
2950 0.013023450333262953 0 12.271689984730276 0.3448823596599207 0.05143868254239908
3000 0.013023450333262953 0 12.271689984730276 0.3448823596599207 0.05143868254239908
3050 0.013023450333262953 0 12.271689984730276 0.3448823596599207 0.05143868254239908
3100 0.013023450333262953 0 12.271689984730276 0.3448823596599207 0.05143868254239908
3150 0.013023450333262953 0 12.271689984730276 0.3448823596599207 0.05143868254239908
3200 0.013023450333262953 0 12.271689984730276 0.3448823596599207 0.05143868254239908
3250 0.013023450333262953 0 12.271689984730276 0.3448823596599207 0.05143868254239908
3300 0.013023450333262953 0 12.271689984730276 0.3448823596599207 0.05143868254239908
3350 0.012896175684260495 0 11.673031205469629 0.35325311353889194 0.05167197587522027
3400 0.01278945232900393 0 10.676821676241305 0.36966173933262175 0.05224184807085779
3450 0.01278945232900393 0 10.676821676241305 0.36966173933262175 0.05224184807085779
3500 0.01278945232900393 0 10.676821676241305 0.36966173933262175 0.05224184807085779
3550 0.01278945232900393 0 10.676821676241305 0.36966173933262175 0.05224184807085779
3600 0.01278945232900393 0 10.676821676241305 0.36966173933262175 0.05224184807085779
3650 0.01278945232900393 0 10.676821676241305 0.36966173933262175 0.05224184807085779
3700 0.01278945232900393 0 10.676821676241305 0.36966173933262175 0.05224184807085779
3750 0.012768867271628145 0 13.172406185257838 0.329254519476655 0.05055720814093819
3800 0.012764413391667192 0 13.275923900309117 0.3279626333381062 0.05047595040085616
3850 0.012764413391667192 0 13.275923900309117 0.3279626333381062 0.05047595040085616
3900 0.012764413391667192 0 13.275923900309117 0.3279626333381062 0.05047595040085616
3950 0.012754393008952255 0 11.673619524229332 0.3516873003134852 0.05150030593318549
4000 0.012754393008952255 0 11.673619524229332 0.3516873003134852 0.05150030593318549
4050 0.012754393008952255 0 11.673619524229332 0.3516873003134852 0.05150030593318549
4100 0.012754393008952255 0 11.673619524229332 0.3516873003134852 0.05150030593318549
4150 0.012754393008952255 0 11.673619524229332 0.3516873003134852 0.05150030593318549
4200 0.012754393008952255 0 11.673619524229332 0.3516873003134852 0.05150030593318549
4250 0.01273074184010491 0 10.12145967920829 0.3793171987168879 0.052619670931802386
4300 0.01273074184010491 0 10.12145967920829 0.3793171987168879 0.052619670931802386
4350 0.01273074184010491 0 10.12145967920829 0.3793171987168879 0.052619670931802386
4400 0.01273074184010491 0 10.12145967920829 0.3793171987168879 0.052619670931802386
4450 0.01273074184010491 0 10.12145967920829 0.3793171987168879 0.052619670931802386
4500 0.01273074184010491 0 10.12145967920829 0.3793171987168879 0.052619670931802386
4550 0.01273074184010491 0 10.12145967920829 0.3793171987168879 0.052619670931802386
4600 0.01273074184010491 0 10.12145967920829 0.3793171987168879 0.052619670931802386
4650 0.012692887102181017 0 9.981158782467727 0.38146858882901347 0.05269888242789885
4700 0.012692887102181017 0 9.981158782467727 0.38146858882901347 0.05269888242789885
4750 0.012692887102181017 0 9.981158782467727 0.38146858882901347 0.05269888242789885
4800 0.012692887102181017 0 9.981158782467727 0.38146858882901347 0.05269888242789885
4850 0.012692887102181017 0 9.981158782467727 0.38146858882901347 0.05269888242789885
4900 0.012692887102181017 0 9.981158782467727 0.38146858882901347 0.05269888242789885
4950 0.012692887102181017 0 9.981158782467727 0.38146858882901347 0.05269888242789885
5000 0.012692887102181017 0 9.981158782467727 0.38146858882901347 0.05269888242789885
5050 0.012692887102181017 0 9.981158782467727 0.38146858882901347 0.05269888242789885
5100 0.012692887102181017 0 9.981158782467727 0.38146858882901347 0.05269888242789885
5150 0.012692887102181017 0 9.981158782467727 0.38146858882901347 0.05269888242789885
5200 0.012692887102181017 0 9.981158782467727 0.38146858882901347 0.05269888242789885
5250 0.012692887102181017 0 9.981158782467727 0.38146858882901347 0.05269888242789885
5300 0.012692887102181017 0 9.981158782467727 0.38146858882901347 0.05269888242789885
5350 0.012692887102181017 0 9.981158782467727 0.38146858882901347 0.05269888242789885
5400 0.012692887102181017 0 9.981158782467727 0.38146858882901347 0.05269888242789885
5450 0.012692887102181017 0 9.981158782467727 0.38146858882901347 0.05269888242789885
5500 0.01268887199526585 0 11.062419531549828 0.36105925248582305 0.05186930808825401
5550 0.01268887199526585 0 11.062419531549828 0.36105925248582305 0.05186930808825401
5600 0.01268887199526585 0 11.062419531549828 0.36105925248582305 0.05186930808825401
5650 0.01268887199526585 0 11.062419531549828 0.36105925248582305 0.05186930808825401
5700 0.012682792378277135 0 11.21609865075487 0.3582327929154675 0.0517574815643789
5750 0.012682792378277135 0 11.21609865075487 0.3582327929154675 0.0517574815643789
5800 0.012676195928449313 0 11.447818202998173 0.3541644577530142 0.05159006431031187
5850 0.012676195928449313 0 11.447818202998173 0.3541644577530142 0.05159006431031187
5900 0.012676195928449313 0 11.447818202998173 0.3541644577530142 0.05159006431031187
5950 0.012676195928449313 0 11.447818202998173 0.3541644577530142 0.05159006431031187
6000 0.012676195928449313 0 11.447818202998173 0.3541644577530142 0.05159006431031187
6050 0.012676195928449313 0 11.447818202998173 0.3541644577530142 0.05159006431031187
6100 0.012676195928449313 0 11.447818202998173 0.3541644577530142 0.05159006431031187
6150 0.012676195928449313 0 11.447818202998173 0.3541644577530142 0.05159006431031187
6200 0.012676195928449313 0 11.447818202998173 0.3541644577530142 0.05159006431031187
6250 0.012673845550987878 0 11.52971772241183 0.3527846088384219 0.05152939250371302
6300 0.012672349919104837 0 11.914058479602339 0.3465430232903148 0.05126525077078228
6350 0.012672349919104837 0 11.914058479602339 0.3465430232903148 0.05126525077078228
6400 0.012672349919104837 0 11.914058479602339 0.3465430232903148 0.05126525077078228
6450 0.012672349919104837 0 11.914058479602339 0.3465430232903148 0.05126525077078228
6500 0.012672349919104837 0 11.914058479602339 0.3465430232903148 0.05126525077078228
6550 0.012669174857129388 0 11.37782025009807 0.35527248351128066 0.05162983070704816
6600 0.012669174857129388 0 11.37782025009807 0.35527248351128066 0.05162983070704816
6650 0.012669174857129388 0 11.37782025009807 0.35527248351128066 0.05162983070704816
6700 0.012669174857129388 0 11.37782025009807 0.35527248351128066 0.05162983070704816
6750 0.012669174857129388 0 11.37782025009807 0.35527248351128066 0.05162983070704816
6800 0.012666692758994852 0 11.445929892087438 0.3540873870674809 0.05157995613751189
6850 0.012666692758994852 0 11.445929892087438 0.3540873870674809 0.05157995613751189
6900 0.012666692758994852 0 11.445929892087438 0.3540873870674809 0.05157995613751189
6950 0.012666692758994852 0 11.445929892087438 0.3540873870674809 0.05157995613751189
7000 0.012666692758994852 0 11.445929892087438 0.3540873870674809 0.05157995613751189
7050 0.012666692758994852 0 11.445929892087438 0.3540873870674809 0.05157995613751189
7100 0.012666692758994852 0 11.445929892087438 0.3540873870674809 0.05157995613751189
7150 0.012666692758994852 0 11.445929892087438 0.3540873870674809 0.05157995613751189
7200 0.012666692758994852 0 11.445929892087438 0.3540873870674809 0.05157995613751189
7250 0.012666692758994852 0 11.445929892087438 0.3540873870674809 0.05157995613751189
7300 0.012666692758994852 0 11.445929892087438 0.3540873870674809 0.05157995613751189
7350 0.012666692758994852 0 11.445929892087438 0.3540873870674809 0.05157995613751189
7400 0.012666692758994852 0 11.445929892087438 0.3540873870674809 0.05157995613751189
7450 0.012666692758994852 0 11.445929892087438 0.3540873870674809 0.05157995613751189
7500 0.012666692758994852 0 11.445929892087438 0.3540873870674809 0.05157995613751189
7550 0.01266642342879839 0 11.415022885043687 0.35460311805222233 0.05160122562583152
7600 0.01266642342879839 0 11.415022885043687 0.35460311805222233 0.05160122562583152
7650 0.01266642342879839 0 11.415022885043687 0.35460311805222233 0.05160122562583152
7700 0.01266642342879839 0 11.415022885043687 0.35460311805222233 0.05160122562583152
7750 0.012666057252493642 0 11.54118233787588 0.3524935379560982 0.05151300089250713
7800 0.012665779890264831 0 11.37121505636339 0.3553299376446427 0.05163148681482434
7850 0.012665779890264831 0 11.37121505636339 0.3553299376446427 0.05163148681482434
7900 0.012665779890264831 0 11.37121505636339 0.3553299376446427 0.05163148681482434
7950 0.012665779890264831 0 11.37121505636339 0.3553299376446427 0.05163148681482434
8000 0.012665779890264831 0 11.37121505636339 0.3553299376446427 0.05163148681482434
8050 0.012665659611637996 0 11.373322953965591 0.35529220987308646 0.051629913471744365
8100 0.012665659611637996 0 11.373322953965591 0.35529220987308646 0.051629913471744365
8150 0.012665659611637996 0 11.373322953965591 0.35529220987308646 0.051629913471744365
8200 0.012665532035571168 0 11.335962614012143 0.35592286004873025 0.05165609747627484
8250 0.012665532035571168 0 11.335962614012143 0.35592286004873025 0.05165609747627484
8300 0.012665532035571168 0 11.335962614012143 0.35592286004873025 0.05165609747627484
8350 0.012665532035571168 0 11.335962614012143 0.35592286004873025 0.05165609747627484
8400 0.012665532035571168 0 11.335962614012143 0.35592286004873025 0.05165609747627484
8450 0.01266548675511668 0 11.315455982235168 0.3562710027858929 0.051670502227221776
8500 0.01266548675511668 0 11.315455982235168 0.3562710027858929 0.051670502227221776
8550 0.01266548675511668 0 11.315455982235168 0.3562710027858929 0.051670502227221776
8600 0.01266548675511668 0 11.315455982235168 0.3562710027858929 0.051670502227221776
8650 0.01266548675511668 0 11.315455982235168 0.3562710027858929 0.051670502227221776
8700 0.01266548675511668 0 11.315455982235168 0.3562710027858929 0.051670502227221776
8750 0.01266548675511668 0 11.315455982235168 0.3562710027858929 0.051670502227221776
8800 0.01266548675511668 0 11.315455982235168 0.3562710027858929 0.051670502227221776
8850 0.012665471953175248 0 11.338174479849762 0.3558846071745345 0.051654467589296184
8900 0.012665317843004781 0 11.353185576056672 0.35562799529978584 0.05164373374637437
8950 0.012665317843004781 0 11.353185576056672 0.35562799529978584 0.05164373374637437
9000 0.012665317843004781 0 11.353185576056672 0.35562799529978584 0.05164373374637437
9050 0.012665317843004781 0 11.353185576056672 0.35562799529978584 0.05164373374637437
9100 0.012665317843004781 0 11.353185576056672 0.35562799529978584 0.05164373374637437
9150 0.012665317843004781 0 11.353185576056672 0.35562799529978584 0.05164373374637437
9200 0.012665317843004781 0 11.353185576056672 0.35562799529978584 0.05164373374637437
9250 0.012665317843004781 0 11.353185576056672 0.35562799529978584 0.05164373374637437
9300 0.012665317843004781 0 11.353185576056672 0.35562799529978584 0.05164373374637437
9350 0.012665317843004781 0 11.353185576056672 0.35562799529978584 0.05164373374637437
9400 0.012665317843004781 0 11.353185576056672 0.35562799529978584 0.05164373374637437
9450 0.012665309567817048 0 11.339366784075697 0.35586171862188937 0.05165348898010465
9500 0.012665309567817048 0 11.339366784075697 0.35586171862188937 0.05165348898010465
9550 0.012665309567817048 0 11.339366784075697 0.35586171862188937 0.05165348898010465
9600 0.012665309567817048 0 11.339366784075697 0.35586171862188937 0.05165348898010465
9650 0.012665282323786945 0 11.308582659123323 0.3563843390854171 0.05167520745478952
9700 0.012665282323786945 0 11.308582659123323 0.3563843390854171 0.05167520745478952
9750 0.012665282323786945 0 11.308582659123323 0.3563843390854171 0.05167520745478952
9800 0.012665282323786945 0 11.308582659123323 0.3563843390854171 0.05167520745478952
9850 0.012665282323786945 0 11.308582659123323 0.3563843390854171 0.05167520745478952
9900 0.012665282323786945 0 11.308582659123323 0.3563843390854171 0.05167520745478952
9950 0.012665282323786945 0 11.308582659123323 0.3563843390854171 0.05167520745478952
10000 0.012665282323786945 0 11.308582659123323 0.3563843390854171 0.05167520745478952
10050 0.012665254294638351 0 11.299851008717981 0.3565325237169933 0.051681366997318144
10100 0.012665254294638351 0 11.299851008717981 0.3565325237169933 0.051681366997318144
10150 0.012665254294638351 0 11.299851008717981 0.3565325237169933 0.051681366997318144
10200 0.012665254294638351 0 11.299851008717981 0.3565325237169933 0.051681366997318144
10250 0.012665254294638351 0 11.299851008717981 0.3565325237169933 0.051681366997318144
10300 0.012665254294638351 0 11.299851008717981 0.3565325237169933 0.051681366997318144
10350 0.012665254294638351 0 11.299851008717981 0.3565325237169933 0.051681366997318144
10400 0.012665253671003848 0 11.316314026060295 0.3562523606984653 0.05166971389840186
10450 0.012665253671003848 0 11.316314026060295 0.3562523606984653 0.05166971389840186
10500 0.012665253671003848 0 11.316314026060295 0.3562523606984653 0.05166971389840186
10550 0.012665253671003848 0 11.316314026060295 0.3562523606984653 0.05166971389840186
10600 0.012665253671003848 0 11.316314026060295 0.3562523606984653 0.05166971389840186
10650 0.012665252607991721 0 11.29363095410907 0.35663843884953617 0.05168577635060961
10700 0.012665251323389307 0 11.2941218512369 0.3566300702411301 0.0516854258584782
10750 0.012665246609420838 0 11.305432500577853 0.3564373521987672 0.05167740803473084
10800 0.012665246609420838 0 11.305432500577853 0.3564373521987672 0.05167740803473084
10850 0.012665246609420838 0 11.305432500577853 0.3564373521987672 0.05167740803473084
10900 0.012665244238724156 0 11.28861266728484 0.3567239002337788 0.05168932481518277
10950 0.012665244238724156 0 11.28861266728484 0.3567239002337788 0.05168932481518277
11000 0.01266523756374473 0 11.297612494459525 0.3565703949591306 0.051682937851129956
11050 0.01266523756374473 0 11.297612494459525 0.3565703949591306 0.051682937851129956
11100 0.01266523756374473 0 11.297612494459525 0.3565703949591306 0.051682937851129956
11150 0.01266523756374473 0 11.297612494459525 0.3565703949591306 0.051682937851129956
11200 0.01266523756374473 0 11.297612494459525 0.3565703949591306 0.051682937851129956
11250 0.012665235135571912 0 11.292952077590016 0.35664979994201984 0.05168623723488136
11300 0.012665235135571912 0 11.292952077590016 0.35664979994201984 0.05168623723488136
11350 0.012665235135571912 0 11.292952077590016 0.35664979994201984 0.05168623723488136
11400 0.012665235135571912 0 11.292952077590016 0.35664979994201984 0.05168623723488136
11450 0.012665235135571912 0 11.292952077590016 0.35664979994201984 0.05168623723488136
11500 0.012665235135571912 0 11.292952077590016 0.35664979994201984 0.05168623723488136
11550 0.012665235135571912 0 11.292952077590016 0.35664979994201984 0.05168623723488136
11600 0.012665235135571912 0 11.292952077590016 0.35664979994201984 0.05168623723488136
11650 0.012665235135571912 0 11.292952077590016 0.35664979994201984 0.05168623723488136
11700 0.012665235135571912 0 11.292952077590016 0.35664979994201984 0.05168623723488136
11750 0.012665235135571912 0 11.292952077590016 0.35664979994201984 0.05168623723488136
11800 0.012665235135571912 0 11.292952077590016 0.35664979994201984 0.05168623723488136
11850 0.012665235135571912 0 11.292952077590016 0.35664979994201984 0.05168623723488136
11900 0.012665235135571912 0 11.292952077590016 0.35664979994201984 0.05168623723488136
11950 0.012665235135571912 0 11.292952077590016 0.35664979994201984 0.05168623723488136
12000 0.012665235135571912 0 11.292952077590016 0.35664979994201984 0.05168623723488136
12050 0.012665235135571912 0 11.292952077590016 0.35664979994201984 0.05168623723488136
12100 0.012665235135571912 0 11.292952077590016 0.35664979994201984 0.05168623723488136
12150 0.012665235135571912 0 11.292952077590016 0.35664979994201984 0.05168623723488136
12200 0.012665235135571912 0 11.292952077590016 0.35664979994201984 0.05168623723488136
12250 0.012665233244115878 0 11.284550044123312 0.3567930855845783 0.05169219295711305
12300 0.012665233244115878 0 11.284550044123312 0.3567930855845783 0.05169219295711305
12350 0.012665233244115878 0 11.284550044123312 0.3567930855845783 0.05169219295711305
12400 0.012665233244115878 0 11.284550044123312 0.3567930855845783 0.05169219295711305
12450 0.012665233244115878 0 11.284550044123312 0.3567930855845783 0.05169219295711305
12500 0.012665233244115878 0 11.284550044123312 0.3567930855845783 0.05169219295711305
12550 0.012665233244115878 0 11.284550044123312 0.3567930855845783 0.05169219295711305
12600 0.012665233244115878 0 11.284550044123312 0.3567930855845783 0.05169219295711305
12650 0.012665233244115878 0 11.284550044123312 0.3567930855845783 0.05169219295711305
12700 0.012665233244115878 0 11.284550044123312 0.3567930855845783 0.05169219295711305
12750 0.012665233244115878 0 11.284550044123312 0.3567930855845783 0.05169219295711305
12800 0.012665233244115878 0 11.284550044123312 0.3567930855845783 0.05169219295711305
12850 0.012665232997086114 0 11.289031559061355 0.356716620870848 0.051689014593580496
12900 0.012665232997086114 0 11.289031559061355 0.356716620870848 0.051689014593580496
12950 0.012665232997086114 0 11.289031559061355 0.356716620870848 0.051689014593580496
13000 0.012665232997086114 0 11.289031559061355 0.356716620870848 0.051689014593580496
13050 0.012665232997086114 0 11.289031559061355 0.356716620870848 0.051689014593580496
13100 0.012665232997086114 0 11.289031559061355 0.356716620870848 0.051689014593580496
13150 0.012665232997086114 0 11.289031559061355 0.356716620870848 0.051689014593580496
13200 0.012665232997086114 0 11.289031559061355 0.356716620870848 0.051689014593580496
13250 0.012665232997086114 0 11.289031559061355 0.356716620870848 0.051689014593580496
13300 0.012665232997086114 0 11.289031559061355 0.356716620870848 0.051689014593580496
13350 0.012665232997086114 0 11.289031559061355 0.356716620870848 0.051689014593580496
13400 0.012665232997086114 0 11.289031559061355 0.356716620870848 0.051689014593580496
13450 0.012665232941006067 0 11.287545545300484 0.356741968299108 0.051690068267386174
13500 0.012665232941006067 0 11.287545545300484 0.356741968299108 0.051690068267386174
13550 0.012665232941006067 0 11.287545545300484 0.356741968299108 0.051690068267386174
13600 0.012665232934743816 0 11.288240839578458 0.3567301069619084 0.05168957524283171
13650 0.012665232934743816 0 11.288240839578458 0.3567301069619084 0.05168957524283171
13700 0.012665232934743816 0 11.288240839578458 0.3567301069619084 0.05168957524283171
13750 0.012665232934743816 0 11.288240839578458 0.3567301069619084 0.05168957524283171
13800 0.012665232934743816 0 11.288240839578458 0.3567301069619084 0.05168957524283171
13850 0.012665232934743816 0 11.288240839578458 0.3567301069619084 0.05168957524283171
13900 0.012665232934743816 0 11.288240839578458 0.3567301069619084 0.05168957524283171
13950 0.012665232934743816 0 11.288240839578458 0.3567301069619084 0.05168957524283171
14000 0.012665232924931364 0 11.288633763315309 0.3567234043192826 0.05168929662827307
14050 0.012665232880007513 0 11.286598597923549 0.3567581235806225 0.05169073969766086
14100 0.012665232880007513 0 11.286598597923549 0.3567581235806225 0.05169073969766086
14150 0.012665232880007513 0 11.286598597923549 0.3567581235806225 0.05169073969766086
14200 0.012665232880007513 0 11.286598597923549 0.3567581235806225 0.05169073969766086
14250 0.012665232880007513 0 11.286598597923549 0.3567581235806225 0.05169073969766086
14300 0.012665232878409682 0 11.288215631301078 0.35673053659800785 0.05168959302968483
14350 0.01266523286135359 0 11.288862431482086 0.3567195032225033 0.051689134409468526
14400 0.01266523286135359 0 11.288862431482086 0.3567195032225033 0.051689134409468526
14450 0.012665232851462994 0 11.28821335775959 0.3567305747653063 0.051689594631416584
14500 0.012665232845862325 0 11.288144599472563 0.3567317477523365 0.05168964336952486
14550 0.012665232804870521 0 11.289891887513118 0.35670194382675396 0.051688404482106494
14600 0.012665232804870521 0 11.289891887513118 0.35670194382675396 0.051688404482106494
14650 0.012665232804870521 0 11.289891887513118 0.35670194382675396 0.051688404482106494
14700 0.012665232804870521 0 11.289891887513118 0.35670194382675396 0.051688404482106494
14750 0.012665232804870521 0 11.289891887513118 0.35670194382675396 0.051688404482106494
14800 0.012665232804870521 0 11.289891887513118 0.35670194382675396 0.051688404482106494
14850 0.012665232804870521 0 11.289891887513118 0.35670194382675396 0.051688404482106494
14900 0.012665232804870521 0 11.289891887513118 0.35670194382675396 0.051688404482106494
14950 0.012665232804870521 0 11.289891887513118 0.35670194382675396 0.051688404482106494
15000 0.012665232804870521 0 11.289891887513118 0.35670194382675396 0.051688404482106494
15050 0.012665232804870521 0 11.289891887513118 0.35670194382675396 0.051688404482106494
15100 0.012665232804870521 0 11.289891887513118 0.35670194382675396 0.051688404482106494
15150 0.012665232804870521 0 11.289891887513118 0.35670194382675396 0.051688404482106494
15200 0.012665232804870521 0 11.289891887513118 0.35670194382675396 0.051688404482106494
15250 0.012665232804870521 0 11.289891887513118 0.35670194382675396 0.051688404482106494
15300 0.012665232804870521 0 11.289891887513118 0.35670194382675396 0.051688404482106494
15350 0.012665232804870521 0 11.289891887513118 0.35670194382675396 0.051688404482106494
15400 0.012665232804870521 0 11.289891887513118 0.35670194382675396 0.051688404482106494
15450 0.012665232804870521 0 11.289891887513118 0.35670194382675396 0.051688404482106494
15500 0.012665232804870521 0 11.289891887513118 0.35670194382675396 0.051688404482106494
15550 0.012665232804870521 0 11.289891887513118 0.35670194382675396 0.051688404482106494
15600 0.012665232804870521 0 11.289891887513118 0.35670194382675396 0.051688404482106494
15650 0.01266523280433975 0 11.289353482246945 0.3567111266624372 0.05168878619661491
15700 0.01266523280433975 0 11.289353482246945 0.3567111266624372 0.05168878619661491
15750 0.01266523280433975 0 11.289353482246945 0.3567111266624372 0.05168878619661491
15800 0.01266523280433975 0 11.289353482246945 0.3567111266624372 0.05168878619661491
15850 0.01266523280433975 0 11.289353482246945 0.3567111266624372 0.05168878619661491
15900 0.01266523280433975 0 11.289353482246945 0.3567111266624372 0.05168878619661491
15950 0.01266523280433975 0 11.289353482246945 0.3567111266624372 0.05168878619661491
16000 0.012665232802879933 0 11.289045969749697 0.3567163717596147 0.05168900421978305
16050 0.012665232802879933 0 11.289045969749697 0.3567163717596147 0.05168900421978305
16100 0.012665232798623867 0 11.289437914023507 0.356709686479896 0.051688726331448526
16150 0.012665232798623867 0 11.289437914023507 0.356709686479896 0.051688726331448526
16200 0.012665232797544137 0 11.28870825255284 0.35672213214505927 0.05168924366629226
16250 0.012665232797544137 0 11.28870825255284 0.35672213214505927 0.05168924366629226
16300 0.012665232797544137 0 11.28870825255284 0.35672213214505927 0.05168924366629226
16350 0.01266523279710491 0 11.289217846844824 0.3567134400119424 0.051688882353462653
16400 0.012665232796680106 0 11.288888116109257 0.3567190641562238 0.05168911613600183
16450 0.0126652327957656 0 11.28880981085017 0.35672039983465614 0.051689171653915754
16500 0.012665232794751088 0 11.289494418070054 0.3567087227210725 0.05168868626514126
16550 0.012665232794751088 0 11.289494418070054 0.3567087227210725 0.05168868626514126
16600 0.012665232794751088 0 11.289494418070054 0.3567087227210725 0.05168868626514126
16650 0.012665232793071296 0 11.289298419349905 0.35671206565439956 0.05168882522545995
16700 0.012665232793071296 0 11.289298419349905 0.35671206565439956 0.05168882522545995
16750 0.012665232793071296 0 11.289298419349905 0.35671206565439956 0.05168882522545995
16800 0.012665232791822615 0 11.288816530693527 0.35672028513394055 0.051689166886994944
16850 0.012665232790883127 0 11.289331929796266 0.35671149407072755 0.05168880146378626
16900 0.012665232790883127 0 11.289331929796266 0.35671149407072755 0.05168880146378626
16950 0.012665232790883127 0 11.289331929796266 0.35671149407072755 0.05168880146378626
17000 0.012665232790883127 0 11.289331929796266 0.35671149407072755 0.05168880146378626
17050 0.012665232790883127 0 11.289331929796266 0.35671149407072755 0.05168880146378626
17100 0.012665232789610313 0 11.288713301737692 0.3567220459268526 0.05168924007670269
17150 0.012665232789610313 0 11.288713301737692 0.3567220459268526 0.05168924007670269
17200 0.012665232789610313 0 11.288713301737692 0.3567220459268526 0.05168924007670269
17250 0.012665232789610313 0 11.288713301737692 0.3567220459268526 0.05168924007670269
17300 0.012665232789610313 0 11.288713301737692 0.3567220459268526 0.05168924007670269
17350 0.012665232789610313 0 11.288713301737692 0.3567220459268526 0.05168924007670269
17400 0.012665232789610313 0 11.288713301737692 0.3567220459268526 0.05168924007670269
17450 0.012665232789610313 0 11.288713301737692 0.3567220459268526 0.05168924007670269
17500 0.012665232789610313 0 11.288713301737692 0.3567220459268526 0.05168924007670269
17550 0.012665232789533574 0 11.28873425054118 0.35672168859395975 0.05168922522308493
17600 0.012665232789533574 0 11.28873425054118 0.35672168859395975 0.05168922522308493
17650 0.012665232789533574 0 11.28873425054118 0.35672168859395975 0.05168922522308493
17700 0.012665232789533574 0 11.28873425054118 0.35672168859395975 0.05168922522308493
17750 0.012665232789533574 0 11.28873425054118 0.35672168859395975 0.05168922522308493
17800 0.012665232789533574 0 11.28873425054118 0.35672168859395975 0.05168922522308493
17850 0.012665232789444484 0 11.289064819147761 0.35671605002975215 0.05168899084383485
17900 0.012665232789444484 0 11.289064819147761 0.35671605002975215 0.05168899084383485
17950 0.012665232789444484 0 11.289064819147761 0.35671605002975215 0.05168899084383485
18000 0.01266523278941213 0 11.288902381683991 0.35671882071869576 0.05168910601437803
18050 0.01266523278941213 0 11.288902381683991 0.35671882071869576 0.05168910601437803
18100 0.01266523278941213 0 11.288902381683991 0.35671882071869576 0.05168910601437803
18150 0.01266523278941213 0 11.288902381683991 0.35671882071869576 0.05168910601437803
18200 0.012665232789136926 0 11.288764849127663 0.35672116665236314 0.051689203527527774
18250 0.012665232788593179 0 11.28891463964606 0.35671861162429275 0.05168909732221608
18300 0.012665232788593179 0 11.28891463964606 0.35671861162429275 0.05168909732221608
18350 0.012665232788593179 0 11.28891463964606 0.35671861162429275 0.05168909732221608
18400 0.012665232788593179 0 11.28891463964606 0.35671861162429275 0.05168909732221608
18450 0.012665232788593179 0 11.28891463964606 0.35671861162429275 0.05168909732221608
18500 0.012665232788593179 0 11.28891463964606 0.35671861162429275 0.05168909732221608
18550 0.012665232788593179 0 11.28891463964606 0.35671861162429275 0.05168909732221608
18600 0.012665232788593179 0 11.28891463964606 0.35671861162429275 0.05168909732221608
18650 0.012665232788593179 0 11.28891463964606 0.35671861162429275 0.05168909732221608
18700 0.012665232788593179 0 11.28891463964606 0.35671861162429275 0.05168909732221608
18750 0.012665232788593179 0 11.28891463964606 0.35671861162429275 0.05168909732221608
18800 0.012665232788593179 0 11.28891463964606 0.35671861162429275 0.05168909732221608
18850 0.01266523278855559 0 11.28897291844484 0.35671761755806647 0.051689056001616905
18900 0.01266523278855559 0 11.28897291844484 0.35671761755806647 0.051689056001616905
18950 0.01266523278855559 0 11.28897291844484 0.35671761755806647 0.051689056001616905
19000 0.01266523278855559 0 11.28897291844484 0.35671761755806647 0.051689056001616905
19050 0.01266523278855559 0 11.28897291844484 0.35671761755806647 0.051689056001616905
19100 0.01266523278855559 0 11.28897291844484 0.35671761755806647 0.051689056001616905
19150 0.01266523278855559 0 11.28897291844484 0.35671761755806647 0.051689056001616905
19200 0.01266523278855559 0 11.28897291844484 0.35671761755806647 0.051689056001616905
19250 0.01266523278855559 0 11.28897291844484 0.35671761755806647 0.051689056001616905
19300 0.012665232788462513 0 11.28895174221222 0.35671797875994676 0.05168907101580803
19350 0.012665232788462513 0 11.28895174221222 0.35671797875994676 0.05168907101580803
19400 0.012665232788462513 0 11.28895174221222 0.35671797875994676 0.05168907101580803
19450 0.012665232788462513 0 11.28895174221222 0.35671797875994676 0.05168907101580803
19500 0.012665232788462513 0 11.28895174221222 0.35671797875994676 0.05168907101580803
19550 0.012665232788462513 0 11.28895174221222 0.35671797875994676 0.05168907101580803
19600 0.012665232788462513 0 11.28895174221222 0.35671797875994676 0.05168907101580803
19650 0.012665232788462513 0 11.28895174221222 0.35671797875994676 0.05168907101580803
19700 0.012665232788462513 0 11.28895174221222 0.35671797875994676 0.05168907101580803
19750 0.012665232788462513 0 11.28895174221222 0.35671797875994676 0.05168907101580803
19800 0.012665232788462513 0 11.28895174221222 0.35671797875994676 0.05168907101580803
19850 0.012665232788462513 0 11.28895174221222 0.35671797875994676 0.05168907101580803
19900 0.012665232788462513 0 11.28895174221222 0.35671797875994676 0.05168907101580803
19950 0.012665232788462513 0 11.28895174221222 0.35671797875994676 0.05168907101580803
20000 0.012665232788462513 0 11.28895174221222 0.35671797875994676 0.05168907101580803
20050 0.012665232788462513 0 11.28895174221222 0.35671797875994676 0.05168907101580803
20100 0.012665232788462513 0 11.28895174221222 0.35671797875994676 0.05168907101580803
20150 0.012665232788462513 0 11.28895174221222 0.35671797875994676 0.05168907101580803
20200 0.012665232788439852 0 11.289017376713186 0.3567168592334292 0.05168902448004212
20250 0.012665232788439852 0 11.289017376713186 0.3567168592334292 0.05168902448004212
20300 0.012665232788439852 0 11.289017376713186 0.3567168592334292 0.05168902448004212
20350 0.012665232788439852 0 11.289017376713186 0.3567168592334292 0.05168902448004212
20400 0.012665232788439852 0 11.289017376713186 0.3567168592334292 0.05168902448004212
20450 0.012665232788439852 0 11.289017376713186 0.3567168592334292 0.05168902448004212
20500 0.012665232788439852 0 11.289017376713186 0.3567168592334292 0.05168902448004212
20550 0.012665232788439852 0 11.289017376713186 0.3567168592334292 0.05168902448004212
20600 0.012665232788439852 0 11.289017376713186 0.3567168592334292 0.05168902448004212
20650 0.012665232788439852 0 11.289017376713186 0.3567168592334292 0.05168902448004212
20700 0.012665232788439852 0 11.289017376713186 0.3567168592334292 0.05168902448004212
20750 0.012665232788392015 0 11.288962116696412 0.3567178018015572 0.05168906366002974
20800 0.012665232788392015 0 11.288962116696412 0.3567178018015572 0.05168906366002974
20850 0.012665232788392015 0 11.288962116696412 0.3567178018015572 0.05168906366002974
20900 0.012665232788392015 0 11.288962116696412 0.3567178018015572 0.05168906366002974
20950 0.012665232788392015 0 11.288962116696412 0.3567178018015572 0.05168906366002974
21000 0.012665232788392015 0 11.288962116696412 0.3567178018015572 0.05168906366002974
21050 0.012665232788392015 0 11.288962116696412 0.3567178018015572 0.05168906366002974
21100 0.012665232788392015 0 11.288962116696412 0.3567178018015572 0.05168906366002974
21150 0.012665232788338159 0 11.288927948501371 0.35671838460968325 0.05168908788577505
21200 0.012665232788338159 0 11.288927948501371 0.35671838460968325 0.05168908788577505
21250 0.012665232788338159 0 11.288927948501371 0.35671838460968325 0.05168908788577505
21300 0.012665232788338159 0 11.288927948501371 0.35671838460968325 0.05168908788577505
21350 0.012665232788338159 0 11.288927948501371 0.35671838460968325 0.05168908788577505
21400 0.012665232788328422 0 11.288966405731982 0.35671772864227486 0.05168906061899157
21450 0.012665232788328422 0 11.288966405731982 0.35671772864227486 0.05168906061899157
21500 0.012665232788328422 0 11.288966405731982 0.35671772864227486 0.05168906061899157
21550 0.012665232788328422 0 11.288966405731982 0.35671772864227486 0.05168906061899157
21600 0.012665232788328422 0 11.288966405731982 0.35671772864227486 0.05168906061899157
21650 0.012665232788328422 0 11.288966405731982 0.35671772864227486 0.05168906061899157
21700 0.012665232788328422 0 11.288966405731982 0.35671772864227486 0.05168906061899157
21750 0.012665232788328422 0 11.288966405731982 0.35671772864227486 0.05168906061899157
21800 0.012665232788328422 0 11.288966405731982 0.35671772864227486 0.05168906061899157
21850 0.012665232788328422 0 11.288966405731982 0.35671772864227486 0.05168906061899157
21900 0.012665232788328422 0 11.288966405731982 0.35671772864227486 0.05168906061899157
21950 0.012665232788328422 0 11.288966405731982 0.35671772864227486 0.05168906061899157
22000 0.012665232788328422 0 11.288966405731982 0.35671772864227486 0.05168906061899157
22050 0.012665232788328422 0 11.288966405731982 0.35671772864227486 0.05168906061899157
22100 0.012665232788328422 0 11.288966405731982 0.35671772864227486 0.05168906061899157
22150 0.012665232788328422 0 11.288966405731982 0.35671772864227486 0.05168906061899157
22200 0.012665232788328422 0 11.288966405731982 0.35671772864227486 0.05168906061899157
22250 0.012665232788328422 0 11.288966405731982 0.35671772864227486 0.05168906061899157
22300 0.012665232788328422 0 11.288966405731982 0.35671772864227486 0.05168906061899157
22350 0.012665232788328422 0 11.288966405731982 0.35671772864227486 0.05168906061899157
22400 0.012665232788328422 0 11.288966405731982 0.35671772864227486 0.05168906061899157
22450 0.012665232788328422 0 11.288966405731982 0.35671772864227486 0.05168906061899157
22500 0.012665232788328422 0 11.288966405731982 0.35671772864227486 0.05168906061899157
22550 0.012665232788328422 0 11.288966405731982 0.35671772864227486 0.05168906061899157
22600 0.012665232788323223 0 11.288968299083013 0.3567176963472629 0.05168905927657468
22650 0.012665232788323223 0 11.288968299083013 0.3567176963472629 0.05168905927657468
22700 0.012665232788323223 0 11.288968299083013 0.3567176963472629 0.05168905927657468
22750 0.012665232788323223 0 11.288968299083013 0.3567176963472629 0.05168905927657468
22800 0.012665232788323223 0 11.288968299083013 0.3567176963472629 0.05168905927657468
22850 0.012665232788323223 0 11.288968299083013 0.3567176963472629 0.05168905927657468
22900 0.012665232788323223 0 11.288968299083013 0.3567176963472629 0.05168905927657468
22950 0.012665232788323223 0 11.288968299083013 0.3567176963472629 0.05168905927657468
23000 0.012665232788323223 0 11.288968299083013 0.3567176963472629 0.05168905927657468
23050 0.012665232788323223 0 11.288968299083013 0.3567176963472629 0.05168905927657468
23100 0.012665232788323223 0 11.288968299083013 0.3567176963472629 0.05168905927657468
23150 0.012665232788323223 0 11.288968299083013 0.3567176963472629 0.05168905927657468
23200 0.012665232788321969 0 11.288960189785133 0.35671783466773493 0.0516890650261825
23250 0.012665232788321969 0 11.288960189785133 0.35671783466773493 0.0516890650261825
23300 0.012665232788321969 0 11.288960189785133 0.35671783466773493 0.0516890650261825
23350 0.012665232788321969 0 11.288960189785133 0.35671783466773493 0.0516890650261825
23400 0.012665232788321969 0 11.288960189785133 0.35671783466773493 0.0516890650261825
23450 0.01266523278832156 0 11.288970277179738 0.3567176626068139 0.051689057874074726
23500 0.01266523278832156 0 11.288970277179738 0.3567176626068139 0.051689057874074726
23550 0.01266523278832156 0 11.288970277179738 0.3567176626068139 0.051689057874074726
23600 0.01266523278832156 0 11.288970277179738 0.3567176626068139 0.051689057874074726
23650 0.01266523278832156 0 11.288970277179738 0.3567176626068139 0.051689057874074726
23700 0.01266523278832156 0 11.288970277179738 0.3567176626068139 0.051689057874074726
23750 0.01266523278832156 0 11.288970277179738 0.3567176626068139 0.051689057874074726
23800 0.01266523278832156 0 11.288970277179738 0.3567176626068139 0.051689057874074726
23850 0.01266523278832156 0 11.288970277179738 0.3567176626068139 0.051689057874074726
23900 0.01266523278832018 0 11.28896060895782 0.35671782751785985 0.05168906472898166
23950 0.01266523278832018 0 11.28896060895782 0.35671782751785985 0.05168906472898166
24000 0.01266523278832018 0 11.28896060895782 0.35671782751785985 0.05168906472898166
24050 0.01266523278832018 0 11.28896060895782 0.35671782751785985 0.05168906472898166
24100 0.01266523278832018 0 11.28896060895782 0.35671782751785985 0.05168906472898166
24150 0.01266523278832018 0 11.28896060895782 0.35671782751785985 0.05168906472898166
24200 0.01266523278832018 0 11.28896060895782 0.35671782751785985 0.05168906472898166
24250 0.01266523278832018 0 11.28896060895782 0.35671782751785985 0.05168906472898166
24300 0.01266523278832018 0 11.28896060895782 0.35671782751785985 0.05168906472898166
24350 0.01266523278832018 0 11.28896060895782 0.35671782751785985 0.05168906472898166
24400 0.01266523278832016 0 11.288964854899454 0.3567177550947198 0.051689061718547216
24450 0.01266523278832016 0 11.288964854899454 0.3567177550947198 0.051689061718547216
24500 0.01266523278832016 0 11.288964854899454 0.3567177550947198 0.051689061718547216
24550 0.01266523278832016 0 11.288964854899454 0.3567177550947198 0.051689061718547216
24600 0.012665232788319958 0 11.288961426521182 0.3567178135726541 0.051689064149316996
24650 0.012665232788319958 0 11.288961426521182 0.3567178135726541 0.051689064149316996
24700 0.012665232788319958 0 11.288961426521182 0.3567178135726541 0.051689064149316996
24750 0.012665232788319958 0 11.288961426521182 0.3567178135726541 0.051689064149316996
24800 0.012665232788319845 0 11.288965131725238 0.3567177503728915 0.051689061522273455
24850 0.012665232788319845 0 11.288965131725238 0.3567177503728915 0.051689061522273455
24900 0.012665232788319845 0 11.288965131725238 0.3567177503728915 0.051689061522273455
24950 0.012665232788319845 0 11.288965131725238 0.3567177503728915 0.051689061522273455
25000 0.012665232788319845 0 11.288965131725238 0.3567177503728915 0.051689061522273455
25050 0.012665232788319845 0 11.288965131725238 0.3567177503728915 0.051689061522273455
25100 0.012665232788319845 0 11.288965131725238 0.3567177503728915 0.051689061522273455
25150 0.012665232788319845 0 11.288965131725238 0.3567177503728915 0.051689061522273455
25200 0.012665232788319809 0 11.288961898488443 0.35671780552229304 0.05168906381468513
25250 0.012665232788319745 0 11.28896470254286 0.3567177576934626 0.05168906182656991
25300 0.012665232788319745 0 11.28896470254286 0.3567177576934626 0.05168906182656991
25350 0.012665232788319745 0 11.28896470254286 0.3567177576934626 0.05168906182656991
25400 0.012665232788319637 0 11.28896527968374 0.35671774784915766 0.0516890614173685
25450 0.01266523278831947 0 11.288966523791398 0.3567177266283852 0.051689060535278206
25500 0.01266523278831947 0 11.288966523791398 0.3567177266283852 0.051689060535278206
25550 0.01266523278831947 0 11.288966523791398 0.3567177266283852 0.051689060535278206
25600 0.012665232788319464 0 11.288966078698154 0.3567177342203493 0.05168906085085567
25650 0.012665232788319464 0 11.288966078698154 0.3567177342203493 0.05168906085085567
25700 0.012665232788319464 0 11.288966078698154 0.3567177342203493 0.05168906085085567
25750 0.012665232788319464 0 11.288966078698154 0.3567177342203493 0.05168906085085567
25800 0.012665232788319464 0 11.288966078698154 0.3567177342203493 0.05168906085085567
25850 0.012665232788319464 0 11.288966078698154 0.3567177342203493 0.05168906085085567
25900 0.012665232788319464 0 11.288966078698154 0.3567177342203493 0.05168906085085567
25950 0.012665232788319464 0 11.288966078698154 0.3567177342203493 0.05168906085085567
26000 0.012665232788319464 0 11.288966078698154 0.3567177342203493 0.05168906085085567
26050 0.012665232788319464 0 11.288966078698154 0.3567177342203493 0.05168906085085567
26100 0.012665232788319464 0 11.288966078698154 0.3567177342203493 0.05168906085085567
26150 0.012665232788319464 0 11.288966078698154 0.3567177342203493 0.05168906085085567
26200 0.012665232788319464 0 11.288966078698154 0.3567177342203493 0.05168906085085567
26250 0.012665232788319464 0 11.288966078698154 0.3567177342203493 0.05168906085085567
26300 0.012665232788319464 0 11.288966078698154 0.3567177342203493 0.05168906085085567
26350 0.012665232788319441 0 11.288965688395828 0.35671774087774355 0.05168906112758561
26400 0.012665232788319441 0 11.288965688395828 0.35671774087774355 0.05168906112758561
26450 0.012665232788319434 0 11.288965963905175 0.35671773617837493 0.05168906093224551
26500 0.012665232788319434 0 11.288965963905175 0.35671773617837493 0.05168906093224551
26550 0.012665232788319434 0 11.288965963905175 0.35671773617837493 0.05168906093224551
26600 0.012665232788319434 0 11.288965390810946 0.3567177459536551 0.051689061338577556
26650 0.012665232788319434 0 11.288965390810946 0.3567177459536551 0.051689061338577556
26700 0.012665232788319434 0 11.288965390810946 0.3567177459536551 0.051689061338577556
26750 0.012665232788319434 0 11.288965390810946 0.3567177459536551 0.051689061338577556
26800 0.012665232788319434 0 11.288965390810946 0.3567177459536551 0.051689061338577556
26850 0.012665232788319434 0 11.288965390810946 0.3567177459536551 0.051689061338577556
26900 0.012665232788319434 0 11.288965390810946 0.3567177459536551 0.051689061338577556
26950 0.012665232788319434 0 11.288965390810946 0.3567177459536551 0.051689061338577556
27000 0.012665232788319434 0 11.288965390810946 0.3567177459536551 0.051689061338577556
27050 0.01266523278831942 0 11.288966006239054 0.35671773545628493 0.051689060902230174
27100 0.01266523278831942 0 11.288966006239054 0.35671773545628493 0.051689060902230174
27150 0.01266523278831942 0 11.288966006239054 0.35671773545628493 0.051689060902230174
27200 0.01266523278831942 0 11.288966006239054 0.35671773545628493 0.051689060902230174
27250 0.01266523278831942 0 11.288966006239054 0.35671773545628493 0.051689060902230174
27300 0.01266523278831942 0 11.288966006239054 0.35671773545628493 0.051689060902230174
27350 0.01266523278831942 0 11.288966006239054 0.35671773545628493 0.051689060902230174
27400 0.01266523278831942 0 11.288966006239054 0.35671773545628493 0.051689060902230174
27450 0.01266523278831942 0 11.288966006239054 0.35671773545628493 0.051689060902230174
27500 0.01266523278831942 0 11.288966006239054 0.35671773545628493 0.051689060902230174
27550 0.01266523278831942 0 11.288966006239054 0.35671773545628493 0.051689060902230174
27600 0.01266523278831942 0 11.288966006239054 0.35671773545628493 0.051689060902230174
27650 0.012665232788319419 0 11.288966128418968 0.35671773337225965 0.051689060815602865
27700 0.012665232788319419 0 11.288966128418968 0.35671773337225965 0.051689060815602865
27750 0.012665232788319419 0 11.288966128418968 0.35671773337225965 0.051689060815602865
27800 0.012665232788319419 0 11.288966128418968 0.35671773337225965 0.051689060815602865
27850 0.012665232788319419 0 11.288966128418968 0.35671773337225965 0.051689060815602865
27900 0.012665232788319419 0 11.288966128418968 0.35671773337225965 0.051689060815602865
27950 0.012665232788319419 0 11.288966128418968 0.35671773337225965 0.051689060815602865
28000 0.012665232788319417 0 11.288965926451889 0.35671773681721614 0.051689060958800416
28050 0.012665232788319417 0 11.288965926451889 0.35671773681721614 0.051689060958800416
28100 0.012665232788319417 0 11.288965926451889 0.35671773681721614 0.051689060958800416
28150 0.012665232788319417 0 11.288965926451889 0.35671773681721614 0.051689060958800416
28200 0.012665232788319417 0 11.288965926451889 0.35671773681721614 0.051689060958800416
28250 0.012665232788319417 0 11.288965926451889 0.35671773681721614 0.051689060958800416
28300 0.012665232788319417 0 11.288965926451889 0.35671773681721614 0.051689060958800416
28350 0.012665232788319417 0 11.288965926451889 0.35671773681721614 0.051689060958800416
28400 0.012665232788319417 0 11.288965926451889 0.35671773681721614 0.051689060958800416
28450 0.012665232788319417 0 11.288965926451889 0.35671773681721614 0.051689060958800416
28500 0.012665232788319417 0 11.288965926451889 0.35671773681721614 0.051689060958800416
28550 0.012665232788319417 0 11.2889654450865 0.35671774502787557 0.05168906130009539
28600 0.012665232788319417 0 11.2889654450865 0.35671774502787557 0.05168906130009539
28650 0.012665232788319417 0 11.2889654450865 0.35671774502787557 0.05168906130009539
28700 0.012665232788319417 0 11.2889654450865 0.35671774502787557 0.05168906130009539
28750 0.012665232788319417 0 11.2889654450865 0.35671774502787557 0.05168906130009539
28800 0.012665232788319417 0 11.2889654450865 0.35671774502787557 0.05168906130009539
28850 0.012665232788319417 0 11.2889654450865 0.35671774502787557 0.05168906130009539
28900 0.012665232788319415 0 11.288966120159069 0.3567177335131489 0.05168906082145925
28950 0.012665232788319415 0 11.288966120159069 0.3567177335131489 0.05168906082145925
29000 0.012665232788319415 0 11.288966120159069 0.3567177335131489 0.05168906082145925
29050 0.012665232788319415 0 11.288966120159069 0.3567177335131489 0.05168906082145925
29100 0.012665232788319415 0 11.288965826982732 0.35671773851386357 0.051689061029325474
29150 0.012665232788319415 0 11.288965826982732 0.35671773851386357 0.051689061029325474
29200 0.012665232788319415 0 11.288965826982732 0.35671773851386357 0.051689061029325474
29250 0.012665232788319415 0 11.288965826982732 0.35671773851386357 0.051689061029325474
29300 0.012665232788319415 0 11.288965826982732 0.35671773851386357 0.051689061029325474
29350 0.012665232788319415 0 11.288965826982732 0.35671773851386357 0.051689061029325474
29400 0.012665232788319415 0 11.288965790068152 0.3567177391435163 0.05168906105549844
29450 0.012665232788319415 0 11.288965790068152 0.3567177391435163 0.05168906105549844
29500 0.012665232788319415 0 11.288965790068152 0.3567177391435163 0.05168906105549844
29550 0.012665232788319408 0 11.288965692863624 0.3567177408015359 0.05168906112441784
29600 0.012665232788319408 0 11.288965692863624 0.3567177408015359 0.05168906112441784
29650 0.012665232788319408 0 11.288965692863624 0.3567177408015359 0.05168906112441784
29700 0.012665232788319408 0 11.288965692863624 0.3567177408015359 0.05168906112441784
29750 0.012665232788319408 0 11.288965692863624 0.3567177408015359 0.05168906112441784
29800 0.012665232788319408 0 11.288965692863624 0.3567177408015359 0.05168906112441784
29850 0.012665232788319408 0 11.288965692863624 0.3567177408015359 0.05168906112441784
29900 0.012665232788319408 0 11.288965692863624 0.3567177408015359 0.05168906112441784
29950 0.012665232788319408 0 11.288965692863624 0.3567177408015359 0.05168906112441784
30000 0.012665232788319408 0 11.288965692863624 0.3567177408015359 0.05168906112441784
30050 0.012665232788319408 0 11.288965692863624 0.3567177408015359 0.05168906112441784
30100 0.012665232788319408 0 11.288965692863624 0.3567177408015359 0.05168906112441784
30150 0.012665232788319408 0 11.288965692863624 0.3567177408015359 0.05168906112441784
30200 0.012665232788319408 0 11.288965692863624 0.3567177408015359 0.05168906112441784
30250 0.012665232788319408 0 11.288965692863624 0.3567177408015359 0.05168906112441784
30300 0.012665232788319408 0 11.288965692863624 0.3567177408015359 0.05168906112441784
30350 0.012665232788319408 0 11.288965692863624 0.3567177408015359 0.05168906112441784
30400 0.012665232788319408 0 11.288965692863624 0.3567177408015359 0.05168906112441784
30450 0.012665232788319408 0 11.288965692863624 0.3567177408015359 0.05168906112441784
30500 0.012665232788319408 0 11.288965692863624 0.3567177408015359 0.05168906112441784
30550 0.012665232788319408 0 11.288965692863624 0.3567177408015359 0.05168906112441784
30600 0.012665232788319408 0 11.288965692863624 0.3567177408015359 0.05168906112441784
30650 0.012665232788319408 0 11.288965692863624 0.3567177408015359 0.05168906112441784
30700 0.012665232788319408 0 11.288965692863624 0.3567177408015359 0.05168906112441784
30750 0.012665232788319408 0 11.288965692863624 0.3567177408015359 0.05168906112441784
30800 0.012665232788319408 0 11.288965692863624 0.3567177408015359 0.05168906112441784
30850 0.012665232788319408 0 11.288965692863624 0.3567177408015359 0.05168906112441784
30900 0.012665232788319408 0 11.288965692863624 0.3567177408015359 0.05168906112441784
30950 0.012665232788319408 0 11.288965692863624 0.3567177408015359 0.05168906112441784
31000 0.012665232788319408 0 11.288965692863624 0.3567177408015359 0.05168906112441784
31050 0.012665232788319408 0 11.288965692863624 0.3567177408015359 0.05168906112441784
31100 0.012665232788319408 0 11.288965692863624 0.3567177408015359 0.05168906112441784
31150 0.012665232788319408 0 11.288965692863624 0.3567177408015359 0.05168906112441784
31200 0.012665232788319408 0 11.288965692863624 0.3567177408015359 0.05168906112441784
31250 0.012665232788319408 0 11.288965692863624 0.3567177408015359 0.05168906112441784
31300 0.012665232788319408 0 11.288965692863624 0.3567177408015359 0.05168906112441784
31350 0.012665232788319408 0 11.288965692863624 0.3567177408015359 0.05168906112441784
31400 0.012665232788319408 0 11.288965692863624 0.3567177408015359 0.05168906112441784
31450 0.012665232788319408 0 11.288965692863624 0.3567177408015359 0.05168906112441784
31500 0.012665232788319408 0 11.288965692863624 0.3567177408015359 0.05168906112441784
31550 0.012665232788319408 0 11.288965692863624 0.3567177408015359 0.05168906112441784
31600 0.012665232788319408 0 11.288965692863624 0.3567177408015359 0.05168906112441784
31650 0.012665232788319408 0 11.288965692863624 0.3567177408015359 0.05168906112441784
31700 0.012665232788319408 0 11.288965692863624 0.3567177408015359 0.05168906112441784
31750 0.012665232788319408 0 11.288965692863624 0.3567177408015359 0.05168906112441784
31800 0.012665232788319408 0 11.288965692863624 0.3567177408015359 0.05168906112441784
31850 0.012665232788319408 0 11.288965692863624 0.3567177408015359 0.05168906112441784
31900 0.012665232788319408 0 11.288965692863624 0.3567177408015359 0.05168906112441784
31950 0.012665232788319408 0 11.288965692863624 0.3567177408015359 0.05168906112441784
32000 0.012665232788319408 0 11.288965692863624 0.3567177408015359 0.05168906112441784
32050 0.012665232788319408 0 11.288965692863624 0.3567177408015359 0.05168906112441784
32100 0.012665232788319408 0 11.288965692863624 0.3567177408015359 0.05168906112441784
32150 0.012665232788319408 0 11.288965692863624 0.3567177408015359 0.05168906112441784
32200 0.012665232788319408 0 11.288965692863624 0.3567177408015359 0.05168906112441784
32250 0.012665232788319408 0 11.288965692863624 0.3567177408015359 0.05168906112441784
32300 0.012665232788319408 0 11.288965692863624 0.3567177408015359 0.05168906112441784
32350 0.012665232788319408 0 11.288965692863624 0.3567177408015359 0.05168906112441784
32400 0.012665232788319408 0 11.288965692863624 0.3567177408015359 0.05168906112441784
32450 0.012665232788319408 0 11.288965692863624 0.3567177408015359 0.05168906112441784
32500 0.012665232788319408 0 11.288965692863624 0.3567177408015359 0.05168906112441784
32550 0.012665232788319408 0 11.288965692863624 0.3567177408015359 0.05168906112441784
32600 0.012665232788319408 0 11.288965692863624 0.3567177408015359 0.05168906112441784
32650 0.012665232788319408 0 11.288965692863624 0.3567177408015359 0.05168906112441784
32700 0.012665232788319408 0 11.288965692863624 0.3567177408015359 0.05168906112441784
32750 0.012665232788319408 0 11.288965692863624 0.3567177408015359 0.05168906112441784
32800 0.012665232788319408 0 11.288965692863624 0.3567177408015359 0.05168906112441784
32850 0.012665232788319408 0 11.288965692863624 0.3567177408015359 0.05168906112441784
32900 0.012665232788319408 0 11.288965692863624 0.3567177408015359 0.05168906112441784
32950 0.012665232788319408 0 11.288965692863624 0.3567177408015359 0.05168906112441784
33000 0.012665232788319408 0 11.288965692863624 0.3567177408015359 0.05168906112441784
33050 0.012665232788319408 0 11.288965692863624 0.3567177408015359 0.05168906112441784
33100 0.012665232788319408 0 11.288965692863624 0.3567177408015359 0.05168906112441784
33150 0.012665232788319408 0 11.288965692863624 0.3567177408015359 0.05168906112441784
33200 0.012665232788319408 0 11.288965692863624 0.3567177408015359 0.05168906112441784
33250 0.012665232788319408 0 11.288965692863624 0.3567177408015359 0.05168906112441784
33300 0.012665232788319408 0 11.288965692863624 0.3567177408015359 0.05168906112441784
33350 0.012665232788319408 0 11.288965692863624 0.3567177408015359 0.05168906112441784
33400 0.012665232788319408 0 11.288965692863624 0.3567177408015359 0.05168906112441784
33450 0.012665232788319408 0 11.288965692863624 0.3567177408015359 0.05168906112441784
33500 0.012665232788319408 0 11.288965692863624 0.3567177408015359 0.05168906112441784
33550 0.012665232788319408 0 11.288965692863624 0.3567177408015359 0.05168906112441784
33600 0.012665232788319408 0 11.288965692863624 0.3567177408015359 0.05168906112441784
33650 0.012665232788319408 0 11.288965692863624 0.3567177408015359 0.05168906112441784
33700 0.012665232788319408 0 11.288965692863624 0.3567177408015359 0.05168906112441784
33750 0.012665232788319408 0 11.288965692863624 0.3567177408015359 0.05168906112441784
33800 0.012665232788319408 0 11.288965692863624 0.3567177408015359 0.05168906112441784
33850 0.012665232788319408 0 11.288965692863624 0.3567177408015359 0.05168906112441784
33900 0.012665232788319408 0 11.288965692863624 0.3567177408015359 0.05168906112441784
33950 0.012665232788319408 0 11.288965692863624 0.3567177408015359 0.05168906112441784
34000 0.012665232788319408 0 11.288965692863624 0.3567177408015359 0.05168906112441784
34050 0.012665232788319408 0 11.288965692863624 0.3567177408015359 0.05168906112441784
34100 0.012665232788319408 0 11.288965692863624 0.3567177408015359 0.05168906112441784
34150 0.012665232788319408 0 11.288965692863624 0.3567177408015359 0.05168906112441784
34200 0.012665232788319408 0 11.288965692863624 0.3567177408015359 0.05168906112441784
34250 0.012665232788319408 0 11.288965692863624 0.3567177408015359 0.05168906112441784
34300 0.012665232788319408 0 11.288965692863624 0.3567177408015359 0.05168906112441784
34350 0.012665232788319408 0 11.2889656421513 0.356717741666537 0.051689061160373605
34400 0.012665232788319408 0 11.2889656421513 0.356717741666537 0.051689061160373605
34450 0.012665232788319408 0 11.2889656421513 0.356717741666537 0.051689061160373605
34500 0.012665232788319408 0 11.2889656421513 0.356717741666537 0.051689061160373605
34550 0.012665232788319408 0 11.2889656421513 0.356717741666537 0.051689061160373605
34600 0.012665232788319408 0 11.2889656421513 0.356717741666537 0.051689061160373605
34650 0.012665232788319408 0 11.2889656421513 0.356717741666537 0.051689061160373605
34700 0.012665232788319408 0 11.2889656421513 0.356717741666537 0.051689061160373605
34750 0.012665232788319408 0 11.2889656421513 0.356717741666537 0.051689061160373605
34800 0.012665232788319408 0 11.2889656421513 0.356717741666537 0.051689061160373605
34850 0.012665232788319408 0 11.2889656421513 0.356717741666537 0.051689061160373605
34900 0.012665232788319408 0 11.2889656421513 0.356717741666537 0.051689061160373605
34950 0.012665232788319408 0 11.2889656421513 0.356717741666537 0.051689061160373605
35000 0.012665232788319408 0 11.2889656421513 0.356717741666537 0.051689061160373605
35050 0.012665232788319408 0 11.2889656421513 0.356717741666537 0.051689061160373605
35100 0.012665232788319408 0 11.2889656421513 0.356717741666537 0.051689061160373605
35150 0.012665232788319408 0 11.2889656421513 0.356717741666537 0.051689061160373605
35200 0.012665232788319408 0 11.2889656421513 0.356717741666537 0.051689061160373605
35250 0.012665232788319408 0 11.2889656421513 0.356717741666537 0.051689061160373605
35300 0.012665232788319407 0 11.288965529949824 0.35671774358035996 0.05168906123992606
35350 0.012665232788319407 0 11.288965529949824 0.35671774358035996 0.05168906123992606
35400 0.012665232788319407 0 11.288965529949824 0.35671774358035996 0.05168906123992606
35450 0.012665232788319407 0 11.288965529949824 0.35671774358035996 0.05168906123992606
35500 0.012665232788319407 0 11.288965529949824 0.35671774358035996 0.05168906123992606
35550 0.012665232788319407 0 11.288965529949824 0.35671774358035996 0.05168906123992606
35600 0.012665232788319407 0 11.288965529949824 0.35671774358035996 0.05168906123992606
35650 0.012665232788319407 0 11.288965529949824 0.35671774358035996 0.05168906123992606
35700 0.012665232788319407 0 11.288965529949824 0.35671774358035996 0.05168906123992606
35750 0.012665232788319407 0 11.288965529949824 0.35671774358035996 0.05168906123992606
35800 0.012665232788319407 0 11.288965529949824 0.35671774358035996 0.05168906123992606
35850 0.012665232788319407 0 11.288965529949824 0.35671774358035996 0.05168906123992606
35900 0.012665232788319407 0 11.288965529949824 0.35671774358035996 0.05168906123992606
35950 0.012665232788319407 0 11.288965529949824 0.35671774358035996 0.05168906123992606
*---*---*---*---*---*---*---*---*---*---*---*---*---*---*---*---*---*---*---*---*
Status: Finished
Last individual
0.012665232788319407 0 11.288965529949824 0.35671774358035996 0.05168906123992606
Hall of fame
0.012665232788319407 0 11.288965529949824 0.35671774358035996 0.05168906123992606
Last factible individual
0.012665232788319407 0 11.288965529949824 0.35671774358035996 0.05168906123992606
CPU time used (seconds)
1.6220776869995461
