*---*---*---*---*---*---*---*---*---*---*---*---*---*---*---*---*---*---*---*---*
Algorithm: Differential Evolution
Constrainth handling method: DEB
Function: 21
Case: continuous
Seed: 17
Parents size: 50
Offsprings size: 50
maxFe: 36000
CR: 0.9
F: 0.6
rweights: -
*---*---*---*---*---*---*---*---*---*---*---*---*---*---*---*---*---*---*---*---*
ngen ObjectiveFunction ViolationSum ProjectVariables
50 0.0389097075090255 0 3.083230208195266 1.178057428619899 0.08060757625434023
100 0.0389097075090255 0 3.083230208195266 1.178057428619899 0.08060757625434023
150 0.0389097075090255 0 3.083230208195266 1.178057428619899 0.08060757625434023
200 0.03425981707807279 0 9.011148953390794 0.6226529458987143 0.07068921803649464
250 0.03425981707807279 0 9.011148953390794 0.6226529458987143 0.07068921803649464
300 0.03425981707807279 0 9.011148953390794 0.6226529458987143 0.07068921803649464
350 0.02653135303567041 0 10.076288266926412 0.5703016208463032 0.062066986615096825
400 0.02653135303567041 0 10.076288266926412 0.5703016208463032 0.062066986615096825
450 0.013485472554207277 0 15.0 0.3173052365695829 0.05
500 0.013485472554207277 0 15.0 0.3173052365695829 0.05
550 0.013485472554207277 0 15.0 0.3173052365695829 0.05
600 0.013485472554207277 0 15.0 0.3173052365695829 0.05
650 0.013485472554207277 0 15.0 0.3173052365695829 0.05
700 0.013485472554207277 0 15.0 0.3173052365695829 0.05
750 0.013485472554207277 0 15.0 0.3173052365695829 0.05
800 0.013485472554207277 0 15.0 0.3173052365695829 0.05
850 0.013485472554207277 0 15.0 0.3173052365695829 0.05
900 0.013485472554207277 0 15.0 0.3173052365695829 0.05
950 0.013485472554207277 0 15.0 0.3173052365695829 0.05
1000 0.013485472554207277 0 15.0 0.3173052365695829 0.05
1050 0.013485472554207277 0 15.0 0.3173052365695829 0.05
1100 0.013485472554207277 0 15.0 0.3173052365695829 0.05
1150 0.013485472554207277 0 15.0 0.3173052365695829 0.05
1200 0.013485472554207277 0 15.0 0.3173052365695829 0.05
1250 0.013485472554207277 0 15.0 0.3173052365695829 0.05
1300 0.013212692126010613 0 15 0.31088687355319083 0.05
1350 0.013212692126010613 0 15 0.31088687355319083 0.05
1400 0.013212692126010613 0 15 0.31088687355319083 0.05
1450 0.013212692126010613 0 15 0.31088687355319083 0.05
1500 0.013212692126010613 0 15 0.31088687355319083 0.05
1550 0.013212692126010613 0 15 0.31088687355319083 0.05
1600 0.013212692126010613 0 15 0.31088687355319083 0.05
1650 0.013212692126010613 0 15 0.31088687355319083 0.05
1700 0.013212692126010613 0 15 0.31088687355319083 0.05
1750 0.013212692126010613 0 15 0.31088687355319083 0.05
1800 0.013212692126010613 0 15 0.31088687355319083 0.05
1850 0.013212692126010613 0 15 0.31088687355319083 0.05
1900 0.013212692126010613 0 15 0.31088687355319083 0.05
1950 0.013212692126010613 0 15 0.31088687355319083 0.05
2000 0.013212692126010613 0 15 0.31088687355319083 0.05
2050 0.013212692126010613 0 15 0.31088687355319083 0.05
2100 0.013212692126010613 0 15 0.31088687355319083 0.05
2150 0.013112807182761884 0 14.018466617469011 0.3222441424360194 0.05040166128946441
2200 0.013112807182761884 0 14.018466617469011 0.3222441424360194 0.05040166128946441
2250 0.013112807182761884 0 14.018466617469011 0.3222441424360194 0.05040166128946441
2300 0.013112807182761884 0 14.018466617469011 0.3222441424360194 0.05040166128946441
2350 0.013112807182761884 0 14.018466617469011 0.3222441424360194 0.05040166128946441
2400 0.013015924967073291 0 13.537988521626465 0.3283952583953245 0.050505849598834834
2450 0.013015924967073291 0 13.537988521626465 0.3283952583953245 0.050505849598834834
2500 0.012989333875312379 0 12.317926892270368 0.3444881792443078 0.0513175846809019
2550 0.012862449828836265 0 13.739117046010147 0.32289028351175025 0.05030882523288735
2600 0.012840517841199444 0 12.618983574711232 0.33862175736013717 0.05093018463438847
2650 0.012735470868410701 0 13.565998408223265 0.3235669103551224 0.050284827140957784
2700 0.012735470868410701 0 13.565998408223265 0.3235669103551224 0.050284827140957784
2750 0.012735470868410701 0 13.565998408223265 0.3235669103551224 0.050284827140957784
2800 0.01268247801645981 0 10.818403717176501 0.36523660256383417 0.05204726813499351
2850 0.01268247801645981 0 10.818403717176501 0.36523660256383417 0.05204726813499351
2900 0.01268247801645981 0 10.818403717176501 0.36523660256383417 0.05204726813499351
2950 0.01268247801645981 0 10.818403717176501 0.36523660256383417 0.05204726813499351
3000 0.01268247801645981 0 10.818403717176501 0.36523660256383417 0.05204726813499351
3050 0.01268247801645981 0 10.818403717176501 0.36523660256383417 0.05204726813499351
3100 0.01268247801645981 0 10.818403717176501 0.36523660256383417 0.05204726813499351
3150 0.01268247801645981 0 10.818403717176501 0.36523660256383417 0.05204726813499351
3200 0.01268247801645981 0 10.818403717176501 0.36523660256383417 0.05204726813499351
3250 0.01268247801645981 0 10.818403717176501 0.36523660256383417 0.05204726813499351
3300 0.01268247801645981 0 10.818403717176501 0.36523660256383417 0.05204726813499351
3350 0.01268247801645981 0 10.818403717176501 0.36523660256383417 0.05204726813499351
3400 0.01268247801645981 0 10.818403717176501 0.36523660256383417 0.05204726813499351
3450 0.01268247801645981 0 10.818403717176501 0.36523660256383417 0.05204726813499351
3500 0.01268247801645981 0 10.818403717176501 0.36523660256383417 0.05204726813499351
3550 0.01268247801645981 0 10.818403717176501 0.36523660256383417 0.05204726813499351
3600 0.01268247801645981 0 10.818403717176501 0.36523660256383417 0.05204726813499351
3650 0.012682243809903128 0 11.354920151309635 0.3558365392618667 0.051659729792110774
3700 0.012682243809903128 0 11.354920151309635 0.3558365392618667 0.051659729792110774
3750 0.012682243809903128 0 11.354920151309635 0.3558365392618667 0.051659729792110774
3800 0.012682243809903128 0 11.354920151309635 0.3558365392618667 0.051659729792110774
3850 0.012682243809903128 0 11.354920151309635 0.3558365392618667 0.051659729792110774
3900 0.012682243809903128 0 11.354920151309635 0.3558365392618667 0.051659729792110774
3950 0.012682243809903128 0 11.354920151309635 0.3558365392618667 0.051659729792110774
4000 0.012682243809903128 0 11.354920151309635 0.3558365392618667 0.051659729792110774
4050 0.012682243809903128 0 11.354920151309635 0.3558365392618667 0.051659729792110774
4100 0.012682243809903128 0 11.354920151309635 0.3558365392618667 0.051659729792110774
4150 0.012682243809903128 0 11.354920151309635 0.3558365392618667 0.051659729792110774
4200 0.012682243809903128 0 11.354920151309635 0.3558365392618667 0.051659729792110774
4250 0.012682243809903128 0 11.354920151309635 0.3558365392618667 0.051659729792110774
4300 0.012682243809903128 0 11.354920151309635 0.3558365392618667 0.051659729792110774
4350 0.012682243809903128 0 11.354920151309635 0.3558365392618667 0.051659729792110774
4400 0.012682243809903128 0 11.354920151309635 0.3558365392618667 0.051659729792110774
4450 0.012682243809903128 0 11.354920151309635 0.3558365392618667 0.051659729792110774
4500 0.012676954179102619 0 11.973017180916022 0.345668041833498 0.05123099008022833
4550 0.012676954179102619 0 11.973017180916022 0.345668041833498 0.05123099008022833
4600 0.012676954179102619 0 11.973017180916022 0.345668041833498 0.05123099008022833
4650 0.012676954179102619 0 11.973017180916022 0.345668041833498 0.05123099008022833
4700 0.012673975432793524 0 11.44501540212498 0.35418647859420826 0.05158931835989335
4750 0.012673975432793524 0 11.44501540212498 0.35418647859420826 0.05158931835989335
4800 0.012673975432793524 0 11.44501540212498 0.35418647859420826 0.05158931835989335
4850 0.012673975432793524 0 11.44501540212498 0.35418647859420826 0.05158931835989335
4900 0.012673975432793524 0 11.44501540212498 0.35418647859420826 0.05158931835989335
4950 0.012673975432793524 0 11.44501540212498 0.35418647859420826 0.05158931835989335
5000 0.01266962687457281 0 11.415313212316711 0.3546324392399357 0.051605058471345534
5050 0.01266962687457281 0 11.415313212316711 0.3546324392399357 0.051605058471345534
5100 0.01266962687457281 0 11.415313212316711 0.3546324392399357 0.051605058471345534
5150 0.01266962687457281 0 11.415313212316711 0.3546324392399357 0.051605058471345534
5200 0.01266962687457281 0 11.415313212316711 0.3546324392399357 0.051605058471345534
5250 0.01266962687457281 0 11.415313212316711 0.3546324392399357 0.051605058471345534
5300 0.01266962687457281 0 11.415313212316711 0.3546324392399357 0.051605058471345534
5350 0.012666200061276209 0 11.37489684324075 0.35527447155390723 0.051629265907866866
5400 0.012666200061276209 0 11.37489684324075 0.35527447155390723 0.051629265907866866
5450 0.012666200061276209 0 11.37489684324075 0.35527447155390723 0.051629265907866866
5500 0.012666200061276209 0 11.37489684324075 0.35527447155390723 0.051629265907866866
5550 0.012666200061276209 0 11.37489684324075 0.35527447155390723 0.051629265907866866
5600 0.012666200061276209 0 11.37489684324075 0.35527447155390723 0.051629265907866866
5650 0.012666200061276209 0 11.37489684324075 0.35527447155390723 0.051629265907866866
5700 0.012666200061276209 0 11.37489684324075 0.35527447155390723 0.051629265907866866
5750 0.012666200061276209 0 11.37489684324075 0.35527447155390723 0.051629265907866866
5800 0.012666200061276209 0 11.37489684324075 0.35527447155390723 0.051629265907866866
5850 0.012666200061276209 0 11.37489684324075 0.35527447155390723 0.051629265907866866
5900 0.012666200061276209 0 11.37489684324075 0.35527447155390723 0.051629265907866866
5950 0.012666200061276209 0 11.37489684324075 0.35527447155390723 0.051629265907866866
6000 0.012666200061276209 0 11.37489684324075 0.35527447155390723 0.051629265907866866
6050 0.012666200061276209 0 11.37489684324075 0.35527447155390723 0.051629265907866866
6100 0.012666200061276209 0 11.37489684324075 0.35527447155390723 0.051629265907866866
6150 0.012666200061276209 0 11.37489684324075 0.35527447155390723 0.051629265907866866
6200 0.012666200061276209 0 11.37489684324075 0.35527447155390723 0.051629265907866866
6250 0.012666200061276209 0 11.37489684324075 0.35527447155390723 0.051629265907866866
6300 0.012666200061276209 0 11.37489684324075 0.35527447155390723 0.051629265907866866
6350 0.012666200061276209 0 11.37489684324075 0.35527447155390723 0.051629265907866866
6400 0.012665934707251183 0 11.470546225594084 0.3536656178617519 0.051561981479818844
6450 0.012665934707251183 0 11.470546225594084 0.3536656178617519 0.051561981479818844
6500 0.012665913081227212 0 11.443520559116042 0.35411686730961034 0.05158084316731889
6550 0.012665715299261783 0 11.269962645867714 0.35704988864097353 0.05170297815317108
6600 0.012665715299261783 0 11.269962645867714 0.35704988864097353 0.05170297815317108
6650 0.012665715299261783 0 11.269962645867714 0.35704988864097353 0.05170297815317108
6700 0.012665715299261783 0 11.269962645867714 0.35704988864097353 0.05170297815317108
6750 0.012665715299261783 0 11.269962645867714 0.35704988864097353 0.05170297815317108
6800 0.012665715299261783 0 11.269962645867714 0.35704988864097353 0.05170297815317108
6850 0.012665715299261783 0 11.269962645867714 0.35704988864097353 0.05170297815317108
6900 0.012665715299261783 0 11.269962645867714 0.35704988864097353 0.05170297815317108
6950 0.012665715299261783 0 11.269962645867714 0.35704988864097353 0.05170297815317108
7000 0.012665715299261783 0 11.269962645867714 0.35704988864097353 0.05170297815317108
7050 0.012665679447853816 0 11.19573032384254 0.35832441893828576 0.05175583597501493
7100 0.012665425819968143 0 11.321465131510061 0.3561678071797847 0.05166620590392967
7150 0.012665425819968143 0 11.321465131510061 0.3561678071797847 0.05166620590392967
7200 0.012665425819968143 0 11.321465131510061 0.3561678071797847 0.05166620590392967
7250 0.012665425819968143 0 11.321465131510061 0.3561678071797847 0.05166620590392967
7300 0.012665425819968143 0 11.321465131510061 0.3561678071797847 0.05166620590392967
7350 0.012665425819968143 0 11.321465131510061 0.3561678071797847 0.05166620590392967
7400 0.012665425819968143 0 11.321465131510061 0.3561678071797847 0.05166620590392967
7450 0.012665425819968143 0 11.321465131510061 0.3561678071797847 0.05166620590392967
7500 0.012665425819968143 0 11.321465131510061 0.3561678071797847 0.05166620590392967
7550 0.012665425819968143 0 11.321465131510061 0.3561678071797847 0.05166620590392967
7600 0.012665425819968143 0 11.321465131510061 0.3561678071797847 0.05166620590392967
7650 0.012665425819968143 0 11.321465131510061 0.3561678071797847 0.05166620590392967
7700 0.012665425819968143 0 11.321465131510061 0.3561678071797847 0.05166620590392967
7750 0.012665425819968143 0 11.321465131510061 0.3561678071797847 0.05166620590392967
7800 0.012665425819968143 0 11.321465131510061 0.3561678071797847 0.05166620590392967
7850 0.012665425819968143 0 11.321465131510061 0.3561678071797847 0.05166620590392967
7900 0.01266529113345383 0 11.252703434059391 0.357338524113712 0.05171486903359661
7950 0.01266529113345383 0 11.252703434059391 0.357338524113712 0.05171486903359661
8000 0.01266529113345383 0 11.252703434059391 0.357338524113712 0.05171486903359661
8050 0.01266529113345383 0 11.252703434059391 0.357338524113712 0.05171486903359661
8100 0.01266529113345383 0 11.252703434059391 0.357338524113712 0.05171486903359661
8150 0.01266529113345383 0 11.252703434059391 0.357338524113712 0.05171486903359661
8200 0.01266529113345383 0 11.252703434059391 0.357338524113712 0.05171486903359661
8250 0.01266529113345383 0 11.252703434059391 0.357338524113712 0.05171486903359661
8300 0.01266529113345383 0 11.252703434059391 0.357338524113712 0.05171486903359661
8350 0.01266529113345383 0 11.252703434059391 0.357338524113712 0.05171486903359661
8400 0.01266529113345383 0 11.252703434059391 0.357338524113712 0.05171486903359661
8450 0.01266529113345383 0 11.252703434059391 0.357338524113712 0.05171486903359661
8500 0.01266529113345383 0 11.252703434059391 0.357338524113712 0.05171486903359661
8550 0.01266529113345383 0 11.252703434059391 0.357338524113712 0.05171486903359661
8600 0.01266529113345383 0 11.252703434059391 0.357338524113712 0.05171486903359661
8650 0.01266529113345383 0 11.252703434059391 0.357338524113712 0.05171486903359661
8700 0.01266529113345383 0 11.252703434059391 0.357338524113712 0.05171486903359661
8750 0.01266529113345383 0 11.252703434059391 0.357338524113712 0.05171486903359661
8800 0.01266529113345383 0 11.252703434059391 0.357338524113712 0.05171486903359661
8850 0.01266529113345383 0 11.252703434059391 0.357338524113712 0.05171486903359661
8900 0.01266529113345383 0 11.252703434059391 0.357338524113712 0.05171486903359661
8950 0.01266529113345383 0 11.252703434059391 0.357338524113712 0.05171486903359661
9000 0.01266529113345383 0 11.252703434059391 0.357338524113712 0.05171486903359661
9050 0.01266529113345383 0 11.252703434059391 0.357338524113712 0.05171486903359661
9100 0.012665259106075003 0 11.285395591387212 0.35677898161519017 0.05169162242519528
9150 0.012665259106075003 0 11.285395591387212 0.35677898161519017 0.05169162242519528
9200 0.012665259106075003 0 11.285395591387212 0.35677898161519017 0.05169162242519528
9250 0.012665259106075003 0 11.285395591387212 0.35677898161519017 0.05169162242519528
9300 0.012665259106075003 0 11.285395591387212 0.35677898161519017 0.05169162242519528
9350 0.012665259106075003 0 11.285395591387212 0.35677898161519017 0.05169162242519528
9400 0.012665259106075003 0 11.285395591387212 0.35677898161519017 0.05169162242519528
9450 0.012665259106075003 0 11.285395591387212 0.35677898161519017 0.05169162242519528
9500 0.012665259106075003 0 11.285395591387212 0.35677898161519017 0.05169162242519528
9550 0.012665259106075003 0 11.285395591387212 0.35677898161519017 0.05169162242519528
9600 0.012665259106075003 0 11.285395591387212 0.35677898161519017 0.05169162242519528
9650 0.012665259106075003 0 11.285395591387212 0.35677898161519017 0.05169162242519528
9700 0.012665259106075003 0 11.285395591387212 0.35677898161519017 0.05169162242519528
9750 0.012665259106075003 0 11.285395591387212 0.35677898161519017 0.05169162242519528
9800 0.012665259106075003 0 11.285395591387212 0.35677898161519017 0.05169162242519528
9850 0.012665259106075003 0 11.285395591387212 0.35677898161519017 0.05169162242519528
9900 0.01266524296821605 0 11.285781747189946 0.35677222670714515 0.051691327609650985
9950 0.01266524296821605 0 11.285781747189946 0.35677222670714515 0.051691327609650985
10000 0.01266524296821605 0 11.285781747189946 0.35677222670714515 0.051691327609650985
10050 0.01266524296821605 0 11.285781747189946 0.35677222670714515 0.051691327609650985
10100 0.012665241558798487 0 11.285366967804928 0.3567792779097653 0.051691620837755206
10150 0.012665235290385102 0 11.288324004616214 0.3567287247676726 0.051689518438545703
10200 0.012665235290385102 0 11.288324004616214 0.3567287247676726 0.051689518438545703
10250 0.012665235290385102 0 11.288324004616214 0.3567287247676726 0.051689518438545703
10300 0.012665235290385102 0 11.288324004616214 0.3567287247676726 0.051689518438545703
10350 0.012665235290385102 0 11.288324004616214 0.3567287247676726 0.051689518438545703
10400 0.012665235290385102 0 11.288324004616214 0.3567287247676726 0.051689518438545703
10450 0.012665235290385102 0 11.288324004616214 0.3567287247676726 0.051689518438545703
10500 0.012665235290385102 0 11.288324004616214 0.3567287247676726 0.051689518438545703
10550 0.012665235290385102 0 11.288324004616214 0.3567287247676726 0.051689518438545703
10600 0.012665235290385102 0 11.288324004616214 0.3567287247676726 0.051689518438545703
10650 0.012665235290385102 0 11.288324004616214 0.3567287247676726 0.051689518438545703
10700 0.012665235290385102 0 11.288324004616214 0.3567287247676726 0.051689518438545703
10750 0.012665235290385102 0 11.288324004616214 0.3567287247676726 0.051689518438545703
10800 0.012665235290385102 0 11.288324004616214 0.3567287247676726 0.051689518438545703
10850 0.012665235290385102 0 11.288324004616214 0.3567287247676726 0.051689518438545703
10900 0.012665235290385102 0 11.288324004616214 0.3567287247676726 0.051689518438545703
10950 0.012665235290385102 0 11.288324004616214 0.3567287247676726 0.051689518438545703
11000 0.012665234643587412 0 11.29645444425402 0.35659009413336823 0.05168375485084741
11050 0.012665234643587412 0 11.29645444425402 0.35659009413336823 0.05168375485084741
11100 0.012665234399343922 0 11.29311733556806 0.3566469659244634 0.05168611980901544
11150 0.012665234399343922 0 11.29311733556806 0.3566469659244634 0.05168611980901544
11200 0.012665234399343922 0 11.29311733556806 0.3566469659244634 0.05168611980901544
11250 0.012665234399343922 0 11.29311733556806 0.3566469659244634 0.05168611980901544
11300 0.012665234399343922 0 11.29311733556806 0.3566469659244634 0.05168611980901544
11350 0.012665234399343922 0 11.29311733556806 0.3566469659244634 0.05168611980901544
11400 0.012665234399343922 0 11.29311733556806 0.3566469659244634 0.05168611980901544
11450 0.012665234399343922 0 11.29311733556806 0.3566469659244634 0.05168611980901544
11500 0.012665234399343922 0 11.29311733556806 0.3566469659244634 0.05168611980901544
11550 0.012665234399343922 0 11.29311733556806 0.3566469659244634 0.05168611980901544
11600 0.012665234399343922 0 11.29311733556806 0.3566469659244634 0.05168611980901544
11650 0.012665234399343922 0 11.29311733556806 0.3566469659244634 0.05168611980901544
11700 0.012665234399343922 0 11.29311733556806 0.3566469659244634 0.05168611980901544
11750 0.012665234399343922 0 11.29311733556806 0.3566469659244634 0.05168611980901544
11800 0.012665234399343922 0 11.29311733556806 0.3566469659244634 0.05168611980901544
11850 0.012665234399343922 0 11.29311733556806 0.3566469659244634 0.05168611980901544
11900 0.012665234399343922 0 11.29311733556806 0.3566469659244634 0.05168611980901544
11950 0.012665234399343922 0 11.29311733556806 0.3566469659244634 0.05168611980901544
12000 0.012665234113453553 0 11.289208003055714 0.3567136285628829 0.05168889052266582
12050 0.012665234113453553 0 11.289208003055714 0.3567136285628829 0.05168889052266582
12100 0.012665234113453553 0 11.289208003055714 0.3567136285628829 0.05168889052266582
12150 0.012665234113453553 0 11.289208003055714 0.3567136285628829 0.05168889052266582
12200 0.012665234113453553 0 11.289208003055714 0.3567136285628829 0.05168889052266582
12250 0.012665234113453553 0 11.289208003055714 0.3567136285628829 0.05168889052266582
12300 0.012665233449843251 0 11.289364843606133 0.3567109425423362 0.05168877875873921
12350 0.012665233079091917 0 11.291519587733408 0.35667419027277203 0.051687250851838125
12400 0.012665233079091917 0 11.291519587733408 0.35667419027277203 0.051687250851838125
12450 0.012665233079091917 0 11.291519587733408 0.35667419027277203 0.051687250851838125
12500 0.012665233079091917 0 11.291519587733408 0.35667419027277203 0.051687250851838125
12550 0.012665233079091917 0 11.291519587733408 0.35667419027277203 0.051687250851838125
12600 0.012665233079091917 0 11.291519587733408 0.35667419027277203 0.051687250851838125
12650 0.012665233079091917 0 11.291519587733408 0.35667419027277203 0.051687250851838125
12700 0.012665233079091917 0 11.291519587733408 0.35667419027277203 0.051687250851838125
12750 0.012665233079091917 0 11.291519587733408 0.35667419027277203 0.051687250851838125
12800 0.012665233079091917 0 11.291519587733408 0.35667419027277203 0.051687250851838125
12850 0.012665233079091917 0 11.291519587733408 0.35667419027277203 0.051687250851838125
12900 0.012665233079091917 0 11.291519587733408 0.35667419027277203 0.051687250851838125
12950 0.012665233079091917 0 11.291519587733408 0.35667419027277203 0.051687250851838125
13000 0.012665233079091917 0 11.291519587733408 0.35667419027277203 0.051687250851838125
13050 0.012665233021794894 0 11.288254222968035 0.3567298804809633 0.05168956579899073
13100 0.012665233021794894 0 11.288254222968035 0.3567298804809633 0.05168956579899073
13150 0.012665233021794894 0 11.288254222968035 0.3567298804809633 0.05168956579899073
13200 0.012665233021794894 0 11.288254222968035 0.3567298804809633 0.05168956579899073
13250 0.012665233021794894 0 11.288254222968035 0.3567298804809633 0.05168956579899073
13300 0.012665233021794894 0 11.288254222968035 0.3567298804809633 0.05168956579899073
13350 0.012665233006839383 0 11.287078526996066 0.35674993663109766 0.05169039951737473
13400 0.012665233006839383 0 11.287078526996066 0.35674993663109766 0.05169039951737473
13450 0.012665233006839383 0 11.287078526996066 0.35674993663109766 0.05169039951737473
13500 0.012665233006839383 0 11.287078526996066 0.35674993663109766 0.05169039951737473
13550 0.012665233006839383 0 11.287078526996066 0.35674993663109766 0.05169039951737473
13600 0.012665233006839383 0 11.287078526996066 0.35674993663109766 0.05169039951737473
13650 0.012665233006839383 0 11.287078526996066 0.35674993663109766 0.05169039951737473
13700 0.01266523296763841 0 11.286663898065667 0.35675701104917945 0.05169069345116619
13750 0.01266523288600358 0 11.28619114854024 0.35676507592104395 0.05169102864399885
13800 0.01266523288600358 0 11.28619114854024 0.35676507592104395 0.05169102864399885
13850 0.01266523288600358 0 11.28619114854024 0.35676507592104395 0.05169102864399885
13900 0.01266523288600358 0 11.28619114854024 0.35676507592104395 0.05169102864399885
13950 0.01266523288600358 0 11.28619114854024 0.35676507592104395 0.05169102864399885
14000 0.01266523288600358 0 11.28619114854024 0.35676507592104395 0.05169102864399885
14050 0.01266523288600358 0 11.28619114854024 0.35676507592104395 0.05169102864399885
14100 0.01266523288600358 0 11.28619114854024 0.35676507592104395 0.05169102864399885
14150 0.01266523288600358 0 11.28619114854024 0.35676507592104395 0.05169102864399885
14200 0.01266523288600358 0 11.28619114854024 0.35676507592104395 0.05169102864399885
14250 0.01266523288600358 0 11.28619114854024 0.35676507592104395 0.05169102864399885
14300 0.012665232856421042 0 11.288902721170233 0.3567188158000617 0.05168910584723422
14350 0.012665232856421042 0 11.288902721170233 0.3567188158000617 0.05168910584723422
14400 0.012665232856421042 0 11.288902721170233 0.3567188158000617 0.05168910584723422
14450 0.012665232856421042 0 11.288902721170233 0.3567188158000617 0.05168910584723422
14500 0.012665232856421042 0 11.288902721170233 0.3567188158000617 0.05168910584723422
14550 0.012665232856421042 0 11.288902721170233 0.3567188158000617 0.05168910584723422
14600 0.012665232856421042 0 11.288902721170233 0.3567188158000617 0.05168910584723422
14650 0.012665232853347549 0 11.288905376830085 0.3567187706266389 0.051689103949026295
14700 0.012665232853347549 0 11.288905376830085 0.3567187706266389 0.051689103949026295
14750 0.012665232853347549 0 11.288905376830085 0.3567187706266389 0.051689103949026295
14800 0.012665232853347549 0 11.288905376830085 0.3567187706266389 0.051689103949026295
14850 0.012665232853347549 0 11.288905376830085 0.3567187706266389 0.051689103949026295
14900 0.012665232853347549 0 11.288905376830085 0.3567187706266389 0.051689103949026295
14950 0.012665232819797404 0 11.288483363762033 0.3567259686088151 0.05168940314051094
15000 0.012665232819797404 0 11.288483363762033 0.3567259686088151 0.05168940314051094
15050 0.012665232819797404 0 11.288483363762033 0.3567259686088151 0.05168940314051094
15100 0.012665232819223361 0 11.289676332407614 0.3567056203485442 0.051688557320035515
15150 0.012665232819223361 0 11.289676332407614 0.3567056203485442 0.051688557320035515
15200 0.012665232819223361 0 11.289676332407614 0.3567056203485442 0.051688557320035515
15250 0.012665232819223361 0 11.289676332407614 0.3567056203485442 0.051688557320035515
15300 0.012665232806570228 0 11.289519172757133 0.3567083006849805 0.051688668725851344
15350 0.012665232806570228 0 11.289519172757133 0.3567083006849805 0.051688668725851344
15400 0.012665232806570228 0 11.289519172757133 0.3567083006849805 0.051688668725851344
15450 0.012665232806570228 0 11.289519172757133 0.3567083006849805 0.051688668725851344
15500 0.012665232801770072 0 11.288132020801546 0.35673196169240434 0.05168965224477337
15550 0.012665232801770072 0 11.288132020801546 0.35673196169240434 0.05168965224477337
15600 0.012665232801770072 0 11.288132020801546 0.35673196169240434 0.05168965224477337
15650 0.012665232801770072 0 11.288132020801546 0.35673196169240434 0.05168965224477337
15700 0.012665232801770072 0 11.288132020801546 0.35673196169240434 0.05168965224477337
15750 0.012665232801770072 0 11.288132020801546 0.35673196169240434 0.05168965224477337
15800 0.012665232801770072 0 11.288132020801546 0.35673196169240434 0.05168965224477337
15850 0.012665232801770072 0 11.288132020801546 0.35673196169240434 0.05168965224477337
15900 0.012665232801770072 0 11.288132020801546 0.35673196169240434 0.05168965224477337
15950 0.012665232801770072 0 11.288132020801546 0.35673196169240434 0.05168965224477337
16000 0.012665232801770072 0 11.288132020801546 0.35673196169240434 0.05168965224477337
16050 0.012665232801770072 0 11.288132020801546 0.35673196169240434 0.05168965224477337
16100 0.012665232800694032 0 11.288643145383885 0.35672324278024226 0.051689289831392864
16150 0.012665232800694032 0 11.288643145383885 0.35672324278024226 0.051689289831392864
16200 0.012665232800694032 0 11.288643145383885 0.35672324278024226 0.051689289831392864
16250 0.012665232800694032 0 11.288643145383885 0.35672324278024226 0.051689289831392864
16300 0.012665232800694032 0 11.288643145383885 0.35672324278024226 0.051689289831392864
16350 0.012665232800694032 0 11.288643145383885 0.35672324278024226 0.051689289831392864
16400 0.012665232800694032 0 11.288643145383885 0.35672324278024226 0.051689289831392864
16450 0.012665232797731308 0 11.28858574736562 0.3567242218427452 0.05168933052401464
16500 0.012665232797731308 0 11.28858574736562 0.3567242218427452 0.05168933052401464
16550 0.012665232797731308 0 11.28858574736562 0.3567242218427452 0.05168933052401464
16600 0.012665232797731308 0 11.28858574736562 0.3567242218427452 0.05168933052401464
16650 0.012665232797731308 0 11.28858574736562 0.3567242218427452 0.05168933052401464
16700 0.012665232797731308 0 11.28858574736562 0.3567242218427452 0.05168933052401464
16750 0.012665232797731308 0 11.28858574736562 0.3567242218427452 0.05168933052401464
16800 0.012665232797517832 0 11.288620544600683 0.35672362823856074 0.0516893058539814
16850 0.012665232794362205 0 11.288618037694432 0.35672367097690166 0.05168930762675609
16900 0.012665232794362205 0 11.288618037694432 0.35672367097690166 0.05168930762675609
16950 0.012665232792948513 0 11.288766789115558 0.3567211336243718 0.05168920215522046
17000 0.012665232792266917 0 11.288819662983657 0.3567202317281386 0.051689164665388684
17050 0.012665232792266917 0 11.288819662983657 0.3567202317281386 0.051689164665388684
17100 0.012665232792266917 0 11.288819662983657 0.3567202317281386 0.051689164665388684
17150 0.012665232792266917 0 11.288819662983657 0.3567202317281386 0.051689164665388684
17200 0.012665232792266917 0 11.288819662983657 0.3567202317281386 0.051689164665388684
17250 0.012665232792266917 0 11.288819662983657 0.3567202317281386 0.051689164665388684
17300 0.012665232792266917 0 11.288819662983657 0.3567202317281386 0.051689164665388684
17350 0.012665232792266917 0 11.288819662983657 0.3567202317281386 0.051689164665388684
17400 0.012665232792266917 0 11.288819662983657 0.3567202317281386 0.051689164665388684
17450 0.012665232792266917 0 11.288819662983657 0.3567202317281386 0.051689164665388684
17500 0.012665232792266917 0 11.288819662983657 0.3567202317281386 0.051689164665388684
17550 0.012665232792266917 0 11.288819662983657 0.3567202317281386 0.051689164665388684
17600 0.012665232792266917 0 11.288819662983657 0.3567202317281386 0.051689164665388684
17650 0.012665232789803171 0 11.28903267543329 0.35671659830942753 0.05168901363408123
17700 0.012665232789772983 0 11.288950387473724 0.3567180018909626 0.05168907197733365
17750 0.012665232789772983 0 11.288950387473724 0.3567180018909626 0.05168907197733365
17800 0.012665232789772983 0 11.288950387473724 0.3567180018909626 0.05168907197733365
17850 0.012665232789772983 0 11.288950387473724 0.3567180018909626 0.05168907197733365
17900 0.012665232789772983 0 11.288950387473724 0.3567180018909626 0.05168907197733365
17950 0.012665232789250977 0 11.288819811014013 0.35672022914776347 0.05168916455828917
18000 0.012665232788615682 0 11.28897186028526 0.3567176356071834 0.05168905675198347
18050 0.012665232788615682 0 11.28897186028526 0.3567176356071834 0.05168905675198347
18100 0.012665232788615682 0 11.28897186028526 0.3567176356071834 0.05168905675198347
18150 0.012665232788615682 0 11.28897186028526 0.3567176356071834 0.05168905675198347
18200 0.012665232788615682 0 11.28897186028526 0.3567176356071834 0.05168905675198347
18250 0.012665232788615682 0 11.28897186028526 0.3567176356071834 0.05168905675198347
18300 0.012665232788615682 0 11.28897186028526 0.3567176356071834 0.05168905675198347
18350 0.012665232788615682 0 11.28897186028526 0.3567176356071834 0.05168905675198347
18400 0.012665232788615682 0 11.28897186028526 0.3567176356071834 0.05168905675198347
18450 0.012665232788615682 0 11.28897186028526 0.3567176356071834 0.05168905675198347
18500 0.012665232788615682 0 11.28897186028526 0.3567176356071834 0.05168905675198347
18550 0.012665232788615682 0 11.28897186028526 0.3567176356071834 0.05168905675198347
18600 0.012665232788615682 0 11.28897186028526 0.3567176356071834 0.05168905675198347
18650 0.012665232788615682 0 11.28897186028526 0.3567176356071834 0.05168905675198347
18700 0.012665232788535543 0 11.288837044872272 0.35671993517350964 0.05168915233842492
18750 0.012665232788535543 0 11.288837044872272 0.35671993517350964 0.05168915233842492
18800 0.012665232788535543 0 11.288837044872272 0.35671993517350964 0.05168915233842492
18850 0.012665232788535543 0 11.288837044872272 0.35671993517350964 0.05168915233842492
18900 0.012665232788535543 0 11.288837044872272 0.35671993517350964 0.05168915233842492
18950 0.012665232788535543 0 11.288837044872272 0.35671993517350964 0.05168915233842492
19000 0.012665232788535543 0 11.288837044872272 0.35671993517350964 0.05168915233842492
19050 0.012665232788535543 0 11.288837044872272 0.35671993517350964 0.05168915233842492
19100 0.012665232788535543 0 11.288837044872272 0.35671993517350964 0.05168915233842492
19150 0.012665232788535543 0 11.288837044872272 0.35671993517350964 0.05168915233842492
19200 0.012665232788535543 0 11.288837044872272 0.35671993517350964 0.05168915233842492
19250 0.012665232788535543 0 11.288837044872272 0.35671993517350964 0.05168915233842492
19300 0.012665232788535543 0 11.288837044872272 0.35671993517350964 0.05168915233842492
19350 0.012665232788481319 0 11.288993026137932 0.35671727458012686 0.05168904174494073
19400 0.012665232788481319 0 11.288993026137932 0.35671727458012686 0.05168904174494073
19450 0.012665232788481319 0 11.288993026137932 0.35671727458012686 0.05168904174494073
19500 0.012665232788481319 0 11.288993026137932 0.35671727458012686 0.05168904174494073
19550 0.012665232788481319 0 11.288993026137932 0.35671727458012686 0.05168904174494073
19600 0.012665232788478566 0 11.288993321265401 0.35671726954603433 0.05168904153569429
19650 0.012665232788478566 0 11.288993321265401 0.35671726954603433 0.05168904153569429
19700 0.012665232788478566 0 11.288993321265401 0.35671726954603433 0.05168904153569429
19750 0.012665232788478566 0 11.288993321265401 0.35671726954603433 0.05168904153569429
19800 0.012665232788478566 0 11.288993321265401 0.35671726954603433 0.05168904153569429
19850 0.012665232788478566 0 11.288993321265401 0.35671726954603433 0.05168904153569429
19900 0.012665232788447518 0 11.288945877624135 0.3567180787927541 0.05168907517384638
19950 0.012665232788447518 0 11.288945877624135 0.3567180787927541 0.05168907517384638
20000 0.012665232788385238 0 11.2889854616596 0.3567174036062096 0.05168904710813009
20050 0.01266523278837629 0 11.288989986331929 0.3567173264286968 0.05168904390008168
20100 0.01266523278837629 0 11.288989986331929 0.3567173264286968 0.05168904390008168
20150 0.01266523278837629 0 11.288989986331929 0.3567173264286968 0.05168904390008168
20200 0.01266523278837629 0 11.288989986331929 0.3567173264286968 0.05168904390008168
20250 0.01266523278837629 0 11.288989986331929 0.3567173264286968 0.05168904390008168
20300 0.01266523278837629 0 11.288989986331929 0.3567173264286968 0.05168904390008168
20350 0.01266523278837629 0 11.288989986331929 0.3567173264286968 0.05168904390008168
20400 0.01266523278837629 0 11.288989986331929 0.3567173264286968 0.05168904390008168
20450 0.01266523278837629 0 11.288989986331929 0.3567173264286968 0.05168904390008168
20500 0.01266523278837629 0 11.288989986331929 0.3567173264286968 0.05168904390008168
20550 0.01266523278837629 0 11.288989986331929 0.3567173264286968 0.05168904390008168
20600 0.01266523278837629 0 11.288989986331929 0.3567173264286968 0.05168904390008168
20650 0.01266523278837629 0 11.288989986331929 0.3567173264286968 0.05168904390008168
20700 0.01266523278837629 0 11.288989986331929 0.3567173264286968 0.05168904390008168
20750 0.012665232788351844 0 11.288959583007816 0.3567178450178852 0.051689065456433626
20800 0.012665232788351844 0 11.288959583007816 0.3567178450178852 0.051689065456433626
20850 0.012665232788351844 0 11.288959583007816 0.3567178450178852 0.051689065456433626
20900 0.012665232788351844 0 11.288959583007816 0.3567178450178852 0.051689065456433626
20950 0.012665232788351844 0 11.288959583007816 0.3567178450178852 0.051689065456433626
21000 0.012665232788351844 0 11.288959583007816 0.3567178450178852 0.051689065456433626
21050 0.012665232788351844 0 11.288959583007816 0.3567178450178852 0.051689065456433626
21100 0.012665232788343986 0 11.288966623225937 0.3567177249327575 0.051689060464796634
21150 0.012665232788343986 0 11.288966623225937 0.3567177249327575 0.051689060464796634
21200 0.012665232788329157 0 11.288960614471556 0.3567178274239747 0.05168906472507887
21250 0.012665232788329157 0 11.288960614471556 0.3567178274239747 0.05168906472507887
21300 0.012665232788329157 0 11.288960614471556 0.3567178274239747 0.05168906472507887
21350 0.012665232788329157 0 11.288960614471556 0.3567178274239747 0.05168906472507887
21400 0.012665232788329157 0 11.288960614471556 0.3567178274239747 0.05168906472507887
21450 0.012665232788329157 0 11.288960614471556 0.3567178274239747 0.05168906472507887
21500 0.012665232788329157 0 11.288960614471556 0.3567178274239747 0.05168906472507887
21550 0.012665232788329157 0 11.288960614471556 0.3567178274239747 0.05168906472507887
21600 0.012665232788329157 0 11.288960614471556 0.3567178274239747 0.05168906472507887
21650 0.012665232788329157 0 11.288960614471556 0.3567178274239747 0.05168906472507887
21700 0.012665232788329157 0 11.288960614471556 0.3567178274239747 0.05168906472507887
21750 0.012665232788329157 0 11.288960614471556 0.3567178274239747 0.05168906472507887
21800 0.012665232788324158 0 11.288970306005837 0.3567176621151593 0.05168905785363957
21850 0.012665232788324158 0 11.288970306005837 0.3567176621151593 0.05168905785363957
21900 0.012665232788324158 0 11.288970306005837 0.3567176621151593 0.05168905785363957
21950 0.01266523278832341 0 11.288966280706067 0.3567177307747506 0.051689060707633294
22000 0.012665232788322897 0 11.288970081462796 0.3567176659451794 0.05168905801284212
22050 0.012665232788322897 0 11.288970081462796 0.3567176659451794 0.05168905801284212
22100 0.012665232788322897 0 11.288970081462796 0.3567176659451794 0.05168905801284212
22150 0.012665232788322897 0 11.288970081462796 0.3567176659451794 0.05168905801284212
22200 0.012665232788322897 0 11.288970081462796 0.3567176659451794 0.05168905801284212
22250 0.012665232788322135 0 11.288958766752016 0.3567178589404585 0.051689066035134325
22300 0.012665232788322135 0 11.288958766752016 0.3567178589404585 0.051689066035134325
22350 0.012665232788322135 0 11.288958766752016 0.3567178589404585 0.051689066035134325
22400 0.012665232788322135 0 11.288958766752016 0.3567178589404585 0.051689066035134325
22450 0.012665232788322135 0 11.288958766752016 0.3567178589404585 0.051689066035134325
22500 0.012665232788322135 0 11.288958766752016 0.3567178589404585 0.051689066035134325
22550 0.012665232788322135 0 11.288958766752016 0.3567178589404585 0.051689066035134325
22600 0.012665232788322135 0 11.288958766752016 0.3567178589404585 0.051689066035134325
22650 0.012665232788322135 0 11.288958766752016 0.3567178589404585 0.051689066035134325
22700 0.012665232788322111 0 11.288972573208744 0.3567176234434426 0.051689056246158056
22750 0.012665232788320224 0 11.288965900306449 0.3567177372631897 0.05168906097733881
22800 0.012665232788320224 0 11.288965900306449 0.3567177372631897 0.05168906097733881
22850 0.012665232788320224 0 11.288965900306449 0.3567177372631897 0.05168906097733881
22900 0.012665232788320224 0 11.288965900306449 0.3567177372631897 0.05168906097733881
22950 0.012665232788320224 0 11.288965900306449 0.3567177372631897 0.05168906097733881
23000 0.012665232788320224 0 11.288965900306449 0.3567177372631897 0.05168906097733881
23050 0.012665232788320224 0 11.288965900306449 0.3567177372631897 0.05168906097733881
23100 0.012665232788320224 0 11.288965900306449 0.3567177372631897 0.05168906097733881
23150 0.012665232788320224 0 11.288965900306449 0.3567177372631897 0.05168906097733881
23200 0.012665232788320224 0 11.288965900306449 0.3567177372631897 0.05168906097733881
23250 0.012665232788320224 0 11.288965900306449 0.3567177372631897 0.05168906097733881
23300 0.012665232788320017 0 11.28896377255586 0.3567177735562773 0.05168906248594436
23350 0.012665232788320017 0 11.28896377255586 0.3567177735562773 0.05168906248594436
23400 0.012665232788320017 0 11.28896377255586 0.3567177735562773 0.05168906248594436
23450 0.012665232788320017 0 11.28896377255586 0.3567177735562773 0.05168906248594436
23500 0.0126652327883198 0 11.288961158447835 0.356717818145188 0.05168906433938469
23550 0.0126652327883198 0 11.288961158447835 0.356717818145188 0.05168906433938469
23600 0.0126652327883198 0 11.288961158447835 0.356717818145188 0.05168906433938469
23650 0.0126652327883198 0 11.288961158447835 0.356717818145188 0.05168906433938469
23700 0.0126652327883198 0 11.288961158447835 0.356717818145188 0.05168906433938469
23750 0.0126652327883198 0 11.288961158447835 0.356717818145188 0.05168906433938469
23800 0.0126652327883198 0 11.288961158447835 0.356717818145188 0.05168906433938469
23850 0.0126652327883198 0 11.288961158447835 0.356717818145188 0.05168906433938469
23900 0.0126652327883198 0 11.288961158447835 0.356717818145188 0.05168906433938469
23950 0.0126652327883198 0 11.288961158447835 0.356717818145188 0.05168906433938469
24000 0.0126652327883198 0 11.288961158447835 0.356717818145188 0.05168906433938469
24050 0.0126652327883198 0 11.288961158447835 0.356717818145188 0.05168906433938469
24100 0.0126652327883198 0 11.288961158447835 0.356717818145188 0.05168906433938469
24150 0.0126652327883198 0 11.288961158447835 0.356717818145188 0.05168906433938469
24200 0.0126652327883198 0 11.288961158447835 0.356717818145188 0.05168906433938469
24250 0.0126652327883198 0 11.288961158447835 0.356717818145188 0.05168906433938469
24300 0.0126652327883198 0 11.288961158447835 0.356717818145188 0.05168906433938469
24350 0.012665232788319552 0 11.288965136111889 0.35671775029806385 0.051689061519162985
24400 0.012665232788319552 0 11.288965136111889 0.35671775029806385 0.051689061519162985
24450 0.012665232788319552 0 11.288965136111889 0.35671775029806385 0.051689061519162985
24500 0.012665232788319552 0 11.288965136111889 0.35671775029806385 0.051689061519162985
24550 0.012665232788319552 0 11.288965136111889 0.35671775029806385 0.051689061519162985
24600 0.012665232788319552 0 11.288965136111889 0.35671775029806385 0.051689061519162985
24650 0.012665232788319552 0 11.288965136111889 0.35671775029806385 0.051689061519162985
24700 0.012665232788319552 0 11.288965136111889 0.35671775029806385 0.051689061519162985
24750 0.012665232788319552 0 11.288965136111889 0.35671775029806385 0.051689061519162985
24800 0.012665232788319459 0 11.288964909542477 0.35671775416266216 0.05168906167980385
24850 0.012665232788319459 0 11.288964909542477 0.35671775416266216 0.05168906167980385
24900 0.012665232788319459 0 11.288964909542477 0.35671775416266216 0.05168906167980385
24950 0.012665232788319459 0 11.288964909542477 0.35671775416266216 0.05168906167980385
25000 0.012665232788319459 0 11.288964909542477 0.35671775416266216 0.05168906167980385
25050 0.012665232788319459 0 11.288964909542477 0.35671775416266216 0.05168906167980385
25100 0.012665232788319459 0 11.288964909542477 0.35671775416266216 0.05168906167980385
25150 0.012665232788319459 0 11.288964909542477 0.35671775416266216 0.05168906167980385
25200 0.012665232788319459 0 11.288964909542477 0.35671775416266216 0.05168906167980385
25250 0.012665232788319457 0 11.28896676961663 0.35671772243533956 0.051689060360984584
25300 0.012665232788319457 0 11.28896676961663 0.35671772243533956 0.051689060360984584
25350 0.012665232788319436 0 11.288965675676177 0.35671774109470283 0.051689061136604014
25400 0.012665232788319436 0 11.288965675676177 0.35671774109470283 0.051689061136604014
25450 0.012665232788319436 0 11.288965675676177 0.35671774109470283 0.051689061136604014
25500 0.012665232788319436 0 11.288965675676177 0.35671774109470283 0.051689061136604014
25550 0.012665232788319436 0 11.288965675676177 0.35671774109470283 0.051689061136604014
25600 0.012665232788319436 0 11.288965675676177 0.35671774109470283 0.051689061136604014
25650 0.012665232788319436 0 11.288965675676177 0.35671774109470283 0.051689061136604014
25700 0.012665232788319436 0 11.288965675676177 0.35671774109470283 0.051689061136604014
25750 0.012665232788319436 0 11.288965675676177 0.35671774109470283 0.051689061136604014
25800 0.012665232788319436 0 11.288965675676177 0.35671774109470283 0.051689061136604014
25850 0.012665232788319436 0 11.288965675676177 0.35671774109470283 0.051689061136604014
25900 0.012665232788319433 0 11.288966416036455 0.35671772846636285 0.05168906061167796
25950 0.012665232788319433 0 11.288966416036455 0.35671772846636285 0.05168906061167796
26000 0.012665232788319433 0 11.288966416036455 0.35671772846636285 0.05168906061167796
26050 0.012665232788319433 0 11.288966416036455 0.35671772846636285 0.05168906061167796
26100 0.012665232788319433 0 11.288966416036455 0.35671772846636285 0.05168906061167796
26150 0.012665232788319433 0 11.288966416036455 0.35671772846636285 0.05168906061167796
26200 0.012665232788319426 0 11.288966071441807 0.35671773434412035 0.051689060856000495
26250 0.012665232788319426 0 11.288966071441807 0.35671773434412035 0.051689060856000495
26300 0.012665232788319426 0 11.288966071441807 0.35671773434412035 0.051689060856000495
26350 0.012665232788319426 0 11.288966071441807 0.35671773434412035 0.051689060856000495
26400 0.012665232788319426 0 11.288966071441807 0.35671773434412035 0.051689060856000495
26450 0.012665232788319426 0 11.288966071441807 0.35671773434412035 0.051689060856000495
26500 0.012665232788319426 0 11.288966071441807 0.35671773434412035 0.051689060856000495
26550 0.012665232788319426 0 11.288966071441807 0.35671773434412035 0.051689060856000495
26600 0.012665232788319426 0 11.288966071441807 0.35671773434412035 0.051689060856000495
26650 0.012665232788319426 0 11.288966071441807 0.35671773434412035 0.051689060856000495
26700 0.012665232788319426 0 11.288966071441807 0.35671773434412035 0.051689060856000495
26750 0.012665232788319426 0 11.288965356794584 0.35671774653387284 0.05168906136269563
26800 0.012665232788319426 0 11.288965356794584 0.35671774653387284 0.05168906136269563
26850 0.012665232788319419 0 11.288965747183337 0.3567177398750036 0.05168906108590439
26900 0.012665232788319419 0 11.288965747183337 0.3567177398750036 0.05168906108590439
26950 0.012665232788319419 0 11.288965747183337 0.3567177398750036 0.05168906108590439
27000 0.012665232788319415 0 11.288966220023477 0.3567177318097597 0.05168906075065395
27050 0.012665232788319415 0 11.288966220023477 0.3567177318097597 0.05168906075065395
27100 0.012665232788319415 0 11.288966220023477 0.3567177318097597 0.05168906075065395
27150 0.012665232788319415 0 11.288966220023477 0.3567177318097597 0.05168906075065395
27200 0.012665232788319415 0 11.288966220023477 0.3567177318097597 0.05168906075065395
27250 0.012665232788319415 0 11.288966220023477 0.3567177318097597 0.05168906075065395
27300 0.012665232788319415 0 11.288966220023477 0.3567177318097597 0.05168906075065395
27350 0.012665232788319415 0 11.288966220023477 0.3567177318097597 0.05168906075065395
27400 0.012665232788319415 0 11.288966220023477 0.3567177318097597 0.05168906075065395
27450 0.012665232788319415 0 11.288966220023477 0.3567177318097597 0.05168906075065395
27500 0.012665232788319415 0 11.288965942894443 0.3567177365367552 0.05168906094714241
27550 0.012665232788319415 0 11.288965942894443 0.3567177365367552 0.05168906094714241
27600 0.012665232788319415 0 11.288965942894443 0.3567177365367552 0.05168906094714241
27650 0.012665232788319415 0 11.288965942894443 0.3567177365367552 0.05168906094714241
27700 0.012665232788319415 0 11.288965942894443 0.3567177365367552 0.05168906094714241
27750 0.012665232788319415 0 11.288965942894443 0.3567177365367552 0.05168906094714241
27800 0.012665232788319415 0 11.288965942894443 0.3567177365367552 0.05168906094714241
27850 0.012665232788319415 0 11.288965942894443 0.3567177365367552 0.05168906094714241
27900 0.012665232788319415 0 11.288965942894443 0.3567177365367552 0.05168906094714241
27950 0.012665232788319415 0 11.288965942894443 0.3567177365367552 0.05168906094714241
28000 0.012665232788319415 0 11.288965942894443 0.3567177365367552 0.05168906094714241
28050 0.012665232788319415 0 11.288965942894443 0.3567177365367552 0.05168906094714241
28100 0.012665232788319415 0 11.288965942894443 0.3567177365367552 0.05168906094714241
28150 0.012665232788319415 0 11.288965942894443 0.3567177365367552 0.05168906094714241
28200 0.012665232788319415 0 11.288965942894443 0.3567177365367552 0.05168906094714241
28250 0.012665232788319415 0 11.288965942894443 0.3567177365367552 0.05168906094714241
28300 0.012665232788319415 0 11.288965942894443 0.3567177365367552 0.05168906094714241
28350 0.012665232788319412 0 11.288965884995738 0.3567177375243345 0.05168906098819342
28400 0.012665232788319412 0 11.288965884995738 0.3567177375243345 0.05168906098819342
28450 0.012665232788319412 0 11.288965884995738 0.3567177375243345 0.05168906098819342
28500 0.012665232788319412 0 11.288965884995738 0.3567177375243345 0.05168906098819342
28550 0.012665232788319412 0 11.28896545104539 0.3567177449262346 0.05168906129587044
28600 0.012665232788319412 0 11.28896545104539 0.3567177449262346 0.05168906129587044
28650 0.012665232788319412 0 11.28896545104539 0.3567177449262346 0.05168906129587044
28700 0.012665232788319412 0 11.28896545104539 0.3567177449262346 0.05168906129587044
28750 0.012665232788319412 0 11.28896545104539 0.3567177449262346 0.05168906129587044
28800 0.012665232788319412 0 11.28896545104539 0.3567177449262346 0.05168906129587044
28850 0.012665232788319412 0 11.28896545104539 0.3567177449262346 0.05168906129587044
28900 0.012665232788319412 0 11.28896545104539 0.3567177449262346 0.05168906129587044
28950 0.012665232788319412 0 11.28896545104539 0.3567177449262346 0.05168906129587044
29000 0.012665232788319412 0 11.28896545104539 0.3567177449262346 0.05168906129587044
29050 0.012665232788319412 0 11.28896545104539 0.3567177449262346 0.05168906129587044
29100 0.012665232788319412 0 11.28896545104539 0.3567177449262346 0.05168906129587044
29150 0.012665232788319412 0 11.28896545104539 0.3567177449262346 0.05168906129587044
29200 0.012665232788319412 0 11.28896545104539 0.3567177449262346 0.05168906129587044
29250 0.012665232788319412 0 11.288965863265753 0.3567177378949833 0.05168906100360029
29300 0.012665232788319412 0 11.288965863265753 0.3567177378949833 0.05168906100360029
29350 0.012665232788319412 0 11.288965863265753 0.3567177378949833 0.05168906100360029
29400 0.012665232788319412 0 11.288965863265753 0.3567177378949833 0.05168906100360029
29450 0.012665232788319412 0 11.288965863265753 0.3567177378949833 0.05168906100360029
29500 0.012665232788319412 0 11.288965863265753 0.3567177378949833 0.05168906100360029
29550 0.012665232788319412 0 11.288965863265753 0.3567177378949833 0.05168906100360029
29600 0.012665232788319412 0 11.288965863265753 0.3567177378949833 0.05168906100360029
29650 0.012665232788319412 0 11.288965863265753 0.3567177378949833 0.05168906100360029
29700 0.012665232788319412 0 11.288965863265753 0.3567177378949833 0.05168906100360029
29750 0.012665232788319412 0 11.288965863265753 0.3567177378949833 0.05168906100360029
29800 0.012665232788319412 0 11.288965863265753 0.3567177378949833 0.05168906100360029
29850 0.012665232788319412 0 11.288965863265753 0.3567177378949833 0.05168906100360029
29900 0.012665232788319412 0 11.288965863265753 0.3567177378949833 0.05168906100360029
29950 0.012665232788319412 0 11.28896587335883 0.3567177377228255 0.05168906099644415
30000 0.012665232788319412 0 11.288966134521392 0.35671773326817047 0.05168906081127615
30050 0.012665232788319412 0 11.288966134521392 0.35671773326817047 0.05168906081127615
30100 0.012665232788319412 0 11.28896623347663 0.35671773158028897 0.05168906074111547
30150 0.012665232788319412 0 11.28896623347663 0.35671773158028897 0.05168906074111547
30200 0.012665232788319412 0 11.28896623347663 0.35671773158028897 0.05168906074111547
30250 0.01266523278831941 0 11.288965819249741 0.3567177386457653 0.05168906103480827
30300 0.01266523278831941 0 11.288965819249741 0.3567177386457653 0.05168906103480827
30350 0.01266523278831941 0 11.288965819249741 0.3567177386457653 0.05168906103480827
30400 0.01266523278831941 0 11.288965819249741 0.3567177386457653 0.05168906103480827
30450 0.01266523278831941 0 11.288965819249741 0.3567177386457653 0.05168906103480827
30500 0.01266523278831941 0 11.288965819249741 0.3567177386457653 0.05168906103480827
30550 0.01266523278831941 0 11.288965819249741 0.3567177386457653 0.05168906103480827
30600 0.01266523278831941 0 11.288965819249741 0.3567177386457653 0.05168906103480827
30650 0.01266523278831941 0 11.288965819249741 0.3567177386457653 0.05168906103480827
30700 0.01266523278831941 0 11.288965819249741 0.3567177386457653 0.05168906103480827
30750 0.01266523278831941 0 11.288965819249741 0.3567177386457653 0.05168906103480827
30800 0.01266523278831941 0 11.288965819249741 0.3567177386457653 0.05168906103480827
30850 0.01266523278831941 0 11.288965819249741 0.3567177386457653 0.05168906103480827
30900 0.01266523278831941 0 11.288965819249741 0.3567177386457653 0.05168906103480827
30950 0.01266523278831941 0 11.288965819249741 0.3567177386457653 0.05168906103480827
31000 0.01266523278831941 0 11.288965819249741 0.3567177386457653 0.05168906103480827
31050 0.01266523278831941 0 11.288965819249741 0.3567177386457653 0.05168906103480827
31100 0.01266523278831941 0 11.288965819249741 0.3567177386457653 0.05168906103480827
31150 0.01266523278831941 0 11.288965819249741 0.3567177386457653 0.05168906103480827
31200 0.01266523278831941 0 11.288965819249741 0.3567177386457653 0.05168906103480827
31250 0.01266523278831941 0 11.288965819249741 0.3567177386457653 0.05168906103480827
31300 0.01266523278831941 0 11.288965819249741 0.3567177386457653 0.05168906103480827
31350 0.01266523278831941 0 11.288965819249741 0.3567177386457653 0.05168906103480827
31400 0.01266523278831941 0 11.288965819249741 0.3567177386457653 0.05168906103480827
31450 0.01266523278831941 0 11.288965819249741 0.3567177386457653 0.05168906103480827
31500 0.01266523278831941 0 11.288965819249741 0.3567177386457653 0.05168906103480827
31550 0.01266523278831941 0 11.288965819249741 0.3567177386457653 0.05168906103480827
31600 0.01266523278831941 0 11.288965819249741 0.3567177386457653 0.05168906103480827
31650 0.012665232788319408 0 11.288966113362317 0.3567177336290811 0.051689060826278235
31700 0.012665232788319408 0 11.288966113362317 0.3567177336290811 0.051689060826278235
31750 0.012665232788319408 0 11.288966113362317 0.3567177336290811 0.051689060826278235
31800 0.012665232788319408 0 11.288966113362317 0.3567177336290811 0.051689060826278235
31850 0.012665232788319408 0 11.288966113362317 0.3567177336290811 0.051689060826278235
31900 0.012665232788319408 0 11.288966113362317 0.3567177336290811 0.051689060826278235
31950 0.012665232788319408 0 11.288966113362317 0.3567177336290811 0.051689060826278235
32000 0.012665232788319408 0 11.288966113362317 0.3567177336290811 0.051689060826278235
32050 0.012665232788319408 0 11.288966113362317 0.3567177336290811 0.051689060826278235
32100 0.012665232788319408 0 11.288966113362317 0.3567177336290811 0.051689060826278235
32150 0.012665232788319408 0 11.288966113362317 0.3567177336290811 0.051689060826278235
32200 0.012665232788319408 0 11.288966113362317 0.3567177336290811 0.051689060826278235
32250 0.012665232788319408 0 11.288966113362317 0.3567177336290811 0.051689060826278235
32300 0.012665232788319408 0 11.288966113362317 0.3567177336290811 0.051689060826278235
32350 0.012665232788319408 0 11.288966113362317 0.3567177336290811 0.051689060826278235
32400 0.012665232788319408 0 11.288966113362317 0.3567177336290811 0.051689060826278235
32450 0.012665232788319408 0 11.288966113362317 0.3567177336290811 0.051689060826278235
32500 0.012665232788319408 0 11.288966113362317 0.3567177336290811 0.051689060826278235
32550 0.012665232788319408 0 11.288966113362317 0.3567177336290811 0.051689060826278235
32600 0.012665232788319408 0 11.288966113362317 0.3567177336290811 0.051689060826278235
32650 0.012665232788319408 0 11.288966113362317 0.3567177336290811 0.051689060826278235
32700 0.012665232788319408 0 11.288966113362317 0.3567177336290811 0.051689060826278235
32750 0.012665232788319408 0 11.288966113362317 0.3567177336290811 0.051689060826278235
32800 0.012665232788319408 0 11.288966113362317 0.3567177336290811 0.051689060826278235
32850 0.012665232788319408 0 11.288966113362317 0.3567177336290811 0.051689060826278235
32900 0.012665232788319408 0 11.288966113362317 0.3567177336290811 0.051689060826278235
32950 0.012665232788319408 0 11.288966113362317 0.3567177336290811 0.051689060826278235
33000 0.012665232788319408 0 11.288966113362317 0.3567177336290811 0.051689060826278235
33050 0.012665232788319408 0 11.288966113362317 0.3567177336290811 0.051689060826278235
33100 0.012665232788319408 0 11.288966113362317 0.3567177336290811 0.051689060826278235
33150 0.012665232788319408 0 11.288966113362317 0.3567177336290811 0.051689060826278235
33200 0.012665232788319407 0 11.288965773649318 0.3567177394235726 0.05168906106713962
33250 0.012665232788319407 0 11.288965773649318 0.3567177394235726 0.05168906106713962
33300 0.012665232788319407 0 11.288965773649318 0.3567177394235726 0.05168906106713962
33350 0.012665232788319407 0 11.288965773649318 0.3567177394235726 0.05168906106713962
33400 0.012665232788319407 0 11.288965773649318 0.3567177394235726 0.05168906106713962
33450 0.012665232788319407 0 11.288965773649318 0.3567177394235726 0.05168906106713962
33500 0.012665232788319407 0 11.288965773649318 0.3567177394235726 0.05168906106713962
33550 0.012665232788319407 0 11.288965773649318 0.3567177394235726 0.05168906106713962
33600 0.012665232788319407 0 11.288965773649318 0.3567177394235726 0.05168906106713962
33650 0.012665232788319407 0 11.288965773649318 0.3567177394235726 0.05168906106713962
33700 0.012665232788319407 0 11.288965773649318 0.3567177394235726 0.05168906106713962
33750 0.012665232788319407 0 11.288965773649318 0.3567177394235726 0.05168906106713962
33800 0.012665232788319407 0 11.288965773649318 0.3567177394235726 0.05168906106713962
33850 0.012665232788319407 0 11.288965773649318 0.3567177394235726 0.05168906106713962
33900 0.012665232788319407 0 11.288965773649318 0.3567177394235726 0.05168906106713962
33950 0.012665232788319407 0 11.288965773649318 0.3567177394235726 0.05168906106713962
34000 0.012665232788319407 0 11.288965773649318 0.3567177394235726 0.05168906106713962
34050 0.012665232788319407 0 11.288965773649318 0.3567177394235726 0.05168906106713962
34100 0.012665232788319407 0 11.288965773649318 0.3567177394235726 0.05168906106713962
34150 0.012665232788319407 0 11.288965773649318 0.3567177394235726 0.05168906106713962
34200 0.012665232788319407 0 11.288965773649318 0.3567177394235726 0.05168906106713962
34250 0.012665232788319407 0 11.288965773649318 0.3567177394235726 0.05168906106713962
34300 0.012665232788319407 0 11.288965773649318 0.3567177394235726 0.05168906106713962
34350 0.012665232788319407 0 11.288965773649318 0.3567177394235726 0.05168906106713962
34400 0.012665232788319407 0 11.288965773649318 0.3567177394235726 0.05168906106713962
34450 0.012665232788319407 0 11.288965773649318 0.3567177394235726 0.05168906106713962
34500 0.012665232788319407 0 11.288965773649318 0.3567177394235726 0.05168906106713962
34550 0.012665232788319407 0 11.288965773649318 0.3567177394235726 0.05168906106713962
34600 0.012665232788319407 0 11.288965773649318 0.3567177394235726 0.05168906106713962
34650 0.012665232788319407 0 11.288965773649318 0.3567177394235726 0.05168906106713962
34700 0.012665232788319407 0 11.288965773649318 0.3567177394235726 0.05168906106713962
34750 0.012665232788319407 0 11.288965773649318 0.3567177394235726 0.05168906106713962
34800 0.012665232788319407 0 11.288965773649318 0.3567177394235726 0.05168906106713962
34850 0.012665232788319407 0 11.288965773649318 0.3567177394235726 0.05168906106713962
34900 0.012665232788319407 0 11.288965773649318 0.3567177394235726 0.05168906106713962
34950 0.012665232788319407 0 11.288965773649318 0.3567177394235726 0.05168906106713962
35000 0.012665232788319407 0 11.288965773649318 0.3567177394235726 0.05168906106713962
35050 0.012665232788319407 0 11.288965773649318 0.3567177394235726 0.05168906106713962
35100 0.012665232788319407 0 11.288965773649318 0.3567177394235726 0.05168906106713962
35150 0.012665232788319407 0 11.288965773649318 0.3567177394235726 0.05168906106713962
35200 0.012665232788319407 0 11.2889658840799 0.3567177375399559 0.05168906098884275
35250 0.012665232788319407 0 11.2889658840799 0.3567177375399559 0.05168906098884275
35300 0.012665232788319407 0 11.2889658840799 0.3567177375399559 0.05168906098884275
35350 0.012665232788319407 0 11.2889658840799 0.3567177375399559 0.05168906098884275
35400 0.012665232788319407 0 11.2889658840799 0.3567177375399559 0.05168906098884275
35450 0.012665232788319407 0 11.2889658840799 0.3567177375399559 0.05168906098884275
35500 0.012665232788319407 0 11.2889658840799 0.3567177375399559 0.05168906098884275
35550 0.012665232788319407 0 11.2889658840799 0.3567177375399559 0.05168906098884275
35600 0.012665232788319407 0 11.2889658840799 0.3567177375399559 0.05168906098884275
35650 0.012665232788319407 0 11.2889658840799 0.3567177375399559 0.05168906098884275
35700 0.012665232788319407 0 11.2889658840799 0.3567177375399559 0.05168906098884275
35750 0.012665232788319407 0 11.2889658840799 0.3567177375399559 0.05168906098884275
35800 0.012665232788319407 0 11.2889658840799 0.3567177375399559 0.05168906098884275
35850 0.012665232788319407 0 11.2889658840799 0.3567177375399559 0.05168906098884275
35900 0.012665232788319407 0 11.2889658840799 0.3567177375399559 0.05168906098884275
35950 0.012665232788319407 0 11.2889658840799 0.3567177375399559 0.05168906098884275
*---*---*---*---*---*---*---*---*---*---*---*---*---*---*---*---*---*---*---*---*
Status: Finished
Last individual
0.012665232788319407 0 11.2889658840799 0.3567177375399559 0.05168906098884275
Hall of fame
0.012665232788319407 0 11.288965773649318 0.3567177394235726 0.05168906106713962
Last factible individual
0.012665232788319407 0 11.2889658840799 0.3567177375399559 0.05168906098884275
CPU time used (seconds)
1.670703368001341
