*---*---*---*---*---*---*---*---*---*---*---*---*---*---*---*---*---*---*---*---*
Algorithm: Differential Evolution
Constrainth handling method: DEB
Function: 21
Case: continuous
Seed: 16
Parents size: 50
Offsprings size: 50
maxFe: 36000
CR: 0.9
F: 0.6
rweights: -
*---*---*---*---*---*---*---*---*---*---*---*---*---*---*---*---*---*---*---*---*
ngen ObjectiveFunction ViolationSum ProjectVariables
50 0.0504869412179664 0 9.143209399315626 0.8578981572930755 0.07267190024586864
100 0.0504869412179664 0 9.143209399315626 0.8578981572930755 0.07267190024586864
150 0.0504869412179664 0 9.143209399315626 0.8578981572930755 0.07267190024586864
200 0.0504869412179664 0 9.143209399315626 0.8578981572930755 0.07267190024586864
250 0.0504869412179664 0 9.143209399315626 0.8578981572930755 0.07267190024586864
300 0.0504869412179664 0 9.143209399315626 0.8578981572930755 0.07267190024586864
350 0.0504869412179664 0 9.143209399315626 0.8578981572930755 0.07267190024586864
400 0.01847696270814527 0 7.2 0.5264522805241542 0.06176491837244621
450 0.01847696270814527 0 7.2 0.5264522805241542 0.06176491837244621
500 0.01847696270814527 0 7.2 0.5264522805241542 0.06176491837244621
550 0.01847696270814527 0 7.2 0.5264522805241542 0.06176491837244621
600 0.01847696270814527 0 7.2 0.5264522805241542 0.06176491837244621
650 0.01847696270814527 0 7.2 0.5264522805241542 0.06176491837244621
700 0.014247213523674229 0 9.731719812174317 0.4056758674040512 0.05471350522163748
750 0.014247213523674229 0 9.731719812174317 0.4056758674040512 0.05471350522163748
800 0.014247213523674229 0 9.731719812174317 0.4056758674040512 0.05471350522163748
850 0.014247213523674229 0 9.731719812174317 0.4056758674040512 0.05471350522163748
900 0.014247213523674229 0 9.731719812174317 0.4056758674040512 0.05471350522163748
950 0.014247213523674229 0 9.731719812174317 0.4056758674040512 0.05471350522163748
1000 0.014247213523674229 0 9.731719812174317 0.4056758674040512 0.05471350522163748
1050 0.014247213523674229 0 9.731719812174317 0.4056758674040512 0.05471350522163748
1100 0.014247213523674229 0 9.731719812174317 0.4056758674040512 0.05471350522163748
1150 0.014247213523674229 0 9.731719812174317 0.4056758674040512 0.05471350522163748
1200 0.013763758035705656 0 8.623572773020136 0.4302660352008859 0.05487375547693207
1250 0.013763758035705656 0 8.623572773020136 0.4302660352008859 0.05487375547693207
1300 0.013763758035705656 0 8.623572773020136 0.4302660352008859 0.05487375547693207
1350 0.013763758035705656 0 8.623572773020136 0.4302660352008859 0.05487375547693207
1400 0.013763758035705656 0 8.623572773020136 0.4302660352008859 0.05487375547693207
1450 0.013763758035705656 0 8.623572773020136 0.4302660352008859 0.05487375547693207
1500 0.013763758035705656 0 8.623572773020136 0.4302660352008859 0.05487375547693207
1550 0.013763758035705656 0 8.623572773020136 0.4302660352008859 0.05487375547693207
1600 0.013763758035705656 0 8.623572773020136 0.4302660352008859 0.05487375547693207
1650 0.013763758035705656 0 8.623572773020136 0.4302660352008859 0.05487375547693207
1700 0.013763758035705656 0 8.623572773020136 0.4302660352008859 0.05487375547693207
1750 0.013763758035705656 0 8.623572773020136 0.4302660352008859 0.05487375547693207
1800 0.013763758035705656 0 8.623572773020136 0.4302660352008859 0.05487375547693207
1850 0.013763758035705656 0 8.623572773020136 0.4302660352008859 0.05487375547693207
1900 0.013519976353900762 0 9.405091074425165 0.40436271183804706 0.054144336606004456
1950 0.013519976353900762 0 9.405091074425165 0.40436271183804706 0.054144336606004456
2000 0.013409863508743087 0 7.015734056935278 0.4698392022847805 0.05626482950614073
2050 0.013409863508743087 0 7.015734056935278 0.4698392022847805 0.05626482950614073
2100 0.01304874881751576 0 9.185091730452267 0.40503030159691955 0.05366867864825136
2150 0.01304874881751576 0 9.185091730452267 0.40503030159691955 0.05366867864825136
2200 0.01304874881751576 0 9.185091730452267 0.40503030159691955 0.05366867864825136
2250 0.012986280834948797 0 9.864825123532777 0.3876032566606188 0.05313956755122116
2300 0.012986280834948797 0 9.864825123532777 0.3876032566606188 0.05313956755122116
2350 0.012986280834948797 0 9.864825123532777 0.3876032566606188 0.05313956755122116
2400 0.012986280834948797 0 9.864825123532777 0.3876032566606188 0.05313956755122116
2450 0.012982026082852446 0 7.759295229422392 0.4399212140780351 0.054988839970853166
2500 0.012982026082852446 0 7.759295229422392 0.4399212140780351 0.054988839970853166
2550 0.012918110232630125 0 11.330492834435637 0.35885337589539884 0.05196583045961037
2600 0.012859039516234563 0 10.838568718457593 0.3672842460883123 0.052220955045868066
2650 0.012859039516234563 0 10.838568718457593 0.3672842460883123 0.052220955045868066
2700 0.012859039516234563 0 10.838568718457593 0.3672842460883123 0.052220955045868066
2750 0.012750709736813264 0 8.87306384064386 0.40670563119724384 0.053697135402954024
2800 0.012750709736813264 0 8.87306384064386 0.40670563119724384 0.053697135402954024
2850 0.012750709736813264 0 8.87306384064386 0.40670563119724384 0.053697135402954024
2900 0.012750709736813264 0 8.87306384064386 0.40670563119724384 0.053697135402954024
2950 0.012730051738876404 0 11.880389159247054 0.34777965152672163 0.05135256951680248
3000 0.012730051738876404 0 11.880389159247054 0.34777965152672163 0.05135256951680248
3050 0.012730051738876404 0 11.880389159247054 0.34777965152672163 0.05135256951680248
3100 0.012730051738876404 0 11.880389159247054 0.34777965152672163 0.05135256951680248
3150 0.012730051738876404 0 11.880389159247054 0.34777965152672163 0.05135256951680248
3200 0.012697896304590853 0 10.56775920104031 0.3701474011542619 0.0522455866765843
3250 0.012697896304590853 0 10.56775920104031 0.3701474011542619 0.0522455866765843
3300 0.012697896304590853 0 10.56775920104031 0.3701474011542619 0.0522455866765843
3350 0.012697896304590853 0 10.56775920104031 0.3701474011542619 0.0522455866765843
3400 0.012697896304590853 0 10.56775920104031 0.3701474011542619 0.0522455866765843
3450 0.012697896304590853 0 10.56775920104031 0.3701474011542619 0.0522455866765843
3500 0.012697896304590853 0 10.56775920104031 0.3701474011542619 0.0522455866765843
3550 0.012697896304590853 0 10.56775920104031 0.3701474011542619 0.0522455866765843
3600 0.012697896304590853 0 10.56775920104031 0.3701474011542619 0.0522455866765843
3650 0.012697896304590853 0 10.56775920104031 0.3701474011542619 0.0522455866765843
3700 0.012697896304590853 0 10.56775920104031 0.3701474011542619 0.0522455866765843
3750 0.012697896304590853 0 10.56775920104031 0.3701474011542619 0.0522455866765843
3800 0.012697896304590853 0 10.56775920104031 0.3701474011542619 0.0522455866765843
3850 0.012697896304590853 0 10.56775920104031 0.3701474011542619 0.0522455866765843
3900 0.012697896304590853 0 10.56775920104031 0.3701474011542619 0.0522455866765843
3950 0.012697896304590853 0 10.56775920104031 0.3701474011542619 0.0522455866765843
4000 0.012697896304590853 0 10.56775920104031 0.3701474011542619 0.0522455866765843
4050 0.012697896304590853 0 10.56775920104031 0.3701474011542619 0.0522455866765843
4100 0.012697896304590853 0 10.56775920104031 0.3701474011542619 0.0522455866765843
4150 0.012697896304590853 0 10.56775920104031 0.3701474011542619 0.0522455866765843
4200 0.012697896304590853 0 10.56775920104031 0.3701474011542619 0.0522455866765843
4250 0.012694107257230948 0 11.457762862474015 0.35435210560414787 0.05159375501926137
4300 0.012688421262693112 0 11.444091586354592 0.35443974745808815 0.051602037983553964
4350 0.012688421262693112 0 11.444091586354592 0.35443974745808815 0.051602037983553964
4400 0.012682594573853165 0 10.703636973103253 0.36734205115826235 0.05213203691711102
4450 0.012682594573853165 0 10.703636973103253 0.36734205115826235 0.05213203691711102
4500 0.012681837619716935 0 10.54073761783056 0.37034711887901467 0.052254665031441744
4550 0.012681837619716935 0 10.54073761783056 0.37034711887901467 0.052254665031441744
4600 0.012681837619716935 0 10.54073761783056 0.37034711887901467 0.052254665031441744
4650 0.012681837619716935 0 10.54073761783056 0.37034711887901467 0.052254665031441744
4700 0.012681837619716935 0 10.54073761783056 0.37034711887901467 0.052254665031441744
4750 0.012681837619716935 0 10.54073761783056 0.37034711887901467 0.052254665031441744
4800 0.012681837619716935 0 10.54073761783056 0.37034711887901467 0.052254665031441744
4850 0.012672145208844375 0 11.034054688320158 0.36124347161461184 0.05187824756925775
4900 0.012672145208844375 0 11.034054688320158 0.36124347161461184 0.05187824756925775
4950 0.012672145208844375 0 11.034054688320158 0.36124347161461184 0.05187824756925775
5000 0.012672145208844375 0 11.034054688320158 0.36124347161461184 0.05187824756925775
5050 0.012672145208844375 0 11.034054688320158 0.36124347161461184 0.05187824756925775
5100 0.012672145208844375 0 11.034054688320158 0.36124347161461184 0.05187824756925775
5150 0.012672145208844375 0 11.034054688320158 0.36124347161461184 0.05187824756925775
5200 0.012669601623430383 0 11.069516234405755 0.36057118806871635 0.05185088972322432
5250 0.012669601623430383 0 11.069516234405755 0.36057118806871635 0.05185088972322432
5300 0.012669601623430383 0 11.069516234405755 0.36057118806871635 0.05185088972322432
5350 0.012669601623430383 0 11.069516234405755 0.36057118806871635 0.05185088972322432
5400 0.012669601623430383 0 11.069516234405755 0.36057118806871635 0.05185088972322432
5450 0.012669601623430383 0 11.069516234405755 0.36057118806871635 0.05185088972322432
5500 0.012667276962060492 0 10.950993729180958 0.3626355106089724 0.05193437646854694
5550 0.012667276962060492 0 10.950993729180958 0.3626355106089724 0.05193437646854694
5600 0.012667276962060492 0 10.950993729180958 0.3626355106089724 0.05193437646854694
5650 0.012667276962060492 0 10.950993729180958 0.3626355106089724 0.05193437646854694
5700 0.012667276962060492 0 10.950993729180958 0.3626355106089724 0.05193437646854694
5750 0.012667276962060492 0 10.950993729180958 0.3626355106089724 0.05193437646854694
5800 0.012667276962060492 0 10.950993729180958 0.3626355106089724 0.05193437646854694
5850 0.012667276962060492 0 10.950993729180958 0.3626355106089724 0.05193437646854694
5900 0.012667276962060492 0 10.950993729180958 0.3626355106089724 0.05193437646854694
5950 0.012667276962060492 0 10.950993729180958 0.3626355106089724 0.05193437646854694
6000 0.012667276962060492 0 10.950993729180958 0.3626355106089724 0.05193437646854694
6050 0.012667276962060492 0 10.950993729180958 0.3626355106089724 0.05193437646854694
6100 0.012666541003530775 0 11.166961052182055 0.3588349818868784 0.0517772349141365
6150 0.012666541003530775 0 11.166961052182055 0.3588349818868784 0.0517772349141365
6200 0.012666541003530775 0 11.166961052182055 0.3588349818868784 0.0517772349141365
6250 0.012666541003530775 0 11.166961052182055 0.3588349818868784 0.0517772349141365
6300 0.012666541003530775 0 11.166961052182055 0.3588349818868784 0.0517772349141365
6350 0.012666541003530775 0 11.166961052182055 0.3588349818868784 0.0517772349141365
6400 0.012666541003530775 0 11.166961052182055 0.3588349818868784 0.0517772349141365
6450 0.012666541003530775 0 11.166961052182055 0.3588349818868784 0.0517772349141365
6500 0.012666541003530775 0 11.166961052182055 0.3588349818868784 0.0517772349141365
6550 0.012666363991942304 0 11.057080730294455 0.36074683992880463 0.05185631713557976
6600 0.012666363991942304 0 11.057080730294455 0.36074683992880463 0.05185631713557976
6650 0.012666363991942304 0 11.057080730294455 0.36074683992880463 0.05185631713557976
6700 0.012666363991942304 0 11.057080730294455 0.36074683992880463 0.05185631713557976
6750 0.01266572856130965 0 11.134895638302705 0.3593791174022241 0.051799474761087046
6800 0.01266572856130965 0 11.134895638302705 0.3593791174022241 0.051799474761087046
6850 0.01266572856130965 0 11.134895638302705 0.3593791174022241 0.051799474761087046
6900 0.01266572856130965 0 11.134895638302705 0.3593791174022241 0.051799474761087046
6950 0.01266572856130965 0 11.134895638302705 0.3593791174022241 0.051799474761087046
7000 0.01266572856130965 0 11.134895638302705 0.3593791174022241 0.051799474761087046
7050 0.01266572856130965 0 11.134895638302705 0.3593791174022241 0.051799474761087046
7100 0.01266572856130965 0 11.134895638302705 0.3593791174022241 0.051799474761087046
7150 0.01266572856130965 0 11.134895638302705 0.3593791174022241 0.051799474761087046
7200 0.01266572856130965 0 11.134895638302705 0.3593791174022241 0.051799474761087046
7250 0.01266572856130965 0 11.134895638302705 0.3593791174022241 0.051799474761087046
7300 0.01266572856130965 0 11.134895638302705 0.3593791174022241 0.051799474761087046
7350 0.01266572856130965 0 11.134895638302705 0.3593791174022241 0.051799474761087046
7400 0.01266572856130965 0 11.134895638302705 0.3593791174022241 0.051799474761087046
7450 0.01266572856130965 0 11.134895638302705 0.3593791174022241 0.051799474761087046
7500 0.01266553564863096 0 11.32241806247483 0.3561534980426568 0.051665619925520594
7550 0.01266553564863096 0 11.32241806247483 0.3561534980426568 0.051665619925520594
7600 0.01266553564863096 0 11.32241806247483 0.3561534980426568 0.051665619925520594
7650 0.01266553564863096 0 11.32241806247483 0.3561534980426568 0.051665619925520594
7700 0.012665451233904803 0 11.284226455891124 0.35680212548211526 0.051692612540437985
7750 0.012665451233904803 0 11.284226455891124 0.35680212548211526 0.051692612540437985
7800 0.012665451233904803 0 11.284226455891124 0.35680212548211526 0.051692612540437985
7850 0.012665394389071992 0 11.337127936914754 0.35590122135943864 0.05165513027208413
7900 0.012665394389071992 0 11.337127936914754 0.35590122135943864 0.05165513027208413
7950 0.012665394389071992 0 11.337127936914754 0.35590122135943864 0.05165513027208413
8000 0.012665394389071992 0 11.337127936914754 0.35590122135943864 0.05165513027208413
8050 0.012665394389071992 0 11.337127936914754 0.35590122135943864 0.05165513027208413
8100 0.012665394389071992 0 11.337127936914754 0.35590122135943864 0.05165513027208413
8150 0.012665326628173759 0 11.305921965644476 0.3564303381262231 0.051677129242213064
8200 0.012665326628173759 0 11.305921965644476 0.3564303381262231 0.051677129242213064
8250 0.012665326628173759 0 11.305921965644476 0.3564303381262231 0.051677129242213064
8300 0.012665326628173759 0 11.305921965644476 0.3564303381262231 0.051677129242213064
8350 0.012665277254999593 0 11.297731464619716 0.35656903043724375 0.05168288652949402
8400 0.012665277254999593 0 11.297731464619716 0.35656903043724375 0.05168288652949402
8450 0.012665277254999593 0 11.297731464619716 0.35656903043724375 0.05168288652949402
8500 0.012665277254999593 0 11.297731464619716 0.35656903043724375 0.05168288652949402
8550 0.012665277254999593 0 11.297731464619716 0.35656903043724375 0.05168288652949402
8600 0.012665277254999593 0 11.297731464619716 0.35656903043724375 0.05168288652949402
8650 0.012665277254999593 0 11.297731464619716 0.35656903043724375 0.05168288652949402
8700 0.012665277254999593 0 11.297731464619716 0.35656903043724375 0.05168288652949402
8750 0.012665277254999593 0 11.297731464619716 0.35656903043724375 0.05168288652949402
8800 0.012665277254999593 0 11.297731464619716 0.35656903043724375 0.05168288652949402
8850 0.012665277254999593 0 11.297731464619716 0.35656903043724375 0.05168288652949402
8900 0.012665271037651742 0 11.287697536361602 0.3567400028449628 0.051689992771295976
8950 0.012665271037651742 0 11.287697536361602 0.3567400028449628 0.051689992771295976
9000 0.012665235316969281 0 11.287954924562472 0.35673501181184264 0.05168978084733686
9050 0.012665235316969281 0 11.287954924562472 0.35673501181184264 0.05168978084733686
9100 0.012665235316969281 0 11.287954924562472 0.35673501181184264 0.05168978084733686
9150 0.012665235316969281 0 11.287954924562472 0.35673501181184264 0.05168978084733686
9200 0.012665235316969281 0 11.287954924562472 0.35673501181184264 0.05168978084733686
9250 0.012665235316969281 0 11.287954924562472 0.35673501181184264 0.05168978084733686
9300 0.012665235316969281 0 11.287954924562472 0.35673501181184264 0.05168978084733686
9350 0.012665235316969281 0 11.287954924562472 0.35673501181184264 0.05168978084733686
9400 0.012665235316969281 0 11.287954924562472 0.35673501181184264 0.05168978084733686
9450 0.012665235316969281 0 11.287954924562472 0.35673501181184264 0.05168978084733686
9500 0.012665235316969281 0 11.287954924562472 0.35673501181184264 0.05168978084733686
9550 0.012665235316969281 0 11.287954924562472 0.35673501181184264 0.05168978084733686
9600 0.012665235316969281 0 11.287954924562472 0.35673501181184264 0.05168978084733686
9650 0.012665235316969281 0 11.287954924562472 0.35673501181184264 0.05168978084733686
9700 0.012665235316969281 0 11.287954924562472 0.35673501181184264 0.05168978084733686
9750 0.012665235316969281 0 11.287954924562472 0.35673501181184264 0.05168978084733686
9800 0.012665235316969281 0 11.287954924562472 0.35673501181184264 0.05168978084733686
9850 0.012665235316969281 0 11.287954924562472 0.35673501181184264 0.05168978084733686
9900 0.012665235316969281 0 11.287954924562472 0.35673501181184264 0.05168978084733686
9950 0.012665235316969281 0 11.287954924562472 0.35673501181184264 0.05168978084733686
10000 0.012665235316969281 0 11.287954924562472 0.35673501181184264 0.05168978084733686
10050 0.012665235316969281 0 11.287954924562472 0.35673501181184264 0.05168978084733686
10100 0.012665235316969281 0 11.287954924562472 0.35673501181184264 0.05168978084733686
10150 0.012665235316969281 0 11.287954924562472 0.35673501181184264 0.05168978084733686
10200 0.012665235316969281 0 11.287954924562472 0.35673501181184264 0.05168978084733686
10250 0.012665235316969281 0 11.287954924562472 0.35673501181184264 0.05168978084733686
10300 0.012665235316969281 0 11.287954924562472 0.35673501181184264 0.05168978084733686
10350 0.012665235316969281 0 11.287954924562472 0.35673501181184264 0.05168978084733686
10400 0.012665235316969281 0 11.287954924562472 0.35673501181184264 0.05168978084733686
10450 0.012665235316969281 0 11.287954924562472 0.35673501181184264 0.05168978084733686
10500 0.012665235316969281 0 11.287954924562472 0.35673501181184264 0.05168978084733686
10550 0.012665235316969281 0 11.287954924562472 0.35673501181184264 0.05168978084733686
10600 0.012665235075258472 0 11.278047617300972 0.3569041275802096 0.051696808327762064
10650 0.012665235075258472 0 11.278047617300972 0.3569041275802096 0.051696808327762064
10700 0.012665235075258472 0 11.278047617300972 0.3569041275802096 0.051696808327762064
10750 0.012665235075258472 0 11.278047617300972 0.3569041275802096 0.051696808327762064
10800 0.012665235075258472 0 11.278047617300972 0.3569041275802096 0.051696808327762064
10850 0.012665235075258472 0 11.278047617300972 0.3569041275802096 0.051696808327762064
10900 0.012665233945378713 0 11.284641330339737 0.35679154012232844 0.051692128738154146
10950 0.012665233945378713 0 11.284641330339737 0.35679154012232844 0.051692128738154146
11000 0.012665233945378713 0 11.284641330339737 0.35679154012232844 0.051692128738154146
11050 0.012665233945378713 0 11.284641330339737 0.35679154012232844 0.051692128738154146
11100 0.012665233945378713 0 11.284641330339737 0.35679154012232844 0.051692128738154146
11150 0.012665233945378713 0 11.284641330339737 0.35679154012232844 0.051692128738154146
11200 0.012665233945378713 0 11.284641330339737 0.35679154012232844 0.051692128738154146
11250 0.012665233945378713 0 11.284641330339737 0.35679154012232844 0.051692128738154146
11300 0.012665233945378713 0 11.284641330339737 0.35679154012232844 0.051692128738154146
11350 0.012665233945378713 0 11.284641330339737 0.35679154012232844 0.051692128738154146
11400 0.012665233945378713 0 11.284641330339737 0.35679154012232844 0.051692128738154146
11450 0.012665233945378713 0 11.284641330339737 0.35679154012232844 0.051692128738154146
11500 0.012665233640061464 0 11.287635349227239 0.3567404490086313 0.051690005089671566
11550 0.012665233640061464 0 11.287635349227239 0.3567404490086313 0.051690005089671566
11600 0.012665233640061464 0 11.287635349227239 0.3567404490086313 0.051690005089671566
11650 0.012665233640061464 0 11.287635349227239 0.3567404490086313 0.051690005089671566
11700 0.012665233640061464 0 11.287635349227239 0.3567404490086313 0.051690005089671566
11750 0.012665233640061464 0 11.287635349227239 0.3567404490086313 0.051690005089671566
11800 0.012665233467746879 0 11.28664267291321 0.3567573814503982 0.05169070892532989
11850 0.012665233467746879 0 11.28664267291321 0.3567573814503982 0.05169070892532989
11900 0.012665233362656174 0 11.28718391186739 0.356748145321124 0.051690325030270004
11950 0.012665233362656174 0 11.28718391186739 0.356748145321124 0.051690325030270004
12000 0.012665233362656174 0 11.28718391186739 0.356748145321124 0.051690325030270004
12050 0.012665233362656174 0 11.28718391186739 0.356748145321124 0.051690325030270004
12100 0.012665233303739403 0 11.286086030175507 0.35676687457597256 0.051691103681623975
12150 0.012665233303739403 0 11.286086030175507 0.35676687457597256 0.051691103681623975
12200 0.012665233149480861 0 11.290740507506744 0.35668747662124944 0.0516878031885182
12250 0.012665233121688373 0 11.286471726942109 0.3567602919961937 0.05169082989363886
12300 0.012665233121688373 0 11.286471726942109 0.3567602919961937 0.05169082989363886
12350 0.012665233121688373 0 11.286471726942109 0.3567602919961937 0.05169082989363886
12400 0.012665233121688373 0 11.286471726942109 0.3567602919961937 0.05169082989363886
12450 0.012665233121688373 0 11.286471726942109 0.3567602919961937 0.05169082989363886
12500 0.012665233121688373 0 11.286471726942109 0.3567602919961937 0.05169082989363886
12550 0.012665233077914829 0 11.288536306622646 0.3567250687888914 0.051689365890949066
12600 0.012665233077914829 0 11.288536306622646 0.3567250687888914 0.051689365890949066
12650 0.012665233077914829 0 11.288536306622646 0.3567250687888914 0.051689365890949066
12700 0.012665233077914829 0 11.288536306622646 0.3567250687888914 0.051689365890949066
12750 0.012665232956230241 0 11.288270373746252 0.3567296040144879 0.05168955428278876
12800 0.012665232956230241 0 11.288270373746252 0.3567296040144879 0.05168955428278876
12850 0.012665232956230241 0 11.288270373746252 0.3567296040144879 0.05168955428278876
12900 0.012665232956230241 0 11.288270373746252 0.3567296040144879 0.05168955428278876
12950 0.012665232956230241 0 11.288270373746252 0.3567296040144879 0.05168955428278876
13000 0.012665232928815178 0 11.287837727517509 0.3567369837493632 0.05168986105836842
13050 0.012665232928815178 0 11.287837727517509 0.3567369837493632 0.05168986105836842
13100 0.012665232912196163 0 11.287488467964284 0.3567429419734095 0.051690108687433386
13150 0.012665232912196163 0 11.287488467964284 0.3567429419734095 0.051690108687433386
13200 0.012665232912196163 0 11.287488467964284 0.3567429419734095 0.051690108687433386
13250 0.012665232912196163 0 11.287488467964284 0.3567429419734095 0.051690108687433386
13300 0.012665232839726826 0 11.287882875987743 0.3567362124405667 0.05168982894261196
13350 0.012665232839726826 0 11.287882875987743 0.3567362124405667 0.05168982894261196
13400 0.012665232839726826 0 11.287882875987743 0.3567362124405667 0.05168982894261196
13450 0.012665232839726826 0 11.287882875987743 0.3567362124405667 0.05168982894261196
13500 0.012665232839726826 0 11.287882875987743 0.3567362124405667 0.05168982894261196
13550 0.012665232839726826 0 11.287882875987743 0.3567362124405667 0.05168982894261196
13600 0.012665232839726826 0 11.287882875987743 0.3567362124405667 0.05168982894261196
13650 0.012665232839726826 0 11.287882875987743 0.3567362124405667 0.05168982894261196
13700 0.012665232839726826 0 11.287882875987743 0.3567362124405667 0.05168982894261196
13750 0.012665232839726826 0 11.287882875987743 0.3567362124405667 0.05168982894261196
13800 0.012665232839726826 0 11.287882875987743 0.3567362124405667 0.05168982894261196
13850 0.012665232839726826 0 11.287882875987743 0.3567362124405667 0.05168982894261196
13900 0.012665232839726826 0 11.287882875987743 0.3567362124405667 0.05168982894261196
13950 0.012665232839726826 0 11.287882875987743 0.3567362124405667 0.05168982894261196
14000 0.012665232839726826 0 11.287882875987743 0.3567362124405667 0.05168982894261196
14050 0.01266523282319162 0 11.288779170276305 0.35672092293775903 0.05168919340184008
14100 0.012665232818296903 0 11.289132190172923 0.3567149013060071 0.05168894310680385
14150 0.012665232818296903 0 11.289132190172923 0.3567149013060071 0.05168894310680385
14200 0.012665232818296903 0 11.289132190172923 0.3567149013060071 0.05168894310680385
14250 0.012665232818296903 0 11.289132190172923 0.3567149013060071 0.05168894310680385
14300 0.012665232799951688 0 11.288567728586347 0.3567245292158245 0.051689343303714885
14350 0.012665232799951688 0 11.288567728586347 0.3567245292158245 0.051689343303714885
14400 0.012665232799951688 0 11.288567728586347 0.3567245292158245 0.051689343303714885
14450 0.012665232799951688 0 11.288567728586347 0.3567245292158245 0.051689343303714885
14500 0.012665232799951688 0 11.288567728586347 0.3567245292158245 0.051689343303714885
14550 0.012665232799951688 0 11.288567728586347 0.3567245292158245 0.051689343303714885
14600 0.012665232799951688 0 11.288567728586347 0.3567245292158245 0.051689343303714885
14650 0.012665232799951688 0 11.288567728586347 0.3567245292158245 0.051689343303714885
14700 0.012665232799951688 0 11.288567728586347 0.3567245292158245 0.051689343303714885
14750 0.012665232799951688 0 11.288567728586347 0.3567245292158245 0.051689343303714885
14800 0.012665232799951688 0 11.288567728586347 0.3567245292158245 0.051689343303714885
14850 0.012665232799951688 0 11.288567728586347 0.3567245292158245 0.051689343303714885
14900 0.012665232799655372 0 11.28923858620368 0.3567130862963384 0.05168886765272214
14950 0.012665232799184235 0 11.289050713435088 0.3567162907813723 0.05168900085370173
15000 0.012665232799184235 0 11.289050713435088 0.3567162907813723 0.05168900085370173
15050 0.012665232799184235 0 11.289050713435088 0.3567162907813723 0.05168900085370173
15100 0.01266523279760893 0 11.288993374138096 0.3567172687896997 0.051689041506295635
15150 0.01266523279760893 0 11.288993374138096 0.3567172687896997 0.051689041506295635
15200 0.01266523279760893 0 11.288993374138096 0.3567172687896997 0.051689041506295635
15250 0.012665232795636742 0 11.289020349558989 0.3567168086373872 0.05168902237886799
15300 0.012665232794512338 0 11.288957453354609 0.356717881415577 0.0516890669737351
15350 0.012665232791654497 0 11.288871877433376 0.35671934106755354 0.05168912764472408
15400 0.012665232789384397 0 11.288997058372011 0.3567172058190621 0.05168903888667743
15450 0.012665232789384397 0 11.288997058372011 0.3567172058190621 0.05168903888667743
15500 0.012665232789384397 0 11.288997058372011 0.3567172058190621 0.05168903888667743
15550 0.012665232789384397 0 11.288997058372011 0.3567172058190621 0.05168903888667743
15600 0.012665232789384397 0 11.288997058372011 0.3567172058190621 0.05168903888667743
15650 0.012665232789384397 0 11.288997058372011 0.3567172058190621 0.05168903888667743
15700 0.012665232789384397 0 11.288997058372011 0.3567172058190621 0.05168903888667743
15750 0.012665232789320332 0 11.288907101269892 0.35671874022035704 0.05168910266760402
15800 0.012665232789320332 0 11.288907101269892 0.35671874022035704 0.05168910266760402
15850 0.012665232789320332 0 11.288907101269892 0.35671874022035704 0.05168910266760402
15900 0.012665232789320332 0 11.288907101269892 0.35671874022035704 0.05168910266760402
15950 0.012665232788566367 0 11.288945753280013 0.356718080914931 0.051689075262161606
16000 0.012665232788566367 0 11.288945753280013 0.356718080914931 0.051689075262161606
16050 0.012665232788566367 0 11.288945753280013 0.356718080914931 0.051689075262161606
16100 0.012665232788566367 0 11.288945753280013 0.356718080914931 0.051689075262161606
16150 0.012665232788566367 0 11.288945753280013 0.356718080914931 0.051689075262161606
16200 0.012665232788566367 0 11.288945753280013 0.356718080914931 0.051689075262161606
16250 0.012665232788566367 0 11.288945753280013 0.356718080914931 0.051689075262161606
16300 0.012665232788566367 0 11.288945753280013 0.356718080914931 0.051689075262161606
16350 0.012665232788566367 0 11.288945753280013 0.356718080914931 0.051689075262161606
16400 0.012665232788566367 0 11.288945753280013 0.356718080914931 0.051689075262161606
16450 0.012665232788482137 0 11.289016574908656 0.356716872910777 0.05168902504854155
16500 0.012665232788482137 0 11.289016574908656 0.356716872910777 0.05168902504854155
16550 0.012665232788482137 0 11.289016574908656 0.356716872910777 0.05168902504854155
16600 0.012665232788482137 0 11.289016574908656 0.356716872910777 0.05168902504854155
16650 0.012665232788482137 0 11.289016574908656 0.356716872910777 0.05168902504854155
16700 0.012665232788482137 0 11.289016574908656 0.356716872910777 0.05168902504854155
16750 0.012665232788482137 0 11.289016574908656 0.356716872910777 0.05168902504854155
16800 0.012665232788482137 0 11.289016574908656 0.356716872910777 0.05168902504854155
16850 0.012665232788482137 0 11.289016574908656 0.356716872910777 0.05168902504854155
16900 0.012665232788482137 0 11.289016574908656 0.356716872910777 0.05168902504854155
16950 0.012665232788482137 0 11.289016574908656 0.356716872910777 0.05168902504854155
17000 0.012665232788482137 0 11.289016574908656 0.356716872910777 0.05168902504854155
17050 0.012665232788482137 0 11.289016574908656 0.356716872910777 0.05168902504854155
17100 0.012665232788482137 0 11.289016574908656 0.356716872910777 0.05168902504854155
17150 0.012665232788482137 0 11.289016574908656 0.356716872910777 0.05168902504854155
17200 0.012665232788482137 0 11.289016574908656 0.356716872910777 0.05168902504854155
17250 0.012665232788482137 0 11.289016574908656 0.356716872910777 0.05168902504854155
17300 0.012665232788482137 0 11.289016574908656 0.356716872910777 0.05168902504854155
17350 0.012665232788424009 0 11.288927916828412 0.3567183851512836 0.05168908790830897
17400 0.012665232788424009 0 11.288927916828412 0.3567183851512836 0.05168908790830897
17450 0.012665232788424009 0 11.288927916828412 0.3567183851512836 0.05168908790830897
17500 0.012665232788424009 0 11.288927916828412 0.3567183851512836 0.05168908790830897
17550 0.012665232788424009 0 11.288927916828412 0.3567183851512836 0.05168908790830897
17600 0.012665232788424009 0 11.288927916828412 0.3567183851512836 0.05168908790830897
17650 0.012665232788420033 0 11.288971246870755 0.3567176460683996 0.051689057186634114
17700 0.012665232788420033 0 11.288971246870755 0.3567176460683996 0.051689057186634114
17750 0.012665232788350429 0 11.288957025591083 0.35671788863999987 0.051689067269665157
17800 0.012665232788350429 0 11.288957025591083 0.35671788863999987 0.051689067269665157
17850 0.012665232788350429 0 11.288957025591083 0.35671788863999987 0.051689067269665157
17900 0.012665232788350429 0 11.288957025591083 0.35671788863999987 0.051689067269665157
17950 0.012665232788350429 0 11.288957025591083 0.35671788863999987 0.051689067269665157
18000 0.012665232788350429 0 11.288957025591083 0.35671788863999987 0.051689067269665157
18050 0.012665232788350429 0 11.288957025591083 0.35671788863999987 0.051689067269665157
18100 0.012665232788350429 0 11.288957025591083 0.35671788863999987 0.051689067269665157
18150 0.012665232788350429 0 11.288957025591083 0.35671788863999987 0.051689067269665157
18200 0.012665232788350429 0 11.288957025591083 0.35671788863999987 0.051689067269665157
18250 0.012665232788350429 0 11.288957025591083 0.35671788863999987 0.051689067269665157
18300 0.012665232788350429 0 11.288957025591083 0.35671788863999987 0.051689067269665157
18350 0.012665232788350429 0 11.288957025591083 0.35671788863999987 0.051689067269665157
18400 0.012665232788350429 0 11.288957025591083 0.35671788863999987 0.051689067269665157
18450 0.012665232788350429 0 11.288957025591083 0.35671788863999987 0.051689067269665157
18500 0.01266523278833166 0 11.288979906773978 0.3567174983549584 0.05168905104657018
18550 0.01266523278833166 0 11.288979906773978 0.3567174983549584 0.05168905104657018
18600 0.01266523278833166 0 11.288979906773978 0.3567174983549584 0.05168905104657018
18650 0.01266523278833166 0 11.288979906773978 0.3567174983549584 0.05168905104657018
18700 0.01266523278833166 0 11.288979906773978 0.3567174983549584 0.05168905104657018
18750 0.01266523278833166 0 11.288979906773978 0.3567174983549584 0.05168905104657018
18800 0.01266523278833166 0 11.288979906773978 0.3567174983549584 0.05168905104657018
18850 0.01266523278833166 0 11.288979906773978 0.3567174983549584 0.05168905104657018
18900 0.01266523278833166 0 11.288979906773978 0.3567174983549584 0.05168905104657018
18950 0.01266523278833166 0 11.288979906773978 0.3567174983549584 0.05168905104657018
19000 0.01266523278833166 0 11.288979906773978 0.3567174983549584 0.05168905104657018
19050 0.01266523278833166 0 11.288979906773978 0.3567174983549584 0.05168905104657018
19100 0.01266523278833166 0 11.288979906773978 0.3567174983549584 0.05168905104657018
19150 0.01266523278833166 0 11.288979906773978 0.3567174983549584 0.05168905104657018
19200 0.01266523278833166 0 11.288979906773978 0.3567174983549584 0.05168905104657018
19250 0.01266523278833166 0 11.288979906773978 0.3567174983549584 0.05168905104657018
19300 0.01266523278833166 0 11.288979906773978 0.3567174983549584 0.05168905104657018
19350 0.012665232788320536 0 11.288963352082705 0.35671778072830485 0.05168906278406652
19400 0.012665232788320536 0 11.288963352082705 0.35671778072830485 0.05168906278406652
19450 0.012665232788320536 0 11.288963352082705 0.35671778072830485 0.05168906278406652
19500 0.012665232788320536 0 11.288963352082705 0.35671778072830485 0.05168906278406652
19550 0.012665232788320536 0 11.288963352082705 0.35671778072830485 0.05168906278406652
19600 0.012665232788320536 0 11.288963352082705 0.35671778072830485 0.05168906278406652
19650 0.012665232788320536 0 11.288963352082705 0.35671778072830485 0.05168906278406652
19700 0.012665232788320536 0 11.288963352082705 0.35671778072830485 0.05168906278406652
19750 0.012665232788320536 0 11.288963352082705 0.35671778072830485 0.05168906278406652
19800 0.012665232788320536 0 11.288963352082705 0.35671778072830485 0.05168906278406652
19850 0.012665232788320536 0 11.288963352082705 0.35671778072830485 0.05168906278406652
19900 0.012665232788320536 0 11.288963352082705 0.35671778072830485 0.05168906278406652
19950 0.012665232788320536 0 11.288963352082705 0.35671778072830485 0.05168906278406652
20000 0.012665232788320536 0 11.288963352082705 0.35671778072830485 0.05168906278406652
20050 0.012665232788320536 0 11.288963352082705 0.35671778072830485 0.05168906278406652
20100 0.012665232788320536 0 11.288963352082705 0.35671778072830485 0.05168906278406652
20150 0.012665232788320536 0 11.288963352082705 0.35671778072830485 0.05168906278406652
20200 0.012665232788320536 0 11.288963352082705 0.35671778072830485 0.05168906278406652
20250 0.012665232788320536 0 11.288963352082705 0.35671778072830485 0.05168906278406652
20300 0.012665232788320536 0 11.288963352082705 0.35671778072830485 0.05168906278406652
20350 0.012665232788320536 0 11.288963352082705 0.35671778072830485 0.05168906278406652
20400 0.012665232788320536 0 11.288963352082705 0.35671778072830485 0.05168906278406652
20450 0.012665232788320536 0 11.288963352082705 0.35671778072830485 0.05168906278406652
20500 0.012665232788320536 0 11.288963352082705 0.35671778072830485 0.05168906278406652
20550 0.012665232788320536 0 11.288963352082705 0.35671778072830485 0.05168906278406652
20600 0.012665232788320536 0 11.288963352082705 0.35671778072830485 0.05168906278406652
20650 0.012665232788320536 0 11.288963352082705 0.35671778072830485 0.05168906278406652
20700 0.012665232788320536 0 11.288963352082705 0.35671778072830485 0.05168906278406652
20750 0.012665232788320536 0 11.288963352082705 0.35671778072830485 0.05168906278406652
20800 0.012665232788320536 0 11.288963352082705 0.35671778072830485 0.05168906278406652
20850 0.012665232788320536 0 11.288963352082705 0.35671778072830485 0.05168906278406652
20900 0.012665232788320536 0 11.288963352082705 0.35671778072830485 0.05168906278406652
20950 0.012665232788320536 0 11.288963352082705 0.35671778072830485 0.05168906278406652
21000 0.012665232788320536 0 11.288963352082705 0.35671778072830485 0.05168906278406652
21050 0.012665232788320536 0 11.288963352082705 0.35671778072830485 0.05168906278406652
21100 0.012665232788320376 0 11.28895989281116 0.356717839733202 0.05168906523674017
21150 0.012665232788319873 0 11.288961450241684 0.35671781316805223 0.05168906413249868
21200 0.012665232788319873 0 11.288961450241684 0.35671781316805223 0.05168906413249868
21250 0.012665232788319873 0 11.288961450241684 0.35671781316805223 0.05168906413249868
21300 0.012665232788319873 0 11.288961450241684 0.35671781316805223 0.05168906413249868
21350 0.012665232788319873 0 11.288961450241684 0.35671781316805223 0.05168906413249868
21400 0.012665232788319778 0 11.288960129975788 0.3567178356878673 0.051689065068586455
21450 0.012665232788319778 0 11.288960129975788 0.3567178356878673 0.051689065068586455
21500 0.012665232788319703 0 11.288964324558732 0.35671776414074696 0.051689062094566
21550 0.012665232788319703 0 11.288964324558732 0.35671776414074696 0.051689062094566
21600 0.012665232788319703 0 11.288964324558732 0.35671776414074696 0.051689062094566
21650 0.012665232788319703 0 11.288964324558732 0.35671776414074696 0.051689062094566
21700 0.012665232788319703 0 11.288964324558732 0.35671776414074696 0.051689062094566
21750 0.012665232788319703 0 11.288964324558732 0.35671776414074696 0.051689062094566
21800 0.012665232788319703 0 11.288964324558732 0.35671776414074696 0.051689062094566
21850 0.012665232788319703 0 11.288964324558732 0.35671776414074696 0.051689062094566
21900 0.012665232788319703 0 11.288964324558732 0.35671776414074696 0.051689062094566
21950 0.012665232788319703 0 11.288964324558732 0.35671776414074696 0.051689062094566
22000 0.012665232788319535 0 11.288964848793736 0.35671775519885585 0.051689061722875664
22050 0.012665232788319535 0 11.288964848793736 0.35671775519885585 0.051689061722875664
22100 0.012665232788319535 0 11.288964848793736 0.35671775519885585 0.051689061722875664
22150 0.012665232788319535 0 11.288964848793736 0.35671775519885585 0.051689061722875664
22200 0.012665232788319535 0 11.288964848793736 0.35671775519885585 0.051689061722875664
22250 0.012665232788319535 0 11.288964848793736 0.35671775519885585 0.051689061722875664
22300 0.012665232788319535 0 11.288964848793736 0.35671775519885585 0.051689061722875664
22350 0.012665232788319535 0 11.288964848793736 0.35671775519885585 0.051689061722875664
22400 0.012665232788319535 0 11.288964848793736 0.35671775519885585 0.051689061722875664
22450 0.012665232788319509 0 11.288965306570125 0.3567177473905536 0.051689061398305584
22500 0.012665232788319509 0 11.288965392938273 0.35671774591737004 0.05168906133706934
22550 0.012665232788319497 0 11.288964917204622 0.35671775403196965 0.051689061674371296
22600 0.012665232788319497 0 11.288964917204622 0.35671775403196965 0.051689061674371296
22650 0.012665232788319497 0 11.288964917204622 0.35671775403196965 0.051689061674371296
22700 0.012665232788319497 0 11.288964917204622 0.35671775403196965 0.051689061674371296
22750 0.012665232788319497 0 11.288964917204622 0.35671775403196965 0.051689061674371296
22800 0.012665232788319497 0 11.288964917204622 0.35671775403196965 0.051689061674371296
22850 0.012665232788319497 0 11.288964917204622 0.35671775403196965 0.051689061674371296
22900 0.012665232788319497 0 11.288964917204622 0.35671775403196965 0.051689061674371296
22950 0.012665232788319465 0 11.288966146712864 0.3567177330602209 0.05168906080263228
23000 0.012665232788319465 0 11.288966146712864 0.3567177330602209 0.05168906080263228
23050 0.012665232788319448 0 11.288966000837958 0.35671773554841185 0.05168906090605967
23100 0.012665232788319434 0 11.28896663751352 0.3567177246886243 0.051689060454647565
23150 0.012665232788319434 0 11.28896663751352 0.3567177246886243 0.051689060454647565
23200 0.012665232788319434 0 11.28896663751352 0.3567177246886243 0.051689060454647565
23250 0.012665232788319434 0 11.28896663751352 0.3567177246886243 0.051689060454647565
23300 0.012665232788319434 0 11.28896663751352 0.3567177246886243 0.051689060454647565
23350 0.01266523278831943 0 11.288965450877063 0.356717744929106 0.051689061295989804
23400 0.01266523278831943 0 11.288965450877063 0.356717744929106 0.051689061295989804
23450 0.01266523278831943 0 11.288965450877063 0.356717744929106 0.051689061295989804
23500 0.01266523278831943 0 11.288965450877063 0.356717744929106 0.051689061295989804
23550 0.01266523278831943 0 11.288965450877063 0.356717744929106 0.051689061295989804
23600 0.01266523278831943 0 11.288965450877063 0.356717744929106 0.051689061295989804
23650 0.01266523278831943 0 11.288965450877063 0.356717744929106 0.051689061295989804
23700 0.012665232788319429 0 11.28896506468884 0.35671775151632695 0.051689061569802804
23750 0.012665232788319429 0 11.28896506468884 0.35671775151632695 0.051689061569802804
23800 0.012665232788319429 0 11.28896506468884 0.35671775151632695 0.051689061569802804
23850 0.012665232788319429 0 11.28896506468884 0.35671775151632695 0.051689061569802804
23900 0.012665232788319429 0 11.28896506468884 0.35671775151632695 0.051689061569802804
23950 0.012665232788319427 0 11.28896559191867 0.35671774252335636 0.051689061195989275
24000 0.012665232788319427 0 11.28896559191867 0.35671774252335636 0.051689061195989275
24050 0.012665232788319422 0 11.288965391771512 0.3567177459372705 0.05168906133789648
24100 0.012665232788319419 0 11.288965634431298 0.3567177417982174 0.051689061165847205
24150 0.012665232788319419 0 11.288965634431298 0.3567177417982174 0.051689061165847205
24200 0.012665232788319419 0 11.288965634431298 0.3567177417982174 0.051689061165847205
24250 0.012665232788319419 0 11.288965634431298 0.3567177417982174 0.051689061165847205
24300 0.012665232788319417 0 11.288965853215505 0.35671773806641066 0.05168906101072607
24350 0.012665232788319417 0 11.288965853215505 0.35671773806641066 0.05168906101072607
24400 0.012665232788319417 0 11.288965853215505 0.35671773806641066 0.05168906101072607
24450 0.012665232788319417 0 11.288965853215505 0.35671773806641066 0.05168906101072607
24500 0.012665232788319417 0 11.288965853215505 0.35671773806641066 0.05168906101072607
24550 0.012665232788319417 0 11.288965853215505 0.35671773806641066 0.05168906101072607
24600 0.012665232788319417 0 11.288965853215505 0.35671773806641066 0.05168906101072607
24650 0.012665232788319417 0 11.288965853215505 0.35671773806641066 0.05168906101072607
24700 0.012665232788319417 0 11.288965853215505 0.35671773806641066 0.05168906101072607
24750 0.012665232788319417 0 11.288965853215505 0.35671773806641066 0.05168906101072607
24800 0.012665232788319417 0 11.288965853215505 0.35671773806641066 0.05168906101072607
24850 0.012665232788319417 0 11.288965853215505 0.35671773806641066 0.05168906101072607
24900 0.012665232788319412 0 11.288965924788606 0.3567177368455867 0.0516890609599797
24950 0.012665232788319412 0 11.288965924788606 0.3567177368455867 0.0516890609599797
25000 0.012665232788319412 0 11.288965924788606 0.3567177368455867 0.0516890609599797
25050 0.012665232788319412 0 11.288965924788606 0.3567177368455867 0.0516890609599797
25100 0.012665232788319412 0 11.288965924788606 0.3567177368455867 0.0516890609599797
25150 0.012665232788319412 0 11.288965924788606 0.3567177368455867 0.0516890609599797
25200 0.012665232788319412 0 11.288965924788606 0.3567177368455867 0.0516890609599797
25250 0.012665232788319412 0 11.288965924788606 0.3567177368455867 0.0516890609599797
25300 0.012665232788319412 0 11.288965924788606 0.3567177368455867 0.0516890609599797
25350 0.012665232788319412 0 11.288965924788606 0.3567177368455867 0.0516890609599797
25400 0.012665232788319412 0 11.288965924788606 0.3567177368455867 0.0516890609599797
25450 0.012665232788319408 0 11.28896577902292 0.356717739331915 0.05168906106332966
25500 0.012665232788319408 0 11.28896577902292 0.356717739331915 0.05168906106332966
25550 0.012665232788319408 0 11.28896577902292 0.356717739331915 0.05168906106332966
25600 0.012665232788319408 0 11.28896577902292 0.356717739331915 0.05168906106332966
25650 0.012665232788319408 0 11.28896577902292 0.356717739331915 0.05168906106332966
25700 0.012665232788319408 0 11.28896577902292 0.356717739331915 0.05168906106332966
25750 0.012665232788319408 0 11.28896577902292 0.356717739331915 0.05168906106332966
25800 0.012665232788319408 0 11.28896577902292 0.356717739331915 0.05168906106332966
25850 0.012665232788319408 0 11.28896577902292 0.356717739331915 0.05168906106332966
25900 0.012665232788319408 0 11.28896577902292 0.356717739331915 0.05168906106332966
25950 0.012665232788319408 0 11.28896577902292 0.356717739331915 0.05168906106332966
26000 0.012665232788319408 0 11.28896577902292 0.356717739331915 0.05168906106332966
26050 0.012665232788319408 0 11.28896577902292 0.356717739331915 0.05168906106332966
26100 0.012665232788319408 0 11.28896577902292 0.356717739331915 0.05168906106332966
26150 0.012665232788319408 0 11.28896577902292 0.356717739331915 0.05168906106332966
26200 0.012665232788319408 0 11.28896577902292 0.356717739331915 0.05168906106332966
26250 0.012665232788319408 0 11.28896577902292 0.356717739331915 0.05168906106332966
26300 0.012665232788319408 0 11.28896577902292 0.356717739331915 0.05168906106332966
26350 0.012665232788319408 0 11.28896577902292 0.356717739331915 0.05168906106332966
26400 0.012665232788319408 0 11.28896577902292 0.356717739331915 0.05168906106332966
26450 0.012665232788319408 0 11.28896577902292 0.356717739331915 0.05168906106332966
26500 0.012665232788319408 0 11.28896577902292 0.356717739331915 0.05168906106332966
26550 0.012665232788319408 0 11.28896577902292 0.356717739331915 0.05168906106332966
26600 0.012665232788319408 0 11.28896577902292 0.356717739331915 0.05168906106332966
26650 0.012665232788319408 0 11.28896577902292 0.356717739331915 0.05168906106332966
26700 0.012665232788319408 0 11.28896577902292 0.356717739331915 0.05168906106332966
26750 0.012665232788319408 0 11.28896577902292 0.356717739331915 0.05168906106332966
26800 0.012665232788319408 0 11.28896577902292 0.356717739331915 0.05168906106332966
26850 0.012665232788319408 0 11.28896577902292 0.356717739331915 0.05168906106332966
26900 0.012665232788319408 0 11.28896577902292 0.356717739331915 0.05168906106332966
26950 0.012665232788319408 0 11.28896577902292 0.356717739331915 0.05168906106332966
27000 0.012665232788319408 0 11.28896577902292 0.356717739331915 0.05168906106332966
27050 0.012665232788319408 0 11.28896577902292 0.356717739331915 0.05168906106332966
27100 0.012665232788319408 0 11.28896577902292 0.356717739331915 0.05168906106332966
27150 0.012665232788319408 0 11.28896577902292 0.356717739331915 0.05168906106332966
27200 0.012665232788319408 0 11.28896577902292 0.356717739331915 0.05168906106332966
27250 0.012665232788319408 0 11.28896577902292 0.356717739331915 0.05168906106332966
27300 0.012665232788319408 0 11.28896577902292 0.356717739331915 0.05168906106332966
27350 0.012665232788319408 0 11.28896577902292 0.356717739331915 0.05168906106332966
27400 0.012665232788319408 0 11.28896577902292 0.356717739331915 0.05168906106332966
27450 0.012665232788319408 0 11.28896577902292 0.356717739331915 0.05168906106332966
27500 0.012665232788319408 0 11.28896577902292 0.356717739331915 0.05168906106332966
27550 0.012665232788319408 0 11.28896577902292 0.356717739331915 0.05168906106332966
27600 0.012665232788319408 0 11.28896577902292 0.356717739331915 0.05168906106332966
27650 0.012665232788319408 0 11.28896577902292 0.356717739331915 0.05168906106332966
27700 0.012665232788319408 0 11.28896577902292 0.356717739331915 0.05168906106332966
27750 0.012665232788319408 0 11.28896577902292 0.356717739331915 0.05168906106332966
27800 0.012665232788319408 0 11.28896577902292 0.356717739331915 0.05168906106332966
27850 0.012665232788319408 0 11.28896577902292 0.356717739331915 0.05168906106332966
27900 0.012665232788319408 0 11.28896577902292 0.356717739331915 0.05168906106332966
27950 0.012665232788319408 0 11.28896577902292 0.356717739331915 0.05168906106332966
28000 0.012665232788319408 0 11.28896577902292 0.356717739331915 0.05168906106332966
28050 0.012665232788319408 0 11.28896577902292 0.356717739331915 0.05168906106332966
28100 0.012665232788319408 0 11.28896577902292 0.356717739331915 0.05168906106332966
28150 0.012665232788319408 0 11.28896577902292 0.356717739331915 0.05168906106332966
28200 0.012665232788319408 0 11.28896577902292 0.356717739331915 0.05168906106332966
28250 0.012665232788319408 0 11.28896577902292 0.356717739331915 0.05168906106332966
28300 0.012665232788319408 0 11.28896577902292 0.356717739331915 0.05168906106332966
28350 0.012665232788319408 0 11.28896577902292 0.356717739331915 0.05168906106332966
28400 0.012665232788319408 0 11.28896577902292 0.356717739331915 0.05168906106332966
28450 0.012665232788319408 0 11.28896577902292 0.356717739331915 0.05168906106332966
28500 0.012665232788319408 0 11.28896577902292 0.356717739331915 0.05168906106332966
28550 0.012665232788319408 0 11.28896577902292 0.356717739331915 0.05168906106332966
28600 0.012665232788319408 0 11.28896577902292 0.356717739331915 0.05168906106332966
28650 0.012665232788319408 0 11.28896577902292 0.356717739331915 0.05168906106332966
28700 0.012665232788319408 0 11.28896577902292 0.356717739331915 0.05168906106332966
28750 0.012665232788319408 0 11.28896577902292 0.356717739331915 0.05168906106332966
28800 0.012665232788319408 0 11.28896577902292 0.356717739331915 0.05168906106332966
28850 0.012665232788319408 0 11.28896577902292 0.356717739331915 0.05168906106332966
28900 0.012665232788319408 0 11.28896577902292 0.356717739331915 0.05168906106332966
28950 0.012665232788319408 0 11.28896577902292 0.356717739331915 0.05168906106332966
29000 0.012665232788319408 0 11.28896577902292 0.356717739331915 0.05168906106332966
29050 0.012665232788319408 0 11.28896577902292 0.356717739331915 0.05168906106332966
29100 0.012665232788319408 0 11.28896577902292 0.356717739331915 0.05168906106332966
29150 0.012665232788319408 0 11.28896577902292 0.356717739331915 0.05168906106332966
29200 0.012665232788319408 0 11.28896577902292 0.356717739331915 0.05168906106332966
29250 0.012665232788319408 0 11.28896577902292 0.356717739331915 0.05168906106332966
29300 0.012665232788319408 0 11.28896577902292 0.356717739331915 0.05168906106332966
29350 0.012665232788319408 0 11.28896577902292 0.356717739331915 0.05168906106332966
29400 0.012665232788319408 0 11.28896577902292 0.356717739331915 0.05168906106332966
29450 0.012665232788319408 0 11.28896577902292 0.356717739331915 0.05168906106332966
29500 0.012665232788319408 0 11.28896577902292 0.356717739331915 0.05168906106332966
29550 0.012665232788319408 0 11.28896577902292 0.356717739331915 0.05168906106332966
29600 0.012665232788319408 0 11.28896577902292 0.356717739331915 0.05168906106332966
29650 0.012665232788319408 0 11.28896577902292 0.356717739331915 0.05168906106332966
29700 0.012665232788319408 0 11.28896577902292 0.356717739331915 0.05168906106332966
29750 0.012665232788319408 0 11.28896577902292 0.356717739331915 0.05168906106332966
29800 0.012665232788319408 0 11.28896577902292 0.356717739331915 0.05168906106332966
29850 0.012665232788319408 0 11.28896577902292 0.356717739331915 0.05168906106332966
29900 0.012665232788319408 0 11.28896577902292 0.356717739331915 0.05168906106332966
29950 0.012665232788319408 0 11.28896577902292 0.356717739331915 0.05168906106332966
30000 0.012665232788319408 0 11.28896577902292 0.356717739331915 0.05168906106332966
30050 0.012665232788319408 0 11.28896577902292 0.356717739331915 0.05168906106332966
30100 0.012665232788319408 0 11.28896577902292 0.356717739331915 0.05168906106332966
30150 0.012665232788319408 0 11.28896577902292 0.356717739331915 0.05168906106332966
30200 0.012665232788319408 0 11.28896577902292 0.356717739331915 0.05168906106332966
30250 0.012665232788319408 0 11.28896577902292 0.356717739331915 0.05168906106332966
30300 0.012665232788319408 0 11.28896577902292 0.356717739331915 0.05168906106332966
30350 0.012665232788319408 0 11.28896577902292 0.356717739331915 0.05168906106332966
30400 0.012665232788319408 0 11.28896577902292 0.356717739331915 0.05168906106332966
30450 0.012665232788319408 0 11.28896577902292 0.356717739331915 0.05168906106332966
30500 0.012665232788319407 0 11.28896580463184 0.3567177388951031 0.05168906104517257
30550 0.012665232788319407 0 11.28896580463184 0.3567177388951031 0.05168906104517257
30600 0.012665232788319407 0 11.28896580463184 0.3567177388951031 0.05168906104517257
30650 0.012665232788319407 0 11.28896580463184 0.3567177388951031 0.05168906104517257
30700 0.012665232788319407 0 11.28896580463184 0.3567177388951031 0.05168906104517257
30750 0.012665232788319407 0 11.28896580463184 0.3567177388951031 0.05168906104517257
30800 0.012665232788319407 0 11.28896580463184 0.3567177388951031 0.05168906104517257
30850 0.012665232788319407 0 11.28896580463184 0.3567177388951031 0.05168906104517257
30900 0.012665232788319407 0 11.28896580463184 0.3567177388951031 0.05168906104517257
30950 0.012665232788319407 0 11.28896580463184 0.3567177388951031 0.05168906104517257
31000 0.012665232788319407 0 11.28896580463184 0.3567177388951031 0.05168906104517257
31050 0.012665232788319407 0 11.28896580463184 0.3567177388951031 0.05168906104517257
31100 0.012665232788319407 0 11.28896580463184 0.3567177388951031 0.05168906104517257
31150 0.012665232788319407 0 11.28896580463184 0.3567177388951031 0.05168906104517257
31200 0.012665232788319407 0 11.28896580463184 0.3567177388951031 0.05168906104517257
31250 0.012665232788319407 0 11.28896580463184 0.3567177388951031 0.05168906104517257
31300 0.012665232788319407 0 11.28896580463184 0.3567177388951031 0.05168906104517257
31350 0.012665232788319407 0 11.28896580463184 0.3567177388951031 0.05168906104517257
31400 0.012665232788319407 0 11.28896580463184 0.3567177388951031 0.05168906104517257
31450 0.012665232788319407 0 11.28896580463184 0.3567177388951031 0.05168906104517257
31500 0.012665232788319407 0 11.28896580463184 0.3567177388951031 0.05168906104517257
31550 0.012665232788319407 0 11.28896580463184 0.3567177388951031 0.05168906104517257
31600 0.012665232788319407 0 11.28896580463184 0.3567177388951031 0.05168906104517257
31650 0.012665232788319407 0 11.28896580463184 0.3567177388951031 0.05168906104517257
31700 0.012665232788319407 0 11.28896580463184 0.3567177388951031 0.05168906104517257
31750 0.012665232788319407 0 11.28896580463184 0.3567177388951031 0.05168906104517257
31800 0.012665232788319407 0 11.28896580463184 0.3567177388951031 0.05168906104517257
31850 0.012665232788319407 0 11.28896580463184 0.3567177388951031 0.05168906104517257
31900 0.012665232788319407 0 11.28896580463184 0.3567177388951031 0.05168906104517257
31950 0.012665232788319407 0 11.28896580463184 0.3567177388951031 0.05168906104517257
32000 0.012665232788319407 0 11.28896580463184 0.3567177388951031 0.05168906104517257
32050 0.012665232788319407 0 11.28896580463184 0.3567177388951031 0.05168906104517257
32100 0.012665232788319407 0 11.28896580463184 0.3567177388951031 0.05168906104517257
32150 0.012665232788319407 0 11.28896580463184 0.3567177388951031 0.05168906104517257
32200 0.012665232788319407 0 11.28896580463184 0.3567177388951031 0.05168906104517257
32250 0.012665232788319407 0 11.28896580463184 0.3567177388951031 0.05168906104517257
32300 0.012665232788319407 0 11.28896580463184 0.3567177388951031 0.05168906104517257
32350 0.012665232788319407 0 11.28896580463184 0.3567177388951031 0.05168906104517257
32400 0.012665232788319407 0 11.28896580463184 0.3567177388951031 0.05168906104517257
32450 0.012665232788319407 0 11.28896580463184 0.3567177388951031 0.05168906104517257
32500 0.012665232788319407 0 11.28896580463184 0.3567177388951031 0.05168906104517257
32550 0.012665232788319407 0 11.28896580463184 0.3567177388951031 0.05168906104517257
32600 0.012665232788319407 0 11.28896580463184 0.3567177388951031 0.05168906104517257
32650 0.012665232788319407 0 11.28896580463184 0.3567177388951031 0.05168906104517257
32700 0.012665232788319407 0 11.28896580463184 0.3567177388951031 0.05168906104517257
32750 0.012665232788319407 0 11.28896580463184 0.3567177388951031 0.05168906104517257
32800 0.012665232788319407 0 11.28896580463184 0.3567177388951031 0.05168906104517257
32850 0.012665232788319407 0 11.28896580463184 0.3567177388951031 0.05168906104517257
32900 0.012665232788319407 0 11.28896580463184 0.3567177388951031 0.05168906104517257
32950 0.012665232788319407 0 11.28896580463184 0.3567177388951031 0.05168906104517257
33000 0.012665232788319407 0 11.28896580463184 0.3567177388951031 0.05168906104517257
33050 0.012665232788319407 0 11.28896580463184 0.3567177388951031 0.05168906104517257
33100 0.012665232788319407 0 11.28896580463184 0.3567177388951031 0.05168906104517257
33150 0.012665232788319407 0 11.28896580463184 0.3567177388951031 0.05168906104517257
33200 0.012665232788319407 0 11.28896580463184 0.3567177388951031 0.05168906104517257
33250 0.012665232788319407 0 11.28896580463184 0.3567177388951031 0.05168906104517257
33300 0.012665232788319407 0 11.28896580463184 0.3567177388951031 0.05168906104517257
33350 0.012665232788319407 0 11.28896580463184 0.3567177388951031 0.05168906104517257
33400 0.012665232788319407 0 11.28896580463184 0.3567177388951031 0.05168906104517257
33450 0.012665232788319407 0 11.28896580463184 0.3567177388951031 0.05168906104517257
33500 0.012665232788319407 0 11.288965922182783 0.3567177368900343 0.051689060961827266
33550 0.012665232788319407 0 11.288965922182783 0.3567177368900343 0.051689060961827266
33600 0.012665232788319407 0 11.288965922182783 0.3567177368900343 0.051689060961827266
33650 0.012665232788319407 0 11.288965922182783 0.3567177368900343 0.051689060961827266
33700 0.012665232788319407 0 11.288965922182783 0.3567177368900343 0.051689060961827266
33750 0.012665232788319407 0 11.288965922182783 0.3567177368900343 0.051689060961827266
33800 0.012665232788319407 0 11.288965922182783 0.3567177368900343 0.051689060961827266
33850 0.012665232788319407 0 11.288965922182783 0.3567177368900343 0.051689060961827266
33900 0.012665232788319407 0 11.288965922182783 0.3567177368900343 0.051689060961827266
33950 0.012665232788319407 0 11.288965922182783 0.3567177368900343 0.051689060961827266
34000 0.012665232788319407 0 11.288965922182783 0.3567177368900343 0.051689060961827266
34050 0.012665232788319407 0 11.288965922182783 0.3567177368900343 0.051689060961827266
34100 0.012665232788319407 0 11.288965922182783 0.3567177368900343 0.051689060961827266
34150 0.012665232788319407 0 11.288965922182783 0.3567177368900343 0.051689060961827266
34200 0.012665232788319407 0 11.288965922182783 0.3567177368900343 0.051689060961827266
34250 0.012665232788319407 0 11.288965922182783 0.3567177368900343 0.051689060961827266
34300 0.012665232788319407 0 11.288965922182783 0.3567177368900343 0.051689060961827266
34350 0.012665232788319407 0 11.288965922182783 0.3567177368900343 0.051689060961827266
34400 0.012665232788319407 0 11.288965922182783 0.3567177368900343 0.051689060961827266
34450 0.012665232788319407 0 11.288965922182783 0.3567177368900343 0.051689060961827266
34500 0.012665232788319407 0 11.288965922182783 0.3567177368900343 0.051689060961827266
34550 0.012665232788319407 0 11.288965922182783 0.3567177368900343 0.051689060961827266
34600 0.012665232788319407 0 11.288965922182783 0.3567177368900343 0.051689060961827266
34650 0.012665232788319407 0 11.288965922182783 0.3567177368900343 0.051689060961827266
34700 0.012665232788319407 0 11.288965922182783 0.3567177368900343 0.051689060961827266
34750 0.012665232788319407 0 11.288965922182783 0.3567177368900343 0.051689060961827266
34800 0.012665232788319407 0 11.288965922182783 0.3567177368900343 0.051689060961827266
34850 0.012665232788319407 0 11.288965922182783 0.3567177368900343 0.051689060961827266
34900 0.012665232788319407 0 11.288965922182783 0.3567177368900343 0.051689060961827266
34950 0.012665232788319407 0 11.288965922182783 0.3567177368900343 0.051689060961827266
35000 0.012665232788319407 0 11.288965922182783 0.3567177368900343 0.051689060961827266
35050 0.012665232788319407 0 11.288965922182783 0.3567177368900343 0.051689060961827266
35100 0.012665232788319407 0 11.288965922182783 0.3567177368900343 0.051689060961827266
35150 0.012665232788319407 0 11.288965922182783 0.3567177368900343 0.051689060961827266
35200 0.012665232788319407 0 11.288965922182783 0.3567177368900343 0.051689060961827266
35250 0.012665232788319407 0 11.288965922182783 0.3567177368900343 0.051689060961827266
35300 0.012665232788319407 0 11.288965922182783 0.3567177368900343 0.051689060961827266
35350 0.012665232788319407 0 11.288965922182783 0.3567177368900343 0.051689060961827266
35400 0.012665232788319407 0 11.288965922182783 0.3567177368900343 0.051689060961827266
35450 0.012665232788319407 0 11.288965922182783 0.3567177368900343 0.051689060961827266
35500 0.012665232788319407 0 11.288965922182783 0.3567177368900343 0.051689060961827266
35550 0.012665232788319407 0 11.288965922182783 0.3567177368900343 0.051689060961827266
35600 0.012665232788319407 0 11.288965922182783 0.3567177368900343 0.051689060961827266
35650 0.012665232788319407 0 11.288965922182783 0.3567177368900343 0.051689060961827266
35700 0.012665232788319407 0 11.288965922182783 0.3567177368900343 0.051689060961827266
35750 0.012665232788319407 0 11.288965922182783 0.3567177368900343 0.051689060961827266
35800 0.012665232788319407 0 11.288965922182783 0.3567177368900343 0.051689060961827266
35850 0.012665232788319407 0 11.288965922182783 0.3567177368900343 0.051689060961827266
35900 0.012665232788319407 0 11.288965922182783 0.3567177368900343 0.051689060961827266
35950 0.012665232788319407 0 11.288965922182783 0.3567177368900343 0.051689060961827266
*---*---*---*---*---*---*---*---*---*---*---*---*---*---*---*---*---*---*---*---*
Status: Finished
Last individual
0.012665232788319407 0 11.288965922182783 0.3567177368900343 0.051689060961827266
Hall of fame
0.012665232788319407 0 11.28896580463184 0.3567177388951031 0.05168906104517257
Last factible individual
0.012665232788319407 0 11.288965922182783 0.3567177368900343 0.051689060961827266
CPU time used (seconds)
1.6018942480004625
