*---*---*---*---*---*---*---*---*---*---*---*---*---*---*---*---*---*---*---*---*
Algorithm: Differential Evolution
Constrainth handling method: DEB
Function: 21
Case: continuous
Seed: 23
Parents size: 50
Offsprings size: 50
maxFe: 36000
CR: 0.9
F: 0.6
rweights: -
*---*---*---*---*---*---*---*---*---*---*---*---*---*---*---*---*---*---*---*---*
ngen ObjectiveFunction ViolationSum ProjectVariables
50 0.014274989241837443 0.017389777241082593 5.122364720103357 0.5604921432611181 0.05979860126519394
100 0.014274989241837443 0.017389777241082593 5.122364720103357 0.5604921432611181 0.05979860126519394
150 0.014274989241837443 0.017389777241082593 5.122364720103357 0.5604921432611181 0.05979860126519394
200 0.014274989241837443 0.017389777241082593 5.122364720103357 0.5604921432611181 0.05979860126519394
250 0.013755100815549395 0.015443695822571213 15 0.32364943095410337 0.05
300 0.012894238395700756 0 12.078272796720132 0.3473163799847517 0.05135237411614498
350 0.012894238395700756 0 12.078272796720132 0.3473163799847517 0.05135237411614498
400 0.012894238395700756 0 12.078272796720132 0.3473163799847517 0.05135237411614498
450 0.012894238395700756 0 12.078272796720132 0.3473163799847517 0.05135237411614498
500 0.012894238395700756 0 12.078272796720132 0.3473163799847517 0.05135237411614498
550 0.012894238395700756 0 12.078272796720132 0.3473163799847517 0.05135237411614498
600 0.012894238395700756 0 12.078272796720132 0.3473163799847517 0.05135237411614498
650 0.012894238395700756 0 12.078272796720132 0.3473163799847517 0.05135237411614498
700 0.012894238395700756 0 12.078272796720132 0.3473163799847517 0.05135237411614498
750 0.012894238395700756 0 12.078272796720132 0.3473163799847517 0.05135237411614498
800 0.012894238395700756 0 12.078272796720132 0.3473163799847517 0.05135237411614498
850 0.012894238395700756 0 12.078272796720132 0.3473163799847517 0.05135237411614498
900 0.012894238395700756 0 12.078272796720132 0.3473163799847517 0.05135237411614498
950 0.012894238395700756 0 12.078272796720132 0.3473163799847517 0.05135237411614498
1000 0.012894238395700756 0 12.078272796720132 0.3473163799847517 0.05135237411614498
1050 0.012894238395700756 0 12.078272796720132 0.3473163799847517 0.05135237411614498
1100 0.012894238395700756 0 12.078272796720132 0.3473163799847517 0.05135237411614498
1150 0.012894238395700756 0 12.078272796720132 0.3473163799847517 0.05135237411614498
1200 0.012894238395700756 0 12.078272796720132 0.3473163799847517 0.05135237411614498
1250 0.012894238395700756 0 12.078272796720132 0.3473163799847517 0.05135237411614498
1300 0.012894238395700756 0 12.078272796720132 0.3473163799847517 0.05135237411614498
1350 0.012894238395700756 0 12.078272796720132 0.3473163799847517 0.05135237411614498
1400 0.012894238395700756 0 12.078272796720132 0.3473163799847517 0.05135237411614498
1450 0.012894238395700756 0 12.078272796720132 0.3473163799847517 0.05135237411614498
1500 0.012894238395700756 0 12.078272796720132 0.3473163799847517 0.05135237411614498
1550 0.012894238395700756 0 12.078272796720132 0.3473163799847517 0.05135237411614498
1600 0.012894238395700756 0 12.078272796720132 0.3473163799847517 0.05135237411614498
1650 0.012894238395700756 0 12.078272796720132 0.3473163799847517 0.05135237411614498
1700 0.012894238395700756 0 12.078272796720132 0.3473163799847517 0.05135237411614498
1750 0.012894238395700756 0 12.078272796720132 0.3473163799847517 0.05135237411614498
1800 0.012894238395700756 0 12.078272796720132 0.3473163799847517 0.05135237411614498
1850 0.012894238395700756 0 12.078272796720132 0.3473163799847517 0.05135237411614498
1900 0.012804450165201478 0 14.165032621777286 0.3168431630122791 0.05
1950 0.012804450165201478 0 14.165032621777286 0.3168431630122791 0.05
2000 0.012804450165201478 0 14.165032621777286 0.3168431630122791 0.05
2050 0.01273488963108233 0 9.29426427353496 0.3966735810635044 0.05331531524874787
2100 0.01273488963108233 0 9.29426427353496 0.3966735810635044 0.05331531524874787
2150 0.01273488963108233 0 9.29426427353496 0.3966735810635044 0.05331531524874787
2200 0.01273488963108233 0 9.29426427353496 0.3966735810635044 0.05331531524874787
2250 0.01273488963108233 0 9.29426427353496 0.3966735810635044 0.05331531524874787
2300 0.01273488963108233 0 9.29426427353496 0.3966735810635044 0.05331531524874787
2350 0.01273488963108233 0 9.29426427353496 0.3966735810635044 0.05331531524874787
2400 0.01273488963108233 0 9.29426427353496 0.3966735810635044 0.05331531524874787
2450 0.01273488963108233 0 9.29426427353496 0.3966735810635044 0.05331531524874787
2500 0.01273488963108233 0 9.29426427353496 0.3966735810635044 0.05331531524874787
2550 0.01273488963108233 0 9.29426427353496 0.3966735810635044 0.05331531524874787
2600 0.01273488963108233 0 9.29426427353496 0.3966735810635044 0.05331531524874787
2650 0.01273488963108233 0 9.29426427353496 0.3966735810635044 0.05331531524874787
2700 0.01273488963108233 0 9.29426427353496 0.3966735810635044 0.05331531524874787
2750 0.01273488963108233 0 9.29426427353496 0.3966735810635044 0.05331531524874787
2800 0.01273488963108233 0 9.29426427353496 0.3966735810635044 0.05331531524874787
2850 0.01273488963108233 0 9.29426427353496 0.3966735810635044 0.05331531524874787
2900 0.012718750295451954 0 10.664325612087179 0.3687206382759211 0.052189419107089
2950 0.012718750295451954 0 10.664325612087179 0.3687206382759211 0.052189419107089
3000 0.012718750295451954 0 10.664325612087179 0.3687206382759211 0.052189419107089
3050 0.012718750295451954 0 10.664325612087179 0.3687206382759211 0.052189419107089
3100 0.012718750295451954 0 10.664325612087179 0.3687206382759211 0.052189419107089
3150 0.012718750295451954 0 10.664325612087179 0.3687206382759211 0.052189419107089
3200 0.012718750295451954 0 10.664325612087179 0.3687206382759211 0.052189419107089
3250 0.012718750295451954 0 10.664325612087179 0.3687206382759211 0.052189419107089
3300 0.012718750295451954 0 10.664325612087179 0.3687206382759211 0.052189419107089
3350 0.012718750295451954 0 10.664325612087179 0.3687206382759211 0.052189419107089
3400 0.012718750295451954 0 10.664325612087179 0.3687206382759211 0.052189419107089
3450 0.012718750295451954 0 10.664325612087179 0.3687206382759211 0.052189419107089
3500 0.012718750295451954 0 10.664325612087179 0.3687206382759211 0.052189419107089
3550 0.012707529734302149 0 12.53014482041996 0.3376830726178289 0.05089099597390774
3600 0.012707529734302149 0 12.53014482041996 0.3376830726178289 0.05089099597390774
3650 0.012707529734302149 0 12.53014482041996 0.3376830726178289 0.05089099597390774
3700 0.012707529734302149 0 12.53014482041996 0.3376830726178289 0.05089099597390774
3750 0.012707529734302149 0 12.53014482041996 0.3376830726178289 0.05089099597390774
3800 0.012707529734302149 0 12.53014482041996 0.3376830726178289 0.05089099597390774
3850 0.012707529734302149 0 12.53014482041996 0.3376830726178289 0.05089099597390774
3900 0.012707529734302149 0 12.53014482041996 0.3376830726178289 0.05089099597390774
3950 0.012705213417798416 0 11.187440891504602 0.35899014238976956 0.051804735133968195
4000 0.012700298506150554 0 11.289525743301922 0.3572373601387808 0.05172181865510845
4050 0.012700298506150554 0 11.289525743301922 0.3572373601387808 0.05172181865510845
4100 0.012695431183769836 0 10.877215028757082 0.3643189806270227 0.052020180515851576
4150 0.012690128252250315 0 11.797529312592223 0.34866697287835285 0.051360227330874975
4200 0.012688359980388421 0 11.178636439692841 0.35891771703800834 0.05179287972291963
4250 0.012688359980388421 0 11.178636439692841 0.35891771703800834 0.05179287972291963
4300 0.012688359980388421 0 11.178636439692841 0.35891771703800834 0.05179287972291963
4350 0.012688359980388421 0 11.178636439692841 0.35891771703800834 0.05179287972291963
4400 0.012688359980388421 0 11.178636439692841 0.35891771703800834 0.05179287972291963
4450 0.012676356159875966 0 10.72287072374071 0.366869230812614 0.05211335274055918
4500 0.012676356159875966 0 10.72287072374071 0.366869230812614 0.05211335274055918
4550 0.012676356159875966 0 10.72287072374071 0.366869230812614 0.05211335274055918
4600 0.012676356159875966 0 10.72287072374071 0.366869230812614 0.05211335274055918
4650 0.012676356159875966 0 10.72287072374071 0.366869230812614 0.05211335274055918
4700 0.012676356159875966 0 10.72287072374071 0.366869230812614 0.05211335274055918
4750 0.012676356159875966 0 10.72287072374071 0.366869230812614 0.05211335274055918
4800 0.012676356159875966 0 10.72287072374071 0.366869230812614 0.05211335274055918
4850 0.012676356159875966 0 10.72287072374071 0.366869230812614 0.05211335274055918
4900 0.012676356159875966 0 10.72287072374071 0.366869230812614 0.05211335274055918
4950 0.012668949882852807 0 11.017898531981302 0.36147108300328307 0.05188754079767385
5000 0.012668949882852807 0 11.017898531981302 0.36147108300328307 0.05188754079767385
5050 0.012668949882852807 0 11.017898531981302 0.36147108300328307 0.05188754079767385
5100 0.012668949882852807 0 11.017898531981302 0.36147108300328307 0.05188754079767385
5150 0.012668949882852807 0 11.017898531981302 0.36147108300328307 0.05188754079767385
5200 0.012668949882852807 0 11.017898531981302 0.36147108300328307 0.05188754079767385
5250 0.012668949882852807 0 11.017898531981302 0.36147108300328307 0.05188754079767385
5300 0.012668949882852807 0 11.017898531981302 0.36147108300328307 0.05188754079767385
5350 0.012668949882852807 0 11.017898531981302 0.36147108300328307 0.05188754079767385
5400 0.012668949882852807 0 11.017898531981302 0.36147108300328307 0.05188754079767385
5450 0.012668949882852807 0 11.017898531981302 0.36147108300328307 0.05188754079767385
5500 0.012668949882852807 0 11.017898531981302 0.36147108300328307 0.05188754079767385
5550 0.012668949882852807 0 11.017898531981302 0.36147108300328307 0.05188754079767385
5600 0.012668949882852807 0 11.017898531981302 0.36147108300328307 0.05188754079767385
5650 0.012667774609206513 0 11.115651716225262 0.3597367509425035 0.051815873296897
5700 0.012667774609206513 0 11.115651716225262 0.3597367509425035 0.051815873296897
5750 0.012667774609206513 0 11.115651716225262 0.3597367509425035 0.051815873296897
5800 0.012667774609206513 0 11.115651716225262 0.3597367509425035 0.051815873296897
5850 0.012667774609206513 0 11.115651716225262 0.3597367509425035 0.051815873296897
5900 0.012667774609206513 0 11.115651716225262 0.3597367509425035 0.051815873296897
5950 0.012667774609206513 0 11.115651716225262 0.3597367509425035 0.051815873296897
6000 0.012667774609206513 0 11.115651716225262 0.3597367509425035 0.051815873296897
6050 0.012667774609206513 0 11.115651716225262 0.3597367509425035 0.051815873296897
6100 0.012667774609206513 0 11.115651716225262 0.3597367509425035 0.051815873296897
6150 0.012667774609206513 0 11.115651716225262 0.3597367509425035 0.051815873296897
6200 0.012667774609206513 0 11.115651716225262 0.3597367509425035 0.051815873296897
6250 0.012667774609206513 0 11.115651716225262 0.3597367509425035 0.051815873296897
6300 0.012666440536280426 0 11.150851308721261 0.3591147155605185 0.051788550971330484
6350 0.012665821219813026 0 11.37903045680414 0.3551984993200226 0.05162603773111733
6400 0.012665821219813026 0 11.37903045680414 0.3551984993200226 0.05162603773111733
6450 0.012665821219813026 0 11.37903045680414 0.3551984993200226 0.05162603773111733
6500 0.012665821219813026 0 11.37903045680414 0.3551984993200226 0.05162603773111733
6550 0.012665821219813026 0 11.37903045680414 0.3551984993200226 0.05162603773111733
6600 0.012665821219813026 0 11.37903045680414 0.3551984993200226 0.05162603773111733
6650 0.012665821219813026 0 11.37903045680414 0.3551984993200226 0.05162603773111733
6700 0.012665821219813026 0 11.37903045680414 0.3551984993200226 0.05162603773111733
6750 0.012665821219813026 0 11.37903045680414 0.3551984993200226 0.05162603773111733
6800 0.012665821219813026 0 11.37903045680414 0.3551984993200226 0.05162603773111733
6850 0.012665821219813026 0 11.37903045680414 0.3551984993200226 0.05162603773111733
6900 0.012665821219813026 0 11.37903045680414 0.3551984993200226 0.05162603773111733
6950 0.012665821219813026 0 11.37903045680414 0.3551984993200226 0.05162603773111733
7000 0.012665821219813026 0 11.37903045680414 0.3551984993200226 0.05162603773111733
7050 0.012665502730156267 0 11.311937926280299 0.35633062631063783 0.05167303838749754
7100 0.012665502730156267 0 11.311937926280299 0.35633062631063783 0.05167303838749754
7150 0.012665502730156267 0 11.311937926280299 0.35633062631063783 0.05167303838749754
7200 0.012665502730156267 0 11.311937926280299 0.35633062631063783 0.05167303838749754
7250 0.012665502730156267 0 11.311937926280299 0.35633062631063783 0.05167303838749754
7300 0.012665502730156267 0 11.311937926280299 0.35633062631063783 0.05167303838749754
7350 0.012665502730156267 0 11.311937926280299 0.35633062631063783 0.05167303838749754
7400 0.012665502730156267 0 11.311937926280299 0.35633062631063783 0.05167303838749754
7450 0.012665502730156267 0 11.311937926280299 0.35633062631063783 0.05167303838749754
7500 0.012665502730156267 0 11.311937926280299 0.35633062631063783 0.05167303838749754
7550 0.012665502730156267 0 11.311937926280299 0.35633062631063783 0.05167303838749754
7600 0.012665502730156267 0 11.311937926280299 0.35633062631063783 0.05167303838749754
7650 0.012665502730156267 0 11.311937926280299 0.35633062631063783 0.05167303838749754
7700 0.012665502730156267 0 11.311937926280299 0.35633062631063783 0.05167303838749754
7750 0.012665408873376095 0 11.2201924856034 0.3578984611912063 0.05173813890411144
7800 0.012665355531182289 0 11.327725590416133 0.35606010318197207 0.051661738274861826
7850 0.012665355531182289 0 11.327725590416133 0.35606010318197207 0.051661738274861826
7900 0.012665355531182289 0 11.327725590416133 0.35606010318197207 0.051661738274861826
7950 0.012665355531182289 0 11.327725590416133 0.35606010318197207 0.051661738274861826
8000 0.012665355531182289 0 11.327725590416133 0.35606010318197207 0.051661738274861826
8050 0.012665321120112065 0 11.213781906428864 0.35800738773597807 0.0517426349640171
8100 0.012665321120112065 0 11.213781906428864 0.35800738773597807 0.0517426349640171
8150 0.012665321120112065 0 11.213781906428864 0.35800738773597807 0.0517426349640171
8200 0.012665321120112065 0 11.213781906428864 0.35800738773597807 0.0517426349640171
8250 0.012665321120112065 0 11.213781906428864 0.35800738773597807 0.0517426349640171
8300 0.012665321120112065 0 11.213781906428864 0.35800738773597807 0.0517426349640171
8350 0.012665321120112065 0 11.213781906428864 0.35800738773597807 0.0517426349640171
8400 0.012665269810884014 0 11.268420712586162 0.35706921140888126 0.05170367393106756
8450 0.012665269810884014 0 11.268420712586162 0.35706921140888126 0.05170367393106756
8500 0.012665269810884014 0 11.268420712586162 0.35706921140888126 0.05170367393106756
8550 0.012665269810884014 0 11.268420712586162 0.35706921140888126 0.05170367393106756
8600 0.012665269810884014 0 11.268420712586162 0.35706921140888126 0.05170367393106756
8650 0.012665269810884014 0 11.268420712586162 0.35706921140888126 0.05170367393106756
8700 0.012665269810884014 0 11.268420712586162 0.35706921140888126 0.05170367393106756
8750 0.012665269810884014 0 11.268420712586162 0.35706921140888126 0.05170367393106756
8800 0.012665269810884014 0 11.268420712586162 0.35706921140888126 0.05170367393106756
8850 0.012665262423315777 0 11.322545385851559 0.35614654462943 0.05166532011653706
8900 0.012665262423315777 0 11.322545385851559 0.35614654462943 0.05166532011653706
8950 0.012665262423315777 0 11.322545385851559 0.35614654462943 0.05166532011653706
9000 0.012665262423315777 0 11.322545385851559 0.35614654462943 0.05166532011653706
9050 0.012665262423315777 0 11.322545385851559 0.35614654462943 0.05166532011653706
9100 0.012665262423315777 0 11.322545385851559 0.35614654462943 0.05166532011653706
9150 0.012665262423315777 0 11.322545385851559 0.35614654462943 0.05166532011653706
9200 0.012665256411815054 0 11.266647033530793 0.3570992511505373 0.05170492782856701
9250 0.012665256411815054 0 11.266647033530793 0.3570992511505373 0.05170492782856701
9300 0.012665256411815054 0 11.266647033530793 0.3570992511505373 0.05170492782856701
9350 0.012665256411815054 0 11.266647033530793 0.3570992511505373 0.05170492782856701
9400 0.012665256411815054 0 11.266647033530793 0.3570992511505373 0.05170492782856701
9450 0.012665256411815054 0 11.266647033530793 0.3570992511505373 0.05170492782856701
9500 0.012665256411815054 0 11.266647033530793 0.3570992511505373 0.05170492782856701
9550 0.012665256411815054 0 11.266647033530793 0.3570992511505373 0.05170492782856701
9600 0.012665256411815054 0 11.266647033530793 0.3570992511505373 0.05170492782856701
9650 0.012665247530275625 0 11.285563192115116 0.3567759713098172 0.051691490823006746
9700 0.012665247530275625 0 11.285563192115116 0.3567759713098172 0.051691490823006746
9750 0.012665247530275625 0 11.285563192115116 0.3567759713098172 0.051691490823006746
9800 0.012665245148209376 0 11.28946873111274 0.3567093175130973 0.05168871833329246
9850 0.012665245148209376 0 11.28946873111274 0.3567093175130973 0.05168871833329246
9900 0.012665245148209376 0 11.28946873111274 0.3567093175130973 0.05168871833329246
9950 0.012665245148209376 0 11.28946873111274 0.3567093175130973 0.05168871833329246
10000 0.012665234520236565 0 11.294456275183167 0.3566241455457915 0.05168517081646699
10050 0.012665234520236565 0 11.294456275183167 0.3566241455457915 0.05168517081646699
10100 0.012665234520236565 0 11.294456275183167 0.3566241455457915 0.05168517081646699
10150 0.012665234520236565 0 11.294456275183167 0.3566241455457915 0.05168517081646699
10200 0.012665234520236565 0 11.294456275183167 0.3566241455457915 0.05168517081646699
10250 0.012665234520236565 0 11.294456275183167 0.3566241455457915 0.05168517081646699
10300 0.012665234520236565 0 11.294456275183167 0.3566241455457915 0.05168517081646699
10350 0.012665234520236565 0 11.294456275183167 0.3566241455457915 0.05168517081646699
10400 0.012665234520236565 0 11.294456275183167 0.3566241455457915 0.05168517081646699
10450 0.012665234520236565 0 11.294456275183167 0.3566241455457915 0.05168517081646699
10500 0.012665234520236565 0 11.294456275183167 0.3566241455457915 0.05168517081646699
10550 0.012665234520236565 0 11.294456275183167 0.3566241455457915 0.05168517081646699
10600 0.012665234520236565 0 11.294456275183167 0.3566241455457915 0.05168517081646699
10650 0.012665234520236565 0 11.294456275183167 0.3566241455457915 0.05168517081646699
10700 0.012665234520236565 0 11.294456275183167 0.3566241455457915 0.05168517081646699
10750 0.012665234520236565 0 11.294456275183167 0.3566241455457915 0.05168517081646699
10800 0.012665234520236565 0 11.294456275183167 0.3566241455457915 0.05168517081646699
10850 0.012665234520236565 0 11.294456275183167 0.3566241455457915 0.05168517081646699
10900 0.012665234520236565 0 11.294456275183167 0.3566241455457915 0.05168517081646699
10950 0.012665234520236565 0 11.294456275183167 0.3566241455457915 0.05168517081646699
11000 0.012665234520236565 0 11.294456275183167 0.3566241455457915 0.05168517081646699
11050 0.012665234520236565 0 11.294456275183167 0.3566241455457915 0.05168517081646699
11100 0.012665234520236565 0 11.294456275183167 0.3566241455457915 0.05168517081646699
11150 0.012665234520236565 0 11.294456275183167 0.3566241455457915 0.05168517081646699
11200 0.012665234520236565 0 11.294456275183167 0.3566241455457915 0.05168517081646699
11250 0.012665234520236565 0 11.294456275183167 0.3566241455457915 0.05168517081646699
11300 0.012665234520236565 0 11.294456275183167 0.3566241455457915 0.05168517081646699
11350 0.012665234520236565 0 11.294456275183167 0.3566241455457915 0.05168517081646699
11400 0.012665234520236565 0 11.294456275183167 0.3566241455457915 0.05168517081646699
11450 0.012665234453205587 0 11.295934483390868 0.356598952553946 0.05168412307930756
11500 0.012665234453205587 0 11.295934483390868 0.356598952553946 0.05168412307930756
11550 0.012665234155544826 0 11.294296867062773 0.35662685651098636 0.05168528349371734
11600 0.012665234155544826 0 11.294296867062773 0.35662685651098636 0.05168528349371734
11650 0.012665234155544826 0 11.294296867062773 0.35662685651098636 0.05168528349371734
11700 0.01266523358358373 0 11.288135377038452 0.3567319149474203 0.051689650699042224
11750 0.01266523358358373 0 11.288135377038452 0.3567319149474203 0.051689650699042224
11800 0.01266523358358373 0 11.288135377038452 0.3567319149474203 0.051689650699042224
11850 0.01266523358358373 0 11.288135377038452 0.3567319149474203 0.051689650699042224
11900 0.01266523358358373 0 11.288135377038452 0.3567319149474203 0.051689650699042224
11950 0.012665233471786528 0 11.289419600252604 0.35671000762456895 0.05168874005285321
12000 0.01266523344086383 0 11.283118036060346 0.35681752966346014 0.051693208929941524
12050 0.01266523344086383 0 11.283118036060346 0.35681752966346014 0.051693208929941524
12100 0.01266523344086383 0 11.283118036060346 0.35681752966346014 0.051693208929941524
12150 0.01266523344086383 0 11.283118036060346 0.35681752966346014 0.051693208929941524
12200 0.01266523344086383 0 11.283118036060346 0.35681752966346014 0.051693208929941524
12250 0.01266523344086383 0 11.283118036060346 0.35681752966346014 0.051693208929941524
12300 0.01266523344086383 0 11.283118036060346 0.35681752966346014 0.051693208929941524
12350 0.01266523344086383 0 11.283118036060346 0.35681752966346014 0.051693208929941524
12400 0.01266523344086383 0 11.283118036060346 0.35681752966346014 0.051693208929941524
12450 0.012665233003134843 0 11.285931878635788 0.3567695014945219 0.05169121263923839
12500 0.012665233003134843 0 11.285931878635788 0.3567695014945219 0.05169121263923839
12550 0.012665233003134843 0 11.285931878635788 0.3567695014945219 0.05169121263923839
12600 0.012665233003134843 0 11.285931878635788 0.3567695014945219 0.05169121263923839
12650 0.012665233003134843 0 11.285931878635788 0.3567695014945219 0.05169121263923839
12700 0.012665233003134843 0 11.285931878635788 0.3567695014945219 0.05169121263923839
12750 0.012665233003134843 0 11.285931878635788 0.3567695014945219 0.05169121263923839
12800 0.012665233003134843 0 11.285931878635788 0.3567695014945219 0.05169121263923839
12850 0.012665233003134843 0 11.285931878635788 0.3567695014945219 0.05169121263923839
12900 0.012665233003134843 0 11.285931878635788 0.3567695014945219 0.05169121263923839
12950 0.012665233003134843 0 11.285931878635788 0.3567695014945219 0.05169121263923839
13000 0.012665232964437098 0 11.289967615651681 0.3567006546386211 0.05168835094934743
13050 0.012665232931159348 0 11.290697783905474 0.35668820180952193 0.05168783327570431
13100 0.012665232931159348 0 11.290697783905474 0.35668820180952193 0.05168783327570431
13150 0.012665232931159348 0 11.290697783905474 0.35668820180952193 0.05168783327570431
13200 0.012665232931159348 0 11.290697783905474 0.35668820180952193 0.05168783327570431
13250 0.012665232931159348 0 11.290697783905474 0.35668820180952193 0.05168783327570431
13300 0.012665232931159348 0 11.290697783905474 0.35668820180952193 0.05168783327570431
13350 0.01266523288684506 0 11.290373427780313 0.35669373249700925 0.05168806318376334
13400 0.01266523288684506 0 11.290373427780313 0.35669373249700925 0.05168806318376334
13450 0.01266523288684506 0 11.290373427780313 0.35669373249700925 0.05168806318376334
13500 0.01266523288684506 0 11.290373427780313 0.35669373249700925 0.05168806318376334
13550 0.01266523288684506 0 11.290373427780313 0.35669373249700925 0.05168806318376334
13600 0.01266523288684506 0 11.290373427780313 0.35669373249700925 0.05168806318376334
13650 0.01266523288684506 0 11.290373427780313 0.35669373249700925 0.05168806318376334
13700 0.01266523288684506 0 11.290373427780313 0.35669373249700925 0.05168806318376334
13750 0.01266523288684506 0 11.290373427780313 0.35669373249700925 0.05168806318376334
13800 0.01266523288684506 0 11.290373427780313 0.35669373249700925 0.05168806318376334
13850 0.01266523288684506 0 11.290373427780313 0.35669373249700925 0.05168806318376334
13900 0.01266523288684506 0 11.290373427780313 0.35669373249700925 0.05168806318376334
13950 0.01266523288684506 0 11.290373427780313 0.35669373249700925 0.05168806318376334
14000 0.01266523288684506 0 11.290373427780313 0.35669373249700925 0.05168806318376334
14050 0.01266523288684506 0 11.290373427780313 0.35669373249700925 0.05168806318376334
14100 0.01266523288684506 0 11.290373427780313 0.35669373249700925 0.05168806318376334
14150 0.01266523288684506 0 11.290373427780313 0.35669373249700925 0.05168806318376334
14200 0.01266523288684506 0 11.290373427780313 0.35669373249700925 0.05168806318376334
14250 0.01266523288684506 0 11.290373427780313 0.35669373249700925 0.05168806318376334
14300 0.01266523288684506 0 11.290373427780313 0.35669373249700925 0.05168806318376334
14350 0.01266523288684506 0 11.290373427780313 0.35669373249700925 0.05168806318376334
14400 0.01266523288684506 0 11.290373427780313 0.35669373249700925 0.05168806318376334
14450 0.01266523288684506 0 11.290373427780313 0.35669373249700925 0.05168806318376334
14500 0.012665232856900743 0 11.289305667146389 0.3567119427833574 0.05168882016275717
14550 0.012665232856900743 0 11.289305667146389 0.3567119427833574 0.05168882016275717
14600 0.012665232856900743 0 11.289305667146389 0.3567119427833574 0.05168882016275717
14650 0.012665232826410917 0 11.289921602319538 0.35670143734636284 0.051688383437358515
14700 0.012665232826410917 0 11.289921602319538 0.35670143734636284 0.051688383437358515
14750 0.012665232826410917 0 11.289921602319538 0.35670143734636284 0.051688383437358515
14800 0.012665232826410917 0 11.289921602319538 0.35670143734636284 0.051688383437358515
14850 0.012665232826410917 0 11.289921602319538 0.35670143734636284 0.051688383437358515
14900 0.012665232826410917 0 11.289921602319538 0.35670143734636284 0.051688383437358515
14950 0.012665232826410917 0 11.289921602319538 0.35670143734636284 0.051688383437358515
15000 0.012665232826410917 0 11.289921602319538 0.35670143734636284 0.051688383437358515
15050 0.012665232826410917 0 11.289921602319538 0.35670143734636284 0.051688383437358515
15100 0.012665232826410917 0 11.289921602319538 0.35670143734636284 0.051688383437358515
15150 0.012665232803447035 0 11.288770262301611 0.3567210745577245 0.05168919970123824
15200 0.012665232803447035 0 11.288770262301611 0.3567210745577245 0.05168919970123824
15250 0.012665232803447035 0 11.288770262301611 0.3567210745577245 0.05168919970123824
15300 0.012665232803447035 0 11.288770262301611 0.3567210745577245 0.05168919970123824
15350 0.012665232803447035 0 11.288770262301611 0.3567210745577245 0.05168919970123824
15400 0.012665232803447035 0 11.288770262301611 0.3567210745577245 0.05168919970123824
15450 0.012665232803447035 0 11.288770262301611 0.3567210745577245 0.05168919970123824
15500 0.012665232803447035 0 11.288770262301611 0.3567210745577245 0.05168919970123824
15550 0.012665232803447035 0 11.288770262301611 0.3567210745577245 0.05168919970123824
15600 0.012665232803447035 0 11.288770262301611 0.3567210745577245 0.05168919970123824
15650 0.012665232803447035 0 11.288770262301611 0.3567210745577245 0.05168919970123824
15700 0.012665232803447035 0 11.288770262301611 0.3567210745577245 0.05168919970123824
15750 0.012665232803447035 0 11.288770262301611 0.3567210745577245 0.05168919970123824
15800 0.012665232803447035 0 11.288770262301611 0.3567210745577245 0.05168919970123824
15850 0.012665232803447035 0 11.288770262301611 0.3567210745577245 0.05168919970123824
15900 0.012665232803447035 0 11.288770262301611 0.3567210745577245 0.05168919970123824
15950 0.012665232803447035 0 11.288770262301611 0.3567210745577245 0.05168919970123824
16000 0.012665232803447035 0 11.288770262301611 0.3567210745577245 0.05168919970123824
16050 0.012665232803447035 0 11.288770262301611 0.3567210745577245 0.05168919970123824
16100 0.012665232803447035 0 11.288770262301611 0.3567210745577245 0.05168919970123824
16150 0.012665232803447035 0 11.288770262301611 0.3567210745577245 0.05168919970123824
16200 0.012665232803447035 0 11.288770262301611 0.3567210745577245 0.05168919970123824
16250 0.012665232803447035 0 11.288770262301611 0.3567210745577245 0.05168919970123824
16300 0.012665232801242066 0 11.288914611088815 0.3567186123187299 0.05168909735325345
16350 0.012665232801242066 0 11.288914611088815 0.3567186123187299 0.05168909735325345
16400 0.012665232801242066 0 11.288914611088815 0.3567186123187299 0.05168909735325345
16450 0.012665232801242066 0 11.288914611088815 0.3567186123187299 0.05168909735325345
16500 0.012665232801242066 0 11.288914611088815 0.3567186123187299 0.05168909735325345
16550 0.012665232801242066 0 11.288914611088815 0.3567186123187299 0.05168909735325345
16600 0.012665232801242066 0 11.288914611088815 0.3567186123187299 0.05168909735325345
16650 0.012665232801242066 0 11.288914611088815 0.3567186123187299 0.05168909735325345
16700 0.012665232801242066 0 11.288914611088815 0.3567186123187299 0.05168909735325345
16750 0.012665232801242066 0 11.288914611088815 0.3567186123187299 0.05168909735325345
16800 0.012665232801242066 0 11.288914611088815 0.3567186123187299 0.05168909735325345
16850 0.012665232801242066 0 11.288914611088815 0.3567186123187299 0.05168909735325345
16900 0.012665232801242066 0 11.288914611088815 0.3567186123187299 0.05168909735325345
16950 0.012665232797105236 0 11.288665556687128 0.35672286044509083 0.05168927393734817
17000 0.01266523279243336 0 11.288770611936329 0.35672106839661627 0.05168919944515346
17050 0.01266523279243336 0 11.288770611936329 0.35672106839661627 0.05168919944515346
17100 0.01266523279243336 0 11.288770611936329 0.35672106839661627 0.05168919944515346
17150 0.01266523279243336 0 11.288770611936329 0.35672106839661627 0.05168919944515346
17200 0.01266523279243336 0 11.288770611936329 0.35672106839661627 0.05168919944515346
17250 0.01266523279243336 0 11.288770611936329 0.35672106839661627 0.05168919944515346
17300 0.01266523279243336 0 11.288770611936329 0.35672106839661627 0.05168919944515346
17350 0.01266523279243336 0 11.288770611936329 0.35672106839661627 0.05168919944515346
17400 0.01266523279243336 0 11.288770611936329 0.35672106839661627 0.05168919944515346
17450 0.01266523279243336 0 11.288770611936329 0.35672106839661627 0.05168919944515346
17500 0.01266523279243336 0 11.288770611936329 0.35672106839661627 0.05168919944515346
17550 0.01266523279243336 0 11.288770611936329 0.35672106839661627 0.05168919944515346
17600 0.01266523279243336 0 11.288770611936329 0.35672106839661627 0.05168919944515346
17650 0.01266523279243336 0 11.288770611936329 0.35672106839661627 0.05168919944515346
17700 0.01266523279243336 0 11.288770611936329 0.35672106839661627 0.05168919944515346
17750 0.01266523279243336 0 11.288770611936329 0.35672106839661627 0.05168919944515346
17800 0.01266523279243336 0 11.288770611936329 0.35672106839661627 0.05168919944515346
17850 0.01266523279243336 0 11.288770611936329 0.35672106839661627 0.05168919944515346
17900 0.012665232791890682 0 11.288926238012088 0.3567184138423463 0.05168908910168388
17950 0.012665232791890682 0 11.288926238012088 0.3567184138423463 0.05168908910168388
18000 0.012665232791865377 0 11.288500806539671 0.35672567065625316 0.05168939074576273
18050 0.01266523278976432 0 11.28885949043436 0.3567195523274234 0.05168913642553598
18100 0.01266523278976432 0 11.28885949043436 0.3567195523274234 0.05168913642553598
18150 0.01266523278976432 0 11.28885949043436 0.3567195523274234 0.05168913642553598
18200 0.01266523278976432 0 11.28885949043436 0.3567195523274234 0.05168913642553598
18250 0.01266523278976432 0 11.28885949043436 0.3567195523274234 0.05168913642553598
18300 0.01266523278976432 0 11.28885949043436 0.3567195523274234 0.05168913642553598
18350 0.01266523278976432 0 11.28885949043436 0.3567195523274234 0.05168913642553598
18400 0.01266523278976432 0 11.28885949043436 0.3567195523274234 0.05168913642553598
18450 0.012665232789583529 0 11.28912936979385 0.3567149490095095 0.05168894507705395
18500 0.012665232789583529 0 11.28912936979385 0.3567149490095095 0.05168894507705395
18550 0.012665232789583529 0 11.28912936979385 0.3567149490095095 0.05168894507705395
18600 0.012665232789583529 0 11.28912936979385 0.3567149490095095 0.05168894507705395
18650 0.012665232789583529 0 11.28912936979385 0.3567149490095095 0.05168894507705395
18700 0.012665232789583529 0 11.28912936979385 0.3567149490095095 0.05168894507705395
18750 0.012665232789583529 0 11.28912936979385 0.3567149490095095 0.05168894507705395
18800 0.01266523278882244 0 11.28891573354865 0.3567185929688631 0.051689096546841055
18850 0.01266523278882244 0 11.28891573354865 0.3567185929688631 0.051689096546841055
18900 0.01266523278882244 0 11.28891573354865 0.3567185929688631 0.051689096546841055
18950 0.01266523278882244 0 11.28891573354865 0.3567185929688631 0.051689096546841055
19000 0.01266523278882244 0 11.28891573354865 0.3567185929688631 0.051689096546841055
19050 0.01266523278882244 0 11.28891573354865 0.3567185929688631 0.051689096546841055
19100 0.01266523278882244 0 11.28891573354865 0.3567185929688631 0.051689096546841055
19150 0.012665232788504724 0 11.28892805121266 0.35671838286000723 0.05168908781312568
19200 0.012665232788504724 0 11.28892805121266 0.35671838286000723 0.05168908781312568
19250 0.012665232788504724 0 11.28892805121266 0.35671838286000723 0.05168908781312568
19300 0.012665232788504724 0 11.28892805121266 0.35671838286000723 0.05168908781312568
19350 0.012665232788504724 0 11.28892805121266 0.35671838286000723 0.05168908781312568
19400 0.012665232788504724 0 11.28892805121266 0.35671838286000723 0.05168908781312568
19450 0.012665232788504724 0 11.28892805121266 0.35671838286000723 0.05168908781312568
19500 0.012665232788504724 0 11.28892805121266 0.35671838286000723 0.05168908781312568
19550 0.012665232788504724 0 11.28892805121266 0.35671838286000723 0.05168908781312568
19600 0.012665232788504724 0 11.28892805121266 0.35671838286000723 0.05168908781312568
19650 0.012665232788504724 0 11.28892805121266 0.35671838286000723 0.05168908781312568
19700 0.012665232788504724 0 11.28892805121266 0.35671838286000723 0.05168908781312568
19750 0.012665232788504724 0 11.28892805121266 0.35671838286000723 0.05168908781312568
19800 0.012665232788504724 0 11.28892805121266 0.35671838286000723 0.05168908781312568
19850 0.012665232788504724 0 11.28892805121266 0.35671838286000723 0.05168908781312568
19900 0.012665232788442653 0 11.288952039439742 0.3567179736899051 0.051689070805044396
19950 0.012665232788433973 0 11.288920545284192 0.3567185108886355 0.051689093134869975
20000 0.012665232788433973 0 11.288920545284192 0.3567185108886355 0.051689093134869975
20050 0.012665232788433973 0 11.288920545284192 0.3567185108886355 0.051689093134869975
20100 0.012665232788433973 0 11.288920545284192 0.3567185108886355 0.051689093134869975
20150 0.012665232788433973 0 11.288920545284192 0.3567185108886355 0.051689093134869975
20200 0.012665232788433973 0 11.288920545284192 0.3567185108886355 0.051689093134869975
20250 0.012665232788433973 0 11.288920545284192 0.3567185108886355 0.051689093134869975
20300 0.012665232788433973 0 11.288920545284192 0.3567185108886355 0.051689093134869975
20350 0.012665232788433973 0 11.288920545284192 0.3567185108886355 0.051689093134869975
20400 0.012665232788433973 0 11.288920545284192 0.3567185108886355 0.051689093134869975
20450 0.012665232788433973 0 11.288920545284192 0.3567185108886355 0.051689093134869975
20500 0.012665232788433973 0 11.288920545284192 0.3567185108886355 0.051689093134869975
20550 0.012665232788433973 0 11.288920545284192 0.3567185108886355 0.051689093134869975
20600 0.012665232788433973 0 11.288920545284192 0.3567185108886355 0.051689093134869975
20650 0.012665232788433973 0 11.288920545284192 0.3567185108886355 0.051689093134869975
20700 0.012665232788433973 0 11.288920545284192 0.3567185108886355 0.051689093134869975
20750 0.012665232788402415 0 11.289019026288 0.35671683109651664 0.051689023310418
20800 0.012665232788402415 0 11.289019026288 0.35671683109651664 0.051689023310418
20850 0.012665232788402415 0 11.289019026288 0.35671683109651664 0.051689023310418
20900 0.012665232788402415 0 11.289019026288 0.35671683109651664 0.051689023310418
20950 0.012665232788402415 0 11.289019026288 0.35671683109651664 0.051689023310418
21000 0.012665232788402415 0 11.289019026288 0.35671683109651664 0.051689023310418
21050 0.012665232788402415 0 11.289019026288 0.35671683109651664 0.051689023310418
21100 0.01266523278835216 0 11.289005090284553 0.3567170688010562 0.05168903319115936
21150 0.01266523278835216 0 11.289005090284553 0.3567170688010562 0.05168903319115936
21200 0.01266523278835216 0 11.289005090284553 0.3567170688010562 0.05168903319115936
21250 0.01266523278835216 0 11.289005090284553 0.3567170688010562 0.05168903319115936
21300 0.012665232788350396 0 11.288942089184797 0.35671814341095254 0.0516890778598172
21350 0.012665232788350396 0 11.288942089184797 0.35671814341095254 0.0516890778598172
21400 0.012665232788350396 0 11.288942089184797 0.35671814341095254 0.0516890778598172
21450 0.012665232788350396 0 11.288942089184797 0.35671814341095254 0.0516890778598172
21500 0.012665232788350396 0 11.288942089184797 0.35671814341095254 0.0516890778598172
21550 0.012665232788350396 0 11.288942089184797 0.35671814341095254 0.0516890778598172
21600 0.012665232788350396 0 11.288942089184797 0.35671814341095254 0.0516890778598172
21650 0.012665232788350396 0 11.288942089184797 0.35671814341095254 0.0516890778598172
21700 0.012665232788350396 0 11.288942089184797 0.35671814341095254 0.0516890778598172
21750 0.012665232788350396 0 11.288942089184797 0.35671814341095254 0.0516890778598172
21800 0.012665232788343082 0 11.288967448292325 0.35671771085948906 0.05168905987981792
21850 0.012665232788343082 0 11.288967448292325 0.35671771085948906 0.05168905987981792
21900 0.012665232788343082 0 11.288967448292325 0.35671771085948906 0.05168905987981792
21950 0.012665232788343082 0 11.288967448292325 0.35671771085948906 0.05168905987981792
22000 0.012665232788343082 0 11.288967448292325 0.35671771085948906 0.05168905987981792
22050 0.012665232788338256 0 11.288962094608246 0.3567178021773908 0.05168906367564788
22100 0.012665232788338256 0 11.288962094608246 0.3567178021773908 0.05168906367564788
22150 0.012665232788338256 0 11.288962094608246 0.3567178021773908 0.05168906367564788
22200 0.012665232788338256 0 11.288962094608246 0.3567178021773908 0.05168906367564788
22250 0.012665232788338256 0 11.288962094608246 0.3567178021773908 0.05168906367564788
22300 0.012665232788338256 0 11.288962094608246 0.3567178021773908 0.05168906367564788
22350 0.012665232788325018 0 11.288978976345783 0.3567175142251621 0.05168905170625018
22400 0.012665232788325018 0 11.288978976345783 0.3567175142251621 0.05168905170625018
22450 0.012665232788325018 0 11.288978976345783 0.3567175142251621 0.05168905170625018
22500 0.012665232788325018 0 11.288978976345783 0.3567175142251621 0.05168905170625018
22550 0.012665232788325018 0 11.288978976345783 0.3567175142251621 0.05168905170625018
22600 0.012665232788325018 0 11.288978976345783 0.3567175142251621 0.05168905170625018
22650 0.012665232788325018 0 11.288978976345783 0.3567175142251621 0.05168905170625018
22700 0.012665232788325018 0 11.288978976345783 0.3567175142251621 0.05168905170625018
22750 0.012665232788325018 0 11.288978976345783 0.3567175142251621 0.05168905170625018
22800 0.012665232788325018 0 11.288978976345783 0.3567175142251621 0.05168905170625018
22850 0.012665232788325018 0 11.288978976345783 0.3567175142251621 0.05168905170625018
22900 0.012665232788325018 0 11.288978976345783 0.3567175142251621 0.05168905170625018
22950 0.012665232788325018 0 11.288978976345783 0.3567175142251621 0.05168905170625018
23000 0.012665232788325018 0 11.288978976345783 0.3567175142251621 0.05168905170625018
23050 0.012665232788325018 0 11.288978976345783 0.3567175142251621 0.05168905170625018
23100 0.012665232788325018 0 11.288978976345783 0.3567175142251621 0.05168905170625018
23150 0.012665232788325018 0 11.288978976345783 0.3567175142251621 0.05168905170625018
23200 0.012665232788324779 0 11.28895109998557 0.35671798971286317 0.05168907147098966
23250 0.012665232788324779 0 11.28895109998557 0.35671798971286317 0.05168907147098966
23300 0.012665232788324779 0 11.28895109998557 0.35671798971286317 0.05168907147098966
23350 0.012665232788322567 0 11.288957016785279 0.35671788878970245 0.05168906727588786
23400 0.012665232788322567 0 11.288957016785279 0.35671788878970245 0.05168906727588786
23450 0.012665232788322567 0 11.288957016785279 0.35671788878970245 0.05168906727588786
23500 0.012665232788321573 0 11.288973296529827 0.3567176111057391 0.051689055733313116
23550 0.012665232788321573 0 11.288973296529827 0.3567176111057391 0.051689055733313116
23600 0.012665232788321573 0 11.288973296529827 0.3567176111057391 0.051689055733313116
23650 0.012665232788321573 0 11.288973296529827 0.3567176111057391 0.051689055733313116
23700 0.012665232788321573 0 11.288973296529827 0.3567176111057391 0.051689055733313116
23750 0.012665232788321573 0 11.288973296529827 0.3567176111057391 0.051689055733313116
23800 0.012665232788321351 0 11.288963304877145 0.3567177815335104 0.05168906281753623
23850 0.012665232788321351 0 11.288963304877145 0.3567177815335104 0.05168906281753623
23900 0.012665232788321351 0 11.288963304877145 0.3567177815335104 0.05168906281753623
23950 0.012665232788321351 0 11.288963304877145 0.3567177815335104 0.05168906281753623
24000 0.012665232788321351 0 11.288963304877145 0.3567177815335104 0.05168906281753623
24050 0.012665232788321351 0 11.288963304877145 0.3567177815335104 0.05168906281753623
24100 0.012665232788321351 0 11.288963304877145 0.3567177815335104 0.05168906281753623
24150 0.012665232788321351 0 11.288963304877145 0.3567177815335104 0.05168906281753623
24200 0.012665232788321351 0 11.288963304877145 0.3567177815335104 0.05168906281753623
24250 0.012665232788320987 0 11.288964305528523 0.3567177644653631 0.05168906210806005
24300 0.012665232788320987 0 11.288964305528523 0.3567177644653631 0.05168906210806005
24350 0.012665232788320987 0 11.288964305528523 0.3567177644653631 0.05168906210806005
24400 0.012665232788320987 0 11.288964305528523 0.3567177644653631 0.05168906210806005
24450 0.012665232788320987 0 11.288964305528523 0.3567177644653631 0.05168906210806005
24500 0.012665232788320987 0 11.288964305528523 0.3567177644653631 0.05168906210806005
24550 0.012665232788320987 0 11.288964305528523 0.3567177644653631 0.05168906210806005
24600 0.012665232788320987 0 11.288964305528523 0.3567177644653631 0.05168906210806005
24650 0.012665232788320987 0 11.288964305528523 0.3567177644653631 0.05168906210806005
24700 0.012665232788320772 0 11.28896548034217 0.3567177444265367 0.05168906127510008
24750 0.012665232788320772 0 11.28896548034217 0.3567177444265367 0.05168906127510008
24800 0.01266523278831989 0 11.288962435290884 0.3567177963660404 0.05168906343408443
24850 0.01266523278831989 0 11.288962435290884 0.3567177963660404 0.05168906343408443
24900 0.01266523278831989 0 11.288962435290884 0.3567177963660404 0.05168906343408443
24950 0.01266523278831989 0 11.288962435290884 0.3567177963660404 0.05168906343408443
25000 0.01266523278831989 0 11.288962435290884 0.3567177963660404 0.05168906343408443
25050 0.01266523278831989 0 11.288962435290884 0.3567177963660404 0.05168906343408443
25100 0.01266523278831989 0 11.288962435290884 0.3567177963660404 0.05168906343408443
25150 0.01266523278831989 0 11.288962435290884 0.3567177963660404 0.05168906343408443
25200 0.012665232788319741 0 11.288965418395254 0.35671774548315244 0.051689061319020256
25250 0.012665232788319741 0 11.288965418395254 0.35671774548315244 0.051689061319020256
25300 0.012665232788319741 0 11.288965418395254 0.35671774548315244 0.051689061319020256
25350 0.012665232788319741 0 11.288965418395254 0.35671774548315244 0.051689061319020256
25400 0.012665232788319741 0 11.288965418395254 0.35671774548315244 0.051689061319020256
25450 0.012665232788319741 0 11.288965418395254 0.35671774548315244 0.051689061319020256
25500 0.012665232788319741 0 11.288965418395254 0.35671774548315244 0.051689061319020256
25550 0.012665232788319741 0 11.288965418395254 0.35671774548315244 0.051689061319020256
25600 0.012665232788319741 0 11.288965418395254 0.35671774548315244 0.051689061319020256
25650 0.012665232788319741 0 11.288965418395254 0.35671774548315244 0.051689061319020256
25700 0.012665232788319741 0 11.288965418395254 0.35671774548315244 0.051689061319020256
25750 0.012665232788319741 0 11.288965418395254 0.35671774548315244 0.051689061319020256
25800 0.012665232788319741 0 11.288965418395254 0.35671774548315244 0.051689061319020256
25850 0.012665232788319741 0 11.288965418395254 0.35671774548315244 0.051689061319020256
25900 0.012665232788319741 0 11.288965418395254 0.35671774548315244 0.051689061319020256
25950 0.012665232788319682 0 11.288968202672313 0.3567176979916873 0.05168905934492795
26000 0.012665232788319682 0 11.288968202672313 0.3567176979916873 0.05168905934492795
26050 0.012665232788319656 0 11.288962254834441 0.3567177994440867 0.0516890635620305
26100 0.012665232788319656 0 11.288962254834441 0.3567177994440867 0.0516890635620305
26150 0.012665232788319656 0 11.288962254834441 0.3567177994440867 0.0516890635620305
26200 0.012665232788319656 0 11.288962254834441 0.3567177994440867 0.0516890635620305
26250 0.012665232788319656 0 11.288962254834441 0.3567177994440867 0.0516890635620305
26300 0.012665232788319656 0 11.288962254834441 0.3567177994440867 0.0516890635620305
26350 0.012665232788319533 0 11.288968466283034 0.3567176934952734 0.05168905915802404
26400 0.012665232788319533 0 11.288968466283034 0.3567176934952734 0.05168905915802404
26450 0.012665232788319533 0 11.288968466283034 0.3567176934952734 0.05168905915802404
26500 0.012665232788319533 0 11.288968466283034 0.3567176934952734 0.05168905915802404
26550 0.012665232788319533 0 11.288968466283034 0.3567176934952734 0.05168905915802404
26600 0.012665232788319533 0 11.288968466283034 0.3567176934952734 0.05168905915802404
26650 0.012665232788319533 0 11.288968466283034 0.3567176934952734 0.05168905915802404
26700 0.012665232788319533 0 11.288968466283034 0.3567176934952734 0.05168905915802404
26750 0.012665232788319505 0 11.288964191500757 0.35671776641031705 0.051689062188905836
26800 0.012665232788319505 0 11.288964191500757 0.35671776641031705 0.051689062188905836
26850 0.012665232788319505 0 11.288964191500757 0.35671776641031705 0.051689062188905836
26900 0.012665232788319505 0 11.288964191500757 0.35671776641031705 0.051689062188905836
26950 0.012665232788319505 0 11.288964191500757 0.35671776641031705 0.051689062188905836
27000 0.012665232788319505 0 11.288964191500757 0.35671776641031705 0.051689062188905836
27050 0.012665232788319505 0 11.288964191500757 0.35671776641031705 0.051689062188905836
27100 0.012665232788319453 0 11.288964957736612 0.35671775334061384 0.05168906164563349
27150 0.012665232788319453 0 11.288964957736612 0.35671775334061384 0.05168906164563349
27200 0.012665232788319453 0 11.288964957736612 0.35671775334061384 0.05168906164563349
27250 0.012665232788319453 0 11.288964957736612 0.35671775334061384 0.05168906164563349
27300 0.012665232788319453 0 11.288964957736612 0.35671775334061384 0.05168906164563349
27350 0.012665232788319453 0 11.288964957736612 0.35671775334061384 0.05168906164563349
27400 0.012665232788319453 0 11.288964957736612 0.35671775334061384 0.05168906164563349
27450 0.012665232788319453 0 11.288964957736612 0.35671775334061384 0.05168906164563349
27500 0.012665232788319453 0 11.288964957736612 0.35671775334061384 0.05168906164563349
27550 0.012665232788319453 0 11.288964957736612 0.35671775334061384 0.05168906164563349
27600 0.012665232788319453 0 11.288964957736612 0.35671775334061384 0.05168906164563349
27650 0.012665232788319453 0 11.288964957736612 0.35671775334061384 0.05168906164563349
27700 0.012665232788319453 0 11.288964957736612 0.35671775334061384 0.05168906164563349
27750 0.012665232788319453 0 11.288964957736612 0.35671775334061384 0.05168906164563349
27800 0.012665232788319453 0 11.288964957736612 0.35671775334061384 0.05168906164563349
27850 0.012665232788319453 0 11.288964957736612 0.35671775334061384 0.05168906164563349
27900 0.012665232788319453 0 11.288964957736612 0.35671775334061384 0.05168906164563349
27950 0.01266523278831944 0 11.288965654233028 0.35671774146045915 0.05168906115180752
28000 0.01266523278831944 0 11.288965654233028 0.35671774146045915 0.05168906115180752
28050 0.01266523278831944 0 11.288965654233028 0.35671774146045915 0.05168906115180752
28100 0.01266523278831944 0 11.288965654233028 0.35671774146045915 0.05168906115180752
28150 0.01266523278831944 0 11.288965654233028 0.35671774146045915 0.05168906115180752
28200 0.01266523278831944 0 11.288965654233028 0.35671774146045915 0.05168906115180752
28250 0.01266523278831944 0 11.288965654233028 0.35671774146045915 0.05168906115180752
28300 0.01266523278831944 0 11.288965654233028 0.35671774146045915 0.05168906115180752
28350 0.012665232788319438 0 11.28896568963209 0.3567177408566567 0.05168906112670907
28400 0.012665232788319438 0 11.28896568963209 0.3567177408566567 0.05168906112670907
28450 0.012665232788319438 0 11.28896568963209 0.3567177408566567 0.05168906112670907
28500 0.012665232788319438 0 11.28896568963209 0.3567177408566567 0.05168906112670907
28550 0.012665232788319438 0 11.28896568963209 0.3567177408566567 0.05168906112670907
28600 0.012665232788319438 0 11.28896568963209 0.3567177408566567 0.05168906112670907
28650 0.01266523278831943 0 11.28896580388871 0.3567177389077791 0.05168906104569948
28700 0.01266523278831943 0 11.28896580388871 0.3567177389077791 0.05168906104569948
28750 0.01266523278831943 0 11.28896580388871 0.3567177389077791 0.05168906104569948
28800 0.01266523278831943 0 11.28896580388871 0.3567177389077791 0.05168906104569948
28850 0.012665232788319429 0 11.288965885650374 0.3567177375131686 0.05168906098772929
28900 0.012665232788319429 0 11.288965885650374 0.3567177375131686 0.05168906098772929
28950 0.012665232788319429 0 11.288965885650374 0.3567177375131686 0.05168906098772929
29000 0.012665232788319426 0 11.28896577630828 0.3567177393782189 0.0516890610652544
29050 0.012665232788319426 0 11.28896577630828 0.3567177393782189 0.0516890610652544
29100 0.012665232788319426 0 11.288965708508735 0.3567177405346771 0.051689061113325246
29150 0.012665232788319426 0 11.288965708508735 0.3567177405346771 0.051689061113325246
29200 0.012665232788319426 0 11.288965708508735 0.3567177405346771 0.051689061113325246
29250 0.012665232788319426 0 11.288965708508735 0.3567177405346771 0.051689061113325246
29300 0.012665232788319426 0 11.288965708508735 0.3567177405346771 0.051689061113325246
29350 0.012665232788319426 0 11.288965708508735 0.3567177405346771 0.051689061113325246
29400 0.012665232788319426 0 11.288965708508735 0.3567177405346771 0.051689061113325246
29450 0.012665232788319426 0 11.288965708508735 0.3567177405346771 0.051689061113325246
29500 0.012665232788319426 0 11.288965708508735 0.3567177405346771 0.051689061113325246
29550 0.012665232788319422 0 11.288965529871453 0.35671774358169694 0.05168906123998164
29600 0.012665232788319422 0 11.288965529871453 0.35671774358169694 0.05168906123998164
29650 0.012665232788319422 0 11.288965529871453 0.35671774358169694 0.05168906123998164
29700 0.012665232788319422 0 11.288965529871453 0.35671774358169694 0.05168906123998164
29750 0.012665232788319417 0 11.288966207681316 0.3567177320202802 0.05168906075940472
29800 0.012665232788319417 0 11.288966207681316 0.3567177320202802 0.05168906075940472
29850 0.012665232788319417 0 11.288966207681316 0.3567177320202802 0.05168906075940472
29900 0.012665232788319417 0 11.288966207681316 0.3567177320202802 0.05168906075940472
29950 0.012665232788319417 0 11.288966207681316 0.3567177320202802 0.05168906075940472
30000 0.012665232788319415 0 11.288966003005338 0.3567177355114424 0.051689060904522924
30050 0.012665232788319415 0 11.288966003005338 0.3567177355114424 0.051689060904522924
30100 0.012665232788319415 0 11.288966003005338 0.3567177355114424 0.051689060904522924
30150 0.012665232788319415 0 11.288966003005338 0.3567177355114424 0.051689060904522924
30200 0.012665232788319415 0 11.288966003005338 0.3567177355114424 0.051689060904522924
30250 0.012665232788319415 0 11.288966003005338 0.3567177355114424 0.051689060904522924
30300 0.012665232788319415 0 11.288966003005338 0.3567177355114424 0.051689060904522924
30350 0.012665232788319415 0 11.288966003005338 0.3567177355114424 0.051689060904522924
30400 0.012665232788319415 0 11.288966003005338 0.3567177355114424 0.051689060904522924
30450 0.012665232788319415 0 11.288966003005338 0.3567177355114424 0.051689060904522924
30500 0.012665232788319415 0 11.288966003005338 0.3567177355114424 0.051689060904522924
30550 0.012665232788319415 0 11.288966003005338 0.3567177355114424 0.051689060904522924
30600 0.012665232788319415 0 11.288966003005338 0.3567177355114424 0.051689060904522924
30650 0.012665232788319415 0 11.288966003005338 0.3567177355114424 0.051689060904522924
30700 0.012665232788319415 0 11.288966003005338 0.3567177355114424 0.051689060904522924
30750 0.012665232788319415 0 11.288966003005338 0.3567177355114424 0.051689060904522924
30800 0.012665232788319413 0 11.28896592266728 0.3567177368817703 0.051689060961483756
30850 0.012665232788319413 0 11.28896592266728 0.3567177368817703 0.051689060961483756
30900 0.012665232788319413 0 11.28896592266728 0.3567177368817703 0.051689060961483756
30950 0.012665232788319413 0 11.28896592266728 0.3567177368817703 0.051689060961483756
31000 0.012665232788319413 0 11.28896592266728 0.3567177368817703 0.051689060961483756
31050 0.012665232788319413 0 11.28896592266728 0.3567177368817703 0.051689060961483756
31100 0.012665232788319413 0 11.28896592266728 0.3567177368817703 0.051689060961483756
31150 0.012665232788319413 0 11.28896592266728 0.3567177368817703 0.051689060961483756
31200 0.012665232788319413 0 11.28896592266728 0.3567177368817703 0.051689060961483756
31250 0.012665232788319413 0 11.28896592266728 0.3567177368817703 0.051689060961483756
31300 0.012665232788319413 0 11.28896592266728 0.3567177368817703 0.051689060961483756
31350 0.012665232788319413 0 11.28896592266728 0.3567177368817703 0.051689060961483756
31400 0.012665232788319413 0 11.28896592266728 0.3567177368817703 0.051689060961483756
31450 0.012665232788319413 0 11.28896592266728 0.3567177368817703 0.051689060961483756
31500 0.012665232788319413 0 11.28896592266728 0.3567177368817703 0.051689060961483756
31550 0.012665232788319413 0 11.28896592266728 0.3567177368817703 0.051689060961483756
31600 0.012665232788319413 0 11.28896592266728 0.3567177368817703 0.051689060961483756
31650 0.012665232788319413 0 11.28896592266728 0.3567177368817703 0.051689060961483756
31700 0.012665232788319413 0 11.288965426133789 0.35671774535115236 0.051689061313533124
31750 0.012665232788319413 0 11.288965426133789 0.35671774535115236 0.051689061313533124
31800 0.012665232788319413 0 11.288965426133789 0.35671774535115236 0.051689061313533124
31850 0.012665232788319413 0 11.288965426133789 0.35671774535115236 0.051689061313533124
31900 0.012665232788319413 0 11.288965951718108 0.3567177363862497 0.0516890609408863
31950 0.012665232788319413 0 11.288965951718108 0.3567177363862497 0.0516890609408863
32000 0.012665232788319413 0 11.288965951718108 0.3567177363862497 0.0516890609408863
32050 0.012665232788319413 0 11.288965951718108 0.3567177363862497 0.0516890609408863
32100 0.012665232788319413 0 11.288965951718108 0.3567177363862497 0.0516890609408863
32150 0.012665232788319413 0 11.288965951718108 0.3567177363862497 0.0516890609408863
32200 0.012665232788319413 0 11.288965951718108 0.3567177363862497 0.0516890609408863
32250 0.012665232788319413 0 11.288965951718108 0.3567177363862497 0.0516890609408863
32300 0.012665232788319413 0 11.288965951718108 0.3567177363862497 0.0516890609408863
32350 0.012665232788319413 0 11.288965951718108 0.3567177363862497 0.0516890609408863
32400 0.012665232788319413 0 11.288965951718108 0.3567177363862497 0.0516890609408863
32450 0.012665232788319413 0 11.288965951718108 0.3567177363862497 0.0516890609408863
32500 0.012665232788319413 0 11.288965951718108 0.3567177363862497 0.0516890609408863
32550 0.012665232788319413 0 11.288965951718108 0.3567177363862497 0.0516890609408863
32600 0.012665232788319412 0 11.288965559049934 0.3567177430839988 0.05168906121929367
32650 0.012665232788319412 0 11.288965559049934 0.3567177430839988 0.05168906121929367
32700 0.012665232788319412 0 11.288965559049934 0.3567177430839988 0.05168906121929367
32750 0.012665232788319412 0 11.288965559049934 0.3567177430839988 0.05168906121929367
32800 0.012665232788319412 0 11.288965559049934 0.3567177430839988 0.05168906121929367
32850 0.012665232788319412 0 11.288965559049934 0.3567177430839988 0.05168906121929367
32900 0.012665232788319412 0 11.288965559049934 0.3567177430839988 0.05168906121929367
32950 0.012665232788319412 0 11.288965559049934 0.3567177430839988 0.05168906121929367
33000 0.012665232788319412 0 11.288965559049934 0.3567177430839988 0.05168906121929367
33050 0.012665232788319412 0 11.288965559049934 0.3567177430839988 0.05168906121929367
33100 0.012665232788319412 0 11.288965559049934 0.3567177430839988 0.05168906121929367
33150 0.012665232788319412 0 11.288965559049934 0.3567177430839988 0.05168906121929367
33200 0.012665232788319408 0 11.288966055072649 0.3567177346233292 0.05168906086760645
33250 0.012665232788319408 0 11.288966055072649 0.3567177346233292 0.05168906086760645
33300 0.012665232788319408 0 11.288966055072649 0.3567177346233292 0.05168906086760645
33350 0.012665232788319408 0 11.288966055072649 0.3567177346233292 0.05168906086760645
33400 0.012665232788319408 0 11.288966055072649 0.3567177346233292 0.05168906086760645
33450 0.012665232788319408 0 11.288966055072649 0.3567177346233292 0.05168906086760645
33500 0.012665232788319408 0 11.288966055072649 0.3567177346233292 0.05168906086760645
33550 0.012665232788319408 0 11.288966055072649 0.3567177346233292 0.05168906086760645
33600 0.012665232788319408 0 11.288966055072649 0.3567177346233292 0.05168906086760645
33650 0.012665232788319408 0 11.288966055072649 0.3567177346233292 0.05168906086760645
33700 0.012665232788319408 0 11.288966055072649 0.3567177346233292 0.05168906086760645
33750 0.012665232788319408 0 11.288966055072649 0.3567177346233292 0.05168906086760645
33800 0.012665232788319408 0 11.288966055072649 0.3567177346233292 0.05168906086760645
33850 0.012665232788319408 0 11.288966055072649 0.3567177346233292 0.05168906086760645
33900 0.012665232788319408 0 11.288966055072649 0.3567177346233292 0.05168906086760645
33950 0.012665232788319408 0 11.288966055072649 0.3567177346233292 0.05168906086760645
34000 0.012665232788319408 0 11.288966055072649 0.3567177346233292 0.05168906086760645
34050 0.012665232788319408 0 11.288966055072649 0.3567177346233292 0.05168906086760645
34100 0.012665232788319408 0 11.288966055072649 0.3567177346233292 0.05168906086760645
34150 0.012665232788319408 0 11.288966055072649 0.3567177346233292 0.05168906086760645
34200 0.012665232788319408 0 11.288966055072649 0.3567177346233292 0.05168906086760645
34250 0.012665232788319408 0 11.288966055072649 0.3567177346233292 0.05168906086760645
34300 0.012665232788319408 0 11.288966055072649 0.3567177346233292 0.05168906086760645
34350 0.012665232788319408 0 11.288966055072649 0.3567177346233292 0.05168906086760645
34400 0.012665232788319408 0 11.288966055072649 0.3567177346233292 0.05168906086760645
34450 0.012665232788319408 0 11.288966055072649 0.3567177346233292 0.05168906086760645
34500 0.012665232788319408 0 11.288966055072649 0.3567177346233292 0.05168906086760645
34550 0.012665232788319408 0 11.288966055072649 0.3567177346233292 0.05168906086760645
34600 0.012665232788319408 0 11.288966055072649 0.3567177346233292 0.05168906086760645
34650 0.012665232788319408 0 11.288966055072649 0.3567177346233292 0.05168906086760645
34700 0.012665232788319408 0 11.288966055072649 0.3567177346233292 0.05168906086760645
34750 0.012665232788319408 0 11.288966055072649 0.3567177346233292 0.05168906086760645
34800 0.012665232788319408 0 11.288966055072649 0.3567177346233292 0.05168906086760645
34850 0.012665232788319408 0 11.288966055072649 0.3567177346233292 0.05168906086760645
34900 0.012665232788319408 0 11.288966055072649 0.3567177346233292 0.05168906086760645
34950 0.012665232788319408 0 11.288966055072649 0.3567177346233292 0.05168906086760645
35000 0.012665232788319408 0 11.288966055072649 0.3567177346233292 0.05168906086760645
35050 0.012665232788319408 0 11.288966055072649 0.3567177346233292 0.05168906086760645
35100 0.012665232788319408 0 11.288966055072649 0.3567177346233292 0.05168906086760645
35150 0.012665232788319408 0 11.288966055072649 0.3567177346233292 0.05168906086760645
35200 0.012665232788319408 0 11.288966055072649 0.3567177346233292 0.05168906086760645
35250 0.012665232788319408 0 11.288966055072649 0.3567177346233292 0.05168906086760645
35300 0.012665232788319408 0 11.288966055072649 0.3567177346233292 0.05168906086760645
35350 0.012665232788319408 0 11.288966055072649 0.3567177346233292 0.05168906086760645
35400 0.012665232788319408 0 11.288966055072649 0.3567177346233292 0.05168906086760645
35450 0.012665232788319408 0 11.288966055072649 0.3567177346233292 0.05168906086760645
35500 0.012665232788319408 0 11.288966055072649 0.3567177346233292 0.05168906086760645
35550 0.012665232788319408 0 11.288966055072649 0.3567177346233292 0.05168906086760645
35600 0.012665232788319408 0 11.288966055072649 0.3567177346233292 0.05168906086760645
35650 0.012665232788319408 0 11.288966055072649 0.3567177346233292 0.05168906086760645
35700 0.012665232788319408 0 11.288966055072649 0.3567177346233292 0.05168906086760645
35750 0.012665232788319408 0 11.288966055072649 0.3567177346233292 0.05168906086760645
35800 0.012665232788319408 0 11.288966055072649 0.3567177346233292 0.05168906086760645
35850 0.012665232788319408 0 11.288966055072649 0.3567177346233292 0.05168906086760645
35900 0.012665232788319408 0 11.288966055072649 0.3567177346233292 0.05168906086760645
35950 0.012665232788319408 0 11.288966055072649 0.3567177346233292 0.05168906086760645
*---*---*---*---*---*---*---*---*---*---*---*---*---*---*---*---*---*---*---*---*
Status: Finished
Last individual
0.012665232788319408 0 11.288966055072649 0.3567177346233292 0.05168906086760645
Hall of fame
0.012665232788319408 0 11.288966055072649 0.3567177346233292 0.05168906086760645
Last factible individual
0.012665232788319408 0 11.288966055072649 0.3567177346233292 0.05168906086760645
CPU time used (seconds)
1.6273303939997277
