*---*---*---*---*---*---*---*---*---*---*---*---*---*---*---*---*---*---*---*---*
Algorithm: Differential Evolution
Constrainth handling method: APM
Function: 21
Case: continuous
Seed: 27
Parents size: 50
Offsprings size: 50
maxFe: 36000
CR: 0.9
F: 0.6
rweights: -
*---*---*---*---*---*---*---*---*---*---*---*---*---*---*---*---*---*---*---*---*
ngen ObjectiveFunction Fitness ProjectVariables
50 0.2368321007737471 12.51547390521651 11.374980901611927 1.2490833306082094 0.11906332101136219
100 0.2368321007737471 8.167938977064999 11.374980901611927 1.2490833306082094 0.11906332101136219
150 0.2368321007737471 4.308110906726358 11.374980901611927 1.2490833306082094 0.11906332101136219
200 0.2368321007737471 2.5324855908564015 11.374980901611927 1.2490833306082094 0.11906332101136219
250 0.2368321007737471 0.814655834108247 11.374980901611927 1.2490833306082094 0.11906332101136219
300 0.23516792241436393 0.23516792241436393 13.211220449828588 1.07842731154909 0.11973236804899068
350 0.23516792241436393 0.23516792241436393 13.211220449828588 1.07842731154909 0.11973236804899068
400 0.09842704473628998 0.09842704473628998 11.596769857174873 0.9842066430908536 0.08576225733237616
450 0.0769397514179292 0.0769397514179292 7.523702052658818 1.122336351209035 0.08484201503012284
500 0.02490289900952114 0.02490289900952114 4.590220529717884 0.7516119500935027 0.0709052090180737
550 0.014708008494564925 0.014708008494564925 6.733110986185904 0.506373110236938 0.05767095306073459
600 0.014708008494564925 0.014708008494564925 6.733110986185904 0.506373110236938 0.05767095306073459
650 0.014708008494564925 0.014708008494564925 6.733110986185904 0.506373110236938 0.05767095306073459
700 0.014708008494564925 0.014708008494564925 6.733110986185904 0.506373110236938 0.05767095306073459
750 0.014708008494564925 0.014708008494564925 6.733110986185904 0.506373110236938 0.05767095306073459
800 0.014708008494564925 0.014708008494564925 6.733110986185904 0.506373110236938 0.05767095306073459
850 0.014708008494564925 0.014708008494564925 6.733110986185904 0.506373110236938 0.05767095306073459
900 0.014708008494564925 0.014708008494564925 6.733110986185904 0.506373110236938 0.05767095306073459
950 0.014708008494564925 0.014708008494564925 6.733110986185904 0.506373110236938 0.05767095306073459
1000 0.014708008494564925 0.014708008494564925 6.733110986185904 0.506373110236938 0.05767095306073459
1050 0.014708008494564925 0.014708008494564925 6.733110986185904 0.506373110236938 0.05767095306073459
1100 0.014708008494564925 0.014708008494564925 6.733110986185904 0.506373110236938 0.05767095306073459
1150 0.014708008494564925 0.014708008494564925 6.733110986185904 0.506373110236938 0.05767095306073459
1200 0.014708008494564925 0.014708008494564925 6.733110986185904 0.506373110236938 0.05767095306073459
1250 0.013462887063339224 0.013462887063339224 9.892568127043388 0.3962503239358945 0.05344984648485532
1300 0.013462887063339224 0.013462887063339224 9.892568127043388 0.3962503239358945 0.05344984648485532
1350 0.013433560125103208 0.013433560125103208 10.870756801356453 0.37693724178609733 0.052620987688267895
1400 0.013433560125103208 0.013433560125103208 10.870756801356453 0.37693724178609733 0.052620987688267895
1450 0.013433560125103208 0.013433560125103208 10.870756801356453 0.37693724178609733 0.052620987688267895
1500 0.012933825787937201 0.012933825787937201 8.33444832804863 0.4230446895729803 0.05439096079241152
1550 0.012933825787937201 0.012933825787937201 8.33444832804863 0.4230446895729803 0.05439096079241152
1600 0.012933825787937201 0.012933825787937201 8.33444832804863 0.4230446895729803 0.05439096079241152
1650 0.012933825787937201 0.012933825787937201 8.33444832804863 0.4230446895729803 0.05439096079241152
1700 0.012933825787937201 0.012933825787937201 8.33444832804863 0.4230446895729803 0.05439096079241152
1750 0.012933825787937201 0.012933825787937201 8.33444832804863 0.4230446895729803 0.05439096079241152
1800 0.012933825787937201 0.012933825787937201 8.33444832804863 0.4230446895729803 0.05439096079241152
1850 0.012933825787937201 0.012933825787937201 8.33444832804863 0.4230446895729803 0.05439096079241152
1900 0.012933825787937201 0.012933825787937201 8.33444832804863 0.4230446895729803 0.05439096079241152
1950 0.012933825787937201 0.012933825787937201 8.33444832804863 0.4230446895729803 0.05439096079241152
2000 0.012933825787937201 0.012933825787937201 8.33444832804863 0.4230446895729803 0.05439096079241152
2050 0.012933825787937201 0.012933825787937201 8.33444832804863 0.4230446895729803 0.05439096079241152
2100 0.012933825787937201 0.012933825787937201 8.33444832804863 0.4230446895729803 0.05439096079241152
2150 0.012933825787937201 0.012933825787937201 8.33444832804863 0.4230446895729803 0.05439096079241152
2200 0.012933825787937201 0.012933825787937201 8.33444832804863 0.4230446895729803 0.05439096079241152
2250 0.012933825787937201 0.012933825787937201 8.33444832804863 0.4230446895729803 0.05439096079241152
2300 0.012933825787937201 0.012933825787937201 8.33444832804863 0.4230446895729803 0.05439096079241152
2350 0.012921196038007544 0.012921196038007544 8.174063917197904 0.42714439583896036 0.05452764867214
2400 0.012863197211744741 0.012863197211744741 10.831193231727525 0.3680090170280822 0.05219293402478033
2450 0.012863197211744741 0.012863197211744741 10.831193231727525 0.3680090170280822 0.05219293402478033
2500 0.012863197211744741 0.012863197211744741 10.831193231727525 0.3680090170280822 0.05219293402478033
2550 0.012863197211744741 0.012863197211744741 10.831193231727525 0.3680090170280822 0.05219293402478033
2600 0.01282071937477489 0.01282071937477489 13.645845221249793 0.3233245683404902 0.05034279563499705
2650 0.01282071937477489 0.01282071937477489 13.645845221249793 0.3233245683404902 0.05034279563499705
2700 0.012743556902187427 0.012743556902187427 13.7186739680241 0.32165470411669644 0.05020447438663444
2750 0.012743556902187427 0.012743556902187427 13.7186739680241 0.32165470411669644 0.05020447438663444
2800 0.012743556902187427 0.012743556902187427 13.7186739680241 0.32165470411669644 0.05020447438663444
2850 0.012743556902187427 0.012743556902187427 13.7186739680241 0.32165470411669644 0.05020447438663444
2900 0.01272028207218431 0.01272028207218431 10.616532761799808 0.3695290530518812 0.05223409402826871
2950 0.01272028207218431 0.01272028207218431 10.616532761799808 0.3695290530518812 0.05223409402826871
3000 0.01272028207218431 0.01272028207218431 10.616532761799808 0.3695290530518812 0.05223409402826871
3050 0.01272028207218431 0.01272028207218431 10.616532761799808 0.3695290530518812 0.05223409402826871
3100 0.01272028207218431 0.01272028207218431 10.616532761799808 0.3695290530518812 0.05223409402826871
3150 0.01272028207218431 0.01272028207218431 10.616532761799808 0.3695290530518812 0.05223409402826871
3200 0.01272028207218431 0.01272028207218431 10.616532761799808 0.3695290530518812 0.05223409402826871
3250 0.01271802974833474 0.01271802974833474 11.950217144408231 0.34674933556900933 0.05127570208476284
3300 0.01271802974833474 0.01271802974833474 11.950217144408231 0.34674933556900933 0.05127570208476284
3350 0.01271802974833474 0.01271802974833474 11.950217144408231 0.34674933556900933 0.05127570208476284
3400 0.01271802974833474 0.01271802974833474 11.950217144408231 0.34674933556900933 0.05127570208476284
3450 0.01270251613309503 0.01270251613309503 13.44389158857071 0.3247634990660161 0.05032489755073538
3500 0.01270251613309503 0.01270251613309503 13.44389158857071 0.3247634990660161 0.05032489755073538
3550 0.01270251613309503 0.01270251613309503 13.44389158857071 0.3247634990660161 0.05032489755073538
3600 0.012691614098092472 0.012691614098092472 12.18319561865007 0.3426129310536696 0.05110571958343516
3650 0.012691614098092472 0.012691614098092472 12.18319561865007 0.3426129310536696 0.05110571958343516
3700 0.012691614098092472 0.012691614098092472 12.18319561865007 0.3426129310536696 0.05110571958343516
3750 0.012691614098092472 0.012691614098092472 12.18319561865007 0.3426129310536696 0.05110571958343516
3800 0.012691614098092472 0.012691614098092472 12.18319561865007 0.3426129310536696 0.05110571958343516
3850 0.012678194326220955 0.012678194326220955 11.0738918784896 0.36065601383738194 0.05185369017105686
3900 0.012678194326220955 0.012678194326220955 11.0738918784896 0.36065601383738194 0.05185369017105686
3950 0.012678194326220955 0.012678194326220955 11.0738918784896 0.36065601383738194 0.05185369017105686
4000 0.012678194326220955 0.012678194326220955 11.0738918784896 0.36065601383738194 0.05185369017105686
4050 0.012678194326220955 0.012678194326220955 11.0738918784896 0.36065601383738194 0.05185369017105686
4100 0.012675404029956679 0.012675404029956679 11.931732369506403 0.34631962828601576 0.051255419324884775
4150 0.012675404029956679 0.012675404029956679 11.931732369506403 0.34631962828601576 0.051255419324884775
4200 0.012675404029956679 0.012675404029956679 11.931732369506403 0.34631962828601576 0.051255419324884775
4250 0.012675404029956679 0.012675404029956679 11.931732369506403 0.34631962828601576 0.051255419324884775
4300 0.012672140025298892 0.012672140025298892 11.824118970917572 0.34798028751559335 0.05132499655873825
4350 0.012672140025298892 0.012672140025298892 11.824118970917572 0.34798028751559335 0.05132499655873825
4400 0.012672140025298892 0.012672140025298892 11.824118970917572 0.34798028751559335 0.05132499655873825
4450 0.012672140025298892 0.012672140025298892 11.824118970917572 0.34798028751559335 0.05132499655873825
4500 0.012672140025298892 0.012672140025298892 11.824118970917572 0.34798028751559335 0.05132499655873825
4550 0.012672140025298892 0.012672140025298892 11.824118970917572 0.34798028751559335 0.05132499655873825
4600 0.012671236695304058 0.012671236695304058 11.81160536729044 0.34817207234929604 0.0513322682409102
4650 0.012669985826422248 0.012669985826422248 11.169220674268441 0.3588451536911082 0.05177909843038868
4700 0.012669985826422248 0.012669985826422248 11.169220674268441 0.3588451536911082 0.05177909843038868
4750 0.012669985826422248 0.012669985826422248 11.169220674268441 0.3588451536911082 0.05177909843038868
4800 0.012669985826422248 0.012669985826422248 11.169220674268441 0.3588451536911082 0.05177909843038868
4850 0.012669985826422248 0.012669985826422248 11.169220674268441 0.3588451536911082 0.05177909843038868
4900 0.012669985826422248 0.012669985826422248 11.169220674268441 0.3588451536911082 0.05177909843038868
4950 0.012669985826422248 0.012669985826422248 11.169220674268441 0.3588451536911082 0.05177909843038868
5000 0.012669985826422248 0.012669985826422248 11.169220674268441 0.3588451536911082 0.05177909843038868
5050 0.012669985826422248 0.012669985826422248 11.169220674268441 0.3588451536911082 0.05177909843038868
5100 0.012669985826422248 0.012669985826422248 11.169220674268441 0.3588451536911082 0.05177909843038868
5150 0.012669985826422248 0.012669985826422248 11.169220674268441 0.3588451536911082 0.05177909843038868
5200 0.012669985826422248 0.012669985826422248 11.169220674268441 0.3588451536911082 0.05177909843038868
5250 0.012669985826422248 0.012669985826422248 11.169220674268441 0.3588451536911082 0.05177909843038868
5300 0.012669985826422248 0.012669985826422248 11.169220674268441 0.3588451536911082 0.05177909843038868
5350 0.01266870085073817 0.01266870085073817 11.831287917469261 0.3478166999554327 0.051316793809372166
5400 0.01266870085073817 0.01266870085073817 11.831287917469261 0.3478166999554327 0.051316793809372166
5450 0.012666842507031003 0.012666842507031003 11.546273508099853 0.3524243048162614 0.05150997504787644
5500 0.012666842507031003 0.012666842507031003 11.546273508099853 0.3524243048162614 0.05150997504787644
5550 0.012666842507031003 0.012666842507031003 11.546273508099853 0.3524243048162614 0.05150997504787644
5600 0.012666842507031003 0.012666842507031003 11.546273508099853 0.3524243048162614 0.05150997504787644
5650 0.012666842507031003 0.012666842507031003 11.546273508099853 0.3524243048162614 0.05150997504787644
5700 0.012666842507031003 0.012666842507031003 11.546273508099853 0.3524243048162614 0.05150997504787644
5750 0.012666842507031003 0.012666842507031003 11.546273508099853 0.3524243048162614 0.05150997504787644
5800 0.012666842507031003 0.012666842507031003 11.546273508099853 0.3524243048162614 0.05150997504787644
5850 0.012666842507031003 0.012666842507031003 11.546273508099853 0.3524243048162614 0.05150997504787644
5900 0.012666842507031003 0.012666842507031003 11.546273508099853 0.3524243048162614 0.05150997504787644
5950 0.012666842507031003 0.012666842507031003 11.546273508099853 0.3524243048162614 0.05150997504787644
6000 0.012666842507031003 0.012666842507031003 11.546273508099853 0.3524243048162614 0.05150997504787644
6050 0.012666842507031003 0.012666842507031003 11.546273508099853 0.3524243048162614 0.05150997504787644
6100 0.012666842507031003 0.012666842507031003 11.546273508099853 0.3524243048162614 0.05150997504787644
6150 0.012666842507031003 0.012666842507031003 11.546273508099853 0.3524243048162614 0.05150997504787644
6200 0.012666842507031003 0.012666842507031003 11.546273508099853 0.3524243048162614 0.05150997504787644
6250 0.012666842507031003 0.012666842507031003 11.546273508099853 0.3524243048162614 0.05150997504787644
6300 0.012666842507031003 0.012666842507031003 11.546273508099853 0.3524243048162614 0.05150997504787644
6350 0.012666842507031003 0.012666842507031003 11.546273508099853 0.3524243048162614 0.05150997504787644
6400 0.012666842507031003 0.012666842507031003 11.546273508099853 0.3524243048162614 0.05150997504787644
6450 0.012666842507031003 0.012666842507031003 11.546273508099853 0.3524243048162614 0.05150997504787644
6500 0.012666842507031003 0.012666842507031003 11.546273508099853 0.3524243048162614 0.05150997504787644
6550 0.012666842507031003 0.012666842507031003 11.546273508099853 0.3524243048162614 0.05150997504787644
6600 0.01266641975510844 0.01266641975510844 11.201944788828396 0.35822691717045185 0.05175220687010635
6650 0.012666167723918164 0.012666167723918164 11.447804603012916 0.3540482835213511 0.05157813987767358
6700 0.01266561697468138 0.01266561697468138 11.271515656722853 0.3570223720369619 0.0517017445670337
6750 0.01266561697468138 0.01266561697468138 11.271515656722853 0.3570223720369619 0.0517017445670337
6800 0.01266561697468138 0.01266561697468138 11.271515656722853 0.3570223720369619 0.0517017445670337
6850 0.01266561697468138 0.01266561697468138 11.271515656722853 0.3570223720369619 0.0517017445670337
6900 0.01266561697468138 0.01266561697468138 11.271515656722853 0.3570223720369619 0.0517017445670337
6950 0.01266561697468138 0.01266561697468138 11.271515656722853 0.3570223720369619 0.0517017445670337
7000 0.01266561697468138 0.01266561697468138 11.271515656722853 0.3570223720369619 0.0517017445670337
7050 0.01266561697468138 0.01266561697468138 11.271515656722853 0.3570223720369619 0.0517017445670337
7100 0.01266561697468138 0.01266561697468138 11.271515656722853 0.3570223720369619 0.0517017445670337
7150 0.01266561697468138 0.01266561697468138 11.271515656722853 0.3570223720369619 0.0517017445670337
7200 0.01266545086756684 0.01266545086756684 11.25234682958086 0.35734740610543914 0.051715248225090396
7250 0.01266545086756684 0.01266545086756684 11.25234682958086 0.35734740610543914 0.051715248225090396
7300 0.01266545086756684 0.01266545086756684 11.25234682958086 0.35734740610543914 0.051715248225090396
7350 0.01266545086756684 0.01266545086756684 11.25234682958086 0.35734740610543914 0.051715248225090396
7400 0.01266545086756684 0.01266545086756684 11.25234682958086 0.35734740610543914 0.051715248225090396
7450 0.01266545086756684 0.01266545086756684 11.25234682958086 0.35734740610543914 0.051715248225090396
7500 0.01266545086756684 0.01266545086756684 11.25234682958086 0.35734740610543914 0.051715248225090396
7550 0.01266545086756684 0.01266545086756684 11.25234682958086 0.35734740610543914 0.051715248225090396
7600 0.01266545086756684 0.01266545086756684 11.25234682958086 0.35734740610543914 0.051715248225090396
7650 0.01266545086756684 0.01266545086756684 11.25234682958086 0.35734740610543914 0.051715248225090396
7700 0.01266545086756684 0.01266545086756684 11.25234682958086 0.35734740610543914 0.051715248225090396
7750 0.01266545086756684 0.01266545086756684 11.25234682958086 0.35734740610543914 0.051715248225090396
7800 0.01266545086756684 0.01266545086756684 11.25234682958086 0.35734740610543914 0.051715248225090396
7850 0.01266545086756684 0.01266545086756684 11.25234682958086 0.35734740610543914 0.051715248225090396
7900 0.01266545086756684 0.01266545086756684 11.25234682958086 0.35734740610543914 0.051715248225090396
7950 0.01266545086756684 0.01266545086756684 11.25234682958086 0.35734740610543914 0.051715248225090396
8000 0.01266545086756684 0.01266545086756684 11.25234682958086 0.35734740610543914 0.051715248225090396
8050 0.01266545086756684 0.01266545086756684 11.25234682958086 0.35734740610543914 0.051715248225090396
8100 0.01266545086756684 0.01266545086756684 11.25234682958086 0.35734740610543914 0.051715248225090396
8150 0.01266545086756684 0.01266545086756684 11.25234682958086 0.35734740610543914 0.051715248225090396
8200 0.01266545086756684 0.01266545086756684 11.25234682958086 0.35734740610543914 0.051715248225090396
8250 0.01266540104050757 0.01266540104050757 11.293612368085657 0.35664133408384674 0.05168590555547254
8300 0.01266540104050757 0.01266540104050757 11.293612368085657 0.35664133408384674 0.05168590555547254
8350 0.01266540104050757 0.01266540104050757 11.293612368085657 0.35664133408384674 0.05168590555547254
8400 0.01266540104050757 0.01266540104050757 11.293612368085657 0.35664133408384674 0.05168590555547254
8450 0.01266540104050757 0.01266540104050757 11.293612368085657 0.35664133408384674 0.05168590555547254
8500 0.01266532626994875 0.01266532626994875 11.251118899593399 0.357366169303937 0.05171603220035957
8550 0.012665323235281101 0.012665323235281101 11.355530753662219 0.3555882801290305 0.051642093999858585
8600 0.012665323235281101 0.012665323235281101 11.355530753662219 0.3555882801290305 0.051642093999858585
8650 0.012665323235281101 0.012665323235281101 11.355530753662219 0.3555882801290305 0.051642093999858585
8700 0.012665323235281101 0.012665323235281101 11.355530753662219 0.3555882801290305 0.051642093999858585
8750 0.012665323235281101 0.012665323235281101 11.355530753662219 0.3555882801290305 0.051642093999858585
8800 0.012665323235281101 0.012665323235281101 11.355530753662219 0.3555882801290305 0.051642093999858585
8850 0.012665317148104939 0.012665317148104939 11.283644123528067 0.35680993938159583 0.05169290592199446
8900 0.012665317148104939 0.012665317148104939 11.283644123528067 0.35680993938159583 0.05169290592199446
8950 0.012665317148104939 0.012665317148104939 11.283644123528067 0.35680993938159583 0.05169290592199446
9000 0.012665317148104939 0.012665317148104939 11.283644123528067 0.35680993938159583 0.05169290592199446
9050 0.012665317148104939 0.012665317148104939 11.283644123528067 0.35680993938159583 0.05169290592199446
9100 0.012665317148104939 0.012665317148104939 11.283644123528067 0.35680993938159583 0.05169290592199446
9150 0.012665317148104939 0.012665317148104939 11.283644123528067 0.35680993938159583 0.05169290592199446
9200 0.012665317148104939 0.012665317148104939 11.283644123528067 0.35680993938159583 0.05169290592199446
9250 0.012665315408247646 0.012665315408247646 11.264854804566204 0.3571306998508446 0.051706264336693175
9300 0.012665301322946026 0.012665301322946026 11.329310862774495 0.3560324165478522 0.05166056409206863
9350 0.012665301322946026 0.012665301322946026 11.329310862774495 0.3560324165478522 0.05166056409206863
9400 0.012665243809790372 0.012665243809790372 11.29045915814916 0.35669241161542076 0.05168801446847632
9450 0.012665243809790372 0.012665243809790372 11.29045915814916 0.35669241161542076 0.05168801446847632
9500 0.012665243809790372 0.012665243809790372 11.29045915814916 0.35669241161542076 0.05168801446847632
9550 0.012665243809790372 0.012665243809790372 11.29045915814916 0.35669241161542076 0.05168801446847632
9600 0.012665243809790372 0.012665243809790372 11.29045915814916 0.35669241161542076 0.05168801446847632
9650 0.012665243809790372 0.012665243809790372 11.29045915814916 0.35669241161542076 0.05168801446847632
9700 0.012665238023449906 0.012665238023449906 11.296335039666848 0.35659218195581516 0.05168384251009808
9750 0.012665238023449906 0.012665238023449906 11.296335039666848 0.35659218195581516 0.05168384251009808
9800 0.012665238023449906 0.012665238023449906 11.296335039666848 0.35659218195581516 0.05168384251009808
9850 0.012665238023449906 0.012665238023449906 11.296335039666848 0.35659218195581516 0.05168384251009808
9900 0.012665238023449906 0.012665238023449906 11.296335039666848 0.35659218195581516 0.05168384251009808
9950 0.012665238023449906 0.012665238023449906 11.296335039666848 0.35659218195581516 0.05168384251009808
10000 0.012665238023449906 0.012665238023449906 11.296335039666848 0.35659218195581516 0.05168384251009808
10050 0.012665238023449906 0.012665238023449906 11.296335039666848 0.35659218195581516 0.05168384251009808
10100 0.012665238023449906 0.012665238023449906 11.296335039666848 0.35659218195581516 0.05168384251009808
10150 0.012665238023449906 0.012665238023449906 11.296335039666848 0.35659218195581516 0.05168384251009808
10200 0.012665238023449906 0.012665238023449906 11.296335039666848 0.35659218195581516 0.05168384251009808
10250 0.012665238023449906 0.012665238023449906 11.296335039666848 0.35659218195581516 0.05168384251009808
10300 0.012665238023449906 0.012665238023449906 11.296335039666848 0.35659218195581516 0.05168384251009808
10350 0.012665236122992292 0.012665236122992292 11.28209419806062 0.3568350439125149 0.05169393805421181
10400 0.012665236122992292 0.012665236122992292 11.28209419806062 0.3568350439125149 0.05169393805421181
10450 0.012665236122992292 0.012665236122992292 11.28209419806062 0.3568350439125149 0.05169393805421181
10500 0.012665236122992292 0.012665236122992292 11.28209419806062 0.3568350439125149 0.05169393805421181
10550 0.012665236122992292 0.012665236122992292 11.28209419806062 0.3568350439125149 0.05169393805421181
10600 0.012665236122992292 0.012665236122992292 11.28209419806062 0.3568350439125149 0.05169393805421181
10650 0.012665236122992292 0.012665236122992292 11.28209419806062 0.3568350439125149 0.05169393805421181
10700 0.012665236122992292 0.012665236122992292 11.28209419806062 0.3568350439125149 0.05169393805421181
10750 0.012665236122992292 0.012665236122992292 11.28209419806062 0.3568350439125149 0.05169393805421181
10800 0.012665236122992292 0.012665236122992292 11.28209419806062 0.3568350439125149 0.05169393805421181
10850 0.012665236122992292 0.012665236122992292 11.28209419806062 0.3568350439125149 0.05169393805421181
10900 0.012665236122992292 0.012665236122992292 11.28209419806062 0.3568350439125149 0.05169393805421181
10950 0.012665236122992292 0.012665236122992292 11.28209419806062 0.3568350439125149 0.05169393805421181
11000 0.012665236122992292 0.012665236122992292 11.28209419806062 0.3568350439125149 0.05169393805421181
11050 0.012665235860854262 0.012665235860854262 11.294370593069063 0.3566256206564346 0.051685233213757384
11100 0.012665234070278706 0.012665234070278706 11.28419900731821 0.35679908605500354 0.051692442950833334
11150 0.012665234070278706 0.012665234070278706 11.28419900731821 0.35679908605500354 0.051692442950833334
11200 0.012665234070278706 0.012665234070278706 11.28419900731821 0.35679908605500354 0.051692442950833334
11250 0.012665234070278706 0.012665234070278706 11.28419900731821 0.35679908605500354 0.051692442950833334
11300 0.012665234070278706 0.012665234070278706 11.28419900731821 0.35679908605500354 0.051692442950833334
11350 0.012665234070278706 0.012665234070278706 11.28419900731821 0.35679908605500354 0.051692442950833334
11400 0.012665234070278706 0.012665234070278706 11.28419900731821 0.35679908605500354 0.051692442950833334
11450 0.012665234070278706 0.012665234070278706 11.28419900731821 0.35679908605500354 0.051692442950833334
11500 0.012665234070278706 0.012665234070278706 11.28419900731821 0.35679908605500354 0.051692442950833334
11550 0.012665234070278706 0.012665234070278706 11.28419900731821 0.35679908605500354 0.051692442950833334
11600 0.012665234070278706 0.012665234070278706 11.28419900731821 0.35679908605500354 0.051692442950833334
11650 0.012665234070278706 0.012665234070278706 11.28419900731821 0.35679908605500354 0.051692442950833334
11700 0.012665234070278706 0.012665234070278706 11.28419900731821 0.35679908605500354 0.051692442950833334
11750 0.012665234070278706 0.012665234070278706 11.28419900731821 0.35679908605500354 0.051692442950833334
11800 0.012665234070278706 0.012665234070278706 11.28419900731821 0.35679908605500354 0.051692442950833334
11850 0.012665234070278706 0.012665234070278706 11.28419900731821 0.35679908605500354 0.051692442950833334
11900 0.012665234070278706 0.012665234070278706 11.28419900731821 0.35679908605500354 0.051692442950833334
11950 0.012665234070278706 0.012665234070278706 11.28419900731821 0.35679908605500354 0.051692442950833334
12000 0.012665233969259079 0.012665233969259079 11.290442014987274 0.3566925782317206 0.05168801565211564
12050 0.012665233969259079 0.012665233969259079 11.290442014987274 0.3566925782317206 0.05168801565211564
12100 0.012665233931106154 0.012665233931106154 11.291143594565899 0.3566806110387635 0.051687518444312415
12150 0.012665233931106154 0.012665233931106154 11.291143594565899 0.3566806110387635 0.051687518444312415
12200 0.012665233931106154 0.012665233931106154 11.291143594565899 0.3566806110387635 0.051687518444312415
12250 0.012665233931106154 0.012665233931106154 11.291143594565899 0.3566806110387635 0.051687518444312415
12300 0.012665233931106154 0.012665233931106154 11.291143594565899 0.3566806110387635 0.051687518444312415
12350 0.01266523322717246 0.01266523322717246 11.28633671003757 0.3567625967130181 0.05169092578687002
12400 0.01266523322717246 0.01266523322717246 11.28633671003757 0.3567625967130181 0.05169092578687002
12450 0.01266523322717246 0.01266523322717246 11.28633671003757 0.3567625967130181 0.05169092578687002
12500 0.01266523322717246 0.01266523322717246 11.28633671003757 0.3567625967130181 0.05169092578687002
12550 0.01266523322717246 0.01266523322717246 11.28633671003757 0.3567625967130181 0.05169092578687002
12600 0.01266523322717246 0.01266523322717246 11.28633671003757 0.3567625967130181 0.05169092578687002
12650 0.01266523322717246 0.01266523322717246 11.28633671003757 0.3567625967130181 0.05169092578687002
12700 0.01266523322717246 0.01266523322717246 11.28633671003757 0.3567625967130181 0.05169092578687002
12750 0.01266523322717246 0.01266523322717246 11.28633671003757 0.3567625967130181 0.05169092578687002
12800 0.012665233069819396 0.012665233069819396 11.287521890873515 0.35674237466321496 0.05169008509948679
12850 0.012665233069819396 0.012665233069819396 11.287521890873515 0.35674237466321496 0.05169008509948679
12900 0.01266523306073955 0.01266523306073955 11.286997396005038 0.3567513224670297 0.051690457040403856
12950 0.01266523306073955 0.01266523306073955 11.286997396005038 0.3567513224670297 0.051690457040403856
13000 0.01266523306073955 0.01266523306073955 11.286997396005038 0.3567513224670297 0.051690457040403856
13050 0.01266523306073955 0.01266523306073955 11.286997396005038 0.3567513224670297 0.051690457040403856
13100 0.01266523306073955 0.01266523306073955 11.286997396005038 0.3567513224670297 0.051690457040403856
13150 0.01266523306073955 0.01266523306073955 11.286997396005038 0.3567513224670297 0.051690457040403856
13200 0.012665233050504024 0.012665233050504024 11.289672429225545 0.35670569057161133 0.051688560294604474
13250 0.012665233050504024 0.012665233050504024 11.289672429225545 0.35670569057161133 0.051688560294604474
13300 0.012665233050504024 0.012665233050504024 11.289672429225545 0.35670569057161133 0.051688560294604474
13350 0.012665233050504024 0.012665233050504024 11.289672429225545 0.35670569057161133 0.051688560294604474
13400 0.012665233050504024 0.012665233050504024 11.289672429225545 0.35670569057161133 0.051688560294604474
13450 0.012665233050504024 0.012665233050504024 11.289672429225545 0.35670569057161133 0.051688560294604474
13500 0.012665232946671942 0.012665232946671942 11.288573575593293 0.35672443177228097 0.05168933929116719
13550 0.012665232946671942 0.012665232946671942 11.288573575593293 0.35672443177228097 0.05168933929116719
13600 0.012665232946671942 0.012665232946671942 11.288573575593293 0.35672443177228097 0.05168933929116719
13650 0.012665232946671942 0.012665232946671942 11.288573575593293 0.35672443177228097 0.05168933929116719
13700 0.012665232946671942 0.012665232946671942 11.288573575593293 0.35672443177228097 0.05168933929116719
13750 0.012665232914939688 0.012665232914939688 11.286173599918184 0.3567653757990446 0.051691041115882755
13800 0.012665232914939688 0.012665232914939688 11.286173599918184 0.3567653757990446 0.051691041115882755
13850 0.012665232914939688 0.012665232914939688 11.286173599918184 0.3567653757990446 0.051691041115882755
13900 0.012665232914939688 0.012665232914939688 11.286173599918184 0.3567653757990446 0.051691041115882755
13950 0.012665232914939688 0.012665232914939688 11.286173599918184 0.3567653757990446 0.051691041115882755
14000 0.012665232914939688 0.012665232914939688 11.286173599918184 0.3567653757990446 0.051691041115882755
14050 0.012665232887375328 0.012665232887375328 11.287837069459709 0.3567369945221069 0.05168986147326692
14100 0.012665232887375328 0.012665232887375328 11.287837069459709 0.3567369945221069 0.05168986147326692
14150 0.012665232887375328 0.012665232887375328 11.287837069459709 0.3567369945221069 0.05168986147326692
14200 0.012665232887375328 0.012665232887375328 11.287837069459709 0.3567369945221069 0.05168986147326692
14250 0.012665232887375328 0.012665232887375328 11.287837069459709 0.3567369945221069 0.05168986147326692
14300 0.012665232887375328 0.012665232887375328 11.287837069459709 0.3567369945221069 0.05168986147326692
14350 0.012665232887375328 0.012665232887375328 11.287837069459709 0.3567369945221069 0.05168986147326692
14400 0.012665232887375328 0.012665232887375328 11.287837069459709 0.3567369945221069 0.05168986147326692
14450 0.012665232887375328 0.012665232887375328 11.287837069459709 0.3567369945221069 0.05168986147326692
14500 0.012665232887375328 0.012665232887375328 11.287837069459709 0.3567369945221069 0.05168986147326692
14550 0.012665232835280937 0.012665232835280937 11.289230719471329 0.35671322095939456 0.051688873267810284
14600 0.012665232835280937 0.012665232835280937 11.289230719471329 0.35671322095939456 0.051688873267810284
14650 0.012665232835280937 0.012665232835280937 11.289230719471329 0.35671322095939456 0.051688873267810284
14700 0.012665232835280937 0.012665232835280937 11.289230719471329 0.35671322095939456 0.051688873267810284
14750 0.012665232816780092 0.012665232816780092 11.288217152150306 0.3567305097486758 0.05168959189117021
14800 0.012665232816780092 0.012665232816780092 11.288217152150306 0.3567305097486758 0.05168959189117021
14850 0.012665232816780092 0.012665232816780092 11.288217152150306 0.3567305097486758 0.05168959189117021
14900 0.012665232813411656 0.012665232813411656 11.289617430020247 0.35670662487947613 0.05168859907437612
14950 0.012665232813411656 0.012665232813411656 11.289617430020247 0.35670662487947613 0.05168859907437612
15000 0.012665232813411656 0.012665232813411656 11.289617430020247 0.35670662487947613 0.05168859907437612
15050 0.012665232813411656 0.012665232813411656 11.289617430020247 0.35670662487947613 0.05168859907437612
15100 0.012665232813411656 0.012665232813411656 11.289617430020247 0.35670662487947613 0.05168859907437612
15150 0.012665232813411656 0.012665232813411656 11.289617430020247 0.35670662487947613 0.05168859907437612
15200 0.012665232813411656 0.012665232813411656 11.289617430020247 0.35670662487947613 0.05168859907437612
15250 0.012665232813411656 0.012665232813411656 11.289617430020247 0.35670662487947613 0.05168859907437612
15300 0.012665232813411656 0.012665232813411656 11.289617430020247 0.35670662487947613 0.05168859907437612
15350 0.012665232813411656 0.012665232813411656 11.289617430020247 0.35670662487947613 0.05168859907437612
15400 0.012665232813411656 0.012665232813411656 11.289617430020247 0.35670662487947613 0.05168859907437612
15450 0.012665232813411656 0.012665232813411656 11.289617430020247 0.35670662487947613 0.05168859907437612
15500 0.012665232813411656 0.012665232813411656 11.289617430020247 0.35670662487947613 0.05168859907437612
15550 0.012665232802158208 0.012665232802158208 11.289895738022016 0.3567018781366842 0.051688401748133946
15600 0.012665232802158208 0.012665232802158208 11.289895738022016 0.3567018781366842 0.051688401748133946
15650 0.012665232802158208 0.012665232802158208 11.289895738022016 0.3567018781366842 0.051688401748133946
15700 0.012665232802158208 0.012665232802158208 11.289895738022016 0.3567018781366842 0.051688401748133946
15750 0.012665232802158208 0.012665232802158208 11.289895738022016 0.3567018781366842 0.051688401748133946
15800 0.012665232802158208 0.012665232802158208 11.289895738022016 0.3567018781366842 0.051688401748133946
15850 0.012665232802158208 0.012665232802158208 11.289895738022016 0.3567018781366842 0.051688401748133946
15900 0.012665232802158208 0.012665232802158208 11.289895738022016 0.3567018781366842 0.051688401748133946
15950 0.012665232800755646 0.012665232800755646 11.288124474469338 0.35673209043124027 0.051689657593007476
16000 0.012665232800755646 0.012665232800755646 11.288124474469338 0.35673209043124027 0.051689657593007476
16050 0.012665232800755646 0.012665232800755646 11.288124474469338 0.35673209043124027 0.051689657593007476
16100 0.012665232800755646 0.012665232800755646 11.288124474469338 0.35673209043124027 0.051689657593007476
16150 0.012665232800755646 0.012665232800755646 11.288124474469338 0.35673209043124027 0.051689657593007476
16200 0.012665232800755646 0.012665232800755646 11.288124474469338 0.35673209043124027 0.051689657593007476
16250 0.012665232800755646 0.012665232800755646 11.288124474469338 0.35673209043124027 0.051689657593007476
16300 0.012665232800755646 0.012665232800755646 11.288124474469338 0.35673209043124027 0.051689657593007476
16350 0.012665232800755646 0.012665232800755646 11.288124474469338 0.35673209043124027 0.051689657593007476
16400 0.012665232799811707 0.012665232799811707 11.289514529889352 0.3567083797410151 0.05168867201332851
16450 0.012665232799811707 0.012665232799811707 11.289514529889352 0.3567083797410151 0.05168867201332851
16500 0.012665232796288587 0.012665232796288587 11.289700935757931 0.3567052004411618 0.05168853985086788
16550 0.012665232796288587 0.012665232796288587 11.289700935757931 0.3567052004411618 0.05168853985086788
16600 0.012665232796288587 0.012665232796288587 11.289700935757931 0.3567052004411618 0.05168853985086788
16650 0.012665232794775565 0.012665232794775565 11.289150017203285 0.3567145969108821 0.051688930442978155
16700 0.012665232794775565 0.012665232794775565 11.289150017203285 0.3567145969108821 0.051688930442978155
16750 0.012665232794775565 0.012665232794775565 11.289150017203285 0.3567145969108821 0.051688930442978155
16800 0.012665232794775565 0.012665232794775565 11.289150017203285 0.3567145969108821 0.051688930442978155
16850 0.012665232794775565 0.012665232794775565 11.289150017203285 0.3567145969108821 0.051688930442978155
16900 0.012665232794775565 0.012665232794775565 11.289150017203285 0.3567145969108821 0.051688930442978155
16950 0.012665232794775565 0.012665232794775565 11.289150017203285 0.3567145969108821 0.051688930442978155
17000 0.012665232794775565 0.012665232794775565 11.289150017203285 0.3567145969108821 0.051688930442978155
17050 0.012665232794775565 0.012665232794775565 11.289150017203285 0.3567145969108821 0.051688930442978155
17100 0.012665232794775565 0.012665232794775565 11.289150017203285 0.3567145969108821 0.051688930442978155
17150 0.012665232794775565 0.012665232794775565 11.289150017203285 0.3567145969108821 0.051688930442978155
17200 0.012665232794775565 0.012665232794775565 11.289150017203285 0.3567145969108821 0.051688930442978155
17250 0.012665232794775565 0.012665232794775565 11.289150017203285 0.3567145969108821 0.051688930442978155
17300 0.012665232794775565 0.012665232794775565 11.289150017203285 0.3567145969108821 0.051688930442978155
17350 0.012665232793353179 0.012665232793353179 11.289191201798168 0.35671389442386664 0.05168890124146084
17400 0.012665232793353179 0.012665232793353179 11.289191201798168 0.35671389442386664 0.05168890124146084
17450 0.012665232793353179 0.012665232793353179 11.289191201798168 0.35671389442386664 0.05168890124146084
17500 0.012665232793353179 0.012665232793353179 11.289191201798168 0.35671389442386664 0.05168890124146084
17550 0.012665232791572853 0.012665232791572853 11.289234522329394 0.3567131555011568 0.051688870525507795
17600 0.012665232791572853 0.012665232791572853 11.289234522329394 0.3567131555011568 0.051688870525507795
17650 0.012665232791572853 0.012665232791572853 11.289234522329394 0.3567131555011568 0.051688870525507795
17700 0.012665232791363128 0.012665232791363128 11.289187681550127 0.3567139544308094 0.05168890373589012
17750 0.012665232791363128 0.012665232791363128 11.289187681550127 0.3567139544308094 0.05168890373589012
17800 0.012665232791363128 0.012665232791363128 11.289187681550127 0.3567139544308094 0.05168890373589012
17850 0.012665232791363128 0.012665232791363128 11.289187681550127 0.3567139544308094 0.05168890373589012
17900 0.012665232791363128 0.012665232791363128 11.289187681550127 0.3567139544308094 0.05168890373589012
17950 0.012665232791363128 0.012665232791363128 11.289187681550127 0.3567139544308094 0.05168890373589012
18000 0.012665232791363128 0.012665232791363128 11.289187681550127 0.3567139544308094 0.05168890373589012
18050 0.01266523279030562 0.01266523279030562 11.289329303814231 0.356711538850048 0.05168880332513793
18100 0.01266523279030562 0.01266523279030562 11.289329303814231 0.356711538850048 0.05168880332513793
18150 0.012665232790274603 0.012665232790274603 11.289179004752118 0.3567141024090012 0.05168890988684034
18200 0.012665232790193605 0.012665232790193605 11.289045641398573 0.35671637715189064 0.05168900444179547
18250 0.012665232790193605 0.012665232790193605 11.289045641398573 0.35671637715189064 0.05168900444179547
18300 0.012665232790193605 0.012665232790193605 11.289045641398573 0.35671637715189064 0.05168900444179547
18350 0.012665232790193605 0.012665232790193605 11.289045641398573 0.35671637715189064 0.05168900444179547
18400 0.012665232790187313 0.012665232790187313 11.289030555541977 0.35671663446616453 0.05168901513803454
18450 0.012665232789434388 0.012665232789434388 11.288982691813363 0.3567174508644588 0.051689049073184355
18500 0.012665232789434388 0.012665232789434388 11.288982691813363 0.3567174508644588 0.051689049073184355
18550 0.012665232789434388 0.012665232789434388 11.288982691813363 0.3567174508644588 0.051689049073184355
18600 0.012665232789434388 0.012665232789434388 11.288982691813363 0.3567174508644588 0.051689049073184355
18650 0.012665232789434388 0.012665232789434388 11.288982691813363 0.3567174508644588 0.051689049073184355
18700 0.012665232789434388 0.012665232789434388 11.288982691813363 0.3567174508644588 0.051689049073184355
18750 0.012665232789377964 0.012665232789377964 11.289153934166404 0.356714530019892 0.051688927660680985
18800 0.012665232789377964 0.012665232789377964 11.289153934166404 0.356714530019892 0.051688927660680985
18850 0.0126652327891929 0.0126652327891929 11.288992218036796 0.3567172883751236 0.05168904231853203
18900 0.012665232788979752 0.012665232788979752 11.289070775855398 0.3567159484186159 0.051688986620165994
18950 0.012665232788979752 0.012665232788979752 11.289070775855398 0.3567159484186159 0.051688986620165994
19000 0.012665232788979752 0.012665232788979752 11.289070775855398 0.3567159484186159 0.051688986620165994
19050 0.012665232788979752 0.012665232788979752 11.289070775855398 0.3567159484186159 0.051688986620165994
19100 0.012665232788787797 0.012665232788787797 11.288997392901281 0.35671720010028285 0.051689038649196835
19150 0.012665232788584798 0.012665232788584798 11.289050989487803 0.35671628590629456 0.05168900064841122
19200 0.012665232788470588 0.012665232788470588 11.288978782196953 0.356717517538473 0.05168905184407708
19250 0.012665232788470588 0.012665232788470588 11.288978782196953 0.356717517538473 0.05168905184407708
19300 0.012665232788470588 0.012665232788470588 11.288978782196953 0.356717517538473 0.05168905184407708
19350 0.012665232788470588 0.012665232788470588 11.288978782196953 0.356717517538473 0.05168905184407708
19400 0.012665232788470588 0.012665232788470588 11.288978782196953 0.356717517538473 0.05168905184407708
19450 0.012665232788470588 0.012665232788470588 11.288978782196953 0.356717517538473 0.05168905184407708
19500 0.012665232788470588 0.012665232788470588 11.288978782196953 0.356717517538473 0.05168905184407708
19550 0.012665232788470588 0.012665232788470588 11.288978782196953 0.356717517538473 0.05168905184407708
19600 0.012665232788470588 0.012665232788470588 11.288978782196953 0.356717517538473 0.05168905184407708
19650 0.012665232788443875 0.012665232788443875 11.288970479059913 0.356717659164771 0.051689057731084884
19700 0.012665232788430241 0.012665232788430241 11.288939510875883 0.3567181873906422 0.05168907968794901
19750 0.012665232788430241 0.012665232788430241 11.288939510875883 0.3567181873906422 0.05168907968794901
19800 0.012665232788430241 0.012665232788430241 11.288939510875883 0.3567181873906422 0.05168907968794901
19850 0.012665232788430241 0.012665232788430241 11.288939510875883 0.3567181873906422 0.05168907968794901
19900 0.012665232788430241 0.012665232788430241 11.288939510875883 0.3567181873906422 0.05168907968794901
19950 0.012665232788430241 0.012665232788430241 11.288939510875883 0.3567181873906422 0.05168907968794901
20000 0.012665232788430241 0.012665232788430241 11.288939510875883 0.3567181873906422 0.05168907968794901
20050 0.012665232788430241 0.012665232788430241 11.288939510875883 0.3567181873906422 0.05168907968794901
20100 0.012665232788430241 0.012665232788430241 11.288939510875883 0.3567181873906422 0.05168907968794901
20150 0.012665232788413092 0.012665232788413092 11.288936449755065 0.35671823960407884 0.05168908185832278
20200 0.012665232788413092 0.012665232788413092 11.288936449755065 0.35671823960407884 0.05168908185832278
20250 0.012665232788406892 0.012665232788406892 11.288948117887555 0.3567180405797404 0.051689073585433086
20300 0.012665232788406892 0.012665232788406892 11.288948117887555 0.3567180405797404 0.051689073585433086
20350 0.012665232788397231 0.012665232788397231 11.288959046642494 0.35671785416751967 0.05168906583675683
20400 0.012665232788394485 0.012665232788394485 11.288934101477487 0.35671827965848624 0.05168908352327804
20450 0.012665232788385753 0.012665232788385753 11.289001224040044 0.35671713474769 0.051689035932418054
20500 0.012665232788371927 0.012665232788371927 11.288971951849373 0.35671763404271983 0.051689056686758106
20550 0.012665232788371927 0.012665232788371927 11.288971951849373 0.35671763404271983 0.051689056686758106
20600 0.012665232788371927 0.012665232788371927 11.288971951849373 0.35671763404271983 0.051689056686758106
20650 0.012665232788371927 0.012665232788371927 11.288971951849373 0.35671763404271983 0.051689056686758106
20700 0.012665232788360025 0.012665232788360025 11.288938806793935 0.35671819939920696 0.05168908018708464
20750 0.012665232788360025 0.012665232788360025 11.288938806793935 0.35671819939920696 0.05168908018708464
20800 0.012665232788351846 0.012665232788351846 11.289015906804869 0.3567168843044601 0.05168902552212132
20850 0.012665232788351846 0.012665232788351846 11.289015906804869 0.3567168843044601 0.05168902552212132
20900 0.012665232788351846 0.012665232788351846 11.289015906804869 0.3567168843044601 0.05168902552212132
20950 0.012665232788351846 0.012665232788351846 11.289015906804869 0.3567168843044601 0.05168902552212132
21000 0.012665232788351846 0.012665232788351846 11.289015906804869 0.3567168843044601 0.05168902552212132
21050 0.012665232788351846 0.012665232788351846 11.289015906804869 0.3567168843044601 0.05168902552212132
21100 0.012665232788350383 0.012665232788350383 11.288980938684153 0.3567174807539156 0.05168905031495294
21150 0.012665232788329556 0.012665232788329556 11.288973535570728 0.3567176070285621 0.05168905556383561
21200 0.012665232788329556 0.012665232788329556 11.288973535570728 0.3567176070285621 0.05168905556383561
21250 0.012665232788329556 0.012665232788329556 11.288973535570728 0.3567176070285621 0.05168905556383561
21300 0.012665232788329556 0.012665232788329556 11.288973535570728 0.3567176070285621 0.05168905556383561
21350 0.012665232788329556 0.012665232788329556 11.288973535570728 0.3567176070285621 0.05168905556383561
21400 0.012665232788329556 0.012665232788329556 11.288973535570728 0.3567176070285621 0.05168905556383561
21450 0.012665232788329556 0.012665232788329556 11.288973535570728 0.3567176070285621 0.05168905556383561
21500 0.012665232788329556 0.012665232788329556 11.288973535570728 0.3567176070285621 0.05168905556383561
21550 0.012665232788329556 0.012665232788329556 11.288973535570728 0.3567176070285621 0.05168905556383561
21600 0.012665232788329556 0.012665232788329556 11.288973535570728 0.3567176070285621 0.05168905556383561
21650 0.012665232788329556 0.012665232788329556 11.288973535570728 0.3567176070285621 0.05168905556383561
21700 0.012665232788329556 0.012665232788329556 11.288973535570728 0.3567176070285621 0.05168905556383561
21750 0.012665232788329556 0.012665232788329556 11.288973535570728 0.3567176070285621 0.05168905556383561
21800 0.012665232788329556 0.012665232788329556 11.288973535570728 0.3567176070285621 0.05168905556383561
21850 0.012665232788324153 0.012665232788324153 11.288957471850635 0.3567178810276638 0.051689066953240916
21900 0.012665232788321764 0.012665232788321764 11.288968078266086 0.35671770011372333 0.051689059433135294
21950 0.012665232788321764 0.012665232788321764 11.288968078266086 0.35671770011372333 0.051689059433135294
22000 0.012665232788321764 0.012665232788321764 11.288968078266086 0.35671770011372333 0.051689059433135294
22050 0.012665232788321764 0.012665232788321764 11.288968078266086 0.35671770011372333 0.051689059433135294
22100 0.012665232788321764 0.012665232788321764 11.288968078266086 0.35671770011372333 0.051689059433135294
22150 0.012665232788321764 0.012665232788321764 11.288968078266086 0.35671770011372333 0.051689059433135294
22200 0.012665232788321764 0.012665232788321764 11.288968078266086 0.35671770011372333 0.051689059433135294
22250 0.012665232788321764 0.012665232788321764 11.288968078266086 0.35671770011372333 0.051689059433135294
22300 0.012665232788321764 0.012665232788321764 11.288968078266086 0.35671770011372333 0.051689059433135294
22350 0.012665232788321764 0.012665232788321764 11.288968078266086 0.35671770011372333 0.051689059433135294
22400 0.012665232788321764 0.012665232788321764 11.288968078266086 0.35671770011372333 0.051689059433135294
22450 0.012665232788321764 0.012665232788321764 11.288968078266086 0.35671770011372333 0.051689059433135294
22500 0.012665232788321764 0.012665232788321764 11.288968078266086 0.35671770011372333 0.051689059433135294
22550 0.012665232788321764 0.012665232788321764 11.288968078266086 0.35671770011372333 0.051689059433135294
22600 0.012665232788321764 0.012665232788321764 11.288968078266086 0.35671770011372333 0.051689059433135294
22650 0.012665232788321764 0.012665232788321764 11.288968078266086 0.35671770011372333 0.051689059433135294
22700 0.012665232788321764 0.012665232788321764 11.288968078266086 0.35671770011372333 0.051689059433135294
22750 0.012665232788321764 0.012665232788321764 11.288968078266086 0.35671770011372333 0.051689059433135294
22800 0.012665232788321764 0.012665232788321764 11.288968078266086 0.35671770011372333 0.051689059433135294
22850 0.012665232788321764 0.012665232788321764 11.288968078266086 0.35671770011372333 0.051689059433135294
22900 0.012665232788321764 0.012665232788321764 11.288968078266086 0.35671770011372333 0.051689059433135294
22950 0.012665232788321532 0.012665232788321532 11.288967691311104 0.356717706714015 0.05168905970749182
23000 0.012665232788321532 0.012665232788321532 11.288967691311104 0.356717706714015 0.05168905970749182
23050 0.012665232788321532 0.012665232788321532 11.288967691311104 0.356717706714015 0.05168905970749182
23100 0.012665232788321532 0.012665232788321532 11.288967691311104 0.356717706714015 0.05168905970749182
23150 0.012665232788321532 0.012665232788321532 11.288967691311104 0.356717706714015 0.05168905970749182
23200 0.012665232788321417 0.012665232788321417 11.288967729624224 0.35671770606050435 0.05168905968032726
23250 0.012665232788321417 0.012665232788321417 11.288967729624224 0.35671770606050435 0.05168905968032726
23300 0.012665232788321162 0.012665232788321162 11.288974627333825 0.35671758840620427 0.051689054789754316
23350 0.012665232788320912 0.012665232788320912 11.288965869041071 0.3567177377964919 0.051689060999507236
23400 0.012665232788320883 0.012665232788320883 11.288973862741772 0.3567176014478446 0.05168905533186068
23450 0.012665232788320348 0.012665232788320348 11.288964800466394 0.35671775602319145 0.05168906175714101
23500 0.012665232788320276 0.012665232788320276 11.288960756030374 0.3567178250092415 0.05168906462470506
23550 0.012665232788320276 0.012665232788320276 11.288960756030374 0.3567178250092415 0.05168906462470506
23600 0.012665232788319956 0.012665232788319956 11.288961404028646 0.35671781395631 0.051689064165264524
23650 0.012665232788319956 0.012665232788319956 11.288961404028646 0.35671781395631 0.051689064165264524
23700 0.012665232788319871 0.012665232788319871 11.288964175467376 0.35671776668380417 0.05168906220027409
23750 0.012665232788319871 0.012665232788319871 11.288964175467376 0.35671776668380417 0.05168906220027409
23800 0.012665232788319871 0.012665232788319871 11.288964175467376 0.35671776668380417 0.05168906220027409
23850 0.012665232788319871 0.012665232788319871 11.288964175467376 0.35671776668380417 0.05168906220027409
23900 0.012665232788319871 0.012665232788319871 11.288964175467376 0.35671776668380417 0.05168906220027409
23950 0.012665232788319871 0.012665232788319871 11.288964175467376 0.35671776668380417 0.05168906220027409
24000 0.012665232788319778 0.012665232788319778 11.2889654676968 0.3567177446422171 0.05168906128406467
24050 0.012665232788319778 0.012665232788319778 11.2889654676968 0.3567177446422171 0.05168906128406467
24100 0.012665232788319778 0.012665232788319778 11.2889654676968 0.3567177446422171 0.05168906128406467
24150 0.012665232788319778 0.012665232788319778 11.2889654676968 0.3567177446422171 0.05168906128406467
24200 0.012665232788319778 0.012665232788319778 11.2889654676968 0.3567177446422171 0.05168906128406467
24250 0.012665232788319637 0.012665232788319637 11.288965294440615 0.35671774759744823 0.05168906140690575
24300 0.012665232788319637 0.012665232788319637 11.288965294440615 0.35671774759744823 0.05168906140690575
24350 0.012665232788319637 0.012665232788319637 11.288965294440615 0.35671774759744823 0.05168906140690575
24400 0.012665232788319637 0.012665232788319637 11.288965294440615 0.35671774759744823 0.05168906140690575
24450 0.012665232788319637 0.012665232788319637 11.288965294440615 0.35671774759744823 0.05168906140690575
24500 0.012665232788319637 0.012665232788319637 11.288965294440615 0.35671774759744823 0.05168906140690575
24550 0.012665232788319637 0.012665232788319637 11.288965294440615 0.35671774759744823 0.05168906140690575
24600 0.012665232788319637 0.012665232788319637 11.288965294440615 0.35671774759744823 0.05168906140690575
24650 0.012665232788319637 0.012665232788319637 11.288965294440615 0.35671774759744823 0.05168906140690575
24700 0.012665232788319637 0.012665232788319637 11.288965294440615 0.35671774759744823 0.05168906140690575
24750 0.012665232788319616 0.012665232788319616 11.288964166881692 0.3567177668302473 0.051689062206361165
24800 0.012665232788319528 0.012665232788319528 11.288964691466797 0.35671775788238486 0.05168906183442273
24850 0.012665232788319528 0.012665232788319528 11.288964691466797 0.35671775788238486 0.05168906183442273
24900 0.012665232788319528 0.012665232788319528 11.288964691466797 0.35671775788238486 0.05168906183442273
24950 0.01266523278831952 0.01266523278831952 11.28896582552994 0.3567177385386454 0.05168906103035562
25000 0.01266523278831952 0.01266523278831952 11.28896582552994 0.3567177385386454 0.05168906103035562
25050 0.01266523278831952 0.01266523278831952 11.28896582552994 0.3567177385386454 0.05168906103035562
25100 0.012665232788319445 0.012665232788319445 11.288965539888046 0.356717743410844 0.05168906123287975
25150 0.012665232788319445 0.012665232788319445 11.288965539888046 0.356717743410844 0.05168906123287975
25200 0.012665232788319445 0.012665232788319445 11.288965539888046 0.356717743410844 0.05168906123287975
25250 0.012665232788319445 0.012665232788319445 11.288965539888046 0.356717743410844 0.05168906123287975
25300 0.012665232788319445 0.012665232788319445 11.288965539888046 0.356717743410844 0.05168906123287975
25350 0.012665232788319445 0.012665232788319445 11.288965539888046 0.356717743410844 0.05168906123287975
25400 0.012665232788319445 0.012665232788319445 11.288965539888046 0.356717743410844 0.05168906123287975
25450 0.012665232788319445 0.012665232788319445 11.288965539888046 0.356717743410844 0.05168906123287975
25500 0.012665232788319445 0.012665232788319445 11.288965539888046 0.356717743410844 0.05168906123287975
25550 0.012665232788319445 0.012665232788319445 11.288965539888046 0.356717743410844 0.05168906123287975
25600 0.012665232788319445 0.012665232788319445 11.288965539888046 0.356717743410844 0.05168906123287975
25650 0.012665232788319445 0.012665232788319445 11.288965539888046 0.356717743410844 0.05168906123287975
25700 0.012665232788319445 0.012665232788319445 11.288965539888046 0.356717743410844 0.05168906123287975
25750 0.012665232788319445 0.012665232788319445 11.288965539888046 0.356717743410844 0.05168906123287975
25800 0.012665232788319445 0.012665232788319445 11.288965539888046 0.356717743410844 0.05168906123287975
25850 0.012665232788319445 0.012665232788319445 11.28896553524279 0.35671774349007823 0.05168906123617331
25900 0.012665232788319445 0.012665232788319445 11.28896553524279 0.35671774349007823 0.05168906123617331
25950 0.012665232788319445 0.012665232788319445 11.28896553524279 0.35671774349007823 0.05168906123617331
26000 0.012665232788319441 0.012665232788319441 11.288964340281709 0.35671776387255605 0.05168906208341791
26050 0.012665232788319441 0.012665232788319441 11.288964340281709 0.35671776387255605 0.05168906208341791
26100 0.012665232788319441 0.012665232788319441 11.288965727162708 0.3567177402164961 0.05168906110009933
26150 0.012665232788319427 0.012665232788319427 11.288964834092216 0.35671775544961865 0.05168906173329913
26200 0.012665232788319427 0.012665232788319427 11.288964834092216 0.35671775544961865 0.05168906173329913
26250 0.012665232788319427 0.012665232788319427 11.288964834092216 0.35671775544961865 0.05168906173329913
26300 0.012665232788319427 0.012665232788319427 11.288964834092216 0.35671775544961865 0.05168906173329913
26350 0.012665232788319427 0.012665232788319427 11.288964834092216 0.35671775544961865 0.05168906173329913
26400 0.012665232788319427 0.012665232788319427 11.288964834092216 0.35671775544961865 0.05168906173329913
26450 0.012665232788319427 0.012665232788319427 11.288964834092216 0.35671775544961865 0.05168906173329913
26500 0.012665232788319422 0.012665232788319422 11.28896537025543 0.35671774630427083 0.0516890613531517
26550 0.012665232788319422 0.012665232788319422 11.28896537025543 0.35671774630427083 0.0516890613531517
26600 0.012665232788319422 0.012665232788319422 11.28896537025543 0.35671774630427083 0.0516890613531517
26650 0.012665232788319422 0.012665232788319422 11.28896537025543 0.35671774630427083 0.0516890613531517
26700 0.012665232788319422 0.012665232788319422 11.28896537025543 0.35671774630427083 0.0516890613531517
26750 0.012665232788319422 0.012665232788319422 11.28896537025543 0.35671774630427083 0.0516890613531517
26800 0.012665232788319422 0.012665232788319422 11.28896537025543 0.35671774630427083 0.0516890613531517
26850 0.012665232788319422 0.012665232788319422 11.28896537025543 0.35671774630427083 0.0516890613531517
26900 0.012665232788319419 0.012665232788319419 11.28896537269168 0.35671774626271563 0.051689061351424356
26950 0.012665232788319419 0.012665232788319419 11.28896537269168 0.35671774626271563 0.051689061351424356
27000 0.012665232788319419 0.012665232788319419 11.28896537269168 0.35671774626271563 0.051689061351424356
27050 0.012665232788319417 0.012665232788319417 11.288965704155542 0.35671774060892947 0.051689061116411715
27100 0.012665232788319417 0.012665232788319417 11.288965704155542 0.35671774060892947 0.051689061116411715
27150 0.012665232788319417 0.012665232788319417 11.288965704155542 0.35671774060892947 0.051689061116411715
27200 0.012665232788319417 0.012665232788319417 11.288965704155542 0.35671774060892947 0.051689061116411715
27250 0.012665232788319417 0.012665232788319417 11.288965704155542 0.35671774060892947 0.051689061116411715
27300 0.012665232788319417 0.012665232788319417 11.288965704155542 0.35671774060892947 0.051689061116411715
27350 0.012665232788319417 0.012665232788319417 11.288965704155542 0.35671774060892947 0.051689061116411715
27400 0.012665232788319415 0.012665232788319415 11.28896581756657 0.3567177386744752 0.05168906103600167
27450 0.012665232788319415 0.012665232788319415 11.28896581756657 0.3567177386744752 0.05168906103600167
27500 0.012665232788319413 0.012665232788319413 11.288965222030651 0.356717748832544 0.051689061458245186
27550 0.012665232788319413 0.012665232788319413 11.288965222030651 0.356717748832544 0.051689061458245186
27600 0.012665232788319413 0.012665232788319413 11.288965222030651 0.356717748832544 0.051689061458245186
27650 0.012665232788319413 0.012665232788319413 11.288965222030651 0.356717748832544 0.051689061458245186
27700 0.012665232788319413 0.012665232788319413 11.288965222030651 0.356717748832544 0.051689061458245186
27750 0.012665232788319413 0.012665232788319413 11.288965222030651 0.356717748832544 0.051689061458245186
27800 0.012665232788319413 0.012665232788319413 11.288965222030651 0.356717748832544 0.051689061458245186
27850 0.012665232788319413 0.012665232788319413 11.288965222030651 0.356717748832544 0.051689061458245186
27900 0.012665232788319413 0.012665232788319413 11.288965222030651 0.356717748832544 0.051689061458245186
27950 0.012665232788319413 0.012665232788319413 11.288965466113448 0.35671774466921846 0.05168906128518697
28000 0.012665232788319413 0.012665232788319413 11.288965466113448 0.35671774466921846 0.05168906128518697
28050 0.012665232788319413 0.012665232788319413 11.288965466113448 0.35671774466921846 0.05168906128518697
28100 0.012665232788319413 0.012665232788319413 11.288965466113448 0.35671774466921846 0.05168906128518697
28150 0.012665232788319413 0.012665232788319413 11.288965466113448 0.35671774466921846 0.05168906128518697
28200 0.012665232788319412 0.012665232788319412 11.288965298580116 0.35671774752683805 0.05168906140397051
28250 0.012665232788319412 0.012665232788319412 11.288965298580116 0.35671774752683805 0.05168906140397051
28300 0.012665232788319412 0.012665232788319412 11.288965298580116 0.35671774752683805 0.05168906140397051
28350 0.012665232788319412 0.012665232788319412 11.288965298580116 0.35671774752683805 0.05168906140397051
28400 0.012665232788319412 0.012665232788319412 11.288965298580116 0.35671774752683805 0.05168906140397051
28450 0.012665232788319412 0.012665232788319412 11.288965298580116 0.35671774752683805 0.05168906140397051
28500 0.012665232788319412 0.012665232788319412 11.288965298580116 0.35671774752683805 0.05168906140397051
28550 0.012665232788319412 0.012665232788319412 11.288965298580116 0.35671774752683805 0.05168906140397051
28600 0.012665232788319412 0.012665232788319412 11.288965298580116 0.35671774752683805 0.05168906140397051
28650 0.012665232788319412 0.012665232788319412 11.288965298580116 0.35671774752683805 0.05168906140397051
28700 0.012665232788319412 0.012665232788319412 11.288965298580116 0.35671774752683805 0.05168906140397051
28750 0.012665232788319412 0.012665232788319412 11.288965298580116 0.35671774752683805 0.05168906140397051
28800 0.012665232788319412 0.012665232788319412 11.288965298580116 0.35671774752683805 0.05168906140397051
28850 0.012665232788319412 0.012665232788319412 11.288965298580116 0.35671774752683805 0.05168906140397051
28900 0.012665232788319412 0.012665232788319412 11.288965298580116 0.35671774752683805 0.05168906140397051
28950 0.012665232788319412 0.012665232788319412 11.288965298580116 0.35671774752683805 0.05168906140397051
29000 0.012665232788319412 0.012665232788319412 11.288965298580116 0.35671774752683805 0.05168906140397051
29050 0.012665232788319412 0.012665232788319412 11.288965298580116 0.35671774752683805 0.05168906140397051
29100 0.012665232788319412 0.012665232788319412 11.288965725952009 0.35671774023714664 0.0516890611009577
29150 0.012665232788319412 0.012665232788319412 11.288965725952009 0.35671774023714664 0.0516890611009577
29200 0.012665232788319412 0.012665232788319412 11.288965725952009 0.35671774023714664 0.0516890611009577
29250 0.01266523278831941 0.01266523278831941 11.288965401825914 0.35671774576577225 0.051689061330767755
29300 0.01266523278831941 0.01266523278831941 11.288965401825914 0.35671774576577225 0.051689061330767755
29350 0.01266523278831941 0.01266523278831941 11.288965401825914 0.35671774576577225 0.051689061330767755
29400 0.01266523278831941 0.01266523278831941 11.288965401825914 0.35671774576577225 0.051689061330767755
29450 0.01266523278831941 0.01266523278831941 11.288965401825914 0.35671774576577225 0.051689061330767755
29500 0.01266523278831941 0.01266523278831941 11.288965401825914 0.35671774576577225 0.051689061330767755
29550 0.01266523278831941 0.01266523278831941 11.288965401825914 0.35671774576577225 0.051689061330767755
29600 0.01266523278831941 0.01266523278831941 11.288965401825914 0.35671774576577225 0.051689061330767755
29650 0.01266523278831941 0.01266523278831941 11.288965401825914 0.35671774576577225 0.051689061330767755
29700 0.01266523278831941 0.01266523278831941 11.288965401825914 0.35671774576577225 0.051689061330767755
29750 0.01266523278831941 0.01266523278831941 11.288965401825914 0.35671774576577225 0.051689061330767755
29800 0.01266523278831941 0.01266523278831941 11.288965401825914 0.35671774576577225 0.051689061330767755
29850 0.01266523278831941 0.01266523278831941 11.288965401825914 0.35671774576577225 0.051689061330767755
29900 0.012665232788319408 0.012665232788319408 11.288965819442636 0.3567177386424751 0.0516890610346715
29950 0.012665232788319408 0.012665232788319408 11.288965819442636 0.3567177386424751 0.0516890610346715
30000 0.012665232788319408 0.012665232788319408 11.288965819442636 0.3567177386424751 0.0516890610346715
30050 0.012665232788319408 0.012665232788319408 11.288965819442636 0.3567177386424751 0.0516890610346715
30100 0.012665232788319408 0.012665232788319408 11.288965819442636 0.3567177386424751 0.0516890610346715
30150 0.012665232788319408 0.012665232788319408 11.288965819442636 0.3567177386424751 0.0516890610346715
30200 0.012665232788319408 0.012665232788319408 11.288965819442636 0.3567177386424751 0.0516890610346715
30250 0.012665232788319408 0.012665232788319408 11.288965819442636 0.3567177386424751 0.0516890610346715
30300 0.012665232788319408 0.012665232788319408 11.288965819442636 0.3567177386424751 0.0516890610346715
30350 0.012665232788319408 0.012665232788319408 11.288965819442636 0.3567177386424751 0.0516890610346715
30400 0.012665232788319408 0.012665232788319408 11.288965819442636 0.3567177386424751 0.0516890610346715
30450 0.012665232788319408 0.012665232788319408 11.288965707967932 0.3567177405439014 0.05168906111370867
30500 0.012665232788319408 0.012665232788319408 11.288965707967932 0.3567177405439014 0.05168906111370867
30550 0.012665232788319408 0.012665232788319408 11.288965707967932 0.3567177405439014 0.05168906111370867
30600 0.012665232788319408 0.012665232788319408 11.288965707967932 0.3567177405439014 0.05168906111370867
30650 0.012665232788319408 0.012665232788319408 11.288965707967932 0.3567177405439014 0.05168906111370867
30700 0.012665232788319408 0.012665232788319408 11.288965707967932 0.3567177405439014 0.05168906111370867
30750 0.012665232788319408 0.012665232788319408 11.288965707967932 0.3567177405439014 0.05168906111370867
30800 0.012665232788319407 0.012665232788319407 11.288965476920477 0.35671774448488264 0.05168906127752463
30850 0.012665232788319407 0.012665232788319407 11.288965476920477 0.35671774448488264 0.05168906127752463
30900 0.012665232788319407 0.012665232788319407 11.288965476920477 0.35671774448488264 0.05168906127752463
30950 0.012665232788319407 0.012665232788319407 11.288965476920477 0.35671774448488264 0.05168906127752463
31000 0.012665232788319407 0.012665232788319407 11.288965476920477 0.35671774448488264 0.05168906127752463
31050 0.012665232788319407 0.012665232788319407 11.288965476920477 0.35671774448488264 0.05168906127752463
31100 0.012665232788319407 0.012665232788319407 11.288965476920477 0.35671774448488264 0.05168906127752463
31150 0.012665232788319407 0.012665232788319407 11.288965476920477 0.35671774448488264 0.05168906127752463
31200 0.012665232788319407 0.012665232788319407 11.288965476920477 0.35671774448488264 0.05168906127752463
31250 0.012665232788319407 0.012665232788319407 11.288965476920477 0.35671774448488264 0.05168906127752463
31300 0.012665232788319407 0.012665232788319407 11.288965476920477 0.35671774448488264 0.05168906127752463
31350 0.012665232788319407 0.012665232788319407 11.288965476920477 0.35671774448488264 0.05168906127752463
31400 0.012665232788319407 0.012665232788319407 11.288965476920477 0.35671774448488264 0.05168906127752463
31450 0.012665232788319407 0.012665232788319407 11.288965476920477 0.35671774448488264 0.05168906127752463
31500 0.012665232788319407 0.012665232788319407 11.288965476920477 0.35671774448488264 0.05168906127752463
31550 0.012665232788319407 0.012665232788319407 11.288965476920477 0.35671774448488264 0.05168906127752463
31600 0.012665232788319407 0.012665232788319407 11.288965476920477 0.35671774448488264 0.05168906127752463
31650 0.012665232788319407 0.012665232788319407 11.288965476920477 0.35671774448488264 0.05168906127752463
31700 0.012665232788319407 0.012665232788319407 11.288965476920477 0.35671774448488264 0.05168906127752463
31750 0.012665232788319407 0.012665232788319407 11.288965476920477 0.35671774448488264 0.05168906127752463
31800 0.012665232788319407 0.012665232788319407 11.288965476920477 0.35671774448488264 0.05168906127752463
31850 0.012665232788319407 0.012665232788319407 11.288965476920477 0.35671774448488264 0.05168906127752463
31900 0.012665232788319407 0.012665232788319407 11.288965476920477 0.35671774448488264 0.05168906127752463
31950 0.012665232788319407 0.012665232788319407 11.288965476920477 0.35671774448488264 0.05168906127752463
32000 0.012665232788319407 0.012665232788319407 11.288965476920477 0.35671774448488264 0.05168906127752463
32050 0.012665232788319407 0.012665232788319407 11.288965476920477 0.35671774448488264 0.05168906127752463
32100 0.012665232788319407 0.012665232788319407 11.288965476920477 0.35671774448488264 0.05168906127752463
32150 0.012665232788319407 0.012665232788319407 11.288965476920477 0.35671774448488264 0.05168906127752463
32200 0.012665232788319407 0.012665232788319407 11.288965476920477 0.35671774448488264 0.05168906127752463
32250 0.012665232788319407 0.012665232788319407 11.288965476920477 0.35671774448488264 0.05168906127752463
32300 0.012665232788319407 0.012665232788319407 11.288965476920477 0.35671774448488264 0.05168906127752463
32350 0.012665232788319407 0.012665232788319407 11.288965476920477 0.35671774448488264 0.05168906127752463
32400 0.012665232788319407 0.012665232788319407 11.288965476920477 0.35671774448488264 0.05168906127752463
32450 0.012665232788319407 0.012665232788319407 11.288965476920477 0.35671774448488264 0.05168906127752463
32500 0.012665232788319407 0.012665232788319407 11.288965476920477 0.35671774448488264 0.05168906127752463
32550 0.012665232788319407 0.012665232788319407 11.288965476920477 0.35671774448488264 0.05168906127752463
32600 0.012665232788319407 0.012665232788319407 11.288965476920477 0.35671774448488264 0.05168906127752463
32650 0.012665232788319407 0.012665232788319407 11.288965476920477 0.35671774448488264 0.05168906127752463
32700 0.012665232788319407 0.012665232788319407 11.288965476920477 0.35671774448488264 0.05168906127752463
32750 0.012665232788319407 0.012665232788319407 11.288965476920477 0.35671774448488264 0.05168906127752463
32800 0.012665232788319407 0.012665232788319407 11.288965476920477 0.35671774448488264 0.05168906127752463
32850 0.012665232788319407 0.012665232788319407 11.288965476920477 0.35671774448488264 0.05168906127752463
32900 0.012665232788319407 0.012665232788319407 11.288965476920477 0.35671774448488264 0.05168906127752463
32950 0.012665232788319407 0.012665232788319407 11.288965476920477 0.35671774448488264 0.05168906127752463
33000 0.012665232788319407 0.012665232788319407 11.288965476920477 0.35671774448488264 0.05168906127752463
33050 0.012665232788319407 0.012665232788319407 11.288965476920477 0.35671774448488264 0.05168906127752463
33100 0.012665232788319407 0.012665232788319407 11.288965476920477 0.35671774448488264 0.05168906127752463
33150 0.012665232788319407 0.012665232788319407 11.288965476920477 0.35671774448488264 0.05168906127752463
33200 0.012665232788319407 0.012665232788319407 11.288965476920477 0.35671774448488264 0.05168906127752463
33250 0.012665232788319407 0.012665232788319407 11.288965476920477 0.35671774448488264 0.05168906127752463
33300 0.012665232788319407 0.012665232788319407 11.288965476920477 0.35671774448488264 0.05168906127752463
33350 0.012665232788319407 0.012665232788319407 11.288965476920477 0.35671774448488264 0.05168906127752463
33400 0.012665232788319407 0.012665232788319407 11.288965476920477 0.35671774448488264 0.05168906127752463
33450 0.012665232788319407 0.012665232788319407 11.288965476920477 0.35671774448488264 0.05168906127752463
33500 0.012665232788319407 0.012665232788319407 11.288965476920477 0.35671774448488264 0.05168906127752463
33550 0.012665232788319407 0.012665232788319407 11.288965476920477 0.35671774448488264 0.05168906127752463
33600 0.012665232788319407 0.012665232788319407 11.288965476920477 0.35671774448488264 0.05168906127752463
33650 0.012665232788319407 0.012665232788319407 11.288965476920477 0.35671774448488264 0.05168906127752463
33700 0.012665232788319407 0.012665232788319407 11.288965476920477 0.35671774448488264 0.05168906127752463
33750 0.012665232788319407 0.012665232788319407 11.288965476920477 0.35671774448488264 0.05168906127752463
33800 0.012665232788319407 0.012665232788319407 11.288965476920477 0.35671774448488264 0.05168906127752463
33850 0.012665232788319407 0.012665232788319407 11.288965476920477 0.35671774448488264 0.05168906127752463
33900 0.012665232788319407 0.012665232788319407 11.288965476920477 0.35671774448488264 0.05168906127752463
33950 0.012665232788319407 0.012665232788319407 11.288965476920477 0.35671774448488264 0.05168906127752463
34000 0.012665232788319407 0.012665232788319407 11.288965476920477 0.35671774448488264 0.05168906127752463
34050 0.012665232788319407 0.012665232788319407 11.288965476920477 0.35671774448488264 0.05168906127752463
34100 0.012665232788319407 0.012665232788319407 11.288965476920477 0.35671774448488264 0.05168906127752463
34150 0.012665232788319407 0.012665232788319407 11.288965476920477 0.35671774448488264 0.05168906127752463
34200 0.012665232788319407 0.012665232788319407 11.288965476920477 0.35671774448488264 0.05168906127752463
34250 0.012665232788319407 0.012665232788319407 11.288965476920477 0.35671774448488264 0.05168906127752463
34300 0.012665232788319405 0.012665232788319405 11.28896552398728 0.35671774368206316 0.05168906124415359
34350 0.012665232788319405 0.012665232788319405 11.28896552398728 0.35671774368206316 0.05168906124415359
34400 0.012665232788319405 0.012665232788319405 11.28896552398728 0.35671774368206316 0.05168906124415359
34450 0.012665232788319405 0.012665232788319405 11.28896552398728 0.35671774368206316 0.05168906124415359
34500 0.012665232788319405 0.012665232788319405 11.28896552398728 0.35671774368206316 0.05168906124415359
34550 0.012665232788319405 0.012665232788319405 11.28896552398728 0.35671774368206316 0.05168906124415359
34600 0.012665232788319405 0.012665232788319405 11.28896552398728 0.35671774368206316 0.05168906124415359
34650 0.012665232788319405 0.012665232788319405 11.28896552398728 0.35671774368206316 0.05168906124415359
34700 0.012665232788319405 0.012665232788319405 11.28896552398728 0.35671774368206316 0.05168906124415359
34750 0.012665232788319405 0.012665232788319405 11.28896552398728 0.35671774368206316 0.05168906124415359
34800 0.012665232788319405 0.012665232788319405 11.28896552398728 0.35671774368206316 0.05168906124415359
34850 0.012665232788319405 0.012665232788319405 11.28896552398728 0.35671774368206316 0.05168906124415359
34900 0.012665232788319405 0.012665232788319405 11.28896552398728 0.35671774368206316 0.05168906124415359
34950 0.012665232788319405 0.012665232788319405 11.28896552398728 0.35671774368206316 0.05168906124415359
35000 0.012665232788319405 0.012665232788319405 11.28896552398728 0.35671774368206316 0.05168906124415359
35050 0.012665232788319405 0.012665232788319405 11.28896552398728 0.35671774368206316 0.05168906124415359
35100 0.012665232788319405 0.012665232788319405 11.28896552398728 0.35671774368206316 0.05168906124415359
35150 0.012665232788319405 0.012665232788319405 11.28896552398728 0.35671774368206316 0.05168906124415359
35200 0.012665232788319405 0.012665232788319405 11.28896552398728 0.35671774368206316 0.05168906124415359
35250 0.012665232788319405 0.012665232788319405 11.28896552398728 0.35671774368206316 0.05168906124415359
35300 0.012665232788319405 0.012665232788319405 11.28896552398728 0.35671774368206316 0.05168906124415359
35350 0.012665232788319405 0.012665232788319405 11.28896552398728 0.35671774368206316 0.05168906124415359
35400 0.012665232788319405 0.012665232788319405 11.28896552398728 0.35671774368206316 0.05168906124415359
35450 0.012665232788319405 0.012665232788319405 11.28896552398728 0.35671774368206316 0.05168906124415359
35500 0.012665232788319405 0.012665232788319405 11.28896552398728 0.35671774368206316 0.05168906124415359
35550 0.012665232788319405 0.012665232788319405 11.28896552398728 0.35671774368206316 0.05168906124415359
35600 0.012665232788319405 0.012665232788319405 11.28896552398728 0.35671774368206316 0.05168906124415359
35650 0.012665232788319405 0.012665232788319405 11.28896552398728 0.35671774368206316 0.05168906124415359
35700 0.012665232788319405 0.012665232788319405 11.28896552398728 0.35671774368206316 0.05168906124415359
35750 0.012665232788319405 0.012665232788319405 11.28896552398728 0.35671774368206316 0.05168906124415359
35800 0.012665232788319405 0.012665232788319405 11.28896552398728 0.35671774368206316 0.05168906124415359
35850 0.012665232788319405 0.012665232788319405 11.28896552398728 0.35671774368206316 0.05168906124415359
35900 0.012665232788319405 0.012665232788319405 11.28896552398728 0.35671774368206316 0.05168906124415359
35950 0.012665232788319405 0.012665232788319405 11.28896552398728 0.35671774368206316 0.05168906124415359
*---*---*---*---*---*---*---*---*---*---*---*---*---*---*---*---*---*---*---*---*
Status: Finished
Last individual
0.012665232788319405 0.012665232788319405 11.28896552398728 0.35671774368206316 0.05168906124415359
Hall of fame
0.012665232788319405 0.012665232788319405 11.28896552398728 0.35671774368206316 0.05168906124415359
Last factible individual
0.012665232788319405 0.012665232788319405 11.28896552398728 0.35671774368206316 0.05168906124415359
CPU time used (seconds)
1.5673056069990707
