*---*---*---*---*---*---*---*---*---*---*---*---*---*---*---*---*---*---*---*---*
Algorithm: Differential Evolution
Constrainth handling method: APM
Function: 21
Case: continuous
Seed: 23
Parents size: 50
Offsprings size: 50
maxFe: 36000
CR: 0.9
F: 0.6
rweights: -
*---*---*---*---*---*---*---*---*---*---*---*---*---*---*---*---*---*---*---*---*
ngen ObjectiveFunction Fitness ProjectVariables
50 0.03273194549293273 11.209159847409202 9.832341965064483 0.7073791279921883 0.06253518409002017
100 0.014274989241837443 5.817882913667087 5.122364720103357 0.5604921432611181 0.05979860126519394
150 0.03273194549293273 2.5038435432945527 9.832341965064483 0.7073791279921883 0.06253518409002017
200 0.11534559862537024 0.11534559862537024 8.191460285930486 1.1412854722375114 0.09958298976712442
250 0.03745579705701357 0.03745579705701357 12.495272047313712 0.549868293574049 0.06855150553347478
300 0.03248126683575573 0.03248126683575573 11.736735555093627 0.6046451257259796 0.06253518409002017
350 0.0194416278015698 0.0194416278015698 13.466005790932 0.40259413352240137 0.055878341425897725
400 0.01939299556402773 0.01939299556402773 15 0.3913012019170436 0.053993613998542286
450 0.01628836399123995 0.01628836399123995 15 0.354001676687758 0.05202494295829358
500 0.014225478470709792 0.014225478470709792 7.757252520980049 0.4613191981583443 0.05621716035311329
550 0.014225478470709792 0.014225478470709792 7.757252520980049 0.4613191981583443 0.05621716035311329
600 0.014225478470709792 0.014225478470709792 7.757252520980049 0.4613191981583443 0.05621716035311329
650 0.014225478470709792 0.014225478470709792 7.757252520980049 0.4613191981583443 0.05621716035311329
700 0.014225478470709792 0.014225478470709792 7.757252520980049 0.4613191981583443 0.05621716035311329
750 0.013274882607473748 0.013274882607473748 9.586193789437008 0.3974957499480434 0.05368818295353385
800 0.013274882607473748 0.013274882607473748 9.586193789437008 0.3974957499480434 0.05368818295353385
850 0.013274882607473748 0.013274882607473748 9.586193789437008 0.3974957499480434 0.05368818295353385
900 0.013194437536729291 0.013194437536729291 15 0.310457353805395 0.05
950 0.013194437536729291 0.013194437536729291 15 0.310457353805395 0.05
1000 0.013194437536729291 0.013194437536729291 15 0.310457353805395 0.05
1050 0.013194437536729291 0.013194437536729291 15 0.310457353805395 0.05
1100 0.013194437536729291 0.013194437536729291 15 0.310457353805395 0.05
1150 0.012980916068576166 0.012980916068576166 12.878834384629673 0.33694206596059817 0.0508850960812751
1200 0.012952005274316364 0.012952005274316364 14.181785836249254 0.3180436160416284 0.05016628492916556
1250 0.012952005274316364 0.012952005274316364 14.181785836249254 0.3180436160416284 0.05016628492916556
1300 0.012952005274316364 0.012952005274316364 14.181785836249254 0.3180436160416284 0.05016628492916556
1350 0.012952005274316364 0.012952005274316364 14.181785836249254 0.3180436160416284 0.05016628492916556
1400 0.012952005274316364 0.012952005274316364 14.181785836249254 0.3180436160416284 0.05016628492916556
1450 0.012952005274316364 0.012952005274316364 14.181785836249254 0.3180436160416284 0.05016628492916556
1500 0.012952005274316364 0.012952005274316364 14.181785836249254 0.3180436160416284 0.05016628492916556
1550 0.01285119458023134 0.01285119458023134 13.45460093807528 0.326532412820746 0.05046377127621604
1600 0.01285119458023134 0.01285119458023134 13.45460093807528 0.326532412820746 0.05046377127621604
1650 0.01285119458023134 0.01285119458023134 13.45460093807528 0.326532412820746 0.05046377127621604
1700 0.01285119458023134 0.01285119458023134 13.45460093807528 0.326532412820746 0.05046377127621604
1750 0.01285119458023134 0.01285119458023134 13.45460093807528 0.326532412820746 0.05046377127621604
1800 0.012792585342722563 0.012792585342722563 14.159238311989428 0.31666307769546387 0.05
1850 0.012792585342722563 0.012792585342722563 14.159238311989428 0.31666307769546387 0.05
1900 0.012792585342722563 0.012792585342722563 14.159238311989428 0.31666307769546387 0.05
1950 0.012792585342722563 0.012792585342722563 14.159238311989428 0.31666307769546387 0.05
2000 0.012792585342722563 0.012792585342722563 14.159238311989428 0.31666307769546387 0.05
2050 0.012792585342722563 0.012792585342722563 14.159238311989428 0.31666307769546387 0.05
2100 0.012792585342722563 0.012792585342722563 14.159238311989428 0.31666307769546387 0.05
2150 0.012792585342722563 0.012792585342722563 14.159238311989428 0.31666307769546387 0.05
2200 0.012792585342722563 0.012792585342722563 14.159238311989428 0.31666307769546387 0.05
2250 0.012792585342722563 0.012792585342722563 14.159238311989428 0.31666307769546387 0.05
2300 0.012792585342722563 0.012792585342722563 14.159238311989428 0.31666307769546387 0.05
2350 0.012792585342722563 0.012792585342722563 14.159238311989428 0.31666307769546387 0.05
2400 0.012792585342722563 0.012792585342722563 14.159238311989428 0.31666307769546387 0.05
2450 0.012765995730258722 0.012765995730258722 13.382166642963972 0.32629687288593884 0.05043269025884842
2500 0.012765995730258722 0.012765995730258722 13.382166642963972 0.32629687288593884 0.05043269025884842
2550 0.012765995730258722 0.012765995730258722 13.382166642963972 0.32629687288593884 0.05043269025884842
2600 0.012765995730258722 0.012765995730258722 13.382166642963972 0.32629687288593884 0.05043269025884842
2650 0.012752140179421688 0.012752140179421688 12.514678538778616 0.33825716500747977 0.05096409608367006
2700 0.012737691912249287 0.012737691912249287 13.41229320763409 0.32558426929411305 0.05038253695041777
2750 0.012737691912249287 0.012737691912249287 13.41229320763409 0.32558426929411305 0.05038253695041777
2800 0.012683647485554244 0.012683647485554244 10.910387731678657 0.3635480072988763 0.05198422271677157
2850 0.012683647485554244 0.012683647485554244 10.910387731678657 0.3635480072988763 0.05198422271677157
2900 0.012683647485554244 0.012683647485554244 10.910387731678657 0.3635480072988763 0.05198422271677157
2950 0.012683647485554244 0.012683647485554244 10.910387731678657 0.3635480072988763 0.05198422271677157
3000 0.012683647485554244 0.012683647485554244 10.910387731678657 0.3635480072988763 0.05198422271677157
3050 0.012683647485554244 0.012683647485554244 10.910387731678657 0.3635480072988763 0.05198422271677157
3100 0.012683647485554244 0.012683647485554244 10.910387731678657 0.3635480072988763 0.05198422271677157
3150 0.012683647485554244 0.012683647485554244 10.910387731678657 0.3635480072988763 0.05198422271677157
3200 0.012683647485554244 0.012683647485554244 10.910387731678657 0.3635480072988763 0.05198422271677157
3250 0.012683647485554244 0.012683647485554244 10.910387731678657 0.3635480072988763 0.05198422271677157
3300 0.012683647485554244 0.012683647485554244 10.910387731678657 0.3635480072988763 0.05198422271677157
3350 0.012683647485554244 0.012683647485554244 10.910387731678657 0.3635480072988763 0.05198422271677157
3400 0.012683647485554244 0.012683647485554244 10.910387731678657 0.3635480072988763 0.05198422271677157
3450 0.012683647485554244 0.012683647485554244 10.910387731678657 0.3635480072988763 0.05198422271677157
3500 0.012683647485554244 0.012683647485554244 10.910387731678657 0.3635480072988763 0.05198422271677157
3550 0.012683647485554244 0.012683647485554244 10.910387731678657 0.3635480072988763 0.05198422271677157
3600 0.012683647485554244 0.012683647485554244 10.910387731678657 0.3635480072988763 0.05198422271677157
3650 0.012683647485554244 0.012683647485554244 10.910387731678657 0.3635480072988763 0.05198422271677157
3700 0.012683647485554244 0.012683647485554244 10.910387731678657 0.3635480072988763 0.05198422271677157
3750 0.012683647485554244 0.012683647485554244 10.910387731678657 0.3635480072988763 0.05198422271677157
3800 0.012680142315830218 0.012680142315830218 10.950654031399004 0.36282067048355554 0.05194816393114042
3850 0.012680142315830218 0.012680142315830218 10.950654031399004 0.36282067048355554 0.05194816393114042
3900 0.012680142315830218 0.012680142315830218 10.950654031399004 0.36282067048355554 0.05194816393114042
3950 0.012680142315830218 0.012680142315830218 10.950654031399004 0.36282067048355554 0.05194816393114042
4000 0.012680142315830218 0.012680142315830218 10.950654031399004 0.36282067048355554 0.05194816393114042
4050 0.012680142315830218 0.012680142315830218 10.950654031399004 0.36282067048355554 0.05194816393114042
4100 0.012680142315830218 0.012680142315830218 10.950654031399004 0.36282067048355554 0.05194816393114042
4150 0.012680142315830218 0.012680142315830218 10.950654031399004 0.36282067048355554 0.05194816393114042
4200 0.012680142315830218 0.012680142315830218 10.950654031399004 0.36282067048355554 0.05194816393114042
4250 0.012680142315830218 0.012680142315830218 10.950654031399004 0.36282067048355554 0.05194816393114042
4300 0.012680142315830218 0.012680142315830218 10.950654031399004 0.36282067048355554 0.05194816393114042
4350 0.012677109890973936 0.012677109890973936 11.316239617368558 0.35642658526235577 0.051681401438867305
4400 0.012677109890973936 0.012677109890973936 11.316239617368558 0.35642658526235577 0.051681401438867305
4450 0.012677109890973936 0.012677109890973936 11.316239617368558 0.35642658526235577 0.051681401438867305
4500 0.012677109890973936 0.012677109890973936 11.316239617368558 0.35642658526235577 0.051681401438867305
4550 0.012677109890973936 0.012677109890973936 11.316239617368558 0.35642658526235577 0.051681401438867305
4600 0.012677109890973936 0.012677109890973936 11.316239617368558 0.35642658526235577 0.051681401438867305
4650 0.012677109890973936 0.012677109890973936 11.316239617368558 0.35642658526235577 0.051681401438867305
4700 0.012677109890973936 0.012677109890973936 11.316239617368558 0.35642658526235577 0.051681401438867305
4750 0.012677109890973936 0.012677109890973936 11.316239617368558 0.35642658526235577 0.051681401438867305
4800 0.012677109890973936 0.012677109890973936 11.316239617368558 0.35642658526235577 0.051681401438867305
4850 0.012674266548301833 0.012674266548301833 11.357869381229138 0.3556778052644456 0.05164929991543262
4900 0.012674266548301833 0.012674266548301833 11.357869381229138 0.3556778052644456 0.05164929991543262
4950 0.012674266548301833 0.012674266548301833 11.357869381229138 0.3556778052644456 0.05164929991543262
5000 0.0126729477102398 0.0126729477102398 10.788274044087101 0.3656376824877449 0.05206038559849144
5050 0.0126729477102398 0.0126729477102398 10.788274044087101 0.3656376824877449 0.05206038559849144
5100 0.0126729477102398 0.0126729477102398 10.788274044087101 0.3656376824877449 0.05206038559849144
5150 0.0126729477102398 0.0126729477102398 10.788274044087101 0.3656376824877449 0.05206038559849144
5200 0.0126729477102398 0.0126729477102398 10.788274044087101 0.3656376824877449 0.05206038559849144
5250 0.012670609448533234 0.012670609448533234 10.938433354911606 0.3629018984795319 0.051947336600444226
5300 0.012670609448533234 0.012670609448533234 10.938433354911606 0.3629018984795319 0.051947336600444226
5350 0.012670609448533234 0.012670609448533234 10.938433354911606 0.3629018984795319 0.051947336600444226
5400 0.012669863397206601 0.012669863397206601 11.202279994533711 0.3582714439514176 0.05175536785038404
5450 0.012668459099850166 0.012668459099850166 11.010883682621097 0.3615914868052573 0.05189187952786882
5500 0.012668459099850166 0.012668459099850166 11.010883682621097 0.3615914868052573 0.05189187952786882
5550 0.012668459099850166 0.012668459099850166 11.010883682621097 0.3615914868052573 0.05189187952786882
5600 0.012666625914149708 0.012666625914149708 11.319611713987909 0.35621862543444277 0.05166856241284237
5650 0.012666625914149708 0.012666625914149708 11.319611713987909 0.35621862543444277 0.05166856241284237
5700 0.012666625914149708 0.012666625914149708 11.319611713987909 0.35621862543444277 0.05166856241284237
5750 0.012666269241487902 0.012666269241487902 11.14945143577422 0.35913103312141315 0.05178978075999909
5800 0.012666269241487902 0.012666269241487902 11.14945143577422 0.35913103312141315 0.05178978075999909
5850 0.012666269241487902 0.012666269241487902 11.14945143577422 0.35913103312141315 0.05178978075999909
5900 0.012666269241487902 0.012666269241487902 11.14945143577422 0.35913103312141315 0.05178978075999909
5950 0.012666269241487902 0.012666269241487902 11.14945143577422 0.35913103312141315 0.05178978075999909
6000 0.012666269241487902 0.012666269241487902 11.14945143577422 0.35913103312141315 0.05178978075999909
6050 0.012666269241487902 0.012666269241487902 11.14945143577422 0.35913103312141315 0.05178978075999909
6100 0.012666269241487902 0.012666269241487902 11.14945143577422 0.35913103312141315 0.05178978075999909
6150 0.012665882051231286 0.012665882051231286 11.377802603593736 0.35522163305076254 0.05162684967449234
6200 0.012665882051231286 0.012665882051231286 11.377802603593736 0.35522163305076254 0.05162684967449234
6250 0.012665882051231286 0.012665882051231286 11.377802603593736 0.35522163305076254 0.05162684967449234
6300 0.012665499296573986 0.012665499296573986 11.35713605823648 0.35556447276324754 0.05164107833212256
6350 0.012665499296573986 0.012665499296573986 11.35713605823648 0.35556447276324754 0.05164107833212256
6400 0.012665499296573986 0.012665499296573986 11.35713605823648 0.35556447276324754 0.05164107833212256
6450 0.012665499296573986 0.012665499296573986 11.35713605823648 0.35556447276324754 0.05164107833212256
6500 0.012665499296573986 0.012665499296573986 11.35713605823648 0.35556447276324754 0.05164107833212256
6550 0.012665499296573986 0.012665499296573986 11.35713605823648 0.35556447276324754 0.05164107833212256
6600 0.012665499296573986 0.012665499296573986 11.35713605823648 0.35556447276324754 0.05164107833212256
6650 0.012665499296573986 0.012665499296573986 11.35713605823648 0.35556447276324754 0.05164107833212256
6700 0.012665499296573986 0.012665499296573986 11.35713605823648 0.35556447276324754 0.05164107833212256
6750 0.012665499296573986 0.012665499296573986 11.35713605823648 0.35556447276324754 0.05164107833212256
6800 0.012665499296573986 0.012665499296573986 11.35713605823648 0.35556447276324754 0.05164107833212256
6850 0.012665499296573986 0.012665499296573986 11.35713605823648 0.35556447276324754 0.05164107833212256
6900 0.012665499296573986 0.012665499296573986 11.35713605823648 0.35556447276324754 0.05164107833212256
6950 0.012665499296573986 0.012665499296573986 11.35713605823648 0.35556447276324754 0.05164107833212256
7000 0.012665499296573986 0.012665499296573986 11.35713605823648 0.35556447276324754 0.05164107833212256
7050 0.012665499296573986 0.012665499296573986 11.35713605823648 0.35556447276324754 0.05164107833212256
7100 0.012665499296573986 0.012665499296573986 11.35713605823648 0.35556447276324754 0.05164107833212256
7150 0.012665499296573986 0.012665499296573986 11.35713605823648 0.35556447276324754 0.05164107833212256
7200 0.012665499296573986 0.012665499296573986 11.35713605823648 0.35556447276324754 0.05164107833212256
7250 0.012665499296573986 0.012665499296573986 11.35713605823648 0.35556447276324754 0.05164107833212256
7300 0.012665499296573986 0.012665499296573986 11.35713605823648 0.35556447276324754 0.05164107833212256
7350 0.01266544364302265 0.01266544364302265 11.306059753411773 0.3564295848044913 0.051677155007163245
7400 0.01266544364302265 0.01266544364302265 11.306059753411773 0.3564295848044913 0.051677155007163245
7450 0.01266544364302265 0.01266544364302265 11.306059753411773 0.3564295848044913 0.051677155007163245
7500 0.01266544364302265 0.01266544364302265 11.306059753411773 0.3564295848044913 0.051677155007163245
7550 0.01266544364302265 0.01266544364302265 11.306059753411773 0.3564295848044913 0.051677155007163245
7600 0.01266544364302265 0.01266544364302265 11.306059753411773 0.3564295848044913 0.051677155007163245
7650 0.01266544364302265 0.01266544364302265 11.306059753411773 0.3564295848044913 0.051677155007163245
7700 0.01266544364302265 0.01266544364302265 11.306059753411773 0.3564295848044913 0.051677155007163245
7750 0.01266544364302265 0.01266544364302265 11.306059753411773 0.3564295848044913 0.051677155007163245
7800 0.012665425446421411 0.012665425446421411 11.293268688401426 0.3566471041974304 0.05168620537064533
7850 0.012665425446421411 0.012665425446421411 11.293268688401426 0.3566471041974304 0.05168620537064533
7900 0.012665413430901972 0.012665413430901972 11.346684978663921 0.35573921690503635 0.051648428053402314
7950 0.012665333726681651 0.012665333726681651 11.349283801655504 0.35569437884267835 0.05164649279779024
8000 0.012665333726681651 0.012665333726681651 11.349283801655504 0.35569437884267835 0.05164649279779024
8050 0.012665333726681651 0.012665333726681651 11.349283801655504 0.35569437884267835 0.05164649279779024
8100 0.012665333726681651 0.012665333726681651 11.349283801655504 0.35569437884267835 0.05164649279779024
8150 0.012665333726681651 0.012665333726681651 11.349283801655504 0.35569437884267835 0.05164649279779024
8200 0.012665333726681651 0.012665333726681651 11.349283801655504 0.35569437884267835 0.05164649279779024
8250 0.012665333726681651 0.012665333726681651 11.349283801655504 0.35569437884267835 0.05164649279779024
8300 0.01266532453137837 0.01266532453137837 11.325252918777359 0.3561014101385308 0.051663471388481964
8350 0.01266532453137837 0.01266532453137837 11.325252918777359 0.3561014101385308 0.051663471388481964
8400 0.012665311504233043 0.012665311504233043 11.307193463379328 0.35640848614905724 0.05167621356741004
8450 0.012665311504233043 0.012665311504233043 11.307193463379328 0.35640848614905724 0.05167621356741004
8500 0.012665311504233043 0.012665311504233043 11.307193463379328 0.35640848614905724 0.05167621356741004
8550 0.012665311504233043 0.012665311504233043 11.307193463379328 0.35640848614905724 0.05167621356741004
8600 0.012665272575756491 0.012665272575756491 11.28400174639795 0.35680295197647083 0.05169262528835487
8650 0.012665272575756491 0.012665272575756491 11.28400174639795 0.35680295197647083 0.05169262528835487
8700 0.012665272575756491 0.012665272575756491 11.28400174639795 0.35680295197647083 0.05169262528835487
8750 0.012665272575756491 0.012665272575756491 11.28400174639795 0.35680295197647083 0.05169262528835487
8800 0.012665272575756491 0.012665272575756491 11.28400174639795 0.35680295197647083 0.05169262528835487
8850 0.012665272575756491 0.012665272575756491 11.28400174639795 0.35680295197647083 0.05169262528835487
8900 0.012665271341123273 0.012665271341123273 11.23929410712361 0.3575681382877 0.05172439595676381
8950 0.01266527110505552 0.01266527110505552 11.281068584876806 0.3568529890607457 0.051694705566754776
9000 0.01266527110505552 0.01266527110505552 11.281068584876806 0.3568529890607457 0.051694705566754776
9050 0.01266527110505552 0.01266527110505552 11.281068584876806 0.3568529890607457 0.051694705566754776
9100 0.012665270879288175 0.012665270879288175 11.280364400816461 0.3568649850408309 0.051695206743117644
9150 0.012665260169402458 0.012665260169402458 11.304466300841069 0.35645400664793303 0.05167810482013108
9200 0.012665260169402458 0.012665260169402458 11.304466300841069 0.35645400664793303 0.05167810482013108
9250 0.012665240218481198 0.012665240218481198 11.28766719518739 0.3567399756029685 0.05168999086926671
9300 0.012665240218481198 0.012665240218481198 11.28766719518739 0.3567399756029685 0.05168999086926671
9350 0.012665240218481198 0.012665240218481198 11.28766719518739 0.3567399756029685 0.05168999086926671
9400 0.012665240218481198 0.012665240218481198 11.28766719518739 0.3567399756029685 0.05168999086926671
9450 0.012665240218481198 0.012665240218481198 11.28766719518739 0.3567399756029685 0.05168999086926671
9500 0.012665240218481198 0.012665240218481198 11.28766719518739 0.3567399756029685 0.05168999086926671
9550 0.012665240218481198 0.012665240218481198 11.28766719518739 0.3567399756029685 0.05168999086926671
9600 0.012665240218481198 0.012665240218481198 11.28766719518739 0.3567399756029685 0.05168999086926671
9650 0.012665240218481198 0.012665240218481198 11.28766719518739 0.3567399756029685 0.05168999086926671
9700 0.012665240218481198 0.012665240218481198 11.28766719518739 0.3567399756029685 0.05168999086926671
9750 0.012665240218481198 0.012665240218481198 11.28766719518739 0.3567399756029685 0.05168999086926671
9800 0.012665240218481198 0.012665240218481198 11.28766719518739 0.3567399756029685 0.05168999086926671
9850 0.012665240218481198 0.012665240218481198 11.28766719518739 0.3567399756029685 0.05168999086926671
9900 0.012665240218481198 0.012665240218481198 11.28766719518739 0.3567399756029685 0.05168999086926671
9950 0.012665240218481198 0.012665240218481198 11.28766719518739 0.3567399756029685 0.05168999086926671
10000 0.012665240218481198 0.012665240218481198 11.28766719518739 0.3567399756029685 0.05168999086926671
10050 0.012665240218481198 0.012665240218481198 11.28766719518739 0.3567399756029685 0.05168999086926671
10100 0.012665240218481198 0.012665240218481198 11.28766719518739 0.3567399756029685 0.05168999086926671
10150 0.012665237914884442 0.012665237914884442 11.293077153847747 0.35664769486188863 0.05168615227990583
10200 0.012665237914884442 0.012665237914884442 11.293077153847747 0.35664769486188863 0.05168615227990583
10250 0.012665237914884442 0.012665237914884442 11.293077153847747 0.35664769486188863 0.05168615227990583
10300 0.012665237914884442 0.012665237914884442 11.293077153847747 0.35664769486188863 0.05168615227990583
10350 0.012665237914884442 0.012665237914884442 11.293077153847747 0.35664769486188863 0.05168615227990583
10400 0.012665237914884442 0.012665237914884442 11.293077153847747 0.35664769486188863 0.05168615227990583
10450 0.012665237914884442 0.012665237914884442 11.293077153847747 0.35664769486188863 0.05168615227990583
10500 0.012665237914884442 0.012665237914884442 11.293077153847747 0.35664769486188863 0.05168615227990583
10550 0.012665237914884442 0.012665237914884442 11.293077153847747 0.35664769486188863 0.05168615227990583
10600 0.012665237914884442 0.012665237914884442 11.293077153847747 0.35664769486188863 0.05168615227990583
10650 0.01266523737583244 0.01266523737583244 11.284131353006057 0.35680028733382424 0.05169249430813668
10700 0.01266523737583244 0.01266523737583244 11.284131353006057 0.35680028733382424 0.05169249430813668
10750 0.012665234644391269 0.012665234644391269 11.277706795817851 0.3569099462293687 0.05169704952932831
10800 0.012665234644391269 0.012665234644391269 11.277706795817851 0.3569099462293687 0.05169704952932831
10850 0.012665234644391269 0.012665234644391269 11.277706795817851 0.3569099462293687 0.05169704952932831
10900 0.012665234644391269 0.012665234644391269 11.277706795817851 0.3569099462293687 0.05169704952932831
10950 0.012665234644391269 0.012665234644391269 11.277706795817851 0.3569099462293687 0.05169704952932831
11000 0.012665234644391269 0.012665234644391269 11.277706795817851 0.3569099462293687 0.05169704952932831
11050 0.012665234644391269 0.012665234644391269 11.277706795817851 0.3569099462293687 0.05169704952932831
11100 0.012665234644391269 0.012665234644391269 11.277706795817851 0.3569099462293687 0.05169704952932831
11150 0.012665234644391269 0.012665234644391269 11.277706795817851 0.3569099462293687 0.05169704952932831
11200 0.012665234644391269 0.012665234644391269 11.277706795817851 0.3569099462293687 0.05169704952932831
11250 0.012665234644391269 0.012665234644391269 11.277706795817851 0.3569099462293687 0.05169704952932831
11300 0.012665234644391269 0.012665234644391269 11.277706795817851 0.3569099462293687 0.05169704952932831
11350 0.012665234323879195 0.012665234323879195 11.290602096901395 0.3566898519239081 0.05168790262371627
11400 0.012665234240051972 0.012665234240051972 11.292743425368167 0.3566533369390203 0.0516863847640816
11450 0.012665234240051972 0.012665234240051972 11.292743425368167 0.3566533369390203 0.0516863847640816
11500 0.012665234206795186 0.012665234206795186 11.281741663303608 0.35684103889455265 0.05169418594983756
11550 0.012665234206795186 0.012665234206795186 11.281741663303608 0.35684103889455265 0.05169418594983756
11600 0.012665234206795186 0.012665234206795186 11.281741663303608 0.35684103889455265 0.05169418594983756
11650 0.012665234206795186 0.012665234206795186 11.281741663303608 0.35684103889455265 0.05169418594983756
11700 0.012665234206795186 0.012665234206795186 11.281741663303608 0.35684103889455265 0.05169418594983756
11750 0.012665234206795186 0.012665234206795186 11.281741663303608 0.35684103889455265 0.05169418594983756
11800 0.012665233757503004 0.012665233757503004 11.292195563426748 0.3566626712548601 0.05168677257491331
11850 0.012665233757503004 0.012665233757503004 11.292195563426748 0.3566626712548601 0.05168677257491331
11900 0.012665233733197312 0.012665233733197312 11.290902631288382 0.35668471772219207 0.05168768902893716
11950 0.012665233733197312 0.012665233733197312 11.290902631288382 0.35668471772219207 0.05168768902893716
12000 0.012665233733197312 0.012665233733197312 11.290902631288382 0.35668471772219207 0.05168768902893716
12050 0.012665233733197312 0.012665233733197312 11.290902631288382 0.35668471772219207 0.05168768902893716
12100 0.012665233733197312 0.012665233733197312 11.290902631288382 0.35668471772219207 0.05168768902893716
12150 0.012665233733197312 0.012665233733197312 11.290902631288382 0.35668471772219207 0.05168768902893716
12200 0.012665233682756145 0.012665233682756145 11.289769370100819 0.356704043703961 0.05168849238587016
12250 0.012665233682756145 0.012665233682756145 11.289769370100819 0.356704043703961 0.05168849238587016
12300 0.01266523357753046 0.01266523357753046 11.293237247345944 0.35664490977777297 0.051686034004814876
12350 0.01266523357753046 0.01266523357753046 11.293237247345944 0.35664490977777297 0.051686034004814876
12400 0.01266523357753046 0.01266523357753046 11.293237247345944 0.35664490977777297 0.051686034004814876
12450 0.01266523357753046 0.01266523357753046 11.293237247345944 0.35664490977777297 0.051686034004814876
12500 0.012665233554044053 0.012665233554044053 11.291527161413661 0.35667406615498354 0.05168724608819081
12550 0.012665233392984648 0.012665233392984648 11.291986256037163 0.35666623580528617 0.051686920498847544
12600 0.012665233223532966 0.012665233223532966 11.290055660755844 0.35669915590690954 0.05168828885123862
12650 0.012665233223532966 0.012665233223532966 11.290055660755844 0.35669915590690954 0.05168828885123862
12700 0.012665233223532966 0.012665233223532966 11.290055660755844 0.35669915590690954 0.05168828885123862
12750 0.01266523316722247 0.01266523316722247 11.285292220036753 0.356780419106677 0.05169166645999646
12800 0.01266523316722247 0.01266523316722247 11.285292220036753 0.356780419106677 0.05169166645999646
12850 0.01266523316722247 0.01266523316722247 11.285292220036753 0.356780419106677 0.05169166645999646
12900 0.01266523316722247 0.01266523316722247 11.285292220036753 0.356780419106677 0.05169166645999646
12950 0.01266523316722247 0.01266523316722247 11.285292220036753 0.356780419106677 0.05169166645999646
13000 0.01266523316722247 0.01266523316722247 11.285292220036753 0.356780419106677 0.05169166645999646
13050 0.01266523316722247 0.01266523316722247 11.285292220036753 0.356780419106677 0.05169166645999646
13100 0.01266523316722247 0.01266523316722247 11.285292220036753 0.356780419106677 0.05169166645999646
13150 0.01266523316722247 0.01266523316722247 11.285292220036753 0.356780419106677 0.05169166645999646
13200 0.012665233086314216 0.012665233086314216 11.29096751877028 0.35668360419936285 0.051687642218324906
13250 0.012665233017024222 0.012665233017024222 11.289024735169523 0.356716737040026 0.05168901948879178
13300 0.012665233017024222 0.012665233017024222 11.289024735169523 0.356716737040026 0.05168901948879178
13350 0.012665233017024222 0.012665233017024222 11.289024735169523 0.356716737040026 0.05168901948879178
13400 0.012665233017024222 0.012665233017024222 11.289024735169523 0.356716737040026 0.05168901948879178
13450 0.012665233017024222 0.012665233017024222 11.289024735169523 0.356716737040026 0.05168901948879178
13500 0.012665233017024222 0.012665233017024222 11.289024735169523 0.356716737040026 0.05168901948879178
13550 0.012665233017024222 0.012665233017024222 11.289024735169523 0.356716737040026 0.05168901948879178
13600 0.012665233017024222 0.012665233017024222 11.289024735169523 0.356716737040026 0.05168901948879178
13650 0.012665233017024222 0.012665233017024222 11.289024735169523 0.356716737040026 0.05168901948879178
13700 0.01266523300635031 0.01266523300635031 11.288153419448014 0.3567315997798622 0.05168963726302834
13750 0.01266523300635031 0.01266523300635031 11.288153419448014 0.3567315997798622 0.05168963726302834
13800 0.012665232918172585 0.012665232918172585 11.291858899413818 0.35666840213713635 0.051687010180878845
13850 0.012665232851444531 0.012665232851444531 11.287195952876644 0.3567479314688562 0.051690316058737286
13900 0.012665232851444531 0.012665232851444531 11.287195952876644 0.3567479314688562 0.051690316058737286
13950 0.012665232851444531 0.012665232851444531 11.287195952876644 0.3567479314688562 0.051690316058737286
14000 0.012665232851444531 0.012665232851444531 11.287195952876644 0.3567479314688562 0.051690316058737286
14050 0.012665232851444531 0.012665232851444531 11.287195952876644 0.3567479314688562 0.051690316058737286
14100 0.012665232851444531 0.012665232851444531 11.287195952876644 0.3567479314688562 0.051690316058737286
14150 0.012665232851444531 0.012665232851444531 11.287195952876644 0.3567479314688562 0.051690316058737286
14200 0.012665232833468838 0.012665232833468838 11.288125872197154 0.356732066993747 0.0516896566392617
14250 0.012665232833468838 0.012665232833468838 11.288125872197154 0.356732066993747 0.0516896566392617
14300 0.012665232833468838 0.012665232833468838 11.288125872197154 0.356732066993747 0.0516896566392617
14350 0.012665232833468838 0.012665232833468838 11.288125872197154 0.356732066993747 0.0516896566392617
14400 0.012665232833468838 0.012665232833468838 11.288125872197154 0.356732066993747 0.0516896566392617
14450 0.0126652328314508 0.0126652328314508 11.290173923969583 0.3566971341183979 0.05168820456123752
14500 0.0126652328314508 0.0126652328314508 11.290173923969583 0.3566971341183979 0.05168820456123752
14550 0.012665232828515179 0.012665232828515179 11.289043374361404 0.3567164162699372 0.05168900609477623
14600 0.012665232818022183 0.012665232818022183 11.289598267074794 0.35670695179188416 0.051688612664342694
14650 0.012665232818022183 0.012665232818022183 11.289598267074794 0.35670695179188416 0.051688612664342694
14700 0.012665232818022183 0.012665232818022183 11.289598267074794 0.35670695179188416 0.051688612664342694
14750 0.012665232818022183 0.012665232818022183 11.289598267074794 0.35670695179188416 0.051688612664342694
14800 0.012665232818022183 0.012665232818022183 11.289598267074794 0.35670695179188416 0.051688612664342694
14850 0.012665232818022183 0.012665232818022183 11.289598267074794 0.35670695179188416 0.051688612664342694
14900 0.012665232818022183 0.012665232818022183 11.289598267074794 0.35670695179188416 0.051688612664342694
14950 0.012665232818022183 0.012665232818022183 11.289598267074794 0.35670695179188416 0.051688612664342694
15000 0.012665232818022183 0.012665232818022183 11.289598267074794 0.35670695179188416 0.051688612664342694
15050 0.012665232818022183 0.012665232818022183 11.289598267074794 0.35670695179188416 0.051688612664342694
15100 0.012665232818022183 0.012665232818022183 11.289598267074794 0.35670695179188416 0.051688612664342694
15150 0.012665232804765175 0.012665232804765175 11.289055992876042 0.35671620077460103 0.05168899711874719
15200 0.012665232804765175 0.012665232804765175 11.289055992876042 0.35671620077460103 0.05168899711874719
15250 0.012665232803581823 0.012665232803581823 11.289597728426923 0.3567069607778169 0.05168861303133247
15300 0.012665232803581823 0.012665232803581823 11.289597728426923 0.3567069607778169 0.05168861303133247
15350 0.012665232803581823 0.012665232803581823 11.289597728426923 0.3567069607778169 0.05168861303133247
15400 0.012665232803581823 0.012665232803581823 11.289597728426923 0.3567069607778169 0.05168861303133247
15450 0.012665232803581823 0.012665232803581823 11.289597728426923 0.3567069607778169 0.05168861303133247
15500 0.01266523280186254 0.01266523280186254 11.28981926994493 0.35670318228939824 0.051688455961767216
15550 0.012665232798074444 0.012665232798074444 11.289627927530905 0.3567064456438406 0.05168859161467405
15600 0.012665232798074444 0.012665232798074444 11.289627927530905 0.3567064456438406 0.05168859161467405
15650 0.012665232797526791 0.012665232797526791 11.28879602519057 0.35672063498773515 0.051689181431440676
15700 0.012665232797526791 0.012665232797526791 11.28879602519057 0.35672063498773515 0.051689181431440676
15750 0.012665232797526791 0.012665232797526791 11.28879602519057 0.35672063498773515 0.051689181431440676
15800 0.012665232797526791 0.012665232797526791 11.28879602519057 0.35672063498773515 0.051689181431440676
15850 0.012665232795346471 0.012665232795346471 11.289294028451867 0.3567121405816518 0.05168882834070964
15900 0.012665232795346471 0.012665232795346471 11.289294028451867 0.3567121405816518 0.05168882834070964
15950 0.012665232795346471 0.012665232795346471 11.289294028451867 0.3567121405816518 0.05168882834070964
16000 0.012665232795346471 0.012665232795346471 11.289294028451867 0.3567121405816518 0.05168882834070964
16050 0.012665232795346471 0.012665232795346471 11.289294028451867 0.3567121405816518 0.05168882834070964
16100 0.012665232795088195 0.012665232795088195 11.289078303459151 0.35671582010951997 0.05168898128915106
16150 0.012665232795088195 0.012665232795088195 11.289078303459151 0.35671582010951997 0.05168898128915106
16200 0.012665232795088195 0.012665232795088195 11.289078303459151 0.35671582010951997 0.05168898128915106
16250 0.012665232795088195 0.012665232795088195 11.289078303459151 0.35671582010951997 0.05168898128915106
16300 0.012665232795088195 0.012665232795088195 11.289078303459151 0.35671582010951997 0.05168898128915106
16350 0.012665232795088195 0.012665232795088195 11.289078303459151 0.35671582010951997 0.05168898128915106
16400 0.012665232794779055 0.012665232794779055 11.289682135704677 0.3567055210571486 0.05168855317848255
16450 0.012665232794779055 0.012665232794779055 11.289682135704677 0.3567055210571486 0.05168855317848255
16500 0.01266523279383096 0.01266523279383096 11.289165292950525 0.3567143363578248 0.051688919610545996
16550 0.01266523279383096 0.01266523279383096 11.289165292950525 0.3567143363578248 0.051688919610545996
16600 0.012665232793572097 0.012665232793572097 11.288694342820866 0.3567223693711153 0.05168925352353469
16650 0.012665232793572097 0.012665232793572097 11.288694342820866 0.3567223693711153 0.05168925352353469
16700 0.012665232792637008 0.012665232792637008 11.288837694232525 0.3567199241514807 0.05168915188244948
16750 0.01266523279149151 0.01266523279149151 11.288937510913252 0.35671822155430905 0.05168908110856812
16800 0.012665232789362517 0.012665232789362517 11.28919135181078 0.3567138918008082 0.051688901131621674
16850 0.012665232789362517 0.012665232789362517 11.28919135181078 0.3567138918008082 0.051688901131621674
16900 0.012665232789362517 0.012665232789362517 11.28919135181078 0.3567138918008082 0.051688901131621674
16950 0.012665232789362517 0.012665232789362517 11.28919135181078 0.3567138918008082 0.051688901131621674
17000 0.012665232789362517 0.012665232789362517 11.28919135181078 0.3567138918008082 0.051688901131621674
17050 0.012665232789362517 0.012665232789362517 11.28919135181078 0.3567138918008082 0.051688901131621674
17100 0.012665232789362517 0.012665232789362517 11.28919135181078 0.3567138918008082 0.051688901131621674
17150 0.012665232789362517 0.012665232789362517 11.28919135181078 0.3567138918008082 0.051688901131621674
17200 0.012665232789362517 0.012665232789362517 11.28919135181078 0.3567138918008082 0.051688901131621674
17250 0.012665232789362517 0.012665232789362517 11.28919135181078 0.3567138918008082 0.051688901131621674
17300 0.012665232789362517 0.012665232789362517 11.28919135181078 0.3567138918008082 0.051688901131621674
17350 0.012665232789362517 0.012665232789362517 11.28919135181078 0.3567138918008082 0.051688901131621674
17400 0.012665232789362517 0.012665232789362517 11.28919135181078 0.3567138918008082 0.051688901131621674
17450 0.012665232789362517 0.012665232789362517 11.28919135181078 0.3567138918008082 0.051688901131621674
17500 0.012665232789362517 0.012665232789362517 11.28919135181078 0.3567138918008082 0.051688901131621674
17550 0.012665232789362517 0.012665232789362517 11.28919135181078 0.3567138918008082 0.051688901131621674
17600 0.012665232789362517 0.012665232789362517 11.28919135181078 0.3567138918008082 0.051688901131621674
17650 0.012665232789065447 0.012665232789065447 11.28899648453129 0.3567172155971251 0.051689039293604945
17700 0.012665232789065447 0.012665232789065447 11.28899648453129 0.3567172155971251 0.051689039293604945
17750 0.012665232789065447 0.012665232789065447 11.28899648453129 0.3567172155971251 0.051689039293604945
17800 0.012665232789065447 0.012665232789065447 11.28899648453129 0.3567172155971251 0.051689039293604945
17850 0.012665232789065447 0.012665232789065447 11.28899648453129 0.3567172155971251 0.051689039293604945
17900 0.012665232789065447 0.012665232789065447 11.28899648453129 0.3567172155971251 0.051689039293604945
17950 0.012665232789065447 0.012665232789065447 11.28899648453129 0.3567172155971251 0.051689039293604945
18000 0.012665232789065447 0.012665232789065447 11.28899648453129 0.3567172155971251 0.051689039293604945
18050 0.012665232788689005 0.012665232788689005 11.288970097019426 0.35671766568552954 0.051689058002146376
18100 0.012665232788689005 0.012665232788689005 11.288970097019426 0.35671766568552954 0.051689058002146376
18150 0.012665232788689005 0.012665232788689005 11.288970097019426 0.35671766568552954 0.051689058002146376
18200 0.012665232788689005 0.012665232788689005 11.288970097019426 0.35671766568552954 0.051689058002146376
18250 0.012665232788689005 0.012665232788689005 11.288970097019426 0.35671766568552954 0.051689058002146376
18300 0.012665232788689005 0.012665232788689005 11.288970097019426 0.35671766568552954 0.051689058002146376
18350 0.012665232788689005 0.012665232788689005 11.288970097019426 0.35671766568552954 0.051689058002146376
18400 0.012665232788689005 0.012665232788689005 11.288970097019426 0.35671766568552954 0.051689058002146376
18450 0.012665232788689005 0.012665232788689005 11.288970097019426 0.35671766568552954 0.051689058002146376
18500 0.012665232788689005 0.012665232788689005 11.288970097019426 0.35671766568552954 0.051689058002146376
18550 0.012665232788689005 0.012665232788689005 11.288970097019426 0.35671766568552954 0.051689058002146376
18600 0.012665232788689005 0.012665232788689005 11.288970097019426 0.35671766568552954 0.051689058002146376
18650 0.012665232788689005 0.012665232788689005 11.288970097019426 0.35671766568552954 0.051689058002146376
18700 0.012665232788689005 0.012665232788689005 11.288970097019426 0.35671766568552954 0.051689058002146376
18750 0.012665232788689005 0.012665232788689005 11.288970097019426 0.35671766568552954 0.051689058002146376
18800 0.012665232788689005 0.012665232788689005 11.288970097019426 0.35671766568552954 0.051689058002146376
18850 0.012665232788689005 0.012665232788689005 11.288970097019426 0.35671766568552954 0.051689058002146376
18900 0.012665232788689005 0.012665232788689005 11.288970097019426 0.35671766568552954 0.051689058002146376
18950 0.012665232788689005 0.012665232788689005 11.288970097019426 0.35671766568552954 0.051689058002146376
19000 0.012665232788689005 0.012665232788689005 11.288970097019426 0.35671766568552954 0.051689058002146376
19050 0.012665232788689005 0.012665232788689005 11.288970097019426 0.35671766568552954 0.051689058002146376
19100 0.012665232788689005 0.012665232788689005 11.288970097019426 0.35671766568552954 0.051689058002146376
19150 0.012665232788689005 0.012665232788689005 11.288970097019426 0.35671766568552954 0.051689058002146376
19200 0.012665232788689005 0.012665232788689005 11.288970097019426 0.35671766568552954 0.051689058002146376
19250 0.012665232788689005 0.012665232788689005 11.288970097019426 0.35671766568552954 0.051689058002146376
19300 0.012665232788689005 0.012665232788689005 11.288970097019426 0.35671766568552954 0.051689058002146376
19350 0.012665232788689005 0.012665232788689005 11.288970097019426 0.35671766568552954 0.051689058002146376
19400 0.012665232788689005 0.012665232788689005 11.288970097019426 0.35671766568552954 0.051689058002146376
19450 0.012665232788564068 0.012665232788564068 11.289016574278804 0.3567168729219262 0.051689025049125904
19500 0.012665232788564068 0.012665232788564068 11.289016574278804 0.3567168729219262 0.051689025049125904
19550 0.012665232788564068 0.012665232788564068 11.289016574278804 0.3567168729219262 0.051689025049125904
19600 0.012665232788544886 0.012665232788544886 11.289001667460763 0.3567171271874432 0.051689035618123456
19650 0.012665232788544886 0.012665232788544886 11.289001667460763 0.3567171271874432 0.051689035618123456
19700 0.012665232788487883 0.012665232788487883 11.28898425507313 0.3567174241879761 0.051689047963749526
19750 0.012665232788487883 0.012665232788487883 11.28898425507313 0.3567174241879761 0.051689047963749526
19800 0.012665232788487883 0.012665232788487883 11.28898425507313 0.3567174241879761 0.051689047963749526
19850 0.012665232788487883 0.012665232788487883 11.28898425507313 0.3567174241879761 0.051689047963749526
19900 0.012665232788487883 0.012665232788487883 11.28898425507313 0.3567174241879761 0.051689047963749526
19950 0.012665232788451207 0.012665232788451207 11.288991173534335 0.3567173061794285 0.05168904305843451
20000 0.012665232788451207 0.012665232788451207 11.288991173534335 0.3567173061794285 0.05168904305843451
20050 0.012665232788448033 0.012665232788448033 11.288970253573627 0.3567176630112667 0.05168905789093924
20100 0.012665232788448033 0.012665232788448033 11.288970253573627 0.3567176630112667 0.05168905789093924
20150 0.012665232788448033 0.012665232788448033 11.288970253573627 0.3567176630112667 0.05168905789093924
20200 0.012665232788419797 0.012665232788419797 11.289009893075717 0.35671698688095027 0.05168902978600559
20250 0.012665232788405072 0.012665232788405072 11.288967218028091 0.3567177147878836 0.051689060043149
20300 0.012665232788392596 0.012665232788392596 11.288973219812174 0.3567176124152924 0.05168905578778093
20350 0.012665232788386235 0.012665232788386235 11.289013254270015 0.3567169295489936 0.05168902740283499
20400 0.012665232788386235 0.012665232788386235 11.289013254270015 0.3567169295489936 0.05168902740283499
20450 0.012665232788364544 0.012665232788364544 11.288996337194531 0.3567172181022475 0.05168903939721747
20500 0.012665232788364544 0.012665232788364544 11.288996337194531 0.3567172181022475 0.05168903939721747
20550 0.012665232788364544 0.012665232788364544 11.288996337194531 0.3567172181022475 0.05168903939721747
20600 0.012665232788364544 0.012665232788364544 11.288996337194531 0.3567172181022475 0.05168903939721747
20650 0.01266523278835944 0.01266523278835944 11.288983030241841 0.35671744507852854 0.05168904883200856
20700 0.01266523278835944 0.01266523278835944 11.288983030241841 0.35671744507852854 0.05168904883200856
20750 0.012665232788343563 0.012665232788343563 11.288944937677137 0.3567180948240211 0.051689075840177755
20800 0.012665232788343563 0.012665232788343563 11.288944937677137 0.3567180948240211 0.051689075840177755
20850 0.012665232788343563 0.012665232788343563 11.288944937677137 0.3567180948240211 0.051689075840177755
20900 0.012665232788343563 0.012665232788343563 11.288944937677137 0.3567180948240211 0.051689075840177755
20950 0.012665232788343563 0.012665232788343563 11.288944937677137 0.3567180948240211 0.051689075840177755
21000 0.012665232788343563 0.012665232788343563 11.288944937677137 0.3567180948240211 0.051689075840177755
21050 0.012665232788343563 0.012665232788343563 11.288944937677137 0.3567180948240211 0.051689075840177755
21100 0.012665232788339193 0.012665232788339193 11.288949745420233 0.3567180128179511 0.05168907243141247
21150 0.012665232788332441 0.012665232788332441 11.288947010878399 0.3567180594610944 0.051689074370237814
21200 0.012665232788330467 0.012665232788330467 11.2889656722931 0.35671774115255095 0.05168906113901482
21250 0.012665232788330467 0.012665232788330467 11.2889656722931 0.35671774115255095 0.05168906113901482
21300 0.012665232788330467 0.012665232788330467 11.2889656722931 0.35671774115255095 0.05168906113901482
21350 0.012665232788325008 0.012665232788325008 11.288960453930564 0.35671783016223346 0.051689064838903134
21400 0.012665232788325008 0.012665232788325008 11.288960453930564 0.35671783016223346 0.051689064838903134
21450 0.012665232788325008 0.012665232788325008 11.288960453930564 0.35671783016223346 0.051689064838903134
21500 0.012665232788325008 0.012665232788325008 11.288960453930564 0.35671783016223346 0.051689064838903134
21550 0.012665232788325008 0.012665232788325008 11.288960453930564 0.35671783016223346 0.051689064838903134
21600 0.012665232788323377 0.012665232788323377 11.28895310676782 0.3567179554830545 0.05168907004814947
21650 0.012665232788323377 0.012665232788323377 11.28895310676782 0.3567179554830545 0.05168907004814947
21700 0.012665232788323377 0.012665232788323377 11.28895310676782 0.3567179554830545 0.05168907004814947
21750 0.012665232788323377 0.012665232788323377 11.28895310676782 0.3567179554830545 0.05168907004814947
21800 0.012665232788323377 0.012665232788323377 11.28895310676782 0.3567179554830545 0.05168907004814947
21850 0.012665232788323377 0.012665232788323377 11.28895310676782 0.3567179554830545 0.05168907004814947
21900 0.012665232788323377 0.012665232788323377 11.28895310676782 0.3567179554830545 0.05168907004814947
21950 0.012665232788323377 0.012665232788323377 11.28895310676782 0.3567179554830545 0.05168907004814947
22000 0.012665232788323377 0.012665232788323377 11.28895310676782 0.3567179554830545 0.05168907004814947
22050 0.012665232788323377 0.012665232788323377 11.28895310676782 0.3567179554830545 0.05168907004814947
22100 0.012665232788323377 0.012665232788323377 11.28895310676782 0.3567179554830545 0.05168907004814947
22150 0.012665232788323377 0.012665232788323377 11.28895310676782 0.3567179554830545 0.05168907004814947
22200 0.012665232788323377 0.012665232788323377 11.28895310676782 0.3567179554830545 0.05168907004814947
22250 0.012665232788323377 0.012665232788323377 11.28895310676782 0.3567179554830545 0.05168907004814947
22300 0.012665232788323377 0.012665232788323377 11.28895310676782 0.3567179554830545 0.05168907004814947
22350 0.012665232788323377 0.012665232788323377 11.28895310676782 0.3567179554830545 0.05168907004814947
22400 0.012665232788323377 0.012665232788323377 11.28895310676782 0.3567179554830545 0.05168907004814947
22450 0.012665232788323377 0.012665232788323377 11.28895310676782 0.3567179554830545 0.05168907004814947
22500 0.012665232788323377 0.012665232788323377 11.28895310676782 0.3567179554830545 0.05168907004814947
22550 0.012665232788323377 0.012665232788323377 11.28895310676782 0.3567179554830545 0.05168907004814947
22600 0.012665232788323377 0.012665232788323377 11.28895310676782 0.3567179554830545 0.05168907004814947
22650 0.012665232788322534 0.012665232788322534 11.288964647553861 0.35671775863144656 0.051689061865561034
22700 0.012665232788322534 0.012665232788322534 11.288964647553861 0.35671775863144656 0.051689061865561034
22750 0.012665232788322534 0.012665232788322534 11.288964647553861 0.35671775863144656 0.051689061865561034
22800 0.012665232788322534 0.012665232788322534 11.288964647553861 0.35671775863144656 0.051689061865561034
22850 0.012665232788321918 0.012665232788321918 11.28896490595823 0.35671775422382745 0.051689061682348075
22900 0.012665232788321918 0.012665232788321918 11.28896490595823 0.35671775422382745 0.051689061682348075
22950 0.012665232788321918 0.012665232788321918 11.28896490595823 0.35671775422382745 0.051689061682348075
23000 0.012665232788321918 0.012665232788321918 11.28896490595823 0.35671775422382745 0.051689061682348075
23050 0.012665232788321918 0.012665232788321918 11.28896490595823 0.35671775422382745 0.051689061682348075
23100 0.012665232788320917 0.012665232788320917 11.288964025084926 0.3567177692488993 0.051689062306898244
23150 0.012665232788320917 0.012665232788320917 11.288964025084926 0.3567177692488993 0.051689062306898244
23200 0.012665232788320917 0.012665232788320917 11.288964025084926 0.3567177692488993 0.051689062306898244
23250 0.012665232788320917 0.012665232788320917 11.288964025084926 0.3567177692488993 0.051689062306898244
23300 0.012665232788320917 0.012665232788320917 11.288964025084926 0.3567177692488993 0.051689062306898244
23350 0.012665232788320917 0.012665232788320917 11.288964025084926 0.3567177692488993 0.051689062306898244
23400 0.012665232788320869 0.012665232788320869 11.28895739418289 0.35671788235240043 0.051689067008305056
23450 0.012665232788320869 0.012665232788320869 11.28895739418289 0.35671788235240043 0.051689067008305056
23500 0.012665232788320869 0.012665232788320869 11.28895739418289 0.35671788235240043 0.051689067008305056
23550 0.012665232788320869 0.012665232788320869 11.28895739418289 0.35671788235240043 0.051689067008305056
23600 0.012665232788320869 0.012665232788320869 11.28895739418289 0.35671788235240043 0.051689067008305056
23650 0.012665232788320869 0.012665232788320869 11.28895739418289 0.35671788235240043 0.051689067008305056
23700 0.012665232788320088 0.012665232788320088 11.288963946504182 0.3567177705892373 0.05168906236261257
23750 0.012665232788320088 0.012665232788320088 11.288963946504182 0.3567177705892373 0.05168906236261257
23800 0.012665232788319552 0.012665232788319552 11.288963862808505 0.35671777201682936 0.051689062421953445
23850 0.012665232788319552 0.012665232788319552 11.288963862808505 0.35671777201682936 0.051689062421953445
23900 0.012665232788319552 0.012665232788319552 11.288963862808505 0.35671777201682936 0.051689062421953445
23950 0.012665232788319552 0.012665232788319552 11.288963862808505 0.35671777201682936 0.051689062421953445
24000 0.012665232788319552 0.012665232788319552 11.288963862808505 0.35671777201682936 0.051689062421953445
24050 0.012665232788319552 0.012665232788319552 11.288963862808505 0.35671777201682936 0.051689062421953445
24100 0.012665232788319552 0.012665232788319552 11.288963862808505 0.35671777201682936 0.051689062421953445
24150 0.012665232788319552 0.012665232788319552 11.288963862808505 0.35671777201682936 0.051689062421953445
24200 0.012665232788319552 0.012665232788319552 11.288963862808505 0.35671777201682936 0.051689062421953445
24250 0.012665232788319552 0.012665232788319552 11.288963862808505 0.35671777201682936 0.051689062421953445
24300 0.012665232788319552 0.012665232788319552 11.288963862808505 0.35671777201682936 0.051689062421953445
24350 0.012665232788319552 0.012665232788319552 11.288963862808505 0.35671777201682936 0.051689062421953445
24400 0.012665232788319552 0.012665232788319552 11.288963862808505 0.35671777201682936 0.051689062421953445
24450 0.012665232788319552 0.012665232788319552 11.288963862808505 0.35671777201682936 0.051689062421953445
24500 0.012665232788319552 0.012665232788319552 11.288963862808505 0.35671777201682936 0.051689062421953445
24550 0.012665232788319552 0.012665232788319552 11.288963862808505 0.35671777201682936 0.051689062421953445
24600 0.012665232788319552 0.012665232788319552 11.288963862808505 0.35671777201682936 0.051689062421953445
24650 0.012665232788319552 0.012665232788319552 11.288963862808505 0.35671777201682936 0.051689062421953445
24700 0.012665232788319552 0.012665232788319552 11.288963862808505 0.35671777201682936 0.051689062421953445
24750 0.012665232788319552 0.012665232788319552 11.288963862808505 0.35671777201682936 0.051689062421953445
24800 0.012665232788319552 0.012665232788319552 11.288963862808505 0.35671777201682936 0.051689062421953445
24850 0.012665232788319552 0.012665232788319552 11.288963862808505 0.35671777201682936 0.051689062421953445
24900 0.012665232788319552 0.012665232788319552 11.288963862808505 0.35671777201682936 0.051689062421953445
24950 0.012665232788319552 0.012665232788319552 11.288963862808505 0.35671777201682936 0.051689062421953445
25000 0.012665232788319552 0.012665232788319552 11.288963862808505 0.35671777201682936 0.051689062421953445
25050 0.012665232788319552 0.012665232788319552 11.288963862808505 0.35671777201682936 0.051689062421953445
25100 0.012665232788319552 0.012665232788319552 11.288963862808505 0.35671777201682936 0.051689062421953445
25150 0.012665232788319552 0.012665232788319552 11.288963862808505 0.35671777201682936 0.051689062421953445
25200 0.012665232788319552 0.012665232788319552 11.288963862808505 0.35671777201682936 0.051689062421953445
25250 0.012665232788319524 0.012665232788319524 11.288966729444917 0.35671772312054983 0.05168906038946699
25300 0.012665232788319524 0.012665232788319524 11.288966729444917 0.35671772312054983 0.05168906038946699
25350 0.012665232788319486 0.012665232788319486 11.288965259418362 0.3567177481948221 0.05168906143173683
25400 0.012665232788319486 0.012665232788319486 11.288965259418362 0.3567177481948221 0.05168906143173683
25450 0.012665232788319486 0.012665232788319486 11.288965259418362 0.3567177481948221 0.05168906143173683
25500 0.012665232788319486 0.012665232788319486 11.288965259418362 0.3567177481948221 0.05168906143173683
25550 0.012665232788319486 0.012665232788319486 11.288965259418362 0.3567177481948221 0.05168906143173683
25600 0.012665232788319486 0.012665232788319486 11.288965259418362 0.3567177481948221 0.05168906143173683
25650 0.012665232788319486 0.012665232788319486 11.288965259418362 0.3567177481948221 0.05168906143173683
25700 0.012665232788319446 0.012665232788319446 11.288966542715619 0.356717726305594 0.05168906052186064
25750 0.012665232788319446 0.012665232788319446 11.288966542715619 0.356717726305594 0.05168906052186064
25800 0.012665232788319446 0.012665232788319446 11.288966542715619 0.356717726305594 0.05168906052186064
25850 0.012665232788319446 0.012665232788319446 11.288966542715619 0.356717726305594 0.05168906052186064
25900 0.012665232788319446 0.012665232788319446 11.288966542715619 0.356717726305594 0.05168906052186064
25950 0.012665232788319446 0.012665232788319446 11.288966542715619 0.356717726305594 0.05168906052186064
26000 0.012665232788319446 0.012665232788319446 11.288966542715619 0.356717726305594 0.05168906052186064
26050 0.012665232788319446 0.012665232788319446 11.288966542715619 0.356717726305594 0.05168906052186064
26100 0.012665232788319446 0.012665232788319446 11.288966542715619 0.356717726305594 0.05168906052186064
26150 0.012665232788319446 0.012665232788319446 11.288966542715619 0.356717726305594 0.05168906052186064
26200 0.012665232788319446 0.012665232788319446 11.288966542715619 0.356717726305594 0.05168906052186064
26250 0.012665232788319446 0.012665232788319446 11.288966542715619 0.356717726305594 0.05168906052186064
26300 0.012665232788319446 0.012665232788319446 11.288966542715619 0.356717726305594 0.05168906052186064
26350 0.012665232788319446 0.012665232788319446 11.288966542715619 0.356717726305594 0.05168906052186064
26400 0.012665232788319427 0.012665232788319427 11.288966145216332 0.35671773308574684 0.0516890608036933
26450 0.012665232788319427 0.012665232788319427 11.288966145216332 0.35671773308574684 0.0516890608036933
26500 0.012665232788319427 0.012665232788319427 11.288966145216332 0.35671773308574684 0.0516890608036933
26550 0.012665232788319427 0.012665232788319427 11.288965495334276 0.3567177441707984 0.051689061264469004
26600 0.012665232788319427 0.012665232788319427 11.288965495334276 0.3567177441707984 0.051689061264469004
26650 0.012665232788319427 0.012665232788319427 11.288965495334276 0.3567177441707984 0.051689061264469004
26700 0.012665232788319427 0.012665232788319427 11.288965495334276 0.3567177441707984 0.051689061264469004
26750 0.012665232788319427 0.012665232788319427 11.288965495334276 0.3567177441707984 0.051689061264469004
26800 0.012665232788319427 0.012665232788319427 11.288965495334276 0.3567177441707984 0.051689061264469004
26850 0.01266523278831942 0.01266523278831942 11.288965718069692 0.3567177403715956 0.051689061106546384
26900 0.01266523278831942 0.01266523278831942 11.288965718069692 0.3567177403715956 0.051689061106546384
26950 0.01266523278831942 0.01266523278831942 11.288965718069692 0.3567177403715956 0.051689061106546384
27000 0.01266523278831942 0.01266523278831942 11.288966239987724 0.35671773146922925 0.05168906073649902
27050 0.01266523278831942 0.01266523278831942 11.288966239987724 0.35671773146922925 0.05168906073649902
27100 0.01266523278831942 0.01266523278831942 11.288966239987724 0.35671773146922925 0.05168906073649902
27150 0.01266523278831942 0.01266523278831942 11.288966239987724 0.35671773146922925 0.05168906073649902
27200 0.01266523278831942 0.01266523278831942 11.288966239987724 0.35671773146922925 0.05168906073649902
27250 0.012665232788319417 0.012665232788319417 11.28896627097583 0.35671773094066445 0.05168906071452801
27300 0.012665232788319417 0.012665232788319417 11.28896627097583 0.35671773094066445 0.05168906071452801
27350 0.012665232788319417 0.012665232788319417 11.28896627097583 0.35671773094066445 0.05168906071452801
27400 0.012665232788319417 0.012665232788319417 11.28896627097583 0.35671773094066445 0.05168906071452801
27450 0.012665232788319417 0.012665232788319417 11.28896627097583 0.35671773094066445 0.05168906071452801
27500 0.012665232788319417 0.012665232788319417 11.28896627097583 0.35671773094066445 0.05168906071452801
27550 0.012665232788319415 0.012665232788319415 11.28896580462971 0.3567177388951395 0.05168906104517409
27600 0.012665232788319415 0.012665232788319415 11.28896580462971 0.3567177388951395 0.05168906104517409
27650 0.012665232788319415 0.012665232788319415 11.28896580462971 0.3567177388951395 0.05168906104517409
27700 0.012665232788319415 0.012665232788319415 11.28896580462971 0.3567177388951395 0.05168906104517409
27750 0.012665232788319415 0.012665232788319415 11.28896580462971 0.3567177388951395 0.05168906104517409
27800 0.012665232788319415 0.012665232788319415 11.28896580462971 0.3567177388951395 0.05168906104517409
27850 0.012665232788319415 0.012665232788319415 11.28896580462971 0.3567177388951395 0.05168906104517409
27900 0.012665232788319415 0.012665232788319415 11.28896580462971 0.3567177388951395 0.05168906104517409
27950 0.012665232788319415 0.012665232788319415 11.28896580462971 0.3567177388951395 0.05168906104517409
28000 0.012665232788319415 0.012665232788319415 11.288965804977105 0.356717738889214 0.05168906104492778
28050 0.012665232788319415 0.012665232788319415 11.288965804977105 0.356717738889214 0.05168906104492778
28100 0.012665232788319415 0.012665232788319415 11.288965804977105 0.356717738889214 0.05168906104492778
28150 0.012665232788319415 0.012665232788319415 11.288966342810847 0.35671772971537313 0.05168906066359595
28200 0.012665232788319415 0.012665232788319415 11.288966342810847 0.35671772971537313 0.05168906066359595
28250 0.012665232788319413 0.012665232788319413 11.288965721909184 0.3567177403061052 0.051689061103824124
28300 0.012665232788319413 0.012665232788319413 11.288965721909184 0.3567177403061052 0.051689061103824124
28350 0.012665232788319413 0.012665232788319413 11.288965721909184 0.3567177403061052 0.051689061103824124
28400 0.012665232788319413 0.012665232788319413 11.288965721909184 0.3567177403061052 0.051689061103824124
28450 0.012665232788319413 0.012665232788319413 11.288965721909184 0.3567177403061052 0.051689061103824124
28500 0.012665232788319413 0.012665232788319413 11.288965721909184 0.3567177403061052 0.051689061103824124
28550 0.012665232788319413 0.012665232788319413 11.288965721909184 0.3567177403061052 0.051689061103824124
28600 0.012665232788319413 0.012665232788319413 11.288965721909184 0.3567177403061052 0.051689061103824124
28650 0.012665232788319413 0.012665232788319413 11.288965721909184 0.3567177403061052 0.051689061103824124
28700 0.012665232788319413 0.012665232788319413 11.288965721909184 0.3567177403061052 0.051689061103824124
28750 0.01266523278831941 0.01266523278831941 11.288965612996664 0.3567177421638283 0.05168906118104466
28800 0.01266523278831941 0.01266523278831941 11.288965612996664 0.3567177421638283 0.05168906118104466
28850 0.01266523278831941 0.01266523278831941 11.288965612996664 0.3567177421638283 0.05168906118104466
28900 0.01266523278831941 0.01266523278831941 11.288965612996664 0.3567177421638283 0.05168906118104466
28950 0.01266523278831941 0.01266523278831941 11.288965612996664 0.3567177421638283 0.05168906118104466
29000 0.01266523278831941 0.01266523278831941 11.288965612996664 0.3567177421638283 0.05168906118104466
29050 0.01266523278831941 0.01266523278831941 11.288965612996664 0.3567177421638283 0.05168906118104466
29100 0.01266523278831941 0.01266523278831941 11.288965612996664 0.3567177421638283 0.05168906118104466
29150 0.01266523278831941 0.01266523278831941 11.288965612996664 0.3567177421638283 0.05168906118104466
29200 0.01266523278831941 0.01266523278831941 11.288965612996664 0.3567177421638283 0.05168906118104466
29250 0.01266523278831941 0.01266523278831941 11.288965612996664 0.3567177421638283 0.05168906118104466
29300 0.01266523278831941 0.01266523278831941 11.288965612996664 0.3567177421638283 0.05168906118104466
29350 0.01266523278831941 0.01266523278831941 11.288965612996664 0.3567177421638283 0.05168906118104466
29400 0.01266523278831941 0.01266523278831941 11.288965612996664 0.3567177421638283 0.05168906118104466
29450 0.01266523278831941 0.01266523278831941 11.288965612996664 0.3567177421638283 0.05168906118104466
29500 0.01266523278831941 0.01266523278831941 11.288965612996664 0.3567177421638283 0.05168906118104466
29550 0.01266523278831941 0.01266523278831941 11.288965612996664 0.3567177421638283 0.05168906118104466
29600 0.01266523278831941 0.01266523278831941 11.288965612996664 0.3567177421638283 0.05168906118104466
29650 0.01266523278831941 0.01266523278831941 11.288965612996664 0.3567177421638283 0.05168906118104466
29700 0.01266523278831941 0.01266523278831941 11.288965612996664 0.3567177421638283 0.05168906118104466
29750 0.01266523278831941 0.01266523278831941 11.288965612996664 0.3567177421638283 0.05168906118104466
29800 0.01266523278831941 0.01266523278831941 11.288965612996664 0.3567177421638283 0.05168906118104466
29850 0.01266523278831941 0.01266523278831941 11.288965612996664 0.3567177421638283 0.05168906118104466
29900 0.01266523278831941 0.01266523278831941 11.288966081058165 0.3567177341800937 0.051689060849182344
29950 0.01266523278831941 0.01266523278831941 11.288966081058165 0.3567177341800937 0.051689060849182344
30000 0.01266523278831941 0.01266523278831941 11.288966081058165 0.3567177341800937 0.051689060849182344
30050 0.01266523278831941 0.01266523278831941 11.288965575228298 0.3567177428080441 0.051689061207822976
30100 0.01266523278831941 0.01266523278831941 11.288965575228298 0.3567177428080441 0.051689061207822976
30150 0.01266523278831941 0.01266523278831941 11.288965575228298 0.3567177428080441 0.051689061207822976
30200 0.01266523278831941 0.01266523278831941 11.288965575228298 0.3567177428080441 0.051689061207822976
30250 0.01266523278831941 0.01266523278831941 11.288965575228298 0.3567177428080441 0.051689061207822976
30300 0.01266523278831941 0.01266523278831941 11.288965575228298 0.3567177428080441 0.051689061207822976
30350 0.01266523278831941 0.01266523278831941 11.288965575228298 0.3567177428080441 0.051689061207822976
30400 0.01266523278831941 0.01266523278831941 11.288965575228298 0.3567177428080441 0.051689061207822976
30450 0.01266523278831941 0.01266523278831941 11.288965575228298 0.3567177428080441 0.051689061207822976
30500 0.01266523278831941 0.01266523278831941 11.288965575228298 0.3567177428080441 0.051689061207822976
30550 0.01266523278831941 0.01266523278831941 11.288965575228298 0.3567177428080441 0.051689061207822976
30600 0.01266523278831941 0.01266523278831941 11.288965575228298 0.3567177428080441 0.051689061207822976
30650 0.01266523278831941 0.01266523278831941 11.288965575228298 0.3567177428080441 0.051689061207822976
30700 0.01266523278831941 0.01266523278831941 11.288965575228298 0.3567177428080441 0.051689061207822976
30750 0.01266523278831941 0.01266523278831941 11.288965575228298 0.3567177428080441 0.051689061207822976
30800 0.01266523278831941 0.01266523278831941 11.288965575228298 0.3567177428080441 0.051689061207822976
30850 0.01266523278831941 0.01266523278831941 11.288965575228298 0.3567177428080441 0.051689061207822976
30900 0.01266523278831941 0.01266523278831941 11.288965575228298 0.3567177428080441 0.051689061207822976
30950 0.01266523278831941 0.01266523278831941 11.288965575228298 0.3567177428080441 0.051689061207822976
31000 0.01266523278831941 0.01266523278831941 11.288965575228298 0.3567177428080441 0.051689061207822976
31050 0.01266523278831941 0.01266523278831941 11.288965575228298 0.3567177428080441 0.051689061207822976
31100 0.01266523278831941 0.01266523278831941 11.288965575228298 0.3567177428080441 0.051689061207822976
31150 0.01266523278831941 0.01266523278831941 11.288965575228298 0.3567177428080441 0.051689061207822976
31200 0.01266523278831941 0.01266523278831941 11.288965575228298 0.3567177428080441 0.051689061207822976
31250 0.01266523278831941 0.01266523278831941 11.288965575228298 0.3567177428080441 0.051689061207822976
31300 0.01266523278831941 0.01266523278831941 11.288965575228298 0.3567177428080441 0.051689061207822976
31350 0.01266523278831941 0.01266523278831941 11.288965575228298 0.3567177428080441 0.051689061207822976
31400 0.01266523278831941 0.01266523278831941 11.288965575228298 0.3567177428080441 0.051689061207822976
31450 0.01266523278831941 0.01266523278831941 11.288965575228298 0.3567177428080441 0.051689061207822976
31500 0.01266523278831941 0.01266523278831941 11.288965575228298 0.3567177428080441 0.051689061207822976
31550 0.01266523278831941 0.01266523278831941 11.288965575228298 0.3567177428080441 0.051689061207822976
31600 0.01266523278831941 0.01266523278831941 11.288965575228298 0.3567177428080441 0.051689061207822976
31650 0.01266523278831941 0.01266523278831941 11.288965575228298 0.3567177428080441 0.051689061207822976
31700 0.01266523278831941 0.01266523278831941 11.288965575228298 0.3567177428080441 0.051689061207822976
31750 0.01266523278831941 0.01266523278831941 11.288965575228298 0.3567177428080441 0.051689061207822976
31800 0.01266523278831941 0.01266523278831941 11.288965575228298 0.3567177428080441 0.051689061207822976
31850 0.01266523278831941 0.01266523278831941 11.288965575228298 0.3567177428080441 0.051689061207822976
31900 0.01266523278831941 0.01266523278831941 11.288965575228298 0.3567177428080441 0.051689061207822976
31950 0.01266523278831941 0.01266523278831941 11.288965575228298 0.3567177428080441 0.051689061207822976
32000 0.01266523278831941 0.01266523278831941 11.288965575228298 0.3567177428080441 0.051689061207822976
32050 0.01266523278831941 0.01266523278831941 11.288965575228298 0.3567177428080441 0.051689061207822976
32100 0.01266523278831941 0.01266523278831941 11.288965575228298 0.3567177428080441 0.051689061207822976
32150 0.01266523278831941 0.01266523278831941 11.288965575228298 0.3567177428080441 0.051689061207822976
32200 0.01266523278831941 0.01266523278831941 11.288965575228298 0.3567177428080441 0.051689061207822976
32250 0.01266523278831941 0.01266523278831941 11.288965575228298 0.3567177428080441 0.051689061207822976
32300 0.01266523278831941 0.01266523278831941 11.288965575228298 0.3567177428080441 0.051689061207822976
32350 0.01266523278831941 0.01266523278831941 11.28896558071139 0.3567177427145189 0.051689061203935384
32400 0.01266523278831941 0.01266523278831941 11.28896558071139 0.3567177427145189 0.051689061203935384
32450 0.01266523278831941 0.01266523278831941 11.28896558071139 0.3567177427145189 0.051689061203935384
32500 0.01266523278831941 0.01266523278831941 11.28896558071139 0.3567177427145189 0.051689061203935384
32550 0.01266523278831941 0.01266523278831941 11.28896558071139 0.3567177427145189 0.051689061203935384
32600 0.01266523278831941 0.01266523278831941 11.28896558071139 0.3567177427145189 0.051689061203935384
32650 0.01266523278831941 0.01266523278831941 11.28896558071139 0.3567177427145189 0.051689061203935384
32700 0.012665232788319408 0.012665232788319408 11.288966013692084 0.3567177353291583 0.05168906089694586
32750 0.012665232788319408 0.012665232788319408 11.288966013692084 0.3567177353291583 0.05168906089694586
32800 0.012665232788319408 0.012665232788319408 11.288966013692084 0.3567177353291583 0.05168906089694586
32850 0.012665232788319408 0.012665232788319408 11.288966013692084 0.3567177353291583 0.05168906089694586
32900 0.012665232788319408 0.012665232788319408 11.288966013692084 0.3567177353291583 0.05168906089694586
32950 0.012665232788319408 0.012665232788319408 11.288966013692084 0.3567177353291583 0.05168906089694586
33000 0.012665232788319408 0.012665232788319408 11.288966013692084 0.3567177353291583 0.05168906089694586
33050 0.012665232788319408 0.012665232788319408 11.288966013692084 0.3567177353291583 0.05168906089694586
33100 0.012665232788319408 0.012665232788319408 11.288966013692084 0.3567177353291583 0.05168906089694586
33150 0.012665232788319408 0.012665232788319408 11.288966013692084 0.3567177353291583 0.05168906089694586
33200 0.012665232788319408 0.012665232788319408 11.288966013692084 0.3567177353291583 0.05168906089694586
33250 0.012665232788319408 0.012665232788319408 11.288966013692084 0.3567177353291583 0.05168906089694586
33300 0.012665232788319408 0.012665232788319408 11.288966013692084 0.3567177353291583 0.05168906089694586
33350 0.012665232788319408 0.012665232788319408 11.288966013692084 0.3567177353291583 0.05168906089694586
33400 0.012665232788319408 0.012665232788319408 11.288966013692084 0.3567177353291583 0.05168906089694586
33450 0.012665232788319408 0.012665232788319408 11.288966013692084 0.3567177353291583 0.05168906089694586
33500 0.012665232788319408 0.012665232788319408 11.288966013692084 0.3567177353291583 0.05168906089694586
33550 0.012665232788319408 0.012665232788319408 11.288966013692084 0.3567177353291583 0.05168906089694586
33600 0.012665232788319408 0.012665232788319408 11.288966013692084 0.3567177353291583 0.05168906089694586
33650 0.012665232788319408 0.012665232788319408 11.288966013692084 0.3567177353291583 0.05168906089694586
33700 0.012665232788319408 0.012665232788319408 11.288966045165427 0.35671773479231683 0.05168906087463081
33750 0.012665232788319408 0.012665232788319408 11.288966045165427 0.35671773479231683 0.05168906087463081
33800 0.012665232788319408 0.012665232788319408 11.288966045165427 0.35671773479231683 0.05168906087463081
33850 0.012665232788319408 0.012665232788319408 11.288966045165427 0.35671773479231683 0.05168906087463081
33900 0.012665232788319408 0.012665232788319408 11.288966045165427 0.35671773479231683 0.05168906087463081
33950 0.012665232788319408 0.012665232788319408 11.288966045165427 0.35671773479231683 0.05168906087463081
34000 0.012665232788319408 0.012665232788319408 11.288966045165427 0.35671773479231683 0.05168906087463081
34050 0.012665232788319408 0.012665232788319408 11.288966045165427 0.35671773479231683 0.05168906087463081
34100 0.012665232788319408 0.012665232788319408 11.288966045165427 0.35671773479231683 0.05168906087463081
34150 0.012665232788319408 0.012665232788319408 11.288966045165427 0.35671773479231683 0.05168906087463081
34200 0.012665232788319408 0.012665232788319408 11.288966045165427 0.35671773479231683 0.05168906087463081
34250 0.012665232788319408 0.012665232788319408 11.288966045165427 0.35671773479231683 0.05168906087463081
34300 0.012665232788319408 0.012665232788319408 11.288966045165427 0.35671773479231683 0.05168906087463081
34350 0.012665232788319408 0.012665232788319408 11.288966045165427 0.35671773479231683 0.05168906087463081
34400 0.012665232788319408 0.012665232788319408 11.288966045165427 0.35671773479231683 0.05168906087463081
34450 0.012665232788319408 0.012665232788319408 11.288966045165427 0.35671773479231683 0.05168906087463081
34500 0.012665232788319408 0.012665232788319408 11.288966045165427 0.35671773479231683 0.05168906087463081
34550 0.012665232788319408 0.012665232788319408 11.288966045165427 0.35671773479231683 0.05168906087463081
34600 0.012665232788319408 0.012665232788319408 11.288966045165427 0.35671773479231683 0.05168906087463081
34650 0.012665232788319408 0.012665232788319408 11.288966045165427 0.35671773479231683 0.05168906087463081
34700 0.012665232788319408 0.012665232788319408 11.288966045165427 0.35671773479231683 0.05168906087463081
34750 0.012665232788319408 0.012665232788319408 11.288966045165427 0.35671773479231683 0.05168906087463081
34800 0.012665232788319408 0.012665232788319408 11.288966045165427 0.35671773479231683 0.05168906087463081
34850 0.012665232788319408 0.012665232788319408 11.288966045165427 0.35671773479231683 0.05168906087463081
34900 0.012665232788319408 0.012665232788319408 11.288966045165427 0.35671773479231683 0.05168906087463081
34950 0.012665232788319408 0.012665232788319408 11.288966045165427 0.35671773479231683 0.05168906087463081
35000 0.012665232788319408 0.012665232788319408 11.288966045165427 0.35671773479231683 0.05168906087463081
35050 0.012665232788319407 0.012665232788319407 11.288966126840538 0.35671773339918283 0.051689060816721984
35100 0.012665232788319407 0.012665232788319407 11.288966126840538 0.35671773339918283 0.051689060816721984
35150 0.012665232788319407 0.012665232788319407 11.288966126840538 0.35671773339918283 0.051689060816721984
35200 0.012665232788319407 0.012665232788319407 11.288966126840538 0.35671773339918283 0.051689060816721984
35250 0.012665232788319407 0.012665232788319407 11.288966126840538 0.35671773339918283 0.051689060816721984
35300 0.012665232788319407 0.012665232788319407 11.288966126840538 0.35671773339918283 0.051689060816721984
35350 0.012665232788319407 0.012665232788319407 11.288966126840538 0.35671773339918283 0.051689060816721984
35400 0.012665232788319407 0.012665232788319407 11.288966126840538 0.35671773339918283 0.051689060816721984
35450 0.012665232788319407 0.012665232788319407 11.288966126840538 0.35671773339918283 0.051689060816721984
35500 0.012665232788319407 0.012665232788319407 11.288966126840538 0.35671773339918283 0.051689060816721984
35550 0.012665232788319407 0.012665232788319407 11.288966126840538 0.35671773339918283 0.051689060816721984
35600 0.012665232788319407 0.012665232788319407 11.288966126840538 0.35671773339918283 0.051689060816721984
35650 0.012665232788319407 0.012665232788319407 11.288966126840538 0.35671773339918283 0.051689060816721984
35700 0.012665232788319407 0.012665232788319407 11.288966126840538 0.35671773339918283 0.051689060816721984
35750 0.012665232788319407 0.012665232788319407 11.288966126840538 0.35671773339918283 0.051689060816721984
35800 0.012665232788319407 0.012665232788319407 11.288966126840538 0.35671773339918283 0.051689060816721984
35850 0.012665232788319407 0.012665232788319407 11.288966126840538 0.35671773339918283 0.051689060816721984
35900 0.012665232788319407 0.012665232788319407 11.288966126840538 0.35671773339918283 0.051689060816721984
35950 0.012665232788319407 0.012665232788319407 11.288966126840538 0.35671773339918283 0.051689060816721984
*---*---*---*---*---*---*---*---*---*---*---*---*---*---*---*---*---*---*---*---*
Status: Finished
Last individual
0.012665232788319407 0.012665232788319407 11.288966126840538 0.35671773339918283 0.051689060816721984
Hall of fame
0.012665232788319407 0.012665232788319407 11.288966126840538 0.35671773339918283 0.051689060816721984
Last factible individual
0.012665232788319407 0.012665232788319407 11.288966126840538 0.35671773339918283 0.051689060816721984
CPU time used (seconds)
1.5719791360006639
