*---*---*---*---*---*---*---*---*---*---*---*---*---*---*---*---*---*---*---*---*
Algorithm: Differential Evolution
Constrainth handling method: DEB
Function: 21
Case: continuous
Seed: 19
Parents size: 50
Offsprings size: 50
maxFe: 36000
CR: 0.9
F: 0.6
rweights: -
*---*---*---*---*---*---*---*---*---*---*---*---*---*---*---*---*---*---*---*---*
ngen ObjectiveFunction ViolationSum ProjectVariables
50 0.013510853080512069 0.281180443292703 10.570647819392862 0.4299174799780403 0.05
100 0.017442721175413848 0.23220132979999053 15 0.41041696883326695 0.05
150 0.06834444722128753 0 11.29968433466931 0.8777237993075324 0.07651595689903785
200 0.06834444722128753 0 11.29968433466931 0.8777237993075324 0.07651595689903785
250 0.014795913337691521 0 4.28201916149943 0.6231255115798965 0.061479948491800884
300 0.014795913337691521 0 4.28201916149943 0.6231255115798965 0.061479948491800884
350 0.014795913337691521 0 4.28201916149943 0.6231255115798965 0.061479948491800884
400 0.014795913337691521 0 4.28201916149943 0.6231255115798965 0.061479948491800884
450 0.014795913337691521 0 4.28201916149943 0.6231255115798965 0.061479948491800884
500 0.014795913337691521 0 4.28201916149943 0.6231255115798965 0.061479948491800884
550 0.014795913337691521 0 4.28201916149943 0.6231255115798965 0.061479948491800884
600 0.014795913337691521 0 4.28201916149943 0.6231255115798965 0.061479948491800884
650 0.014366201966383945 0 11.731897319288905 0.3754225712950711 0.05278925345075951
700 0.014366201966383945 0 11.731897319288905 0.3754225712950711 0.05278925345075951
750 0.014366201966383945 0 11.731897319288905 0.3754225712950711 0.05278925345075951
800 0.014366201966383945 0 11.731897319288905 0.3754225712950711 0.05278925345075951
850 0.014255026762984018 0 10.89165327519617 0.3860013901121335 0.05352236259424349
900 0.013351679218872843 0 6.5786291211095405 0.48452361926354476 0.056676304156232454
950 0.013351679218872843 0 6.5786291211095405 0.48452361926354476 0.056676304156232454
1000 0.013351679218872843 0 6.5786291211095405 0.48452361926354476 0.056676304156232454
1050 0.013351679218872843 0 6.5786291211095405 0.48452361926354476 0.056676304156232454
1100 0.013351679218872843 0 6.5786291211095405 0.48452361926354476 0.056676304156232454
1150 0.013351679218872843 0 6.5786291211095405 0.48452361926354476 0.056676304156232454
1200 0.013351679218872843 0 6.5786291211095405 0.48452361926354476 0.056676304156232454
1250 0.013351679218872843 0 6.5786291211095405 0.48452361926354476 0.056676304156232454
1300 0.013351679218872843 0 6.5786291211095405 0.48452361926354476 0.056676304156232454
1350 0.013351679218872843 0 6.5786291211095405 0.48452361926354476 0.056676304156232454
1400 0.013351679218872843 0 6.5786291211095405 0.48452361926354476 0.056676304156232454
1450 0.013351679218872843 0 6.5786291211095405 0.48452361926354476 0.056676304156232454
1500 0.013351679218872843 0 6.5786291211095405 0.48452361926354476 0.056676304156232454
1550 0.013351679218872843 0 6.5786291211095405 0.48452361926354476 0.056676304156232454
1600 0.013351679218872843 0 6.5786291211095405 0.48452361926354476 0.056676304156232454
1650 0.013351679218872843 0 6.5786291211095405 0.48452361926354476 0.056676304156232454
1700 0.013351679218872843 0 6.5786291211095405 0.48452361926354476 0.056676304156232454
1750 0.013351679218872843 0 6.5786291211095405 0.48452361926354476 0.056676304156232454
1800 0.013351679218872843 0 6.5786291211095405 0.48452361926354476 0.056676304156232454
1850 0.013351679218872843 0 6.5786291211095405 0.48452361926354476 0.056676304156232454
1900 0.013351679218872843 0 6.5786291211095405 0.48452361926354476 0.056676304156232454
1950 0.013351679218872843 0 6.5786291211095405 0.48452361926354476 0.056676304156232454
2000 0.013351679218872843 0 6.5786291211095405 0.48452361926354476 0.056676304156232454
2050 0.013240145164832485 0 11.385084564208302 0.3628110392486769 0.05221503425771698
2100 0.012940873006177108 0 10.499042443664589 0.3758610490034155 0.0524843418436355
2150 0.012940873006177108 0 10.499042443664589 0.3758610490034155 0.0524843418436355
2200 0.012923297362692895 0 8.301872660462974 0.4241441202612819 0.054384088578600116
2250 0.012923297362692895 0 8.301872660462974 0.4241441202612819 0.054384088578600116
2300 0.012923297362692895 0 8.301872660462974 0.4241441202612819 0.054384088578600116
2350 0.012923297362692895 0 8.301872660462974 0.4241441202612819 0.054384088578600116
2400 0.012902595501482383 0 9.102739907252944 0.403671718737415 0.053654888435064774
2450 0.012884214865337914 0 9.441557547334448 0.3961317500735044 0.05331710724270374
2500 0.012870803154346301 0 10.06106423639269 0.38223303238293904 0.0528379428704569
2550 0.012870803154346301 0 10.06106423639269 0.38223303238293904 0.0528379428704569
2600 0.01285129231908906 0 11.390345078418559 0.35813048285620896 0.05176746188340765
2650 0.01285129231908906 0 11.390345078418559 0.35813048285620896 0.05176746188340765
2700 0.012703522125188056 0 10.005872226442353 0.3811621955848125 0.05268782922190377
2750 0.012703522125188056 0 10.005872226442353 0.3811621955848125 0.05268782922190377
2800 0.012703522125188056 0 10.005872226442353 0.3811621955848125 0.05268782922190377
2850 0.012703522125188056 0 10.005872226442353 0.3811621955848125 0.05268782922190377
2900 0.012703522125188056 0 10.005872226442353 0.3811621955848125 0.05268782922190377
2950 0.012703522125188056 0 10.005872226442353 0.3811621955848125 0.05268782922190377
3000 0.012703522125188056 0 10.005872226442353 0.3811621955848125 0.05268782922190377
3050 0.012703522125188056 0 10.005872226442353 0.3811621955848125 0.05268782922190377
3100 0.012703522125188056 0 10.005872226442353 0.3811621955848125 0.05268782922190377
3150 0.012703522125188056 0 10.005872226442353 0.3811621955848125 0.05268782922190377
3200 0.012703522125188056 0 10.005872226442353 0.3811621955848125 0.05268782922190377
3250 0.012703522125188056 0 10.005872226442353 0.3811621955848125 0.05268782922190377
3300 0.012703522125188056 0 10.005872226442353 0.3811621955848125 0.05268782922190377
3350 0.012698158760864792 0 11.185399430260393 0.35886871445608204 0.05180312170651597
3400 0.012698158760864792 0 11.185399430260393 0.35886871445608204 0.05180312170651597
3450 0.012698158760864792 0 11.185399430260393 0.35886871445608204 0.05180312170651597
3500 0.012698158760864792 0 11.185399430260393 0.35886871445608204 0.05180312170651597
3550 0.012698158760864792 0 11.185399430260393 0.35886871445608204 0.05180312170651597
3600 0.012698158760864792 0 11.185399430260393 0.35886871445608204 0.05180312170651597
3650 0.012698158760864792 0 11.185399430260393 0.35886871445608204 0.05180312170651597
3700 0.012698158760864792 0 11.185399430260393 0.35886871445608204 0.05180312170651597
3750 0.012698158760864792 0 11.185399430260393 0.35886871445608204 0.05180312170651597
3800 0.012698158760864792 0 11.185399430260393 0.35886871445608204 0.05180312170651597
3850 0.012698158760864792 0 11.185399430260393 0.35886871445608204 0.05180312170651597
3900 0.012698158760864792 0 11.185399430260393 0.35886871445608204 0.05180312170651597
3950 0.012698158760864792 0 11.185399430260393 0.35886871445608204 0.05180312170651597
4000 0.012698158760864792 0 11.185399430260393 0.35886871445608204 0.05180312170651597
4050 0.012698158760864792 0 11.185399430260393 0.35886871445608204 0.05180312170651597
4100 0.012685948175977612 0 10.600504484146182 0.36927107726906316 0.05221494839880248
4150 0.012685948175977612 0 10.600504484146182 0.36927107726906316 0.05221494839880248
4200 0.012685948175977612 0 10.600504484146182 0.36927107726906316 0.05221494839880248
4250 0.012685948175977612 0 10.600504484146182 0.36927107726906316 0.05221494839880248
4300 0.012685948175977612 0 10.600504484146182 0.36927107726906316 0.05221494839880248
4350 0.012685948175977612 0 10.600504484146182 0.36927107726906316 0.05221494839880248
4400 0.012674089906666923 0 11.008362839667345 0.3617385521891813 0.05189788659511622
4450 0.012674089906666923 0 11.008362839667345 0.3617385521891813 0.05189788659511622
4500 0.012674089906666923 0 11.008362839667345 0.3617385521891813 0.05189788659511622
4550 0.012674089906666923 0 11.008362839667345 0.3617385521891813 0.05189788659511622
4600 0.012674089906666923 0 11.008362839667345 0.3617385521891813 0.05189788659511622
4650 0.012674089906666923 0 11.008362839667345 0.3617385521891813 0.05189788659511622
4700 0.012674089906666923 0 11.008362839667345 0.3617385521891813 0.05189788659511622
4750 0.012674089906666923 0 11.008362839667345 0.3617385521891813 0.05189788659511622
4800 0.012674089906666923 0 11.008362839667345 0.3617385521891813 0.05189788659511622
4850 0.012674089906666923 0 11.008362839667345 0.3617385521891813 0.05189788659511622
4900 0.012674089906666923 0 11.008362839667345 0.3617385521891813 0.05189788659511622
4950 0.012674089906666923 0 11.008362839667345 0.3617385521891813 0.05189788659511622
5000 0.012674089906666923 0 11.008362839667345 0.3617385521891813 0.05189788659511622
5050 0.012672348596472139 0 11.025979567244375 0.36136294970922683 0.05188616208427669
5100 0.012672348596472139 0 11.025979567244375 0.36136294970922683 0.05188616208427669
5150 0.012671159091824806 0 10.912069548869255 0.3633894266609583 0.051966575690380254
5200 0.012671159091824806 0 10.912069548869255 0.3633894266609583 0.051966575690380254
5250 0.012671159091824806 0 10.912069548869255 0.3633894266609583 0.051966575690380254
5300 0.012670707577520889 0 11.23014332208509 0.3577895137541446 0.05173737088951766
5350 0.012670707577520889 0 11.23014332208509 0.3577895137541446 0.05173737088951766
5400 0.012670707577520889 0 11.23014332208509 0.3577895137541446 0.05173737088951766
5450 0.012669406128316248 0 11.067470323177243 0.36061233725932385 0.051851589892817906
5500 0.012668420661935145 0 11.129850058546705 0.3595130315656288 0.0518052812813608
5550 0.012668420661935145 0 11.129850058546705 0.3595130315656288 0.0518052812813608
5600 0.012668420661935145 0 11.129850058546705 0.3595130315656288 0.0518052812813608
5650 0.01266823274625256 0 11.048953125583859 0.36091937003052804 0.05186388982898435
5700 0.01266823274625256 0 11.048953125583859 0.36091937003052804 0.05186388982898435
5750 0.01266823274625256 0 11.048953125583859 0.36091937003052804 0.05186388982898435
5800 0.01266823274625256 0 11.048953125583859 0.36091937003052804 0.05186388982898435
5850 0.012667301038823613 0 11.23340258732767 0.3577026265474942 0.05173032642569108
5900 0.01266649626232392 0 11.320058144796963 0.35620997945495547 0.05166805915963558
5950 0.01266649626232392 0 11.320058144796963 0.35620997945495547 0.05166805915963558
6000 0.01266649626232392 0 11.320058144796963 0.35620997945495547 0.05166805915963558
6050 0.01266649626232392 0 11.320058144796963 0.35620997945495547 0.05166805915963558
6100 0.01266649626232392 0 11.320058144796963 0.35620997945495547 0.05166805915963558
6150 0.01266649626232392 0 11.320058144796963 0.35620997945495547 0.05166805915963558
6200 0.012665706144337065 0 11.314534233532465 0.3562877187276728 0.051671526087191055
6250 0.012665706144337065 0 11.314534233532465 0.3562877187276728 0.051671526087191055
6300 0.012665706144337065 0 11.314534233532465 0.3562877187276728 0.051671526087191055
6350 0.012665706144337065 0 11.314534233532465 0.3562877187276728 0.051671526087191055
6400 0.012665706144337065 0 11.314534233532465 0.3562877187276728 0.051671526087191055
6450 0.012665706144337065 0 11.314534233532465 0.3562877187276728 0.051671526087191055
6500 0.012665706144337065 0 11.314534233532465 0.3562877187276728 0.051671526087191055
6550 0.012665706144337065 0 11.314534233532465 0.3562877187276728 0.051671526087191055
6600 0.012665706144337065 0 11.314534233532465 0.3562877187276728 0.051671526087191055
6650 0.012665706144337065 0 11.314534233532465 0.3562877187276728 0.051671526087191055
6700 0.012665654776842263 0 11.134017069532383 0.35939291195069084 0.051800062201218355
6750 0.012665654776842263 0 11.134017069532383 0.35939291195069084 0.051800062201218355
6800 0.012665654776842263 0 11.134017069532383 0.35939291195069084 0.051800062201218355
6850 0.012665654776842263 0 11.134017069532383 0.35939291195069084 0.051800062201218355
6900 0.012665654776842263 0 11.134017069532383 0.35939291195069084 0.051800062201218355
6950 0.012665645482463036 0 11.269486607962126 0.3570562490448141 0.05170330254111124
7000 0.01266552617527377 0 11.27686880549029 0.35692833247125866 0.05169794438091405
7050 0.01266552617527377 0 11.27686880549029 0.35692833247125866 0.05169794438091405
7100 0.01266552617527377 0 11.27686880549029 0.35692833247125866 0.05169794438091405
7150 0.012665331115600316 0 11.309007080424403 0.35637801961617743 0.051674941184563845
7200 0.012665331115600316 0 11.309007080424403 0.35637801961617743 0.051674941184563845
7250 0.012665331115600316 0 11.309007080424403 0.35637801961617743 0.051674941184563845
7300 0.012665331115600316 0 11.309007080424403 0.35637801961617743 0.051674941184563845
7350 0.012665331115600316 0 11.309007080424403 0.35637801961617743 0.051674941184563845
7400 0.012665331115600316 0 11.309007080424403 0.35637801961617743 0.051674941184563845
7450 0.012665331115600316 0 11.309007080424403 0.35637801961617743 0.051674941184563845
7500 0.012665331115600316 0 11.309007080424403 0.35637801961617743 0.051674941184563845
7550 0.012665331115600316 0 11.309007080424403 0.35637801961617743 0.051674941184563845
7600 0.012665331115600316 0 11.309007080424403 0.35637801961617743 0.051674941184563845
7650 0.012665328029410073 0 11.238903093082099 0.35757588869026175 0.051724714983112104
7700 0.012665299188518025 0 11.316384725634782 0.3562516211872718 0.051669723210854224
7750 0.012665299188518025 0 11.316384725634782 0.3562516211872718 0.051669723210854224
7800 0.012665299188518025 0 11.316384725634782 0.3562516211872718 0.051669723210854224
7850 0.012665288192748094 0 11.257454932327628 0.3572570684985405 0.05171148901884404
7900 0.012665288192748094 0 11.257454932327628 0.3572570684985405 0.05171148901884404
7950 0.012665267001138642 0 11.258859793561577 0.3572326770295947 0.05171047138236933
8000 0.012665267001138642 0 11.258859793561577 0.3572326770295947 0.05171047138236933
8050 0.012665267001138642 0 11.258859793561577 0.3572326770295947 0.05171047138236933
8100 0.012665267001138642 0 11.258859793561577 0.3572326770295947 0.05171047138236933
8150 0.012665267001138642 0 11.258859793561577 0.3572326770295947 0.05171047138236933
8200 0.012665267001138642 0 11.258859793561577 0.3572326770295947 0.05171047138236933
8250 0.012665267001138642 0 11.258859793561577 0.3572326770295947 0.05171047138236933
8300 0.012665267001138642 0 11.258859793561577 0.3572326770295947 0.05171047138236933
8350 0.012665267001138642 0 11.258859793561577 0.3572326770295947 0.05171047138236933
8400 0.012665267001138642 0 11.258859793561577 0.3572326770295947 0.05171047138236933
8450 0.012665267001138642 0 11.258859793561577 0.3572326770295947 0.05171047138236933
8500 0.012665255498840955 0 11.268317933086564 0.3570707638623287 0.05170373257403263
8550 0.012665255498840955 0 11.268317933086564 0.3570707638623287 0.05170373257403263
8600 0.012665248757362257 0 11.31674316130974 0.35624497336956407 0.05166940705141523
8650 0.012665248757362257 0 11.31674316130974 0.35624497336956407 0.05166940705141523
8700 0.012665248757362257 0 11.31674316130974 0.35624497336956407 0.05166940705141523
8750 0.012665245670155567 0 11.283707107779502 0.35680765666030767 0.05169280285969744
8800 0.012665245670155567 0 11.283707107779502 0.35680765666030767 0.05169280285969744
8850 0.012665245670155567 0 11.283707107779502 0.35680765666030767 0.05169280285969744
8900 0.012665245670155567 0 11.283707107779502 0.35680765666030767 0.05169280285969744
8950 0.012665245670155567 0 11.283707107779502 0.35680765666030767 0.05169280285969744
9000 0.012665245670155567 0 11.283707107779502 0.35680765666030767 0.05169280285969744
9050 0.012665245670155567 0 11.283707107779502 0.35680765666030767 0.05169280285969744
9100 0.012665245670155567 0 11.283707107779502 0.35680765666030767 0.05169280285969744
9150 0.012665245670155567 0 11.283707107779502 0.35680765666030767 0.05169280285969744
9200 0.01266524374941437 0 11.263467506856639 0.35715350550244335 0.05170717117108763
9250 0.01266524374941437 0 11.263467506856639 0.35715350550244335 0.05170717117108763
9300 0.01266524374941437 0 11.263467506856639 0.35715350550244335 0.05170717117108763
9350 0.01266524374941437 0 11.263467506856639 0.35715350550244335 0.05170717117108763
9400 0.012665240138688553 0 11.263956113219434 0.357145098971015 0.05170681994986499
9450 0.012665240138688553 0 11.263956113219434 0.357145098971015 0.05170681994986499
9500 0.012665240138688553 0 11.263956113219434 0.357145098971015 0.05170681994986499
9550 0.012665240138688553 0 11.263956113219434 0.357145098971015 0.05170681994986499
9600 0.012665240138688553 0 11.263956113219434 0.357145098971015 0.05170681994986499
9650 0.012665240138688553 0 11.263956113219434 0.357145098971015 0.05170681994986499
9700 0.012665240138688553 0 11.263956113219434 0.357145098971015 0.05170681994986499
9750 0.012665240138688553 0 11.263956113219434 0.357145098971015 0.05170681994986499
9800 0.012665239782975091 0 11.26989847457302 0.3570434524258912 0.05170259859823389
9850 0.012665237733979502 0 11.281817972271007 0.35683977419205476 0.051694136252999706
9900 0.01266523720056751 0 11.287824601000409 0.3567372621779556 0.05168987513494112
9950 0.01266523720056751 0 11.287824601000409 0.3567372621779556 0.05168987513494112
10000 0.01266523720056751 0 11.287824601000409 0.3567372621779556 0.05168987513494112
10050 0.01266523720056751 0 11.287824601000409 0.3567372621779556 0.05168987513494112
10100 0.01266523720056751 0 11.287824601000409 0.3567372621779556 0.05168987513494112
10150 0.01266523720056751 0 11.287824601000409 0.3567372621779556 0.05168987513494112
10200 0.01266523720056751 0 11.287824601000409 0.3567372621779556 0.05168987513494112
10250 0.01266523720056751 0 11.287824601000409 0.3567372621779556 0.05168987513494112
10300 0.01266523720056751 0 11.287824601000409 0.3567372621779556 0.05168987513494112
10350 0.01266523720056751 0 11.287824601000409 0.3567372621779556 0.05168987513494112
10400 0.01266523720056751 0 11.287824601000409 0.3567372621779556 0.05168987513494112
10450 0.01266523638840836 0 11.28518853321883 0.3567822294695144 0.05169174360580772
10500 0.01266523638840836 0 11.28518853321883 0.3567822294695144 0.05169174360580772
10550 0.012665234982182411 0 11.283799195747612 0.3568059226421394 0.051692727480423056
10600 0.012665234982182411 0 11.283799195747612 0.3568059226421394 0.051692727480423056
10650 0.012665234982182411 0 11.283799195747612 0.3568059226421394 0.051692727480423056
10700 0.012665234982182411 0 11.283799195747612 0.3568059226421394 0.051692727480423056
10750 0.012665234982182411 0 11.283799195747612 0.3568059226421394 0.051692727480423056
10800 0.012665234237781816 0 11.29163601474171 0.35667222455104974 0.0516871692712476
10850 0.012665233658219867 0 11.281233519360118 0.35684970441208524 0.05169454606766747
10900 0.012665233658219867 0 11.281233519360118 0.35684970441208524 0.05169454606766747
10950 0.012665233658219867 0 11.281233519360118 0.35684970441208524 0.05169454606766747
11000 0.012665233658219867 0 11.281233519360118 0.35684970441208524 0.05169454606766747
11050 0.012665233658219867 0 11.281233519360118 0.35684970441208524 0.05169454606766747
11100 0.012665233658219867 0 11.281233519360118 0.35684970441208524 0.05169454606766747
11150 0.012665233658219867 0 11.281233519360118 0.35684970441208524 0.05169454606766747
11200 0.012665233658219867 0 11.281233519360118 0.35684970441208524 0.05169454606766747
11250 0.012665233658219867 0 11.281233519360118 0.35684970441208524 0.05169454606766747
11300 0.012665233658219867 0 11.281233519360118 0.35684970441208524 0.05169454606766747
11350 0.012665233658219867 0 11.281233519360118 0.35684970441208524 0.05169454606766747
11400 0.012665233658219867 0 11.281233519360118 0.35684970441208524 0.05169454606766747
11450 0.012665233658219867 0 11.281233519360118 0.35684970441208524 0.05169454606766747
11500 0.012665233658219867 0 11.281233519360118 0.35684970441208524 0.05169454606766747
11550 0.012665233295552395 0 11.289149825099424 0.35671460585341497 0.05168893119055587
11600 0.01266523317850876 0 11.291558852245325 0.35667352100312655 0.05168722320357338
11650 0.01266523317850876 0 11.291558852245325 0.35667352100312655 0.05168722320357338
11700 0.01266523317850876 0 11.291558852245325 0.35667352100312655 0.05168722320357338
11750 0.01266523317850876 0 11.291558852245325 0.35667352100312655 0.05168722320357338
11800 0.01266523317850876 0 11.291558852245325 0.35667352100312655 0.05168722320357338
11850 0.01266523312721211 0 11.292933162413851 0.35665008940308623 0.051686248935741405
11900 0.01266523312721211 0 11.292933162413851 0.35665008940308623 0.051686248935741405
11950 0.012665233058544775 0 11.291290789048338 0.35667809069147366 0.051687413071174984
12000 0.012665233058544775 0 11.291290789048338 0.35667809069147366 0.051687413071174984
12050 0.012665233058544775 0 11.291290789048338 0.35667809069147366 0.051687413071174984
12100 0.012665233058544775 0 11.291290789048338 0.35667809069147366 0.051687413071174984
12150 0.012665233033769993 0 11.289398145781357 0.3567103678576061 0.051688754782689125
12200 0.012665233033769993 0 11.289398145781357 0.3567103678576061 0.051688754782689125
12250 0.012665233033769993 0 11.289398145781357 0.3567103678576061 0.051688754782689125
12300 0.012665233033769993 0 11.289398145781357 0.3567103678576061 0.051688754782689125
12350 0.012665233032700413 0 11.289063984346475 0.35671606706165465 0.051688991729754934
12400 0.012665232983406747 0 11.292574649194242 0.3566561994168695 0.05168650291462391
12450 0.012665232983406747 0 11.292574649194242 0.3566561994168695 0.05168650291462391
12500 0.012665232983406747 0 11.292574649194242 0.3566561994168695 0.05168650291462391
12550 0.012665232983406747 0 11.292574649194242 0.3566561994168695 0.05168650291462391
12600 0.012665232983406747 0 11.292574649194242 0.3566561994168695 0.05168650291462391
12650 0.012665232955916655 0 11.28823687414252 0.35673017523622946 0.05168957805214539
12700 0.012665232955916655 0 11.28823687414252 0.35673017523622946 0.05168957805214539
12750 0.012665232955916655 0 11.28823687414252 0.35673017523622946 0.05168957805214539
12800 0.012665232955916655 0 11.28823687414252 0.35673017523622946 0.05168957805214539
12850 0.012665232955916655 0 11.28823687414252 0.35673017523622946 0.05168957805214539
12900 0.012665232914889621 0 11.291207700779697 0.35667950580055646 0.05168747180227812
12950 0.012665232910512178 0 11.28924661977533 0.3567129511622318 0.05168886204622199
13000 0.012665232910512178 0 11.28924661977533 0.3567129511622318 0.05168886204622199
13050 0.012665232882819996 0 11.289112545295268 0.3567152373409549 0.051688957097342995
13100 0.012665232882819996 0 11.289112545295268 0.3567152373409549 0.051688957097342995
13150 0.012665232882819996 0 11.289112545295268 0.3567152373409549 0.051688957097342995
13200 0.012665232882819996 0 11.289112545295268 0.3567152373409549 0.051688957097342995
13250 0.012665232882819996 0 11.289112545295268 0.3567152373409549 0.051688957097342995
13300 0.012665232882819996 0 11.289112545295268 0.3567152373409549 0.051688957097342995
13350 0.012665232882819996 0 11.289112545295268 0.3567152373409549 0.051688957097342995
13400 0.012665232882819996 0 11.289112545295268 0.3567152373409549 0.051688957097342995
13450 0.012665232882819996 0 11.289112545295268 0.3567152373409549 0.051688957097342995
13500 0.012665232882819996 0 11.289112545295268 0.3567152373409549 0.051688957097342995
13550 0.0126652328792481 0 11.290812817822388 0.35668623940660876 0.05168775167271421
13600 0.012665232867583547 0 11.289703005035093 0.35670516608109554 0.05168853846174121
13650 0.0126652328315788 0 11.290496916450579 0.3566916257824142 0.05168797558129353
13700 0.0126652328315788 0 11.290496916450579 0.3566916257824142 0.05168797558129353
13750 0.0126652328315788 0 11.290496916450579 0.3566916257824142 0.05168797558129353
13800 0.012665232825290307 0 11.2905168933128 0.3566912850120491 0.051687961412986684
13850 0.012665232825290307 0 11.2905168933128 0.3566912850120491 0.051687961412986684
13900 0.012665232825290307 0 11.2905168933128 0.3566912850120491 0.051687961412986684
13950 0.012665232825290307 0 11.2905168933128 0.3566912850120491 0.051687961412986684
14000 0.012665232825290307 0 11.2905168933128 0.3566912850120491 0.051687961412986684
14050 0.012665232825290307 0 11.2905168933128 0.3566912850120491 0.051687961412986684
14100 0.012665232812394117 0 11.289453965162812 0.35670941299125314 0.051688714959274296
14150 0.012665232812394117 0 11.289453965162812 0.35670941299125314 0.051688714959274296
14200 0.012665232812394117 0 11.289453965162812 0.35670941299125314 0.051688714959274296
14250 0.012665232812394117 0 11.289453965162812 0.35670941299125314 0.051688714959274296
14300 0.012665232800200321 0 11.28953003666387 0.35670811528422236 0.051688661018367686
14350 0.012665232800200321 0 11.28953003666387 0.35670811528422236 0.051688661018367686
14400 0.012665232800200321 0 11.28953003666387 0.35670811528422236 0.051688661018367686
14450 0.012665232800200321 0 11.28953003666387 0.35670811528422236 0.051688661018367686
14500 0.012665232800200321 0 11.28953003666387 0.35670811528422236 0.051688661018367686
14550 0.012665232800200321 0 11.28953003666387 0.35670811528422236 0.051688661018367686
14600 0.012665232800200321 0 11.28953003666387 0.35670811528422236 0.051688661018367686
14650 0.012665232800200321 0 11.28953003666387 0.35670811528422236 0.051688661018367686
14700 0.012665232800200321 0 11.28953003666387 0.35670811528422236 0.051688661018367686
14750 0.012665232800200321 0 11.28953003666387 0.35670811528422236 0.051688661018367686
14800 0.012665232800200321 0 11.28953003666387 0.35670811528422236 0.051688661018367686
14850 0.012665232798068278 0 11.289562371464548 0.35670756376679497 0.05168863809091834
14900 0.012665232798068278 0 11.289562371464548 0.35670756376679497 0.05168863809091834
14950 0.012665232798068278 0 11.289562371464548 0.35670756376679497 0.05168863809091834
15000 0.012665232795013482 0 11.289489370373136 0.3567088088027093 0.05168868984522894
15050 0.012665232795013482 0 11.289489370373136 0.3567088088027093 0.05168868984522894
15100 0.012665232795013482 0 11.289489370373136 0.3567088088027093 0.05168868984522894
15150 0.012665232793933749 0 11.289624445341762 0.35670650498543494 0.05168859407857723
15200 0.012665232793933749 0 11.289624445341762 0.35670650498543494 0.05168859407857723
15250 0.012665232793933749 0 11.289624445341762 0.35670650498543494 0.05168859407857723
15300 0.012665232793933749 0 11.289624445341762 0.35670650498543494 0.05168859407857723
15350 0.012665232793933749 0 11.289624445341762 0.35670650498543494 0.05168859407857723
15400 0.012665232793933749 0 11.289624445341762 0.35670650498543494 0.05168859407857723
15450 0.012665232793933749 0 11.289624445341762 0.35670650498543494 0.05168859407857723
15500 0.012665232793933749 0 11.289624445341762 0.35670650498543494 0.05168859407857723
15550 0.012665232793933749 0 11.289624445341762 0.35670650498543494 0.05168859407857723
15600 0.01266523279357884 0 11.28942179585654 0.35670996133768873 0.05168873775263577
15650 0.01266523279357884 0 11.28942179585654 0.35670996133768873 0.05168873775263577
15700 0.01266523279357884 0 11.28942179585654 0.35670996133768873 0.05168873775263577
15750 0.012665232792974396 0 11.289592461829695 0.3567070504743552 0.05168861675291481
15800 0.012665232792974396 0 11.289592461829695 0.3567070504743552 0.05168861675291481
15850 0.012665232792974396 0 11.289592461829695 0.3567070504743552 0.05168861675291481
15900 0.012665232792974396 0 11.289592461829695 0.3567070504743552 0.05168861675291481
15950 0.012665232792453247 0 11.289571487459646 0.35670740819873853 0.051688631622799304
16000 0.012665232792310424 0 11.289364148472908 0.35671094456558955 0.05168877862225896
16050 0.012665232791895823 0 11.289306474882396 0.3567119282580317 0.05168881951164846
16100 0.012665232791800556 0 11.289355943983281 0.35671108449866734 0.05168878443842546
16150 0.012665232791800556 0 11.289355943983281 0.35671108449866734 0.05168878443842546
16200 0.012665232791800556 0 11.289355943983281 0.35671108449866734 0.05168878443842546
16250 0.012665232791372258 0 11.289277465681511 0.35671242303985784 0.05168884007856375
16300 0.012665232790734879 0 11.28932566776509 0.3567116008721173 0.051688805903603925
16350 0.012665232790153873 0 11.289297893324521 0.356712074594191 0.051688825594793056
16400 0.012665232790153873 0 11.289297893324521 0.356712074594191 0.051688825594793056
16450 0.012665232790153873 0 11.289297893324521 0.356712074594191 0.051688825594793056
16500 0.012665232790153873 0 11.289297893324521 0.356712074594191 0.051688825594793056
16550 0.012665232790153873 0 11.289297893324521 0.356712074594191 0.051688825594793056
16600 0.012665232790153873 0 11.289297893324521 0.356712074594191 0.051688825594793056
16650 0.012665232790153873 0 11.289297893324521 0.356712074594191 0.051688825594793056
16700 0.012665232789916313 0 11.289242651559997 0.3567130168178211 0.0516888647605214
16750 0.012665232789916313 0 11.289242651559997 0.3567130168178211 0.0516888647605214
16800 0.012665232789776883 0 11.28920409384012 0.3567136744724151 0.05168889209790406
16850 0.012665232789776883 0 11.28920409384012 0.3567136744724151 0.05168889209790406
16900 0.01266523278957181 0 11.289222310215107 0.3567133637635405 0.051688879182189486
16950 0.012665232789296904 0 11.28917933255923 0.3567140968082334 0.05168890965311817
17000 0.012665232789296904 0 11.28917933255923 0.3567140968082334 0.05168890965311817
17050 0.012665232789296904 0 11.28917933255923 0.3567140968082334 0.05168890965311817
17100 0.012665232788928714 0 11.289159578127732 0.35671443374567274 0.05168892365871285
17150 0.012665232788928714 0 11.289159578127732 0.35671443374567274 0.05168892365871285
17200 0.012665232788928714 0 11.289159578127732 0.35671443374567274 0.05168892365871285
17250 0.012665232788928714 0 11.289159578127732 0.35671443374567274 0.05168892365871285
17300 0.012665232788928714 0 11.289159578127732 0.35671443374567274 0.05168892365871285
17350 0.012665232788820271 0 11.289126211394295 0.35671500286835517 0.0516889473157542
17400 0.012665232788820271 0 11.289126211394295 0.35671500286835517 0.0516889473157542
17450 0.012665232788820271 0 11.289126211394295 0.35671500286835517 0.0516889473157542
17500 0.012665232788820271 0 11.289126211394295 0.35671500286835517 0.0516889473157542
17550 0.012665232788658828 0 11.2891267872348 0.35671499304384574 0.05168894690733837
17600 0.012665232788658828 0 11.2891267872348 0.35671499304384574 0.05168894690733837
17650 0.012665232788658828 0 11.2891267872348 0.35671499304384574 0.05168894690733837
17700 0.012665232788658828 0 11.2891267872348 0.35671499304384574 0.05168894690733837
17750 0.012665232788658828 0 11.2891267872348 0.35671499304384574 0.05168894690733837
17800 0.012665232788575375 0 11.289120318321732 0.3567151033810729 0.0516889514937293
17850 0.012665232788575375 0 11.289120318321732 0.3567151033810729 0.0516889514937293
17900 0.012665232788575375 0 11.289120318321732 0.3567151033810729 0.0516889514937293
17950 0.012665232788575375 0 11.289120318321732 0.3567151033810729 0.0516889514937293
18000 0.012665232788575375 0 11.289120318321732 0.3567151033810729 0.0516889514937293
18050 0.012665232788575375 0 11.289120318321732 0.3567151033810729 0.0516889514937293
18100 0.012665232788575375 0 11.289120318321732 0.3567151033810729 0.0516889514937293
18150 0.012665232788536776 0 11.28908997325396 0.35671562096803183 0.0516889730085162
18200 0.012665232788536776 0 11.28908997325396 0.35671562096803183 0.0516889730085162
18250 0.012665232788536776 0 11.28908997325396 0.35671562096803183 0.0516889730085162
18300 0.012665232788536776 0 11.28908997325396 0.35671562096803183 0.0516889730085162
18350 0.012665232788475141 0 11.289069814504664 0.3567159648102831 0.051688987301168964
18400 0.012665232788475141 0 11.289069814504664 0.3567159648102831 0.051688987301168964
18450 0.012665232788425476 0 11.289065515003626 0.35671603814530384 0.05168899034950132
18500 0.012665232788425476 0 11.289065515003626 0.35671603814530384 0.05168899034950132
18550 0.012665232788425476 0 11.289065515003626 0.35671603814530384 0.05168899034950132
18600 0.012665232788425476 0 11.289065515003626 0.35671603814530384 0.05168899034950132
18650 0.012665232788425476 0 11.289065515003626 0.35671603814530384 0.05168899034950132
18700 0.012665232788425476 0 11.289065515003626 0.35671603814530384 0.05168899034950132
18750 0.012665232788425476 0 11.289065515003626 0.35671603814530384 0.05168899034950132
18800 0.012665232788425476 0 11.289065515003626 0.35671603814530384 0.05168899034950132
18850 0.012665232788416702 0 11.289055320184636 0.35671621203641857 0.05168899757770249
18900 0.01266523278839847 0 11.289056343323848 0.3567161945846197 0.05168899685227143
18950 0.01266523278839847 0 11.289056343323848 0.3567161945846197 0.05168899685227143
19000 0.01266523278839847 0 11.289056343323848 0.3567161945846197 0.05168899685227143
19050 0.01266523278839847 0 11.289056343323848 0.3567161945846197 0.05168899685227143
19100 0.01266523278839847 0 11.289056343323848 0.3567161945846197 0.05168899685227143
19150 0.012665232788394687 0 11.28905412575058 0.35671623240934586 0.051688998424546086
19200 0.012665232788394687 0 11.28905412575058 0.35671623240934586 0.051688998424546086
19250 0.012665232788394687 0 11.28905412575058 0.35671623240934586 0.051688998424546086
19300 0.012665232788394687 0 11.28905412575058 0.35671623240934586 0.051688998424546086
19350 0.01266523278839459 0 11.28904025627802 0.356716468978758 0.05168900825813664
19400 0.01266523278837967 0 11.28903567256527 0.35671654716236567 0.05168901150801648
19450 0.012665232788379204 0 11.289038868348236 0.35671649265233696 0.051689009242171985
19500 0.012665232788379204 0 11.289038868348236 0.35671649265233696 0.051689009242171985
19550 0.012665232788379204 0 11.289038868348236 0.35671649265233696 0.051689009242171985
19600 0.012665232788379204 0 11.289038868348236 0.35671649265233696 0.051689009242171985
19650 0.012665232788379204 0 11.289038868348236 0.35671649265233696 0.051689009242171985
19700 0.012665232788379204 0 11.289038868348236 0.35671649265233696 0.051689009242171985
19750 0.012665232788379204 0 11.289038868348236 0.35671649265233696 0.051689009242171985
19800 0.012665232788379204 0 11.289038868348236 0.35671649265233696 0.051689009242171985
19850 0.012665232788371427 0 11.289030221042353 0.3567166401482036 0.05168901537319407
19900 0.012665232788371427 0 11.289030221042353 0.3567166401482036 0.05168901537319407
19950 0.012665232788371427 0 11.289030221042353 0.3567166401482036 0.05168901537319407
20000 0.012665232788369915 0 11.289034659973483 0.35671656443388566 0.05168901222594377
20050 0.012665232788367172 0 11.289032616431934 0.35671659929027066 0.05168901367483362
20100 0.01266523278836666 0 11.289026907761643 0.35671669666237715 0.05168901772234107
20150 0.01266523278836595 0 11.28903137273905 0.3567166205037763 0.051689014556623225
20200 0.01266523278836488 0 11.289029263624256 0.35671665647869316 0.05168901605200596
20250 0.012665232788362221 0 11.289026497951534 0.3567167036524121 0.05168901801289546
20300 0.012665232788357829 0 11.289022121424157 0.3567167783023194 0.05168902111589627
20350 0.012665232788357829 0 11.289022121424157 0.3567167783023194 0.05168902111589627
20400 0.012665232788356429 0 11.28902069430069 0.35671680264461497 0.0516890221277403
20450 0.012665232788355263 0 11.289024523601986 0.35671673732859693 0.05168901941272238
20500 0.012665232788353093 0 11.289025092264868 0.3567167276289563 0.051689019009531136
20550 0.012665232788353093 0 11.289025092264868 0.3567167276289563 0.051689019009531136
20600 0.012665232788353093 0 11.289025092264868 0.3567167276289563 0.051689019009531136
20650 0.012665232788350394 0 11.28902206710566 0.35671677922874334 0.0516890211543994
20700 0.012665232788347853 0 11.289015931428214 0.3567168838843854 0.05168902550466048
20750 0.012665232788347853 0 11.289015931428214 0.3567168838843854 0.05168902550466048
20800 0.012665232788347853 0 11.289015931428214 0.3567168838843854 0.05168902550466048
20850 0.012665232788347853 0 11.289015931428214 0.3567168838843854 0.05168902550466048
20900 0.012665232788347853 0 11.289015931428214 0.3567168838843854 0.05168902550466048
20950 0.01266523278834745 0 11.289015314103066 0.35671689441404075 0.05168902594235066
21000 0.01266523278834745 0 11.289015314103066 0.35671689441404075 0.05168902594235066
21050 0.012665232788345837 0 11.289017384117146 0.35671685910597156 0.05168902447468547
21100 0.012665232788344619 0 11.289015525496596 0.35671689080828134 0.05168902579246723
21150 0.012665232788344619 0 11.289015525496596 0.35671689080828134 0.05168902579246723
21200 0.012665232788344074 0 11.289011868099992 0.35671695319217916 0.051689028385603415
21250 0.012665232788341025 0 11.289012261322597 0.3567169464849845 0.05168902810679982
21300 0.012665232788339021 0 11.289011058952248 0.3567169669936911 0.05168902895929249
21350 0.01266523278833834 0 11.289009484888618 0.356716993842372 0.05168903007532094
21400 0.01266523278833834 0 11.289009484888618 0.356716993842372 0.05168903007532094
21450 0.01266523278833679 0 11.28900825687146 0.3567170147885468 0.05168903094599825
21500 0.01266523278833679 0 11.28900825687146 0.3567170147885468 0.05168903094599825
21550 0.01266523278833679 0 11.28900825687146 0.3567170147885468 0.05168903094599825
21600 0.01266523278833679 0 11.28900825687146 0.3567170147885468 0.05168903094599825
21650 0.0126652327883366 0 11.28900775404553 0.3567170233652114 0.05168903130250754
21700 0.0126652327883366 0 11.28900775404553 0.3567170233652114 0.05168903130250754
21750 0.0126652327883366 0 11.28900775404553 0.3567170233652114 0.05168903130250754
21800 0.0126652327883366 0 11.28900775404553 0.3567170233652114 0.05168903130250754
21850 0.0126652327883366 0 11.28900775404553 0.3567170233652114 0.05168903130250754
21900 0.01266523278833589 0 11.289007915696146 0.35671702060793875 0.051689031187894564
21950 0.012665232788335128 0 11.289005439449951 0.3567170628450914 0.05168903294358193
22000 0.012665232788335128 0 11.289005439449951 0.3567170628450914 0.05168903294358193
22050 0.012665232788335128 0 11.289005439449951 0.3567170628450914 0.05168903294358193
22100 0.012665232788334067 0 11.289004943799798 0.35671707129935165 0.05168903329500259
22150 0.012665232788334067 0 11.289004943799798 0.35671707129935165 0.05168903329500259
22200 0.012665232788334067 0 11.289004943799798 0.35671707129935165 0.05168903329500259
22250 0.012665232788334067 0 11.289004943799798 0.35671707129935165 0.05168903329500259
22300 0.012665232788334067 0 11.289004943799798 0.35671707129935165 0.05168903329500259
22350 0.012665232788333678 0 11.28900310049526 0.35671710274048296 0.051689034601927
22400 0.012665232788332613 0 11.289001731774686 0.35671712608665146 0.051689035572365725
22450 0.012665232788332613 0 11.289001731774686 0.35671712608665146 0.051689035572365725
22500 0.012665232788332613 0 11.289001731774686 0.35671712608665146 0.051689035572365725
22550 0.0126652327883326 0 11.28900236729464 0.35671711524662336 0.05168903512177436
22600 0.0126652327883317 0 11.289000574873803 0.35671714581983227 0.05168903639262172
22650 0.0126652327883317 0 11.289000574873803 0.35671714581983227 0.05168903639262172
22700 0.0126652327883317 0 11.289000574873803 0.35671714581983227 0.05168903639262172
22750 0.0126652327883317 0 11.289000574873803 0.35671714581983227 0.05168903639262172
22800 0.012665232788331565 0 11.288999110320518 0.35671717080063986 0.05168903743100782
22850 0.01266523278833151 0 11.28899947492461 0.3567171645816032 0.05168903717249915
22900 0.01266523278833118 0 11.289000216991683 0.35671715192420406 0.05168903664636379
22950 0.012665232788330625 0 11.289000519634127 0.35671714676203964 0.05168903643178606
23000 0.012665232788330625 0 11.289000519634127 0.35671714676203964 0.05168903643178606
23050 0.01266523278833058 0 11.288999215141612 0.3567171690126976 0.05168903735668739
23100 0.01266523278833058 0 11.288999215141612 0.3567171690126976 0.05168903735668739
23150 0.012665232788330245 0 11.288998761096359 0.35671717675732256 0.051689037678610536
23200 0.012665232788330245 0 11.288998761096359 0.35671717675732256 0.051689037678610536
23250 0.012665232788329726 0 11.28899835299912 0.35671718371820915 0.051689037967956035
23300 0.012665232788329626 0 11.288997415745195 0.35671719970490146 0.0516890386324807
23350 0.012665232788329513 0 11.288997564979109 0.3567171971594258 0.051689038526671754
23400 0.012665232788329272 0 11.288997376951013 0.35671720036660887 0.05168903865998576
23450 0.012665232788329272 0 11.288997376951013 0.35671720036660887 0.05168903865998576
23500 0.012665232788329114 0 11.288997592796317 0.35671719668494345 0.0516890385069486
23550 0.012665232788329026 0 11.288997164292018 0.35671720399391876 0.05168903881076346
23600 0.012665232788328939 0 11.288997029686493 0.35671720628987863 0.05168903890620031
23650 0.012665232788328616 0 11.288996580647375 0.35671721394911404 0.051689039224574296
23700 0.01266523278832845 0 11.288996498408634 0.35671721535185397 0.05168903928288244
23750 0.012665232788328288 0 11.288995846753503 0.3567172264671043 0.051689039744913914
23800 0.012665232788328288 0 11.288995846753503 0.3567172264671043 0.051689039744913914
23850 0.012665232788328288 0 11.288995846753503 0.3567172264671043 0.051689039744913914
23900 0.012665232788328101 0 11.288995452649825 0.35671723318931187 0.05168904002433812
23950 0.01266523278832787 0 11.28899544502758 0.35671723331931987 0.05168904002974222
24000 0.01266523278832787 0 11.28899544502758 0.35671723331931987 0.05168904002974222
24050 0.01266523278832783 0 11.288995353223752 0.3567172348852137 0.05168904009483222
24100 0.012665232788327659 0 11.28899478086141 0.3567172446479732 0.05168904050064403
24150 0.012665232788327535 0 11.288994745067283 0.3567172452585092 0.05168904052602249
24200 0.012665232788327103 0 11.288993665229798 0.3567172636772469 0.051689041291640515
24250 0.012665232788327103 0 11.288993665229798 0.3567172636772469 0.051689041291640515
24300 0.012665232788326599 0 11.288993042903941 0.3567172742922288 0.05168904173287687
24350 0.012665232788326599 0 11.288993042903941 0.3567172742922288 0.05168904173287687
24400 0.012665232788326599 0 11.288993042903941 0.3567172742922288 0.05168904173287687
24450 0.012665232788326599 0 11.288993042903941 0.3567172742922288 0.05168904173287687
24500 0.01266523278832653 0 11.288993207682438 0.3567172714816079 0.051689041616046705
24550 0.012665232788326515 0 11.288992784002644 0.35671727870829945 0.05168904191644094
24600 0.012665232788326337 0 11.288992134621848 0.3567172897847591 0.05168904237686019
24650 0.012665232788326162 0 11.288992152803035 0.3567172894746416 0.05168904236396926
24700 0.012665232788326162 0 11.288992152803035 0.3567172894746416 0.05168904236396926
24750 0.012665232788326162 0 11.288992152803035 0.3567172894746416 0.05168904236396926
24800 0.012665232788326077 0 11.288992186649804 0.35671728889731746 0.05168904233997137
24850 0.01266523278832605 0 11.28899199766135 0.356717292120887 0.05168904247396652
24900 0.01266523278832605 0 11.28899199766135 0.356717292120887 0.05168904247396652
24950 0.012665232788325945 0 11.288992163263654 0.3567172892962126 0.05168904235655229
25000 0.012665232788325945 0 11.288992163263654 0.3567172892962126 0.05168904235655229
25050 0.012665232788325846 0 11.28899193150865 0.3567172932492484 0.05168904252086942
25100 0.012665232788325527 0 11.288991492685792 0.3567173007342297 0.05168904283200014
25150 0.012665232788325527 0 11.288991492685792 0.3567173007342297 0.05168904283200014
25200 0.012665232788325348 0 11.288991033880913 0.3567173085600464 0.05168904315729849
25250 0.01266523278832534 0 11.288990966724102 0.35671730970553767 0.051689043204913535
25300 0.01266523278832534 0 11.288990966724102 0.35671730970553767 0.051689043204913535
25350 0.012665232788325294 0 11.288990938147904 0.3567173101929605 0.05168904322517436
25400 0.012665232788325277 0 11.288990659953495 0.35671731493811365 0.051689043422417716
25450 0.012665232788325277 0 11.288990659953495 0.35671731493811365 0.051689043422417716
25500 0.012665232788325159 0 11.288990507635434 0.3567173175361959 0.05168904353041308
25550 0.012665232788325096 0 11.28899018530035 0.3567173230342537 0.05168904375895278
25600 0.012665232788325096 0 11.28899018530035 0.3567173230342537 0.05168904375895278
25650 0.012665232788325029 0 11.288990414365166 0.356717319127102 0.05168904359654277
25700 0.012665232788325029 0 11.288990414365166 0.356717319127102 0.05168904359654277
25750 0.012665232788325029 0 11.288990414365166 0.356717319127102 0.05168904359654277
25800 0.012665232788324893 0 11.28898995152266 0.3567173270217903 0.05168904392470391
25850 0.012665232788324873 0 11.288989691272006 0.35671733146087753 0.051689044109224945
25900 0.012665232788324678 0 11.28898895205476 0.35671734406968103 0.05168904463333936
25950 0.012665232788324677 0 11.288988889880896 0.35671734513017944 0.05168904467742138
26000 0.01266523278832442 0 11.288988263023095 0.3567173558224705 0.051689045121871516
26050 0.012665232788324278 0 11.288987900047738 0.35671736201373017 0.05168904537922556
26100 0.01266523278832403 0 11.288987455448366 0.35671736959724565 0.05168904569445211
26150 0.01266523278832391 0 11.288987678516968 0.35671736579236946 0.05168904553629338
26200 0.012665232788323775 0 11.2889868829022 0.3567173793631482 0.051689046100394515
26250 0.012665232788323643 0 11.288987014573209 0.35671737711723744 0.051689046007037893
26300 0.012665232788323643 0 11.288987014573209 0.35671737711723744 0.051689046007037893
26350 0.012665232788323643 0 11.288987014573209 0.35671737711723744 0.051689046007037893
26400 0.012665232788323643 0 11.288987014573209 0.35671737711723744 0.051689046007037893
26450 0.012665232788323643 0 11.288987014573209 0.35671737711723744 0.051689046007037893
26500 0.012665232788323509 0 11.288986237449086 0.3567173903726225 0.05168904655802897
26550 0.012665232788323509 0 11.288986237449086 0.3567173903726225 0.05168904655802897
26600 0.01266523278832342 0 11.288986204750758 0.3567173909303563 0.05168904658121239
26650 0.01266523278832342 0 11.288986204750758 0.3567173909303563 0.05168904658121239
26700 0.01266523278832342 0 11.288986204750758 0.3567173909303563 0.05168904658121239
26750 0.01266523278832342 0 11.288986204750758 0.3567173909303563 0.05168904658121239
26800 0.01266523278832324 0 11.288986126550082 0.3567173922642211 0.0516890466366575
26850 0.01266523278832324 0 11.288986126550082 0.3567173922642211 0.0516890466366575
26900 0.01266523278832322 0 11.288985720331654 0.3567173991930791 0.0516890469246717
26950 0.01266523278832322 0 11.288985720331654 0.3567173991930791 0.0516890469246717
27000 0.012665232788323167 0 11.2889855888743 0.3567174014353438 0.05168904701787662
27050 0.012665232788323141 0 11.28898540915868 0.35671740450074896 0.05168904714529733
27100 0.012665232788323075 0 11.28898517078408 0.3567174085666984 0.051689047314308005
27150 0.012665232788323075 0 11.28898517078408 0.3567174085666984 0.051689047314308005
27200 0.012665232788323004 0 11.288984870719965 0.3567174136848847 0.05168904752705736
27250 0.012665232788323004 0 11.288984870719965 0.3567174136848847 0.05168904752705736
27300 0.012665232788322881 0 11.288984939185303 0.3567174125170718 0.05168904747851435
27350 0.012665232788322881 0 11.288984939185303 0.3567174125170718 0.05168904747851435
27400 0.012665232788322881 0 11.288984939185303 0.3567174125170718 0.05168904747851435
27450 0.012665232788322761 0 11.28898450829308 0.3567174198667896 0.05168904778402254
27500 0.012665232788322761 0 11.28898450829308 0.3567174198667896 0.05168904778402254
27550 0.012665232788322761 0 11.28898450829308 0.3567174198667896 0.05168904778402254
27600 0.012665232788322761 0 11.28898450829308 0.3567174198667896 0.05168904778402254
27650 0.012665232788322761 0 11.28898450829308 0.3567174198667896 0.05168904778402254
27700 0.012665232788322761 0 11.28898450829308 0.3567174198667896 0.05168904778402254
27750 0.012665232788322761 0 11.28898450829308 0.3567174198667896 0.05168904778402254
27800 0.012665232788322725 0 11.288984576060672 0.356717418710879 0.05168904773597436
27850 0.012665232788322638 0 11.288984156328139 0.3567174258702472 0.05168904803357021
27900 0.012665232788322638 0 11.288984156328139 0.3567174258702472 0.05168904803357021
27950 0.012665232788322638 0 11.288984156328139 0.3567174258702472 0.05168904803357021
28000 0.012665232788322638 0 11.288984156328139 0.3567174258702472 0.05168904803357021
28050 0.01266523278832263 0 11.288984231626259 0.35671742458588857 0.05168904798018283
28100 0.012665232788322624 0 11.28898430747009 0.35671742329222184 0.05168904792640854
28150 0.012665232788322578 0 11.288984165824923 0.35671742570826004 0.05168904802683679
28200 0.012665232788322578 0 11.288984165824923 0.35671742570826004 0.05168904802683679
28250 0.012665232788322578 0 11.288984165824923 0.35671742570826004 0.05168904802683679
28300 0.01266523278832255 0 11.288983788773905 0.3567174321396117 0.051689048294170946
28350 0.012665232788322506 0 11.288983787693644 0.3567174321580373 0.05168904829493681
28400 0.012665232788322506 0 11.288983787693644 0.3567174321580373 0.05168904829493681
28450 0.012665232788322506 0 11.288983787693644 0.3567174321580373 0.05168904829493681
28500 0.012665232788322493 0 11.288983531331889 0.35671743653079496 0.05168904847670069
28550 0.012665232788322465 0 11.288983366911028 0.35671743933531835 0.051689048593277234
28600 0.012665232788322446 0 11.288983172568493 0.3567174426502153 0.05168904873106866
28650 0.012665232788322446 0 11.288983172568493 0.3567174426502153 0.05168904873106866
28700 0.012665232788322364 0 11.288983045933502 0.35671744481022505 0.051689048820854476
28750 0.012665232788322356 0 11.288982838290377 0.3567174483519904 0.05168904896807621
28800 0.012665232788322356 0 11.288982838290377 0.3567174483519904 0.05168904896807621
28850 0.012665232788322354 0 11.288982860992842 0.3567174479647547 0.05168904895197986
28900 0.012665232788322354 0 11.288982860992842 0.3567174479647547 0.05168904895197986
28950 0.012665232788322331 0 11.288983041508834 0.3567174448856963 0.05168904882399158
29000 0.012665232788322331 0 11.288983041508834 0.3567174448856963 0.05168904882399158
29050 0.012665232788322303 0 11.28898328364594 0.35671744075556744 0.05168904865231311
29100 0.012665232788322303 0 11.28898328364594 0.35671744075556744 0.05168904865231311
29150 0.012665232788322277 0 11.288982667004056 0.35671745127361754 0.0516890490895204
29200 0.012665232788322245 0 11.288982521377575 0.3567174537575656 0.05168904919277149
29250 0.012665232788322229 0 11.288983227722072 0.3567174417094591 0.05168904869196378
29300 0.012665232788322229 0 11.288983227722072 0.3567174417094591 0.05168904869196378
29350 0.012665232788322229 0 11.288983227722072 0.3567174417094591 0.05168904869196378
29400 0.01266523278832222 0 11.28898279014415 0.3567174491732183 0.051689049002212356
29450 0.012665232788322198 0 11.288982321294007 0.35671745717038733 0.05168904933463336
29500 0.012665232788322182 0 11.288982662358773 0.356717451352851 0.05168904909281385
29550 0.012665232788322135 0 11.288982033038781 0.3567174620871515 0.051689049539010115
29600 0.012665232788322135 0 11.288982033038781 0.3567174620871515 0.051689049539010115
29650 0.012665232788322127 0 11.288982100449358 0.35671746093733026 0.0516890494912151
29700 0.01266523278832206 0 11.288982265696486 0.3567174581187119 0.051689049374052574
29750 0.01266523278832206 0 11.288982265696486 0.3567174581187119 0.051689049374052574
29800 0.012665232788322035 0 11.288982042538747 0.35671746192510984 0.05168904953227437
29850 0.012665232788322035 0 11.288982042538747 0.35671746192510984 0.05168904953227437
29900 0.012665232788322002 0 11.288981989948393 0.3567174628221423 0.0516890495695616
29950 0.012665232788321962 0 11.288981824632739 0.35671746564192863 0.05168904968677256
30000 0.012665232788321813 0 11.288981293355151 0.3567174747039211 0.05168905006345535
30050 0.012665232788321813 0 11.288981293355151 0.3567174747039211 0.05168905006345535
30100 0.012665232788321813 0 11.288981293355151 0.3567174747039211 0.05168905006345535
30150 0.012665232788321813 0 11.288981293355151 0.3567174747039211 0.05168905006345535
30200 0.012665232788321804 0 11.28898146599408 0.3567174717592211 0.05168904994105202
30250 0.012665232788321759 0 11.288981469370633 0.35671747170162726 0.05168904993865791
30300 0.012665232788321735 0 11.288981225723367 0.35671747585751473 0.0516890501114071
30350 0.012665232788321693 0 11.28898097477148 0.3567174801379973 0.05168905028933532
30400 0.012665232788321693 0 11.28898097477148 0.3567174801379973 0.05168905028933532
30450 0.012665232788321585 0 11.288980918149232 0.3567174811038013 0.05168905032948111
30500 0.01266523278832155 0 11.288980754264504 0.3567174838991807 0.05168905044567755
30550 0.01266523278832155 0 11.288980754264504 0.3567174838991807 0.05168905044567755
30600 0.01266523278832151 0 11.288980607815793 0.3567174863971542 0.05168905054951161
30650 0.012665232788321506 0 11.288980656032608 0.35671748557472027 0.05168905051532525
30700 0.012665232788321506 0 11.288980656032608 0.35671748557472027 0.05168905051532525
30750 0.012665232788321506 0 11.288980656032608 0.35671748557472027 0.05168905051532525
30800 0.012665232788321405 0 11.28898046818115 0.35671748877889925 0.05168905064851435
30850 0.012665232788321405 0 11.28898046818115 0.35671748877889925 0.05168905064851435
30900 0.012665232788321405 0 11.28898046818115 0.35671748877889925 0.05168905064851435
30950 0.012665232788321405 0 11.28898046818115 0.35671748877889925 0.05168905064851435
31000 0.012665232788321405 0 11.28898046818115 0.35671748877889925 0.05168905064851435
31050 0.01266523278832138 0 11.288980350849455 0.35671749078022436 0.05168905073170407
31100 0.01266523278832138 0 11.288980350849455 0.35671749078022436 0.05168905073170407
31150 0.012665232788321363 0 11.288980211790214 0.356717493152156 0.051689050830298934
31200 0.012665232788321363 0 11.288980211790214 0.356717493152156 0.051689050830298934
31250 0.012665232788321363 0 11.288980211790214 0.356717493152156 0.051689050830298934
31300 0.012665232788321311 0 11.288980036416383 0.35671749614350495 0.05168905095464129
31350 0.012665232788321311 0 11.288980036416383 0.35671749614350495 0.05168905095464129
31400 0.012665232788321308 0 11.28898003708537 0.35671749613209414 0.05168905095416696
31450 0.012665232788321308 0 11.28898003708537 0.35671749613209414 0.05168905095416696
31500 0.01266523278832129 0 11.288980026334658 0.3567174963154687 0.05168905096178934
31550 0.01266523278832129 0 11.288980026334658 0.3567174963154687 0.05168905096178934
31600 0.01266523278832129 0 11.288980026334658 0.3567174963154687 0.05168905096178934
31650 0.01266523278832129 0 11.288980026334658 0.3567174963154687 0.05168905096178934
31700 0.012665232788321283 0 11.288979753675005 0.35671750096622157 0.05168905115510872
31750 0.012665232788321264 0 11.288979861955955 0.35671749911927425 0.05168905107833603
31800 0.012665232788321264 0 11.288979861955955 0.35671749911927425 0.05168905107833603
31850 0.012665232788321235 0 11.288979743375004 0.35671750114190803 0.0516890511624115
31900 0.012665232788321235 0 11.288979743375004 0.35671750114190803 0.0516890511624115
31950 0.012665232788321223 0 11.288979633733451 0.3567175030120627 0.05168905124014884
32000 0.012665232788321223 0 11.288979633733451 0.3567175030120627 0.05168905124014884
32050 0.012665232788321183 0 11.288979490706412 0.3567175054516731 0.051689051341556894
32100 0.012665232788321183 0 11.288979490706412 0.3567175054516731 0.051689051341556894
32150 0.012665232788321183 0 11.288979490706412 0.3567175054516731 0.051689051341556894
32200 0.012665232788321166 0 11.288979501839552 0.35671750526177504 0.051689051333663326
32250 0.012665232788321166 0 11.288979418882848 0.3567175066767668 0.051689051392480756
32300 0.012665232788321141 0 11.288979322914717 0.35671750831369403 0.05168905146052343
32350 0.012665232788321141 0 11.288979322914717 0.35671750831369403 0.05168905146052343
32400 0.012665232788321141 0 11.288979322914717 0.35671750831369403 0.05168905146052343
32450 0.012665232788321141 0 11.288979322914717 0.35671750831369403 0.05168905146052343
32500 0.012665232788321119 0 11.288979318951744 0.3567175083812902 0.051689051463333205
32550 0.01266523278832111 0 11.288979304305357 0.3567175086311134 0.05168905147371768
32600 0.01266523278832111 0 11.288979304305357 0.3567175086311134 0.05168905147371768
32650 0.01266523278832111 0 11.288979304305357 0.3567175086311134 0.05168905147371768
32700 0.012665232788321107 0 11.288979248808538 0.35671750957772214 0.05168905151306567
32750 0.012665232788321107 0 11.288979248808538 0.35671750957772214 0.05168905151306567
32800 0.012665232788321068 0 11.288978961312651 0.35671751448153655 0.05168905171690412
32850 0.012665232788321068 0 11.288978961312651 0.35671751448153655 0.05168905171690412
32900 0.012665232788321051 0 11.288978891356402 0.35671751567477955 0.05168905176650403
32950 0.012665232788321035 0 11.288978797207696 0.356717517280673 0.05168905183325673
33000 0.012665232788321022 0 11.28897894887512 0.35671751469368285 0.05168905172572244
33050 0.012665232788321022 0 11.28897894887512 0.35671751469368285 0.05168905172572244
33100 0.012665232788321022 0 11.288978711199297 0.3567175187477175 0.051689051894237836
33150 0.012665232788320982 0 11.288978654623484 0.3567175197127303 0.0516890519343508
33200 0.01266523278832097 0 11.28897865992789 0.3567175196222529 0.0516890519305899
33250 0.01266523278832097 0 11.28897865992789 0.3567175196222529 0.0516890519305899
33300 0.01266523278832096 0 11.288978689817919 0.3567175191124189 0.051689051909397446
33350 0.01266523278832096 0 11.288978689817919 0.3567175191124189 0.051689051909397446
33400 0.012665232788320947 0 11.288978481957177 0.35671752265789775 0.05168905205677353
33450 0.01266523278832094 0 11.28897846300773 0.35671752298111825 0.051689052070208935
33500 0.01266523278832094 0 11.28897846300773 0.35671752298111825 0.051689052070208935
33550 0.01266523278832092 0 11.288978487774315 0.3567175225586746 0.05168905205264906
33600 0.012665232788320865 0 11.288978248511693 0.35671752663977485 0.05168905222228946
33650 0.012665232788320865 0 11.288978248511693 0.35671752663977485 0.05168905222228946
33700 0.012665232788320865 0 11.288978248511693 0.35671752663977485 0.05168905222228946
33750 0.012665232788320865 0 11.288978248511693 0.35671752663977485 0.05168905222228946
33800 0.012665232788320843 0 11.288978167191752 0.3567175280268483 0.05168905227994638
33850 0.012665232788320824 0 11.288978068467571 0.3567175297107858 0.05168905234994314
33900 0.012665232788320824 0 11.288978068467571 0.3567175297107858 0.05168905234994314
33950 0.012665232788320824 0 11.288978061035282 0.35671752983755833 0.05168905235521274
34000 0.012665232788320824 0 11.288978061035282 0.35671752983755833 0.05168905235521274
34050 0.012665232788320794 0 11.28897789947713 0.3567175325932544 0.05168905246975964
34100 0.012665232788320794 0 11.28897789947713 0.3567175325932544 0.05168905246975964
34150 0.012665232788320794 0 11.28897789947713 0.3567175325932544 0.05168905246975964
34200 0.012665232788320794 0 11.28897789947713 0.3567175325932544 0.05168905246975964
34250 0.012665232788320794 0 11.28897789947713 0.3567175325932544 0.05168905246975964
34300 0.012665232788320794 0 11.28897789947713 0.3567175325932544 0.05168905246975964
34350 0.01266523278832077 0 11.288977846464398 0.35671753349749197 0.05168905250734636
34400 0.012665232788320767 0 11.288977862423161 0.3567175332252834 0.051689052496031375
34450 0.012665232788320756 0 11.288977780061535 0.35671753463012507 0.05168905255442688
34500 0.012665232788320756 0 11.288977780061535 0.35671753463012507 0.05168905255442688
34550 0.012665232788320737 0 11.288977705036018 0.3567175359098347 0.051689052607620974
34600 0.012665232788320737 0 11.288977705036018 0.3567175359098347 0.051689052607620974
34650 0.012665232788320737 0 11.288977705036018 0.3567175359098347 0.051689052607620974
34700 0.012665232788320737 0 11.288977705036018 0.3567175359098347 0.051689052607620974
34750 0.012665232788320732 0 11.288977719519957 0.35671753566278214 0.051689052597351653
34800 0.012665232788320727 0 11.288977684904179 0.3567175362532232 0.05168905262189471
34850 0.012665232788320727 0 11.288977684904179 0.3567175362532232 0.05168905262189471
34900 0.012665232788320727 0 11.288977684904179 0.3567175362532232 0.05168905262189471
34950 0.012665232788320727 0 11.288977684904179 0.3567175362532232 0.05168905262189471
35000 0.012665232788320725 0 11.288977577530554 0.3567175380846946 0.051689052698024075
35050 0.012665232788320697 0 11.288977530497114 0.3567175388869434 0.05168905273137139
35100 0.012665232788320697 0 11.288977530497114 0.3567175388869434 0.05168905273137139
35150 0.012665232788320697 0 11.288977530497114 0.3567175388869434 0.05168905273137139
35200 0.012665232788320687 0 11.288977442717663 0.35671754038419695 0.05168905279360821
35250 0.012665232788320682 0 11.288977370632614 0.35671754161375124 0.05168905284471749
35300 0.012665232788320676 0 11.288977480926746 0.3567175397324647 0.05168905276651744
35350 0.012665232788320671 0 11.288977371606883 0.356717541597133 0.05168905284402671
35400 0.01266523278832067 0 11.288977357206626 0.35671754184275806 0.05168905285423669
35450 0.012665232788320662 0 11.288977321191878 0.35671754245706144 0.05168905287977162
35500 0.012665232788320662 0 11.288977321191878 0.35671754245706144 0.05168905287977162
35550 0.012665232788320636 0 11.288977143861505 0.35671754548178447 0.05168905300550126
35600 0.012665232788320636 0 11.288977143861505 0.35671754548178447 0.05168905300550126
35650 0.012665232788320631 0 11.28897719270309 0.3567175446486937 0.051689052970871896
35700 0.012665232788320631 0 11.28897719270309 0.3567175446486937 0.051689052970871896
35750 0.012665232788320628 0 11.288977116509239 0.35671754594833194 0.05168905302489438
35800 0.012665232788320607 0 11.288977118861618 0.35671754590820715 0.05168905302322648
35850 0.012665232788320607 0 11.288977118861618 0.35671754590820715 0.05168905302322648
35900 0.012665232788320607 0 11.288977118861618 0.35671754590820715 0.05168905302322648
35950 0.012665232788320595 0 11.288977030966269 0.35671754740743766 0.05168905308554547
*---*---*---*---*---*---*---*---*---*---*---*---*---*---*---*---*---*---*---*---*
Status: Finished
Last individual
0.012665232788320595 0 11.288977030966269 0.35671754740743766 0.05168905308554547
Hall of fame
0.012665232788320595 0 11.288977030966269 0.35671754740743766 0.05168905308554547
Last factible individual
0.012665232788320595 0 11.288977030966269 0.35671754740743766 0.05168905308554547
CPU time used (seconds)
1.7862196160003805
