*---*---*---*---*---*---*---*---*---*---*---*---*---*---*---*---*---*---*---*---*
Algorithm: Differential Evolution
Constrainth handling method: DEB
Function: 21
Case: continuous
Seed: 2
Parents size: 50
Offsprings size: 50
maxFe: 36000
CR: 0.9
F: 0.6
rweights: -
*---*---*---*---*---*---*---*---*---*---*---*---*---*---*---*---*---*---*---*---*
ngen ObjectiveFunction ViolationSum ProjectVariables
50 0.05001178682366544 0 11.577711731732467 0.6481710952887194 0.07538380655437373
100 0.05001178682366544 0 11.577711731732467 0.6481710952887194 0.07538380655437373
150 0.05001178682366544 0 11.577711731732467 0.6481710952887194 0.07538380655437373
200 0.033403946211140324 0 15 0.4854664043112702 0.06362017168165313
250 0.033403946211140324 0 15 0.4854664043112702 0.06362017168165313
300 0.032092534595231724 0 11.762598541448778 0.5796508591347975 0.06342617862229818
350 0.024521127325540997 0 6.549186600694423 0.62097966951311 0.06796246573646675
400 0.024521127325540997 0 6.549186600694423 0.62097966951311 0.06796246573646675
450 0.024521127325540997 0 6.549186600694423 0.62097966951311 0.06796246573646675
500 0.024521127325540997 0 6.549186600694423 0.62097966951311 0.06796246573646675
550 0.024521127325540997 0 6.549186600694423 0.62097966951311 0.06796246573646675
600 0.0237426322022104 0 5.227038429668604 0.7053506598134941 0.06824670873537862
650 0.0237426322022104 0 5.227038429668604 0.7053506598134941 0.06824670873537862
700 0.01894834319459691 0 9.500238213237457 0.4877002579827265 0.05812402892674852
750 0.01894834319459691 0 9.500238213237457 0.4877002579827265 0.05812402892674852
800 0.01894834319459691 0 9.500238213237457 0.4877002579827265 0.05812402892674852
850 0.01894834319459691 0 9.500238213237457 0.4877002579827265 0.05812402892674852
900 0.0180476827753773 0 4.2388610199101295 0.7019874104886512 0.06419384762573943
950 0.014713573522636345 0 7.708747543408621 0.4775853535916509 0.056331585884549285
1000 0.014713573522636345 0 7.708747543408621 0.4775853535916509 0.056331585884549285
1050 0.014713573522636345 0 7.708747543408621 0.4775853535916509 0.056331585884549285
1100 0.014713573522636345 0 7.708747543408621 0.4775853535916509 0.056331585884549285
1150 0.013546102211701778 0 7.94182130813576 0.44662367589349466 0.0552335969903481
1200 0.013546102211701778 0 7.94182130813576 0.44662367589349466 0.0552335969903481
1250 0.013546102211701778 0 7.94182130813576 0.44662367589349466 0.0552335969903481
1300 0.013546102211701778 0 7.94182130813576 0.44662367589349466 0.0552335969903481
1350 0.013546102211701778 0 7.94182130813576 0.44662367589349466 0.0552335969903481
1400 0.013192327750146681 0 6.651948747078505 0.479372536648264 0.05639845051122022
1450 0.013192327750146681 0 6.651948747078505 0.479372536648264 0.05639845051122022
1500 0.013192327750146681 0 6.651948747078505 0.479372536648264 0.05639845051122022
1550 0.013192327750146681 0 6.651948747078505 0.479372536648264 0.05639845051122022
1600 0.013192327750146681 0 6.651948747078505 0.479372536648264 0.05639845051122022
1650 0.013192327750146681 0 6.651948747078505 0.479372536648264 0.05639845051122022
1700 0.013192327750146681 0 6.651948747078505 0.479372536648264 0.05639845051122022
1750 0.013192327750146681 0 6.651948747078505 0.479372536648264 0.05639845051122022
1800 0.013192327750146681 0 6.651948747078505 0.479372536648264 0.05639845051122022
1850 0.013192327750146681 0 6.651948747078505 0.479372536648264 0.05639845051122022
1900 0.013192327750146681 0 6.651948747078505 0.479372536648264 0.05639845051122022
1950 0.013192327750146681 0 6.651948747078505 0.479372536648264 0.05639845051122022
2000 0.013192327750146681 0 6.651948747078505 0.479372536648264 0.05639845051122022
2050 0.013192327750146681 0 6.651948747078505 0.479372536648264 0.05639845051122022
2100 0.013192327750146681 0 6.651948747078505 0.479372536648264 0.05639845051122022
2150 0.013055340338271729 0 10.610057861831965 0.3743805833148781 0.05258706117300512
2200 0.013055340338271729 0 10.610057861831965 0.3743805833148781 0.05258706117300512
2250 0.013055340338271729 0 10.610057861831965 0.3743805833148781 0.05258706117300512
2300 0.013055340338271729 0 10.610057861831965 0.3743805833148781 0.05258706117300512
2350 0.012729918982418991 0 11.356535921236 0.35648385934165827 0.05170659818205794
2400 0.012729918982418991 0 11.356535921236 0.35648385934165827 0.05170659818205794
2450 0.012729918982418991 0 11.356535921236 0.35648385934165827 0.05170659818205794
2500 0.012729918982418991 0 11.356535921236 0.35648385934165827 0.05170659818205794
2550 0.012729918982418991 0 11.356535921236 0.35648385934165827 0.05170659818205794
2600 0.012729918982418991 0 11.356535921236 0.35648385934165827 0.05170659818205794
2650 0.012729918982418991 0 11.356535921236 0.35648385934165827 0.05170659818205794
2700 0.012729918982418991 0 11.356535921236 0.35648385934165827 0.05170659818205794
2750 0.012729918982418991 0 11.356535921236 0.35648385934165827 0.05170659818205794
2800 0.012729918982418991 0 11.356535921236 0.35648385934165827 0.05170659818205794
2850 0.012729918982418991 0 11.356535921236 0.35648385934165827 0.05170659818205794
2900 0.012729918982418991 0 11.356535921236 0.35648385934165827 0.05170659818205794
2950 0.012729918982418991 0 11.356535921236 0.35648385934165827 0.05170659818205794
3000 0.012729918982418991 0 11.356535921236 0.35648385934165827 0.05170659818205794
3050 0.012729918982418991 0 11.356535921236 0.35648385934165827 0.05170659818205794
3100 0.012729918982418991 0 11.356535921236 0.35648385934165827 0.05170659818205794
3150 0.012729918982418991 0 11.356535921236 0.35648385934165827 0.05170659818205794
3200 0.012726591275886186 0 11.265156008368006 0.3581424799660784 0.05175734009525219
3250 0.012686728777982157 0 11.683498238977513 0.3504092996692446 0.051438517764865625
3300 0.012686728777982157 0 11.683498238977513 0.3504092996692446 0.051438517764865625
3350 0.012686728777982157 0 11.683498238977513 0.3504092996692446 0.051438517764865625
3400 0.012686728777982157 0 11.683498238977513 0.3504092996692446 0.051438517764865625
3450 0.012686728777982157 0 11.683498238977513 0.3504092996692446 0.051438517764865625
3500 0.012681051510759551 0 11.5003532110282 0.3534341834865149 0.051552625966386885
3550 0.012681051510759551 0 11.5003532110282 0.3534341834865149 0.051552625966386885
3600 0.012681051510759551 0 11.5003532110282 0.3534341834865149 0.051552625966386885
3650 0.012681051510759551 0 11.5003532110282 0.3534341834865149 0.051552625966386885
3700 0.012681051510759551 0 11.5003532110282 0.3534341834865149 0.051552625966386885
3750 0.012681051510759551 0 11.5003532110282 0.3534341834865149 0.051552625966386885
3800 0.012681051510759551 0 11.5003532110282 0.3534341834865149 0.051552625966386885
3850 0.012681051510759551 0 11.5003532110282 0.3534341834865149 0.051552625966386885
3900 0.012678583714273831 0 10.580976853239056 0.36956498095203155 0.05221950896236255
3950 0.012678583714273831 0 10.580976853239056 0.36956498095203155 0.05221950896236255
4000 0.012678583714273831 0 10.580976853239056 0.36956498095203155 0.05221950896236255
4050 0.012678583714273831 0 10.580976853239056 0.36956498095203155 0.05221950896236255
4100 0.012678583714273831 0 10.580976853239056 0.36956498095203155 0.05221950896236255
4150 0.012675610215530292 0 11.877587383973198 0.34718543121459505 0.05129165426322994
4200 0.012675610215530292 0 11.877587383973198 0.34718543121459505 0.05129165426322994
4250 0.012675610215530292 0 11.877587383973198 0.34718543121459505 0.05129165426322994
4300 0.012675610215530292 0 11.877587383973198 0.34718543121459505 0.05129165426322994
4350 0.012669054088805339 0 11.320988145757763 0.3562391329638227 0.05166935755795077
4400 0.012669054088805339 0 11.320988145757763 0.3562391329638227 0.05166935755795077
4450 0.012669054088805339 0 11.320988145757763 0.3562391329638227 0.05166935755795077
4500 0.012669054088805339 0 11.320988145757763 0.3562391329638227 0.05166935755795077
4550 0.012668878264829422 0 11.50190320411295 0.3531927013902751 0.05154252926700856
4600 0.012668878264829422 0 11.50190320411295 0.3531927013902751 0.05154252926700856
4650 0.012668878264829422 0 11.50190320411295 0.3531927013902751 0.05154252926700856
4700 0.012668878264829422 0 11.50190320411295 0.3531927013902751 0.05154252926700856
4750 0.012667706859382797 0 11.63518581614644 0.3509690691779155 0.05144984256068846
4800 0.012667706859382797 0 11.63518581614644 0.3509690691779155 0.05144984256068846
4850 0.012667706859382797 0 11.63518581614644 0.3509690691779155 0.05144984256068846
4900 0.012667706859382797 0 11.63518581614644 0.3509690691779155 0.05144984256068846
4950 0.012667505061620959 0 11.577256549957484 0.3519148388297082 0.0514897450284272
5000 0.012667505061620959 0 11.577256549957484 0.3519148388297082 0.0514897450284272
5050 0.012667505061620959 0 11.577256549957484 0.3519148388297082 0.0514897450284272
5100 0.012667505061620959 0 11.577256549957484 0.3519148388297082 0.0514897450284272
5150 0.012667505061620959 0 11.577256549957484 0.3519148388297082 0.0514897450284272
5200 0.012667505061620959 0 11.577256549957484 0.3519148388297082 0.0514897450284272
5250 0.012667505061620959 0 11.577256549957484 0.3519148388297082 0.0514897450284272
5300 0.012667505061620959 0 11.577256549957484 0.3519148388297082 0.0514897450284272
5350 0.012667505061620959 0 11.577256549957484 0.3519148388297082 0.0514897450284272
5400 0.012667505061620959 0 11.577256549957484 0.3519148388297082 0.0514897450284272
5450 0.012667505061620959 0 11.577256549957484 0.3519148388297082 0.0514897450284272
5500 0.01266680886769531 0 11.421592365264749 0.3544942610538547 0.05159730068762219
5550 0.01266680886769531 0 11.421592365264749 0.3544942610538547 0.05159730068762219
5600 0.012666586121728484 0 11.054572728010987 0.3607962706061714 0.05185820010770411
5650 0.012666440931062527 0 11.389246831271135 0.35503339409404616 0.05161959882656231
5700 0.012666440931062527 0 11.389246831271135 0.35503339409404616 0.05161959882656231
5750 0.012666440931062527 0 11.389246831271135 0.35503339409404616 0.05161959882656231
5800 0.012666440931062527 0 11.389246831271135 0.35503339409404616 0.05161959882656231
5850 0.012666440931062527 0 11.389246831271135 0.35503339409404616 0.05161959882656231
5900 0.012666440931062527 0 11.389246831271135 0.35503339409404616 0.05161959882656231
5950 0.012666296351785287 0 11.057102562546374 0.36074654236353504 0.05185615670908552
6000 0.012666296351785287 0 11.057102562546374 0.36074654236353504 0.05185615670908552
6050 0.012666296351785287 0 11.057102562546374 0.36074654236353504 0.05185615670908552
6100 0.012666073477043897 0 11.181108751744256 0.3585813389411481 0.05176678427245171
6150 0.01266569006009163 0 11.469872037494653 0.3536731566353156 0.05156222430835834
6200 0.01266569006009163 0 11.469872037494653 0.3536731566353156 0.05156222430835834
6250 0.01266569006009163 0 11.469872037494653 0.3536731566353156 0.05156222430835834
6300 0.01266569006009163 0 11.469872037494653 0.3536731566353156 0.05156222430835834
6350 0.01266569006009163 0 11.469872037494653 0.3536731566353156 0.05156222430835834
6400 0.01266569006009163 0 11.469872037494653 0.3536731566353156 0.05156222430835834
6450 0.01266569006009163 0 11.469872037494653 0.3536731566353156 0.05156222430835834
6500 0.01266569006009163 0 11.469872037494653 0.3536731566353156 0.05156222430835834
6550 0.01266569006009163 0 11.469872037494653 0.3536731566353156 0.05156222430835834
6600 0.01266569006009163 0 11.469872037494653 0.3536731566353156 0.05156222430835834
6650 0.01266569006009163 0 11.469872037494653 0.3536731566353156 0.05156222430835834
6700 0.01266569006009163 0 11.469872037494653 0.3536731566353156 0.05156222430835834
6750 0.01266569006009163 0 11.469872037494653 0.3536731566353156 0.05156222430835834
6800 0.012665510137823627 0 11.398864141233132 0.3548603595722211 0.05161175268124796
6850 0.012665510137823627 0 11.398864141233132 0.3548603595722211 0.05161175268124796
6900 0.012665510137823627 0 11.398864141233132 0.3548603595722211 0.05161175268124796
6950 0.012665510137823627 0 11.398864141233132 0.3548603595722211 0.05161175268124796
7000 0.012665510137823627 0 11.398864141233132 0.3548603595722211 0.05161175268124796
7050 0.012665510137823627 0 11.398864141233132 0.3548603595722211 0.05161175268124796
7100 0.012665510137823627 0 11.398864141233132 0.3548603595722211 0.05161175268124796
7150 0.012665510137823627 0 11.398864141233132 0.3548603595722211 0.05161175268124796
7200 0.012665510137823627 0 11.398864141233132 0.3548603595722211 0.05161175268124796
7250 0.012665510137823627 0 11.398864141233132 0.3548603595722211 0.05161175268124796
7300 0.012665510137823627 0 11.398864141233132 0.3548603595722211 0.05161175268124796
7350 0.012665510137823627 0 11.398864141233132 0.3548603595722211 0.05161175268124796
7400 0.012665510137823627 0 11.398864141233132 0.3548603595722211 0.05161175268124796
7450 0.012665510137823627 0 11.398864141233132 0.3548603595722211 0.05161175268124796
7500 0.012665503809520511 0 11.35687691020566 0.3555689222973555 0.05164126537774925
7550 0.012665503809520511 0 11.35687691020566 0.3555689222973555 0.05164126537774925
7600 0.012665459145844988 0 11.333310772999134 0.35596681891588255 0.051657895515635294
7650 0.012665384815491175 0 11.28017657084325 0.35686952308633324 0.05169547615620642
7700 0.012665384815491175 0 11.28017657084325 0.35686952308633324 0.05169547615620642
7750 0.012665384815491175 0 11.28017657084325 0.35686952308633324 0.05169547615620642
7800 0.012665357145159878 0 11.328360265858857 0.35604948448774115 0.051661281873376624
7850 0.012665357145159878 0 11.328360265858857 0.35604948448774115 0.051661281873376624
7900 0.012665357145159878 0 11.328360265858857 0.35604948448774115 0.051661281873376624
7950 0.012665357145159878 0 11.328360265858857 0.35604948448774115 0.051661281873376624
8000 0.012665357145159878 0 11.328360265858857 0.35604948448774115 0.051661281873376624
8050 0.012665357145159878 0 11.328360265858857 0.35604948448774115 0.051661281873376624
8100 0.012665357145159878 0 11.328360265858857 0.35604948448774115 0.051661281873376624
8150 0.012665312837232533 0 11.315319076910297 0.3562701406804242 0.0516704756120292
8200 0.012665312837232533 0 11.315319076910297 0.3562701406804242 0.0516704756120292
8250 0.012665312837232533 0 11.315319076910297 0.3562701406804242 0.0516704756120292
8300 0.012665312837232533 0 11.315319076910297 0.3562701406804242 0.0516704756120292
8350 0.012665312837232533 0 11.315319076910297 0.3562701406804242 0.0516704756120292
8400 0.012665312837232533 0 11.315319076910297 0.3562701406804242 0.0516704756120292
8450 0.012665312837232533 0 11.315319076910297 0.3562701406804242 0.0516704756120292
8500 0.012665312837232533 0 11.315319076910297 0.3562701406804242 0.0516704756120292
8550 0.012665299553857423 0 11.290812738855916 0.3566872407191192 0.051687815327464186
8600 0.012665299553857423 0 11.290812738855916 0.3566872407191192 0.051687815327464186
8650 0.012665299553857423 0 11.290812738855916 0.3566872407191192 0.051687815327464186
8700 0.012665299553857423 0 11.290812738855916 0.3566872407191192 0.051687815327464186
8750 0.012665299553857423 0 11.290812738855916 0.3566872407191192 0.051687815327464186
8800 0.012665299553857423 0 11.290812738855916 0.3566872407191192 0.051687815327464186
8850 0.012665299553857423 0 11.290812738855916 0.3566872407191192 0.051687815327464186
8900 0.012665299553857423 0 11.290812738855916 0.3566872407191192 0.051687815327464186
8950 0.012665299553857423 0 11.290812738855916 0.3566872407191192 0.051687815327464186
9000 0.012665299553857423 0 11.290812738855916 0.3566872407191192 0.051687815327464186
9050 0.012665299553857423 0 11.290812738855916 0.3566872407191192 0.051687815327464186
9100 0.012665292263814321 0 11.319708996127899 0.3561952406736619 0.05166734955029441
9150 0.01266528214993209 0 11.322871069923151 0.35614131128489634 0.05166510844971442
9200 0.01266528214993209 0 11.322871069923151 0.35614131128489634 0.05166510844971442
9250 0.01266528214993209 0 11.322871069923151 0.35614131128489634 0.05166510844971442
9300 0.01266528214993209 0 11.322871069923151 0.35614131128489634 0.05166510844971442
9350 0.012665272543647051 0 11.324748704968414 0.35610939499410676 0.05166376360344208
9400 0.012665272543647051 0 11.324748704968414 0.35610939499410676 0.05166376360344208
9450 0.012665272543647051 0 11.324748704968414 0.35610939499410676 0.05166376360344208
9500 0.012665270317222158 0 11.296739499713613 0.3565856719324329 0.05168359411102643
9550 0.012665250323487965 0 11.308059240526033 0.35639274251130026 0.05167554913658977
9600 0.012665250323487965 0 11.308059240526033 0.35639274251130026 0.05167554913658977
9650 0.012665248586261925 0 11.317940103161162 0.35622466443020384 0.05166855756250294
9700 0.012665248586261925 0 11.317940103161162 0.35622466443020384 0.05166855756250294
9750 0.012665241698541828 0 11.290645621554694 0.35668923959039045 0.05168787740389505
9800 0.012665241698541828 0 11.290645621554694 0.35668923959039045 0.05168787740389505
9850 0.012665241698541828 0 11.290645621554694 0.35668923959039045 0.05168787740389505
9900 0.012665241698541828 0 11.290645621554694 0.35668923959039045 0.05168787740389505
9950 0.012665241698541828 0 11.290645621554694 0.35668923959039045 0.05168787740389505
10000 0.012665241698541828 0 11.290645621554694 0.35668923959039045 0.05168787740389505
10050 0.012665241698541828 0 11.290645621554694 0.35668923959039045 0.05168787740389505
10100 0.012665241698541828 0 11.290645621554694 0.35668923959039045 0.05168787740389505
10150 0.012665241698541828 0 11.290645621554694 0.35668923959039045 0.05168787740389505
10200 0.012665241698541828 0 11.290645621554694 0.35668923959039045 0.05168787740389505
10250 0.012665241698541828 0 11.290645621554694 0.35668923959039045 0.05168787740389505
10300 0.012665241698541828 0 11.290645621554694 0.35668923959039045 0.05168787740389505
10350 0.012665241698541828 0 11.290645621554694 0.35668923959039045 0.05168787740389505
10400 0.012665241698541828 0 11.290645621554694 0.35668923959039045 0.05168787740389505
10450 0.012665241698541828 0 11.290645621554694 0.35668923959039045 0.05168787740389505
10500 0.012665241698541828 0 11.290645621554694 0.35668923959039045 0.05168787740389505
10550 0.012665236801599252 0 11.301266020486237 0.35650814827760147 0.051680348931570814
10600 0.012665235247339287 0 11.277791446877153 0.35690850712794714 0.051696990189442946
10650 0.012665235247339287 0 11.277791446877153 0.35690850712794714 0.051696990189442946
10700 0.012665235247339287 0 11.277791446877153 0.35690850712794714 0.051696990189442946
10750 0.012665235247339287 0 11.277791446877153 0.35690850712794714 0.051696990189442946
10800 0.012665235247339287 0 11.277791446877153 0.35690850712794714 0.051696990189442946
10850 0.012665235247339287 0 11.277791446877153 0.35690850712794714 0.051696990189442946
10900 0.012665235247339287 0 11.277791446877153 0.35690850712794714 0.051696990189442946
10950 0.012665235247339287 0 11.277791446877153 0.35690850712794714 0.051696990189442946
11000 0.012665235247339287 0 11.277791446877153 0.35690850712794714 0.051696990189442946
11050 0.012665235247339287 0 11.277791446877153 0.35690850712794714 0.051696990189442946
11100 0.012665235247339287 0 11.277791446877153 0.35690850712794714 0.051696990189442946
11150 0.012665235247339287 0 11.277791446877153 0.35690850712794714 0.051696990189442946
11200 0.012665235247339287 0 11.277791446877153 0.35690850712794714 0.051696990189442946
11250 0.012665235247339287 0 11.277791446877153 0.35690850712794714 0.051696990189442946
11300 0.012665235247339287 0 11.277791446877153 0.35690850712794714 0.051696990189442946
11350 0.012665235247339287 0 11.277791446877153 0.35690850712794714 0.051696990189442946
11400 0.012665235247339287 0 11.277791446877153 0.35690850712794714 0.051696990189442946
11450 0.012665235225228118 0 11.29155098080306 0.3566736920355493 0.051687230292330695
11500 0.012665235225228118 0 11.29155098080306 0.3566736920355493 0.051687230292330695
11550 0.012665235225228118 0 11.29155098080306 0.3566736920355493 0.051687230292330695
11600 0.012665235225228118 0 11.29155098080306 0.3566736920355493 0.051687230292330695
11650 0.012665235225228118 0 11.29155098080306 0.3566736920355493 0.051687230292330695
11700 0.012665234367090395 0 11.278844153489874 0.35689051532279903 0.051696242185497746
11750 0.012665234367090395 0 11.278844153489874 0.35689051532279903 0.051696242185497746
11800 0.012665234367090395 0 11.278844153489874 0.35689051532279903 0.051696242185497746
11850 0.012665233239601417 0 11.287408152713084 0.35674431726692307 0.05169016593851236
11900 0.012665233239601417 0 11.287408152713084 0.35674431726692307 0.05169016593851236
11950 0.012665233239601417 0 11.287408152713084 0.35674431726692307 0.05169016593851236
12000 0.012665233239601417 0 11.287408152713084 0.35674431726692307 0.05169016593851236
12050 0.012665233239601417 0 11.287408152713084 0.35674431726692307 0.05169016593851236
12100 0.012665233239601417 0 11.287408152713084 0.35674431726692307 0.05169016593851236
12150 0.012665233239601417 0 11.287408152713084 0.35674431726692307 0.05169016593851236
12200 0.012665233239601417 0 11.287408152713084 0.35674431726692307 0.05169016593851236
12250 0.012665233239601417 0 11.287408152713084 0.35674431726692307 0.05169016593851236
12300 0.012665233239601417 0 11.287408152713084 0.35674431726692307 0.05169016593851236
12350 0.012665233239601417 0 11.287408152713084 0.35674431726692307 0.05169016593851236
12400 0.012665233239601417 0 11.287408152713084 0.35674431726692307 0.05169016593851236
12450 0.012665233239601417 0 11.287408152713084 0.35674431726692307 0.05169016593851236
12500 0.012665233239601417 0 11.287408152713084 0.35674431726692307 0.05169016593851236
12550 0.012665233239601417 0 11.287408152713084 0.35674431726692307 0.05169016593851236
12600 0.012665233239601417 0 11.287408152713084 0.35674431726692307 0.05169016593851236
12650 0.012665233239601417 0 11.287408152713084 0.35674431726692307 0.05169016593851236
12700 0.012665233239601417 0 11.287408152713084 0.35674431726692307 0.05169016593851236
12750 0.012665233239601417 0 11.287408152713084 0.35674431726692307 0.05169016593851236
12800 0.012665233239601417 0 11.287408152713084 0.35674431726692307 0.05169016593851236
12850 0.012665233239601417 0 11.287408152713084 0.35674431726692307 0.05169016593851236
12900 0.012665233239601417 0 11.287408152713084 0.35674431726692307 0.05169016593851236
12950 0.012665233239601417 0 11.287408152713084 0.35674431726692307 0.05169016593851236
13000 0.012665233239601417 0 11.287408152713084 0.35674431726692307 0.05169016593851236
13050 0.012665233239601417 0 11.287408152713084 0.35674431726692307 0.05169016593851236
13100 0.012665233239601417 0 11.287408152713084 0.35674431726692307 0.05169016593851236
13150 0.012665233239601417 0 11.287408152713084 0.35674431726692307 0.05169016593851236
13200 0.012665233239601417 0 11.287408152713084 0.35674431726692307 0.05169016593851236
13250 0.01266523313751453 0 11.28570992114419 0.3567732909128154 0.051691370182288345
13300 0.012665233009339874 0 11.28973662322294 0.35670459485356687 0.05168851476138665
13350 0.012665233009339874 0 11.28973662322294 0.35670459485356687 0.05168851476138665
13400 0.012665233009339874 0 11.28973662322294 0.35670459485356687 0.05168851476138665
13450 0.012665233009339874 0 11.28973662322294 0.35670459485356687 0.05168851476138665
13500 0.012665233009339874 0 11.28973662322294 0.35670459485356687 0.05168851476138665
13550 0.012665233009339874 0 11.28973662322294 0.35670459485356687 0.05168851476138665
13600 0.012665233009339874 0 11.28973662322294 0.35670459485356687 0.05168851476138665
13650 0.012665232962967109 0 11.288742345624746 0.35672155249569354 0.05168921969363297
13700 0.012665232962967109 0 11.288742345624746 0.35672155249569354 0.05168921969363297
13750 0.012665232962967109 0 11.288742345624746 0.35672155249569354 0.05168921969363297
13800 0.012665232962967109 0 11.288742345624746 0.35672155249569354 0.05168921969363297
13850 0.012665232962967109 0 11.288742345624746 0.35672155249569354 0.05168921969363297
13900 0.012665232962967109 0 11.288742345624746 0.35672155249569354 0.05168921969363297
13950 0.012665232962967109 0 11.288742345624746 0.35672155249569354 0.05168921969363297
14000 0.012665232962967109 0 11.288742345624746 0.35672155249569354 0.05168921969363297
14050 0.01266523286185143 0 11.289507125492708 0.3567085069099821 0.05168867732570033
14100 0.01266523286185143 0 11.289507125492708 0.3567085069099821 0.05168867732570033
14150 0.01266523286185143 0 11.289507125492708 0.3567085069099821 0.05168867732570033
14200 0.01266523286185143 0 11.289507125492708 0.3567085069099821 0.05168867732570033
14250 0.01266523286185143 0 11.289507125492708 0.3567085069099821 0.05168867732570033
14300 0.01266523286185143 0 11.289507125492708 0.3567085069099821 0.05168867732570033
14350 0.01266523286185143 0 11.289507125492708 0.3567085069099821 0.05168867732570033
14400 0.01266523286185143 0 11.289507125492708 0.3567085069099821 0.05168867732570033
14450 0.01266523286185143 0 11.289507125492708 0.3567085069099821 0.05168867732570033
14500 0.01266523286185143 0 11.289507125492708 0.3567085069099821 0.05168867732570033
14550 0.01266523286185143 0 11.289507125492708 0.3567085069099821 0.05168867732570033
14600 0.012665232839110314 0 11.289936376027425 0.3567011855050065 0.05168837298039938
14650 0.012665232839110314 0 11.289936376027425 0.3567011855050065 0.05168837298039938
14700 0.012665232839110314 0 11.289936376027425 0.3567011855050065 0.05168837298039938
14750 0.012665232839110314 0 11.289936376027425 0.3567011855050065 0.05168837298039938
14800 0.012665232839110314 0 11.289936376027425 0.3567011855050065 0.05168837298039938
14850 0.012665232839110314 0 11.289936376027425 0.3567011855050065 0.05168837298039938
14900 0.012665232839110314 0 11.289936376027425 0.3567011855050065 0.05168837298039938
14950 0.012665232827537452 0 11.289521473479184 0.35670826165933744 0.051688667121884496
15000 0.012665232793986871 0 11.289202346676724 0.3567137043366209 0.051688893340619296
15050 0.012665232793986871 0 11.289202346676724 0.3567137043366209 0.051688893340619296
15100 0.012665232793986871 0 11.289202346676724 0.3567137043366209 0.051688893340619296
15150 0.012665232793986871 0 11.289202346676724 0.3567137043366209 0.051688893340619296
15200 0.012665232793986871 0 11.289202346676724 0.3567137043366209 0.051688893340619296
15250 0.012665232793986871 0 11.289202346676724 0.3567137043366209 0.051688893340619296
15300 0.012665232793986871 0 11.289202346676724 0.3567137043366209 0.051688893340619296
15350 0.012665232793986871 0 11.289202346676724 0.3567137043366209 0.051688893340619296
15400 0.012665232793986871 0 11.289202346676724 0.3567137043366209 0.051688893340619296
15450 0.012665232793986871 0 11.289202346676724 0.3567137043366209 0.051688893340619296
15500 0.012665232793986871 0 11.289202346676724 0.3567137043366209 0.051688893340619296
15550 0.012665232793986871 0 11.289202346676724 0.3567137043366209 0.051688893340619296
15600 0.012665232793986871 0 11.289202346676724 0.3567137043366209 0.051688893340619296
15650 0.012665232793986871 0 11.289202346676724 0.3567137043366209 0.051688893340619296
15700 0.012665232793986871 0 11.289202346676724 0.3567137043366209 0.051688893340619296
15750 0.012665232793986871 0 11.289202346676724 0.3567137043366209 0.051688893340619296
15800 0.012665232793986871 0 11.289202346676724 0.3567137043366209 0.051688893340619296
15850 0.012665232793986871 0 11.289202346676724 0.3567137043366209 0.051688893340619296
15900 0.012665232793986871 0 11.289202346676724 0.3567137043366209 0.051688893340619296
15950 0.012665232793986871 0 11.289202346676724 0.3567137043366209 0.051688893340619296
16000 0.012665232793986871 0 11.289202346676724 0.3567137043366209 0.051688893340619296
16050 0.012665232793986871 0 11.289202346676724 0.3567137043366209 0.051688893340619296
16100 0.012665232793986871 0 11.289202346676724 0.3567137043366209 0.051688893340619296
16150 0.012665232793986871 0 11.289202346676724 0.3567137043366209 0.051688893340619296
16200 0.012665232793986871 0 11.289202346676724 0.3567137043366209 0.051688893340619296
16250 0.012665232793986871 0 11.289202346676724 0.3567137043366209 0.051688893340619296
16300 0.012665232793986871 0 11.289202346676724 0.3567137043366209 0.051688893340619296
16350 0.012665232793986871 0 11.289202346676724 0.3567137043366209 0.051688893340619296
16400 0.012665232793986871 0 11.289202346676724 0.3567137043366209 0.051688893340619296
16450 0.012665232793986871 0 11.289202346676724 0.3567137043366209 0.051688893340619296
16500 0.012665232793986871 0 11.289202346676724 0.3567137043366209 0.051688893340619296
16550 0.012665232793986871 0 11.289202346676724 0.3567137043366209 0.051688893340619296
16600 0.012665232793986871 0 11.289202346676724 0.3567137043366209 0.051688893340619296
16650 0.012665232793986871 0 11.289202346676724 0.3567137043366209 0.051688893340619296
16700 0.012665232792679452 0 11.288986895660946 0.35671737922207947 0.05168904609468992
16750 0.012665232792679452 0 11.288986895660946 0.35671737922207947 0.05168904609468992
16800 0.012665232792679452 0 11.288986895660946 0.35671737922207947 0.05168904609468992
16850 0.012665232792679452 0 11.288986895660946 0.35671737922207947 0.05168904609468992
16900 0.012665232792679452 0 11.288986895660946 0.35671737922207947 0.05168904609468992
16950 0.012665232792679452 0 11.288986895660946 0.35671737922207947 0.05168904609468992
17000 0.012665232792679452 0 11.288986895660946 0.35671737922207947 0.05168904609468992
17050 0.012665232790755612 0 11.289086922285831 0.35671567303585255 0.05168897517415879
17100 0.012665232790755612 0 11.289086922285831 0.35671567303585255 0.05168897517415879
17150 0.012665232790307762 0 11.289088837116688 0.35671564036695114 0.05168897381620273
17200 0.012665232789505055 0 11.289066364535547 0.35671602366925564 0.05168898974834643
17250 0.012665232789038649 0 11.289179741467729 0.35671408982881386 0.05168890936302553
17300 0.012665232789038649 0 11.289179741467729 0.35671408982881386 0.05168890936302553
17350 0.012665232789038649 0 11.289179741467729 0.35671408982881386 0.05168890936302553
17400 0.012665232789038649 0 11.289179741467729 0.35671408982881386 0.05168890936302553
17450 0.012665232788517089 0 11.289081685384101 0.3567157623320424 0.05168897888465126
17500 0.012665232788517089 0 11.289081685384101 0.3567157623320424 0.05168897888465126
17550 0.012665232788517089 0 11.289081685384101 0.3567157623320424 0.05168897888465126
17600 0.012665232788517089 0 11.289081685384101 0.3567157623320424 0.05168897888465126
17650 0.012665232788517089 0 11.289081685384101 0.3567157623320424 0.05168897888465126
17700 0.012665232788517089 0 11.289081685384101 0.3567157623320424 0.05168897888465126
17750 0.012665232788517089 0 11.289081685384101 0.3567157623320424 0.05168897888465126
17800 0.012665232788517089 0 11.289081685384101 0.3567157623320424 0.05168897888465126
17850 0.012665232788517089 0 11.289081685384101 0.3567157623320424 0.05168897888465126
17900 0.012665232788517089 0 11.289081685384101 0.3567157623320424 0.05168897888465126
17950 0.012665232788517089 0 11.289081685384101 0.3567157623320424 0.05168897888465126
18000 0.012665232788517089 0 11.289081685384101 0.3567157623320424 0.05168897888465126
18050 0.012665232788517089 0 11.289081685384101 0.3567157623320424 0.05168897888465126
18100 0.012665232788517089 0 11.289081685384101 0.3567157623320424 0.05168897888465126
18150 0.012665232788517089 0 11.289081685384101 0.3567157623320424 0.05168897888465126
18200 0.012665232788517089 0 11.289081685384101 0.3567157623320424 0.05168897888465126
18250 0.012665232788517089 0 11.289081685384101 0.3567157623320424 0.05168897888465126
18300 0.012665232788517089 0 11.289081685384101 0.3567157623320424 0.05168897888465126
18350 0.012665232788517089 0 11.289081685384101 0.3567157623320424 0.05168897888465126
18400 0.012665232788517089 0 11.289081685384101 0.3567157623320424 0.05168897888465126
18450 0.012665232788517089 0 11.289081685384101 0.3567157623320424 0.05168897888465126
18500 0.012665232788517089 0 11.289081685384101 0.3567157623320424 0.05168897888465126
18550 0.012665232788517089 0 11.289081685384101 0.3567157623320424 0.05168897888465126
18600 0.012665232788517089 0 11.289081685384101 0.3567157623320424 0.05168897888465126
18650 0.012665232788517089 0 11.289081685384101 0.3567157623320424 0.05168897888465126
18700 0.012665232788517089 0 11.289081685384101 0.3567157623320424 0.05168897888465126
18750 0.012665232788517089 0 11.289081685384101 0.3567157623320424 0.05168897888465126
18800 0.012665232788517089 0 11.289081685384101 0.3567157623320424 0.05168897888465126
18850 0.012665232788517089 0 11.289081685384101 0.3567157623320424 0.05168897888465126
18900 0.012665232788517089 0 11.289081685384101 0.3567157623320424 0.05168897888465126
18950 0.012665232788498803 0 11.288943661294086 0.356718116597608 0.05168907674530806
19000 0.012665232788498803 0 11.288943661294086 0.356718116597608 0.05168907674530806
19050 0.012665232788498803 0 11.288943661294086 0.356718116597608 0.05168907674530806
19100 0.012665232788498803 0 11.288943661294086 0.356718116597608 0.05168907674530806
19150 0.012665232788441274 0 11.289009025029744 0.3567170016877868 0.05168903040145784
19200 0.012665232788441274 0 11.289009025029744 0.3567170016877868 0.05168903040145784
19250 0.01266523278839605 0 11.288984761739048 0.35671741554463143 0.05168904760441291
19300 0.01266523278839605 0 11.288984761739048 0.35671741554463143 0.05168904760441291
19350 0.01266523278839605 0 11.288984761739048 0.35671741554463143 0.05168904760441291
19400 0.012665232788385133 0 11.288943352786196 0.35671812185827123 0.05168907696392728
19450 0.012665232788385133 0 11.288943352786196 0.35671812185827123 0.05168907696392728
19500 0.012665232788385133 0 11.288943352786196 0.35671812185827123 0.05168907696392728
19550 0.012665232788385133 0 11.288943352786196 0.35671812185827123 0.05168907696392728
19600 0.01266523278836491 0 11.288976126987519 0.3567175628272188 0.05168905372652444
19650 0.01266523278836491 0 11.288976126987519 0.3567175628272188 0.05168905372652444
19700 0.01266523278836491 0 11.288976126987519 0.3567175628272188 0.05168905372652444
19750 0.01266523278836491 0 11.288976126987519 0.3567175628272188 0.05168905372652444
19800 0.01266523278836414 0 11.289012225568255 0.35671694709513224 0.0516890281321763
19850 0.01266523278836414 0 11.289012225568255 0.35671694709513224 0.0516890281321763
19900 0.01266523278836414 0 11.289012225568255 0.35671694709513224 0.0516890281321763
19950 0.01266523278836414 0 11.289012225568255 0.35671694709513224 0.0516890281321763
20000 0.01266523278836414 0 11.289012225568255 0.35671694709513224 0.0516890281321763
20050 0.012665232788338364 0 11.288951291744484 0.356717986442172 0.05168907133504648
20100 0.012665232788338364 0 11.288951291744484 0.356717986442172 0.05168907133504648
20150 0.012665232788338364 0 11.288951291744484 0.356717986442172 0.05168907133504648
20200 0.012665232788338364 0 11.288951291744484 0.356717986442172 0.05168907133504648
20250 0.012665232788338364 0 11.288951291744484 0.356717986442172 0.05168907133504648
20300 0.012665232788338364 0 11.288951291744484 0.356717986442172 0.05168907133504648
20350 0.012665232788338364 0 11.288951291744484 0.356717986442172 0.05168907133504648
20400 0.012665232788333819 0 11.28898570756028 0.3567173994110641 0.05168904693373797
20450 0.012665232788333819 0 11.28898570756028 0.3567173994110641 0.05168904693373797
20500 0.012665232788333819 0 11.28898570756028 0.3567173994110641 0.05168904693373797
20550 0.012665232788333819 0 11.28898570756028 0.3567173994110641 0.05168904693373797
20600 0.012665232788332217 0 11.288974492438495 0.3567175907073028 0.05168905488540586
20650 0.012665232788325702 0 11.288980755260603 0.35671748388226415 0.05168905044497442
20700 0.012665232788325702 0 11.288980755260603 0.35671748388226415 0.05168905044497442
20750 0.012665232788322872 0 11.288971601527223 0.3567176400174177 0.05168905693509563
20800 0.012665232788322872 0 11.288971601527223 0.3567176400174177 0.05168905693509563
20850 0.012665232788322872 0 11.288971601527223 0.3567176400174177 0.05168905693509563
20900 0.012665232788322872 0 11.288971601527223 0.3567176400174177 0.05168905693509563
20950 0.012665232788322872 0 11.288971601527223 0.3567176400174177 0.05168905693509563
21000 0.012665232788322872 0 11.288971601527223 0.3567176400174177 0.05168905693509563
21050 0.012665232788322872 0 11.288971601527223 0.3567176400174177 0.05168905693509563
21100 0.012665232788322872 0 11.288971601527223 0.3567176400174177 0.05168905693509563
21150 0.012665232788322872 0 11.288971601527223 0.3567176400174177 0.05168905693509563
21200 0.012665232788322872 0 11.288971601527223 0.3567176400174177 0.05168905693509563
21250 0.012665232788322418 0 11.28896659697109 0.3567177253802034 0.05168906048339547
21300 0.012665232788322418 0 11.28896659697109 0.3567177253802034 0.05168906048339547
21350 0.012665232788322305 0 11.288964960745757 0.3567177532893212 0.051689061643503294
21400 0.012665232788322305 0 11.288964960745757 0.3567177532893212 0.051689061643503294
21450 0.012665232788322305 0 11.288964960745757 0.3567177532893212 0.051689061643503294
21500 0.012665232788322305 0 11.288964960745757 0.3567177532893212 0.051689061643503294
21550 0.012665232788322 0 11.288967433264023 0.3567177111155282 0.05168905989045184
21600 0.012665232788322 0 11.288967433264023 0.3567177111155282 0.05168905989045184
21650 0.012665232788322 0 11.288967433264023 0.3567177111155282 0.05168905989045184
21700 0.012665232788321575 0 11.288966473975295 0.3567177274781355 0.051689060570600215
21750 0.012665232788321087 0 11.288964514262377 0.3567177609049889 0.05168906196006465
21800 0.012665232788321087 0 11.288964514262377 0.3567177609049889 0.05168906196006465
21850 0.012665232788321087 0 11.288964514262377 0.3567177609049889 0.05168906196006465
21900 0.012665232788321087 0 11.288964514262377 0.3567177609049889 0.05168906196006465
21950 0.012665232788321087 0 11.288964514262377 0.3567177609049889 0.05168906196006465
22000 0.012665232788321087 0 11.288964514262377 0.3567177609049889 0.05168906196006465
22050 0.012665232788321087 0 11.288964514262377 0.3567177609049889 0.05168906196006465
22100 0.012665232788321087 0 11.288964514262377 0.3567177609049889 0.05168906196006465
22150 0.012665232788321087 0 11.288964514262377 0.3567177609049889 0.05168906196006465
22200 0.012665232788321087 0 11.288964514262377 0.3567177609049889 0.05168906196006465
22250 0.012665232788320966 0 11.28896712197444 0.356717716425189 0.05168906011115928
22300 0.01266523278832045 0 11.288971008436976 0.3567176501337358 0.05168905735560197
22350 0.012665232788320192 0 11.288965351004842 0.3567177466326404 0.05168906136680135
22400 0.012665232788320192 0 11.288965351004842 0.3567177466326404 0.05168906136680135
22450 0.012665232788320192 0 11.288965351004842 0.3567177466326404 0.05168906136680135
22500 0.01266523278832015 0 11.288964302080908 0.3567177645241566 0.05168906211050366
22550 0.01266523278832015 0 11.288964302080908 0.3567177645241566 0.05168906211050366
22600 0.01266523278832015 0 11.288964302080908 0.3567177645241566 0.05168906211050366
22650 0.01266523278832015 0 11.288964302080908 0.3567177645241566 0.05168906211050366
22700 0.01266523278832015 0 11.288964302080908 0.3567177645241566 0.05168906211050366
22750 0.01266523278832015 0 11.288964302080908 0.3567177645241566 0.05168906211050366
22800 0.012665232788320139 0 11.28897074178644 0.35671765468199124 0.051689057544660695
22850 0.012665232788320139 0 11.28897074178644 0.35671765468199124 0.051689057544660695
22900 0.012665232788320007 0 11.28896924580031 0.35671768019904465 0.05168905860533562
22950 0.012665232788320007 0 11.28896924580031 0.35671768019904465 0.05168905860533562
23000 0.012665232788319734 0 11.288966873982794 0.3567177206551681 0.05168906028698775
23050 0.012665232788319734 0 11.288966873982794 0.3567177206551681 0.05168906028698775
23100 0.012665232788319734 0 11.288966873982794 0.3567177206551681 0.05168906028698775
23150 0.012665232788319734 0 11.288966873982794 0.3567177206551681 0.05168906028698775
23200 0.012665232788319734 0 11.288966873982794 0.3567177206551681 0.05168906028698775
23250 0.012665232788319734 0 11.288966873982794 0.3567177206551681 0.05168906028698775
23300 0.012665232788319734 0 11.288966873982794 0.3567177206551681 0.05168906028698775
23350 0.012665232788319734 0 11.288966873982794 0.3567177206551681 0.05168906028698775
23400 0.012665232788319734 0 11.288966873982794 0.3567177206551681 0.05168906028698775
23450 0.012665232788319606 0 11.288966623230404 0.35671772493225423 0.05168906046477466
23500 0.012665232788319606 0 11.288966623230404 0.35671772493225423 0.05168906046477466
23550 0.012665232788319606 0 11.288966623230404 0.35671772493225423 0.05168906046477466
23600 0.012665232788319467 0 11.288965694338023 0.35671774077638796 0.05168906112337252
23650 0.012665232788319467 0 11.288965694338023 0.35671774077638796 0.05168906112337252
23700 0.012665232788319467 0 11.288965694338023 0.35671774077638796 0.05168906112337252
23750 0.012665232788319467 0 11.288965694338023 0.35671774077638796 0.05168906112337252
23800 0.012665232788319467 0 11.288965694338023 0.35671774077638796 0.05168906112337252
23850 0.012665232788319467 0 11.288965694338023 0.35671774077638796 0.05168906112337252
23900 0.012665232788319467 0 11.288965694338023 0.35671774077638796 0.05168906112337252
23950 0.012665232788319467 0 11.288965694338023 0.35671774077638796 0.05168906112337252
24000 0.012665232788319467 0 11.288965694338023 0.35671774077638796 0.05168906112337252
24050 0.012665232788319467 0 11.288965694338023 0.35671774077638796 0.05168906112337252
24100 0.012665232788319467 0 11.288965694338023 0.35671774077638796 0.05168906112337252
24150 0.012665232788319467 0 11.288965694338023 0.35671774077638796 0.05168906112337252
24200 0.012665232788319467 0 11.288965694338023 0.35671774077638796 0.05168906112337252
24250 0.012665232788319467 0 11.288965694338023 0.35671774077638796 0.05168906112337252
24300 0.012665232788319467 0 11.288965694338023 0.35671774077638796 0.05168906112337252
24350 0.012665232788319467 0 11.288965694338023 0.35671774077638796 0.05168906112337252
24400 0.012665232788319467 0 11.288965694338023 0.35671774077638796 0.05168906112337252
24450 0.012665232788319467 0 11.288965694338023 0.35671774077638796 0.05168906112337252
24500 0.012665232788319467 0 11.288965694338023 0.35671774077638796 0.05168906112337252
24550 0.01266523278831946 0 11.288966006634519 0.35671773544954 0.05168906090194983
24600 0.01266523278831946 0 11.288966006634519 0.35671773544954 0.05168906090194983
24650 0.01266523278831946 0 11.288966006634519 0.35671773544954 0.05168906090194983
24700 0.01266523278831946 0 11.288966006634519 0.35671773544954 0.05168906090194983
24750 0.01266523278831946 0 11.288966006634519 0.35671773544954 0.05168906090194983
24800 0.01266523278831946 0 11.288966006634519 0.35671773544954 0.05168906090194983
24850 0.01266523278831946 0 11.288966006634519 0.35671773544954 0.05168906090194983
24900 0.01266523278831946 0 11.288966006634519 0.35671773544954 0.05168906090194983
24950 0.012665232788319459 0 11.288966154635476 0.3567177329250847 0.05168906079701503
25000 0.012665232788319459 0 11.288966154635476 0.3567177329250847 0.05168906079701503
25050 0.012665232788319459 0 11.288966154635476 0.3567177329250847 0.05168906079701503
25100 0.012665232788319459 0 11.288966154635476 0.3567177329250847 0.05168906079701503
25150 0.012665232788319426 0 11.288964738966767 0.35671775707217557 0.051689061800744444
25200 0.012665232788319426 0 11.288964738966767 0.35671775707217557 0.051689061800744444
25250 0.012665232788319426 0 11.288964738966767 0.35671775707217557 0.051689061800744444
25300 0.012665232788319426 0 11.288964738966767 0.35671775707217557 0.051689061800744444
25350 0.012665232788319426 0 11.288964738966767 0.35671775707217557 0.051689061800744444
25400 0.012665232788319426 0 11.288964738966767 0.35671775707217557 0.051689061800744444
25450 0.012665232788319426 0 11.288964738966767 0.35671775707217557 0.051689061800744444
25500 0.012665232788319426 0 11.288964738966767 0.35671775707217557 0.051689061800744444
25550 0.012665232788319426 0 11.288964738966767 0.35671775707217557 0.051689061800744444
25600 0.012665232788319426 0 11.288964738966767 0.35671775707217557 0.051689061800744444
25650 0.01266523278831942 0 11.288965014553167 0.35671775237149206 0.051689061605349716
25700 0.01266523278831942 0 11.288965014553167 0.35671775237149206 0.051689061605349716
25750 0.01266523278831942 0 11.288965014553167 0.35671775237149206 0.051689061605349716
25800 0.01266523278831942 0 11.288965014553167 0.35671775237149206 0.051689061605349716
25850 0.01266523278831942 0 11.288965014553167 0.35671775237149206 0.051689061605349716
25900 0.01266523278831942 0 11.288965014553167 0.35671775237149206 0.051689061605349716
25950 0.01266523278831942 0 11.288965014553167 0.35671775237149206 0.051689061605349716
26000 0.01266523278831942 0 11.288965014553167 0.35671775237149206 0.051689061605349716
26050 0.01266523278831942 0 11.288965014553167 0.35671775237149206 0.051689061605349716
26100 0.01266523278831942 0 11.288965014553167 0.35671775237149206 0.051689061605349716
26150 0.01266523278831942 0 11.288965014553167 0.35671775237149206 0.051689061605349716
26200 0.01266523278831942 0 11.288965014553167 0.35671775237149206 0.051689061605349716
26250 0.01266523278831942 0 11.288965014553167 0.35671775237149206 0.051689061605349716
26300 0.012665232788319417 0 11.288965999867532 0.35671773556496406 0.05168906090674767
26350 0.012665232788319417 0 11.288965999867532 0.35671773556496406 0.05168906090674767
26400 0.012665232788319417 0 11.288965999867532 0.35671773556496406 0.05168906090674767
26450 0.012665232788319417 0 11.288965999867532 0.35671773556496406 0.05168906090674767
26500 0.012665232788319417 0 11.288965999867532 0.35671773556496406 0.05168906090674767
26550 0.012665232788319417 0 11.288965999867532 0.35671773556496406 0.05168906090674767
26600 0.012665232788319417 0 11.288965999867532 0.35671773556496406 0.05168906090674767
26650 0.012665232788319417 0 11.288965999867532 0.35671773556496406 0.05168906090674767
26700 0.012665232788319417 0 11.288965999867532 0.35671773556496406 0.05168906090674767
26750 0.012665232788319417 0 11.288965999867532 0.35671773556496406 0.05168906090674767
26800 0.012665232788319417 0 11.288965999867532 0.35671773556496406 0.05168906090674767
26850 0.012665232788319417 0 11.288965999867532 0.35671773556496406 0.05168906090674767
26900 0.012665232788319417 0 11.288965999867532 0.35671773556496406 0.05168906090674767
26950 0.012665232788319417 0 11.288965999867532 0.35671773556496406 0.05168906090674767
27000 0.012665232788319417 0 11.288965999867532 0.35671773556496406 0.05168906090674767
27050 0.012665232788319413 0 11.28896589425972 0.3567177373663186 0.05168906098162512
27100 0.012665232788319413 0 11.28896589425972 0.3567177373663186 0.05168906098162512
27150 0.012665232788319413 0 11.28896589425972 0.3567177373663186 0.05168906098162512
27200 0.012665232788319413 0 11.28896589425972 0.3567177373663186 0.05168906098162512
27250 0.012665232788319413 0 11.28896589425972 0.3567177373663186 0.05168906098162512
27300 0.012665232788319413 0 11.28896589425972 0.3567177373663186 0.05168906098162512
27350 0.012665232788319412 0 11.288965551132065 0.3567177432190541 0.05168906122490755
27400 0.012665232788319412 0 11.288965551132065 0.3567177432190541 0.05168906122490755
27450 0.012665232788319412 0 11.288965551132065 0.3567177432190541 0.05168906122490755
27500 0.012665232788319412 0 11.288965551132065 0.3567177432190541 0.05168906122490755
27550 0.012665232788319412 0 11.288965551132065 0.3567177432190541 0.05168906122490755
27600 0.012665232788319412 0 11.288965551132065 0.3567177432190541 0.05168906122490755
27650 0.012665232788319412 0 11.288965551132065 0.3567177432190541 0.05168906122490755
27700 0.012665232788319412 0 11.288965551132065 0.3567177432190541 0.05168906122490755
27750 0.012665232788319412 0 11.288965551132065 0.3567177432190541 0.05168906122490755
27800 0.012665232788319412 0 11.288965551132065 0.3567177432190541 0.05168906122490755
27850 0.012665232788319412 0 11.288965551132065 0.3567177432190541 0.05168906122490755
27900 0.012665232788319412 0 11.28896547216081 0.3567177445660685 0.051689061280899305
27950 0.012665232788319412 0 11.28896547216081 0.3567177445660685 0.051689061280899305
28000 0.012665232788319412 0 11.28896547216081 0.3567177445660685 0.051689061280899305
28050 0.012665232788319412 0 11.28896547216081 0.3567177445660685 0.051689061280899305
28100 0.012665232788319412 0 11.28896547216081 0.3567177445660685 0.051689061280899305
28150 0.012665232788319412 0 11.28896547216081 0.3567177445660685 0.051689061280899305
28200 0.012665232788319412 0 11.28896547216081 0.3567177445660685 0.051689061280899305
28250 0.012665232788319412 0 11.28896547216081 0.3567177445660685 0.051689061280899305
28300 0.012665232788319412 0 11.28896547216081 0.3567177445660685 0.051689061280899305
28350 0.012665232788319412 0 11.28896547216081 0.3567177445660685 0.051689061280899305
28400 0.012665232788319412 0 11.28896547216081 0.3567177445660685 0.051689061280899305
28450 0.012665232788319412 0 11.28896547216081 0.3567177445660685 0.051689061280899305
28500 0.012665232788319412 0 11.28896547216081 0.3567177445660685 0.051689061280899305
28550 0.012665232788319412 0 11.28896547216081 0.3567177445660685 0.051689061280899305
28600 0.012665232788319412 0 11.28896547216081 0.3567177445660685 0.051689061280899305
28650 0.012665232788319412 0 11.28896567792412 0.35671774105635934 0.051689061135010164
28700 0.012665232788319412 0 11.28896567792412 0.35671774105635934 0.051689061135010164
28750 0.012665232788319412 0 11.288965998104722 0.3567177355950323 0.051689060907997526
28800 0.01266523278831941 0 11.288965693610486 0.35671774078879664 0.051689061123888304
28850 0.01266523278831941 0 11.288965693610486 0.35671774078879664 0.051689061123888304
28900 0.01266523278831941 0 11.288965693610486 0.35671774078879664 0.051689061123888304
28950 0.01266523278831941 0 11.288965693610486 0.35671774078879664 0.051689061123888304
29000 0.01266523278831941 0 11.288965693610486 0.35671774078879664 0.051689061123888304
29050 0.01266523278831941 0 11.288965693610486 0.35671774078879664 0.051689061123888304
29100 0.01266523278831941 0 11.288965693610486 0.35671774078879664 0.051689061123888304
29150 0.01266523278831941 0 11.288965693610486 0.35671774078879664 0.051689061123888304
29200 0.01266523278831941 0 11.288965693610486 0.35671774078879664 0.051689061123888304
29250 0.012665232788319408 0 11.288965678498553 0.3567177410465612 0.05168906113460288
29300 0.012665232788319408 0 11.288965678498553 0.3567177410465612 0.05168906113460288
29350 0.012665232788319408 0 11.288965678498553 0.3567177410465612 0.05168906113460288
29400 0.012665232788319408 0 11.288965678498553 0.3567177410465612 0.05168906113460288
29450 0.012665232788319408 0 11.288965678498553 0.3567177410465612 0.05168906113460288
29500 0.012665232788319408 0 11.288965678498553 0.3567177410465612 0.05168906113460288
29550 0.012665232788319408 0 11.288965678498553 0.3567177410465612 0.05168906113460288
29600 0.012665232788319408 0 11.288965678498553 0.3567177410465612 0.05168906113460288
29650 0.012665232788319408 0 11.288965678498553 0.3567177410465612 0.05168906113460288
29700 0.012665232788319408 0 11.288965678498553 0.3567177410465612 0.05168906113460288
29750 0.012665232788319408 0 11.288965678498553 0.3567177410465612 0.05168906113460288
29800 0.012665232788319408 0 11.288965678498553 0.3567177410465612 0.05168906113460288
29850 0.012665232788319408 0 11.288965678498553 0.3567177410465612 0.05168906113460288
29900 0.012665232788319408 0 11.288965678498553 0.3567177410465612 0.05168906113460288
29950 0.012665232788319408 0 11.288965678498553 0.3567177410465612 0.05168906113460288
30000 0.012665232788319408 0 11.288965678498553 0.3567177410465612 0.05168906113460288
30050 0.012665232788319408 0 11.288965678498553 0.3567177410465612 0.05168906113460288
30100 0.012665232788319408 0 11.288965678498553 0.3567177410465612 0.05168906113460288
30150 0.012665232788319408 0 11.288965678498553 0.3567177410465612 0.05168906113460288
30200 0.012665232788319408 0 11.288965678498553 0.3567177410465612 0.05168906113460288
30250 0.012665232788319408 0 11.288965678498553 0.3567177410465612 0.05168906113460288
30300 0.012665232788319408 0 11.288965678498553 0.3567177410465612 0.05168906113460288
30350 0.012665232788319408 0 11.288965678498553 0.3567177410465612 0.05168906113460288
30400 0.012665232788319408 0 11.288965678498553 0.3567177410465612 0.05168906113460288
30450 0.012665232788319408 0 11.288965678498553 0.3567177410465612 0.05168906113460288
30500 0.012665232788319408 0 11.288965678498553 0.3567177410465612 0.05168906113460288
30550 0.012665232788319408 0 11.288965678498553 0.3567177410465612 0.05168906113460288
30600 0.012665232788319408 0 11.288965678498553 0.3567177410465612 0.05168906113460288
30650 0.012665232788319408 0 11.288965678498553 0.3567177410465612 0.05168906113460288
30700 0.012665232788319408 0 11.288965678498553 0.3567177410465612 0.05168906113460288
30750 0.012665232788319408 0 11.288965678498553 0.3567177410465612 0.05168906113460288
30800 0.012665232788319408 0 11.288965678498553 0.3567177410465612 0.05168906113460288
30850 0.012665232788319408 0 11.288965520347999 0.3567177437441385 0.05168906124673389
30900 0.012665232788319408 0 11.288965520347999 0.3567177437441385 0.05168906124673389
30950 0.012665232788319405 0 11.288965740805553 0.35671773998378936 0.05168906109042632
31000 0.012665232788319405 0 11.288965740805553 0.35671773998378936 0.05168906109042632
31050 0.012665232788319405 0 11.288965740805553 0.35671773998378936 0.05168906109042632
31100 0.012665232788319405 0 11.288965740805553 0.35671773998378936 0.05168906109042632
31150 0.012665232788319405 0 11.288965740805553 0.35671773998378936 0.05168906109042632
31200 0.012665232788319405 0 11.288965740805553 0.35671773998378936 0.05168906109042632
31250 0.012665232788319405 0 11.288965740805553 0.35671773998378936 0.05168906109042632
31300 0.012665232788319405 0 11.288965740805553 0.35671773998378936 0.05168906109042632
31350 0.012665232788319405 0 11.288965740805553 0.35671773998378936 0.05168906109042632
31400 0.012665232788319405 0 11.288965740805553 0.35671773998378936 0.05168906109042632
31450 0.012665232788319405 0 11.288965740805553 0.35671773998378936 0.05168906109042632
31500 0.012665232788319405 0 11.288965740805553 0.35671773998378936 0.05168906109042632
31550 0.012665232788319405 0 11.288965740805553 0.35671773998378936 0.05168906109042632
31600 0.012665232788319405 0 11.288965740805553 0.35671773998378936 0.05168906109042632
31650 0.012665232788319405 0 11.288965740805553 0.35671773998378936 0.05168906109042632
31700 0.012665232788319405 0 11.288965740805553 0.35671773998378936 0.05168906109042632
31750 0.012665232788319405 0 11.288965740805553 0.35671773998378936 0.05168906109042632
31800 0.012665232788319405 0 11.288965740805553 0.35671773998378936 0.05168906109042632
31850 0.012665232788319405 0 11.288965740805553 0.35671773998378936 0.05168906109042632
31900 0.012665232788319405 0 11.288965740805553 0.35671773998378936 0.05168906109042632
31950 0.012665232788319405 0 11.288965740805553 0.35671773998378936 0.05168906109042632
32000 0.012665232788319405 0 11.288965740805553 0.35671773998378936 0.05168906109042632
32050 0.012665232788319405 0 11.288965740805553 0.35671773998378936 0.05168906109042632
32100 0.012665232788319405 0 11.288965740805553 0.35671773998378936 0.05168906109042632
32150 0.012665232788319405 0 11.288965740805553 0.35671773998378936 0.05168906109042632
32200 0.012665232788319405 0 11.288965740805553 0.35671773998378936 0.05168906109042632
32250 0.012665232788319405 0 11.288965740805553 0.35671773998378936 0.05168906109042632
32300 0.012665232788319405 0 11.288965740805553 0.35671773998378936 0.05168906109042632
32350 0.012665232788319405 0 11.288965740805553 0.35671773998378936 0.05168906109042632
32400 0.012665232788319405 0 11.288965740805553 0.35671773998378936 0.05168906109042632
32450 0.012665232788319405 0 11.288965740805553 0.35671773998378936 0.05168906109042632
32500 0.012665232788319405 0 11.288965740805553 0.35671773998378936 0.05168906109042632
32550 0.012665232788319405 0 11.288965740805553 0.35671773998378936 0.05168906109042632
32600 0.012665232788319405 0 11.288965740805553 0.35671773998378936 0.05168906109042632
32650 0.012665232788319405 0 11.288965740805553 0.35671773998378936 0.05168906109042632
32700 0.012665232788319405 0 11.288965740805553 0.35671773998378936 0.05168906109042632
32750 0.012665232788319405 0 11.288965740805553 0.35671773998378936 0.05168906109042632
32800 0.012665232788319405 0 11.288965740805553 0.35671773998378936 0.05168906109042632
32850 0.012665232788319405 0 11.288965740805553 0.35671773998378936 0.05168906109042632
32900 0.012665232788319405 0 11.288965740805553 0.35671773998378936 0.05168906109042632
32950 0.012665232788319405 0 11.288965740805553 0.35671773998378936 0.05168906109042632
33000 0.012665232788319405 0 11.288965740805553 0.35671773998378936 0.05168906109042632
33050 0.012665232788319405 0 11.288965740805553 0.35671773998378936 0.05168906109042632
33100 0.012665232788319405 0 11.288965740805553 0.35671773998378936 0.05168906109042632
33150 0.012665232788319405 0 11.288965740805553 0.35671773998378936 0.05168906109042632
33200 0.012665232788319405 0 11.288965740805553 0.35671773998378936 0.05168906109042632
33250 0.012665232788319403 0 11.28896561468796 0.35671774213497975 0.0516890611798455
33300 0.012665232788319403 0 11.28896561468796 0.35671774213497975 0.0516890611798455
33350 0.012665232788319403 0 11.28896561468796 0.35671774213497975 0.0516890611798455
33400 0.012665232788319403 0 11.28896561468796 0.35671774213497975 0.0516890611798455
33450 0.012665232788319403 0 11.28896561468796 0.35671774213497975 0.0516890611798455
33500 0.012665232788319403 0 11.28896561468796 0.35671774213497975 0.0516890611798455
33550 0.012665232788319403 0 11.28896561468796 0.35671774213497975 0.0516890611798455
33600 0.012665232788319403 0 11.28896561468796 0.35671774213497975 0.0516890611798455
33650 0.012665232788319403 0 11.28896561468796 0.35671774213497975 0.0516890611798455
33700 0.012665232788319403 0 11.28896561468796 0.35671774213497975 0.0516890611798455
33750 0.012665232788319403 0 11.28896561468796 0.35671774213497975 0.0516890611798455
33800 0.012665232788319403 0 11.28896561468796 0.35671774213497975 0.0516890611798455
33850 0.012665232788319403 0 11.28896561468796 0.35671774213497975 0.0516890611798455
33900 0.012665232788319403 0 11.28896561468796 0.35671774213497975 0.0516890611798455
33950 0.012665232788319403 0 11.28896561468796 0.35671774213497975 0.0516890611798455
34000 0.012665232788319403 0 11.28896561468796 0.35671774213497975 0.0516890611798455
34050 0.012665232788319403 0 11.28896561468796 0.35671774213497975 0.0516890611798455
34100 0.012665232788319403 0 11.28896561468796 0.35671774213497975 0.0516890611798455
34150 0.012665232788319403 0 11.28896561468796 0.35671774213497975 0.0516890611798455
34200 0.012665232788319403 0 11.28896561468796 0.35671774213497975 0.0516890611798455
34250 0.012665232788319403 0 11.28896561468796 0.35671774213497975 0.0516890611798455
34300 0.012665232788319403 0 11.28896561468796 0.35671774213497975 0.0516890611798455
34350 0.012665232788319403 0 11.28896561468796 0.35671774213497975 0.0516890611798455
34400 0.012665232788319403 0 11.28896561468796 0.35671774213497975 0.0516890611798455
34450 0.012665232788319403 0 11.28896561468796 0.35671774213497975 0.0516890611798455
34500 0.012665232788319403 0 11.28896561468796 0.35671774213497975 0.0516890611798455
34550 0.012665232788319403 0 11.28896561468796 0.35671774213497975 0.0516890611798455
34600 0.012665232788319403 0 11.28896561468796 0.35671774213497975 0.0516890611798455
34650 0.012665232788319403 0 11.28896561468796 0.35671774213497975 0.0516890611798455
34700 0.012665232788319403 0 11.28896561468796 0.35671774213497975 0.0516890611798455
34750 0.012665232788319403 0 11.28896561468796 0.35671774213497975 0.0516890611798455
34800 0.012665232788319403 0 11.28896561468796 0.35671774213497975 0.0516890611798455
34850 0.012665232788319403 0 11.28896561468796 0.35671774213497975 0.0516890611798455
34900 0.012665232788319403 0 11.28896561468796 0.35671774213497975 0.0516890611798455
34950 0.012665232788319403 0 11.28896561468796 0.35671774213497975 0.0516890611798455
35000 0.012665232788319403 0 11.28896561468796 0.35671774213497975 0.0516890611798455
35050 0.012665232788319403 0 11.28896561468796 0.35671774213497975 0.0516890611798455
35100 0.012665232788319403 0 11.28896561468796 0.35671774213497975 0.0516890611798455
35150 0.012665232788319403 0 11.28896561468796 0.35671774213497975 0.0516890611798455
35200 0.012665232788319403 0 11.28896561468796 0.35671774213497975 0.0516890611798455
35250 0.012665232788319403 0 11.28896561468796 0.35671774213497975 0.0516890611798455
35300 0.012665232788319403 0 11.28896561468796 0.35671774213497975 0.0516890611798455
35350 0.012665232788319403 0 11.28896561468796 0.35671774213497975 0.0516890611798455
35400 0.012665232788319403 0 11.28896561468796 0.35671774213497975 0.0516890611798455
35450 0.012665232788319403 0 11.28896561468796 0.35671774213497975 0.0516890611798455
35500 0.012665232788319403 0 11.28896561468796 0.35671774213497975 0.0516890611798455
35550 0.012665232788319403 0 11.28896561468796 0.35671774213497975 0.0516890611798455
35600 0.012665232788319403 0 11.28896561468796 0.35671774213497975 0.0516890611798455
35650 0.012665232788319403 0 11.28896561468796 0.35671774213497975 0.0516890611798455
35700 0.012665232788319403 0 11.28896561468796 0.35671774213497975 0.0516890611798455
35750 0.012665232788319403 0 11.28896561468796 0.35671774213497975 0.0516890611798455
35800 0.012665232788319403 0 11.28896561468796 0.35671774213497975 0.0516890611798455
35850 0.012665232788319403 0 11.28896561468796 0.35671774213497975 0.0516890611798455
35900 0.012665232788319403 0 11.28896561468796 0.35671774213497975 0.0516890611798455
35950 0.012665232788319403 0 11.28896561468796 0.35671774213497975 0.0516890611798455
*---*---*---*---*---*---*---*---*---*---*---*---*---*---*---*---*---*---*---*---*
Status: Finished
Last individual
0.012665232788319403 0 11.28896561468796 0.35671774213497975 0.0516890611798455
Hall of fame
0.012665232788319403 0 11.28896561468796 0.35671774213497975 0.0516890611798455
Last factible individual
0.012665232788319403 0 11.28896561468796 0.35671774213497975 0.0516890611798455
CPU time used (seconds)
1.6137540330000775
