*---*---*---*---*---*---*---*---*---*---*---*---*---*---*---*---*---*---*---*---*
Algorithm: Differential Evolution
Constrainth handling method: APM
Function: 21
Case: continuous
Seed: 5
Parents size: 50
Offsprings size: 50
maxFe: 36000
CR: 0.9
F: 0.6
rweights: -
*---*---*---*---*---*---*---*---*---*---*---*---*---*---*---*---*---*---*---*---*
ngen ObjectiveFunction Fitness ProjectVariables
50 0.058002905655900244 0.058002905655900244 14.494340065546687 0.6400882460944077 0.07412035262069741
100 0.032254617391597545 0.032254617391597545 8.846417353522451 0.6768592284576838 0.06628322248558241
150 0.03204634384803399 0.03204634384803399 10.745198290817902 0.6325361156134366 0.0630482856532181
200 0.03204634384803399 0.03204634384803399 10.745198290817902 0.6325361156134366 0.0630482856532181
250 0.03204634384803399 0.03204634384803399 10.745198290817902 0.6325361156134366 0.0630482856532181
300 0.013871460564362078 0.013871460564362078 10.35159967586733 0.38855323908804623 0.053761852523556516
350 0.013871460564362078 0.013871460564362078 10.35159967586733 0.38855323908804623 0.053761852523556516
400 0.013871460564362078 0.013871460564362078 10.35159967586733 0.38855323908804623 0.053761852523556516
450 0.013871460564362078 0.013871460564362078 10.35159967586733 0.38855323908804623 0.053761852523556516
500 0.013871460564362078 0.013871460564362078 10.35159967586733 0.38855323908804623 0.053761852523556516
550 0.013871460564362078 0.013871460564362078 10.35159967586733 0.38855323908804623 0.053761852523556516
600 0.01330668455499261 0.01330668455499261 15 0.3130984601174731 0.05
650 0.01330668455499261 0.01330668455499261 15 0.3130984601174731 0.05
700 0.01330668455499261 0.01330668455499261 15 0.3130984601174731 0.05
750 0.01330668455499261 0.01330668455499261 15 0.3130984601174731 0.05
800 0.01330668455499261 0.01330668455499261 15 0.3130984601174731 0.05
850 0.01330668455499261 0.01330668455499261 15 0.3130984601174731 0.05
900 0.01330668455499261 0.01330668455499261 15 0.3130984601174731 0.05
950 0.01330668455499261 0.01330668455499261 15 0.3130984601174731 0.05
1000 0.01330668455499261 0.01330668455499261 15 0.3130984601174731 0.05
1050 0.01330668455499261 0.01330668455499261 15 0.3130984601174731 0.05
1100 0.013296350541257091 0.013296350541257091 14.923477340408168 0.3142699404810714 0.05
1150 0.013296350541257091 0.013296350541257091 14.923477340408168 0.3142699404810714 0.05
1200 0.013296350541257091 0.013296350541257091 14.923477340408168 0.3142699404810714 0.05
1250 0.013296350541257091 0.013296350541257091 14.923477340408168 0.3142699404810714 0.05
1300 0.013296350541257091 0.013296350541257091 14.923477340408168 0.3142699404810714 0.05
1350 0.013296350541257091 0.013296350541257091 14.923477340408168 0.3142699404810714 0.05
1400 0.013296350541257091 0.013296350541257091 14.923477340408168 0.3142699404810714 0.05
1450 0.013296350541257091 0.013296350541257091 14.923477340408168 0.3142699404810714 0.05
1500 0.013296350541257091 0.013296350541257091 14.923477340408168 0.3142699404810714 0.05
1550 0.013296350541257091 0.013296350541257091 14.923477340408168 0.3142699404810714 0.05
1600 0.013296350541257091 0.013296350541257091 14.923477340408168 0.3142699404810714 0.05
1650 0.013296350541257091 0.013296350541257091 14.923477340408168 0.3142699404810714 0.05
1700 0.013296350541257091 0.013296350541257091 14.923477340408168 0.3142699404810714 0.05
1750 0.013296350541257091 0.013296350541257091 14.923477340408168 0.3142699404810714 0.05
1800 0.013296350541257091 0.013296350541257091 14.923477340408168 0.3142699404810714 0.05
1850 0.013296350541257091 0.013296350541257091 14.923477340408168 0.3142699404810714 0.05
1900 0.013296350541257091 0.013296350541257091 14.923477340408168 0.3142699404810714 0.05
1950 0.013057205665942305 0.013057205665942305 13.717610217962255 0.32531151696238336 0.050533821940308615
2000 0.013057205665942305 0.013057205665942305 13.717610217962255 0.32531151696238336 0.050533821940308615
2050 0.013057205665942305 0.013057205665942305 13.717610217962255 0.32531151696238336 0.050533821940308615
2100 0.013057205665942305 0.013057205665942305 13.717610217962255 0.32531151696238336 0.050533821940308615
2150 0.013057205665942305 0.013057205665942305 13.717610217962255 0.32531151696238336 0.050533821940308615
2200 0.013057205665942305 0.013057205665942305 13.717610217962255 0.32531151696238336 0.050533821940308615
2250 0.013057205665942305 0.013057205665942305 13.717610217962255 0.32531151696238336 0.050533821940308615
2300 0.01303906558460475 0.01303906558460475 8.348765474305523 0.42556586187904644 0.054412110481454785
2350 0.01303906558460475 0.01303906558460475 8.348765474305523 0.42556586187904644 0.054412110481454785
2400 0.01303906558460475 0.01303906558460475 8.348765474305523 0.42556586187904644 0.054412110481454785
2450 0.01303906558460475 0.01303906558460475 8.348765474305523 0.42556586187904644 0.054412110481454785
2500 0.01303906558460475 0.01303906558460475 8.348765474305523 0.42556586187904644 0.054412110481454785
2550 0.012988608968587709 0.012988608968587709 9.646763069362859 0.39300113598147146 0.053269889746693
2600 0.012940858469402058 0.012940858469402058 8.80142057691785 0.4115445521059205 0.053955121757673065
2650 0.012940858469402058 0.012940858469402058 8.80142057691785 0.4115445521059205 0.053955121757673065
2700 0.012940858469402058 0.012940858469402058 8.80142057691785 0.4115445521059205 0.053955121757673065
2750 0.012892012393297427 0.012892012393297427 11.470690988688926 0.3568528378974316 0.05178701068701048
2800 0.012892012393297427 0.012892012393297427 11.470690988688926 0.3568528378974316 0.05178701068701048
2850 0.012862036508803965 0.012862036508803965 13.747422862765735 0.32310850133364954 0.05027776129139033
2900 0.012862036508803965 0.012862036508803965 13.747422862765735 0.32310850133364954 0.05027776129139033
2950 0.01281325985249603 0.01281325985249603 10.034831170750026 0.3819671221004269 0.05279548994244661
3000 0.01281325985249603 0.01281325985249603 10.034831170750026 0.3819671221004269 0.05279548994244661
3050 0.01281325985249603 0.01281325985249603 10.034831170750026 0.3819671221004269 0.05279548994244661
3100 0.012777879818896424 0.012777879818896424 13.147254862432717 0.32978968429104505 0.05057593259604722
3150 0.012777879818896424 0.012777879818896424 13.147254862432717 0.32978968429104505 0.05057593259604722
3200 0.012777879818896424 0.012777879818896424 13.147254862432717 0.32978968429104505 0.05057593259604722
3250 0.012777879818896424 0.012777879818896424 13.147254862432717 0.32978968429104505 0.05057593259604722
3300 0.012777879818896424 0.012777879818896424 13.147254862432717 0.32978968429104505 0.05057593259604722
3350 0.012777879818896424 0.012777879818896424 13.147254862432717 0.32978968429104505 0.05057593259604722
3400 0.012777879818896424 0.012777879818896424 13.147254862432717 0.32978968429104505 0.05057593259604722
3450 0.012777879818896424 0.012777879818896424 13.147254862432717 0.32978968429104505 0.05057593259604722
3500 0.012777879818896424 0.012777879818896424 13.147254862432717 0.32978968429104505 0.05057593259604722
3550 0.012740757607381584 0.012740757607381584 10.8269906830504 0.3661232737055324 0.05208606739499722
3600 0.012740757607381584 0.012740757607381584 10.8269906830504 0.3661232737055324 0.05208606739499722
3650 0.012740757607381584 0.012740757607381584 10.8269906830504 0.3661232737055324 0.05208606739499722
3700 0.012723304123213215 0.012723304123213215 11.79359072158042 0.34915482507509416 0.051398715088993296
3750 0.012723304123213215 0.012723304123213215 11.79359072158042 0.34915482507509416 0.051398715088993296
3800 0.012723304123213215 0.012723304123213215 11.79359072158042 0.34915482507509416 0.051398715088993296
3850 0.012705146349274665 0.012705146349274665 10.879237926169425 0.36458101218610217 0.05201729085718677
3900 0.012684954411343716 0.012684954411343716 10.875490605748135 0.36430584766641894 0.05200313083601747
3950 0.012684954411343716 0.012684954411343716 10.875490605748135 0.36430584766641894 0.05200313083601747
4000 0.012684954411343716 0.012684954411343716 10.875490605748135 0.36430584766641894 0.05200313083601747
4050 0.012684954411343716 0.012684954411343716 10.875490605748135 0.36430584766641894 0.05200313083601747
4100 0.012684954411343716 0.012684954411343716 10.875490605748135 0.36430584766641894 0.05200313083601747
4150 0.012684954411343716 0.012684954411343716 10.875490605748135 0.36430584766641894 0.05200313083601747
4200 0.012684954411343716 0.012684954411343716 10.875490605748135 0.36430584766641894 0.05200313083601747
4250 0.012684954411343716 0.012684954411343716 10.875490605748135 0.36430584766641894 0.05200313083601747
4300 0.012684954411343716 0.012684954411343716 10.875490605748135 0.36430584766641894 0.05200313083601747
4350 0.012682857803811828 0.012682857803811828 11.39618463448858 0.35511602570283574 0.05163365439639096
4400 0.012682857803811828 0.012682857803811828 11.39618463448858 0.35511602570283574 0.05163365439639096
4450 0.012682857803811828 0.012682857803811828 11.39618463448858 0.35511602570283574 0.05163365439639096
4500 0.012682857803811828 0.012682857803811828 11.39618463448858 0.35511602570283574 0.05163365439639096
4550 0.012671757451902091 0.012671757451902091 11.77423031637073 0.3487672545477821 0.051359040815221094
4600 0.012671757451902091 0.012671757451902091 11.77423031637073 0.3487672545477821 0.051359040815221094
4650 0.012671757451902091 0.012671757451902091 11.77423031637073 0.3487672545477821 0.051359040815221094
4700 0.012671757451902091 0.012671757451902091 11.77423031637073 0.3487672545477821 0.051359040815221094
4750 0.012671757451902091 0.012671757451902091 11.77423031637073 0.3487672545477821 0.051359040815221094
4800 0.012671757451902091 0.012671757451902091 11.77423031637073 0.3487672545477821 0.051359040815221094
4850 0.012671757451902091 0.012671757451902091 11.77423031637073 0.3487672545477821 0.051359040815221094
4900 0.012671757451902091 0.012671757451902091 11.77423031637073 0.3487672545477821 0.051359040815221094
4950 0.012671757451902091 0.012671757451902091 11.77423031637073 0.3487672545477821 0.051359040815221094
5000 0.012671757451902091 0.012671757451902091 11.77423031637073 0.3487672545477821 0.051359040815221094
5050 0.012671757451902091 0.012671757451902091 11.77423031637073 0.3487672545477821 0.051359040815221094
5100 0.012671757451902091 0.012671757451902091 11.77423031637073 0.3487672545477821 0.051359040815221094
5150 0.012671757451902091 0.012671757451902091 11.77423031637073 0.3487672545477821 0.051359040815221094
5200 0.012671757451902091 0.012671757451902091 11.77423031637073 0.3487672545477821 0.051359040815221094
5250 0.012671757451902091 0.012671757451902091 11.77423031637073 0.3487672545477821 0.051359040815221094
5300 0.012671757451902091 0.012671757451902091 11.77423031637073 0.3487672545477821 0.051359040815221094
5350 0.012671757451902091 0.012671757451902091 11.77423031637073 0.3487672545477821 0.051359040815221094
5400 0.012671757451902091 0.012671757451902091 11.77423031637073 0.3487672545477821 0.051359040815221094
5450 0.012671757451902091 0.012671757451902091 11.77423031637073 0.3487672545477821 0.051359040815221094
5500 0.012671757451902091 0.012671757451902091 11.77423031637073 0.3487672545477821 0.051359040815221094
5550 0.012671757451902091 0.012671757451902091 11.77423031637073 0.3487672545477821 0.051359040815221094
5600 0.012671757451902091 0.012671757451902091 11.77423031637073 0.3487672545477821 0.051359040815221094
5650 0.012671757451902091 0.012671757451902091 11.77423031637073 0.3487672545477821 0.051359040815221094
5700 0.012668642523578548 0.012668642523578548 11.536030357534965 0.3526186872859027 0.05151891626966477
5750 0.012668642523578548 0.012668642523578548 11.536030357534965 0.3526186872859027 0.05151891626966477
5800 0.012668642523578548 0.012668642523578548 11.536030357534965 0.3526186872859027 0.05151891626966477
5850 0.012668642523578548 0.012668642523578548 11.536030357534965 0.3526186872859027 0.05151891626966477
5900 0.012668642523578548 0.012668642523578548 11.536030357534965 0.3526186872859027 0.05151891626966477
5950 0.012668642523578548 0.012668642523578548 11.536030357534965 0.3526186872859027 0.05151891626966477
6000 0.012668642523578548 0.012668642523578548 11.536030357534965 0.3526186872859027 0.05151891626966477
6050 0.012668642523578548 0.012668642523578548 11.536030357534965 0.3526186872859027 0.05151891626966477
6100 0.012668642523578548 0.012668642523578548 11.536030357534965 0.3526186872859027 0.05151891626966477
6150 0.012668642523578548 0.012668642523578548 11.536030357534965 0.3526186872859027 0.05151891626966477
6200 0.012668642523578548 0.012668642523578548 11.536030357534965 0.3526186872859027 0.05151891626966477
6250 0.012666116504032173 0.012666116504032173 11.139605114489205 0.3593034415599699 0.05179643790469686
6300 0.012666116504032173 0.012666116504032173 11.139605114489205 0.3593034415599699 0.05179643790469686
6350 0.012666116504032173 0.012666116504032173 11.139605114489205 0.3593034415599699 0.05179643790469686
6400 0.012666116504032173 0.012666116504032173 11.139605114489205 0.3593034415599699 0.05179643790469686
6450 0.012666116504032173 0.012666116504032173 11.139605114489205 0.3593034415599699 0.05179643790469686
6500 0.012666116504032173 0.012666116504032173 11.139605114489205 0.3593034415599699 0.05179643790469686
6550 0.012666116504032173 0.012666116504032173 11.139605114489205 0.3593034415599699 0.05179643790469686
6600 0.012666116504032173 0.012666116504032173 11.139605114489205 0.3593034415599699 0.05179643790469686
6650 0.012666116504032173 0.012666116504032173 11.139605114489205 0.3593034415599699 0.05179643790469686
6700 0.012666116504032173 0.012666116504032173 11.139605114489205 0.3593034415599699 0.05179643790469686
6750 0.012666116504032173 0.012666116504032173 11.139605114489205 0.3593034415599699 0.05179643790469686
6800 0.012666116504032173 0.012666116504032173 11.139605114489205 0.3593034415599699 0.05179643790469686
6850 0.012666116504032173 0.012666116504032173 11.139605114489205 0.3593034415599699 0.05179643790469686
6900 0.012666116504032173 0.012666116504032173 11.139605114489205 0.3593034415599699 0.05179643790469686
6950 0.012666116504032173 0.012666116504032173 11.139605114489205 0.3593034415599699 0.05179643790469686
7000 0.012666116504032173 0.012666116504032173 11.139605114489205 0.3593034415599699 0.05179643790469686
7050 0.012666116504032173 0.012666116504032173 11.139605114489205 0.3593034415599699 0.05179643790469686
7100 0.012666116504032173 0.012666116504032173 11.139605114489205 0.3593034415599699 0.05179643790469686
7150 0.012666116504032173 0.012666116504032173 11.139605114489205 0.3593034415599699 0.05179643790469686
7200 0.012666116504032173 0.012666116504032173 11.139605114489205 0.3593034415599699 0.05179643790469686
7250 0.012666116504032173 0.012666116504032173 11.139605114489205 0.3593034415599699 0.05179643790469686
7300 0.012666116504032173 0.012666116504032173 11.139605114489205 0.3593034415599699 0.05179643790469686
7350 0.012666116504032173 0.012666116504032173 11.139605114489205 0.3593034415599699 0.05179643790469686
7400 0.012666116504032173 0.012666116504032173 11.139605114489205 0.3593034415599699 0.05179643790469686
7450 0.012666116504032173 0.012666116504032173 11.139605114489205 0.3593034415599699 0.05179643790469686
7500 0.012666116504032173 0.012666116504032173 11.139605114489205 0.3593034415599699 0.05179643790469686
7550 0.012666116504032173 0.012666116504032173 11.139605114489205 0.3593034415599699 0.05179643790469686
7600 0.012666116504032173 0.012666116504032173 11.139605114489205 0.3593034415599699 0.05179643790469686
7650 0.012666116504032173 0.012666116504032173 11.139605114489205 0.3593034415599699 0.05179643790469686
7700 0.012666116504032173 0.012666116504032173 11.139605114489205 0.3593034415599699 0.05179643790469686
7750 0.012666114706804463 0.012666114706804463 11.226522838189362 0.3577972063725622 0.05173451626362239
7800 0.012666114706804463 0.012666114706804463 11.226522838189362 0.3577972063725622 0.05173451626362239
7850 0.012666114706804463 0.012666114706804463 11.226522838189362 0.3577972063725622 0.05173451626362239
7900 0.012666114706804463 0.012666114706804463 11.226522838189362 0.3577972063725622 0.05173451626362239
7950 0.012665477123019039 0.012665477123019039 11.21805911047359 0.35793642501443584 0.0517397093223314
8000 0.012665477123019039 0.012665477123019039 11.21805911047359 0.35793642501443584 0.0517397093223314
8050 0.012665477123019039 0.012665477123019039 11.21805911047359 0.35793642501443584 0.0517397093223314
8100 0.012665477123019039 0.012665477123019039 11.21805911047359 0.35793642501443584 0.0517397093223314
8150 0.012665477123019039 0.012665477123019039 11.21805911047359 0.35793642501443584 0.0517397093223314
8200 0.012665477123019039 0.012665477123019039 11.21805911047359 0.35793642501443584 0.0517397093223314
8250 0.012665477123019039 0.012665477123019039 11.21805911047359 0.35793642501443584 0.0517397093223314
8300 0.012665477123019039 0.012665477123019039 11.21805911047359 0.35793642501443584 0.0517397093223314
8350 0.012665477123019039 0.012665477123019039 11.21805911047359 0.35793642501443584 0.0517397093223314
8400 0.012665477123019039 0.012665477123019039 11.21805911047359 0.35793642501443584 0.0517397093223314
8450 0.012665477123019039 0.012665477123019039 11.21805911047359 0.35793642501443584 0.0517397093223314
8500 0.012665477123019039 0.012665477123019039 11.21805911047359 0.35793642501443584 0.0517397093223314
8550 0.012665477123019039 0.012665477123019039 11.21805911047359 0.35793642501443584 0.0517397093223314
8600 0.012665477123019039 0.012665477123019039 11.21805911047359 0.35793642501443584 0.0517397093223314
8650 0.012665477123019039 0.012665477123019039 11.21805911047359 0.35793642501443584 0.0517397093223314
8700 0.012665477123019039 0.012665477123019039 11.21805911047359 0.35793642501443584 0.0517397093223314
8750 0.012665477123019039 0.012665477123019039 11.21805911047359 0.35793642501443584 0.0517397093223314
8800 0.012665411615095509 0.012665411615095509 11.346446972367616 0.35574315951888213 0.05164859866371928
8850 0.012665411615095509 0.012665411615095509 11.346446972367616 0.35574315951888213 0.05164859866371928
8900 0.012665323224956782 0.012665323224956782 11.353904267155771 0.35561570689750793 0.05164324724859627
8950 0.012665323224956782 0.012665323224956782 11.353904267155771 0.35561570689750793 0.05164324724859627
9000 0.012665323224956782 0.012665323224956782 11.353904267155771 0.35561570689750793 0.05164324724859627
9050 0.012665323224956782 0.012665323224956782 11.353904267155771 0.35561570689750793 0.05164324724859627
9100 0.012665323224956782 0.012665323224956782 11.353904267155771 0.35561570689750793 0.05164324724859627
9150 0.012665323224956782 0.012665323224956782 11.353904267155771 0.35561570689750793 0.05164324724859627
9200 0.012665323224956782 0.012665323224956782 11.353904267155771 0.35561570689750793 0.05164324724859627
9250 0.012665323224956782 0.012665323224956782 11.353904267155771 0.35561570689750793 0.05164324724859627
9300 0.012665323224956782 0.012665323224956782 11.353904267155771 0.35561570689750793 0.05164324724859627
9350 0.012665323224956782 0.012665323224956782 11.353904267155771 0.35561570689750793 0.05164324724859627
9400 0.012665275430710774 0.012665275430710774 11.252246985337967 0.357346024158818 0.05171518486484922
9450 0.012665275430710774 0.012665275430710774 11.252246985337967 0.357346024158818 0.05171518486484922
9500 0.012665275430710774 0.012665275430710774 11.252246985337967 0.357346024158818 0.05171518486484922
9550 0.012665275430710774 0.012665275430710774 11.252246985337967 0.357346024158818 0.05171518486484922
9600 0.012665275430710774 0.012665275430710774 11.252246985337967 0.357346024158818 0.05171518486484922
9650 0.012665275430710774 0.012665275430710774 11.252246985337967 0.357346024158818 0.05171518486484922
9700 0.012665275430710774 0.012665275430710774 11.252246985337967 0.357346024158818 0.05171518486484922
9750 0.012665275430710774 0.012665275430710774 11.252246985337967 0.357346024158818 0.05171518486484922
9800 0.012665275430710774 0.012665275430710774 11.252246985337967 0.357346024158818 0.05171518486484922
9850 0.012665275430710774 0.012665275430710774 11.252246985337967 0.357346024158818 0.05171518486484922
9900 0.012665269715756416 0.012665269715756416 11.266870192036967 0.35709570371242416 0.05170477694450562
9950 0.012665269715756416 0.012665269715756416 11.266870192036967 0.35709570371242416 0.05170477694450562
10000 0.012665269715756416 0.012665269715756416 11.266870192036967 0.35709570371242416 0.05170477694450562
10050 0.012665269715756416 0.012665269715756416 11.266870192036967 0.35709570371242416 0.05170477694450562
10100 0.012665269715756416 0.012665269715756416 11.266870192036967 0.35709570371242416 0.05170477694450562
10150 0.012665269715756416 0.012665269715756416 11.266870192036967 0.35709570371242416 0.05170477694450562
10200 0.012665269107296179 0.012665269107296179 11.260532180458586 0.3572041724886247 0.05170927782902684
10250 0.012665269107296179 0.012665269107296179 11.260532180458586 0.3572041724886247 0.05170927782902684
10300 0.012665269107296179 0.012665269107296179 11.260532180458586 0.3572041724886247 0.05170927782902684
10350 0.012665269107296179 0.012665269107296179 11.260532180458586 0.3572041724886247 0.05170927782902684
10400 0.012665258491944923 0.012665258491944923 11.252269442785378 0.3573454762219632 0.05171514611261853
10450 0.012665258491944923 0.012665258491944923 11.252269442785378 0.3573454762219632 0.05171514611261853
10500 0.012665258491944923 0.012665258491944923 11.252269442785378 0.3573454762219632 0.05171514611261853
10550 0.012665258491944923 0.012665258491944923 11.252269442785378 0.3573454762219632 0.05171514611261853
10600 0.012665258491944923 0.012665258491944923 11.252269442785378 0.3573454762219632 0.05171514611261853
10650 0.012665258491944923 0.012665258491944923 11.252269442785378 0.3573454762219632 0.05171514611261853
10700 0.012665258491944923 0.012665258491944923 11.252269442785378 0.3573454762219632 0.05171514611261853
10750 0.012665258491944923 0.012665258491944923 11.252269442785378 0.3573454762219632 0.05171514611261853
10800 0.012665258491944923 0.012665258491944923 11.252269442785378 0.3573454762219632 0.05171514611261853
10850 0.012665252421339125 0.012665252421339125 11.259022148843485 0.35722973630902916 0.051710337862238144
10900 0.012665252421339125 0.012665252421339125 11.259022148843485 0.35722973630902916 0.051710337862238144
10950 0.012665252421339125 0.012665252421339125 11.259022148843485 0.35722973630902916 0.051710337862238144
11000 0.012665252421339125 0.012665252421339125 11.259022148843485 0.35722973630902916 0.051710337862238144
11050 0.012665251515623848 0.012665251515623848 11.26275218209004 0.35716585593312317 0.05170768739286531
11100 0.012665251515623848 0.012665251515623848 11.26275218209004 0.35716585593312317 0.05170768739286531
11150 0.012665249308661447 0.012665249308661447 11.263506577473688 0.357152927604518 0.05170714819441678
11200 0.012665249308661447 0.012665249308661447 11.263506577473688 0.357152927604518 0.05170714819441678
11250 0.012665247723135747 0.012665247723135747 11.266193252098791 0.3571069569810121 0.051705236521194665
11300 0.012665243989097104 0.012665243989097104 11.275831168686734 0.3569421327206367 0.05169838933404904
11350 0.012665243989097104 0.012665243989097104 11.275831168686734 0.3569421327206367 0.05169838933404904
11400 0.01266524317493322 0.01266524317493322 11.275369482448529 0.3569499765816863 0.051698718598214864
11450 0.012665240502502813 0.012665240502502813 11.281434223445677 0.3568463774154816 0.051694410419915474
11500 0.012665240502502813 0.012665240502502813 11.281434223445677 0.3568463774154816 0.051694410419915474
11550 0.012665240502502813 0.012665240502502813 11.281434223445677 0.3568463774154816 0.051694410419915474
11600 0.012665240502502813 0.012665240502502813 11.281434223445677 0.3568463774154816 0.051694410419915474
11650 0.012665239314575694 0.012665239314575694 11.281553048077916 0.35684433598301674 0.05169432461631995
11700 0.012665238952471021 0.012665238952471021 11.279365274581366 0.3568816697233234 0.05169587782780876
11750 0.012665236804118622 0.012665236804118622 11.283509517470868 0.35681090484360367 0.05169293393476239
11800 0.012665236804118622 0.012665236804118622 11.283509517470868 0.35681090484360367 0.05169293393476239
11850 0.012665236804118622 0.012665236804118622 11.283509517470868 0.35681090484360367 0.05169293393476239
11900 0.012665236804118622 0.012665236804118622 11.283509517470868 0.35681090484360367 0.05169293393476239
11950 0.012665236804118622 0.012665236804118622 11.283509517470868 0.35681090484360367 0.05169293393476239
12000 0.012665236804118622 0.012665236804118622 11.283509517470868 0.35681090484360367 0.05169293393476239
12050 0.012665236804118622 0.012665236804118622 11.283509517470868 0.35681090484360367 0.05169293393476239
12100 0.012665236723688803 0.012665236723688803 11.275671154651457 0.35694474517891095 0.051698496879389405
12150 0.012665236637710197 0.012665236637710197 11.282897597788683 0.356821334240414 0.05169336880303016
12200 0.012665236637710197 0.012665236637710197 11.282897597788683 0.356821334240414 0.05169336880303016
12250 0.012665236637710197 0.012665236637710197 11.282897597788683 0.356821334240414 0.05169336880303016
12300 0.01266523625625645 0.01266523625625645 11.2775396480688 0.35691282040626626 0.05169717006197233
12350 0.01266523625625645 0.01266523625625645 11.2775396480688 0.35691282040626626 0.05169717006197233
12400 0.01266523625625645 0.01266523625625645 11.2775396480688 0.35691282040626626 0.05169717006197233
12450 0.012665235481934286 0.012665235481934286 11.277484994841874 0.35691374176181667 0.051697208153298
12500 0.012665234149052603 0.012665234149052603 11.280883757733335 0.35685568166865816 0.05169479482758653
12550 0.012665234149052603 0.012665234149052603 11.280883757733335 0.35685568166865816 0.05169479482758653
12600 0.012665234149052603 0.012665234149052603 11.280883757733335 0.35685568166865816 0.05169479482758653
12650 0.012665234149052603 0.012665234149052603 11.280883757733335 0.35685568166865816 0.05169479482758653
12700 0.012665234149052603 0.012665234149052603 11.280883757733335 0.35685568166865816 0.05169479482758653
12750 0.012665234149052603 0.012665234149052603 11.280883757733335 0.35685568166865816 0.05169479482758653
12800 0.012665234149052603 0.012665234149052603 11.280883757733335 0.35685568166865816 0.05169479482758653
12850 0.012665234149052603 0.012665234149052603 11.280883757733335 0.35685568166865816 0.05169479482758653
12900 0.012665233383964513 0.012665233383964513 11.289785938379389 0.3567037596684383 0.051688480135523976
12950 0.012665233383964513 0.012665233383964513 11.289785938379389 0.3567037596684383 0.051688480135523976
13000 0.012665233383964513 0.012665233383964513 11.289785938379389 0.3567037596684383 0.051688480135523976
13050 0.012665233383964513 0.012665233383964513 11.289785938379389 0.3567037596684383 0.051688480135523976
13100 0.012665233383964513 0.012665233383964513 11.289785938379389 0.3567037596684383 0.051688480135523976
13150 0.012665233383964513 0.012665233383964513 11.289785938379389 0.3567037596684383 0.051688480135523976
13200 0.012665233383964513 0.012665233383964513 11.289785938379389 0.3567037596684383 0.051688480135523976
13250 0.012665233383964513 0.012665233383964513 11.289785938379389 0.3567037596684383 0.051688480135523976
13300 0.012665233383964513 0.012665233383964513 11.289785938379389 0.3567037596684383 0.051688480135523976
13350 0.012665233367010713 0.012665233367010713 11.285013959712863 0.3567851706907313 0.05169186400324741
13400 0.012665233367010713 0.012665233367010713 11.285013959712863 0.3567851706907313 0.05169186400324741
13450 0.012665233334477157 0.012665233334477157 11.285185999480149 0.35678223309483026 0.051691742040345164
13500 0.012665233209054072 0.012665233209054072 11.283503315064483 0.3568109508999936 0.05169293533033109
13550 0.01266523302757172 0.01266523302757172 11.286164720690898 0.3567655293429629 0.05169104749510807
13600 0.01266523302757172 0.01266523302757172 11.286164720690898 0.3567655293429629 0.05169104749510807
13650 0.01266523302757172 0.01266523302757172 11.286164720690898 0.3567655293429629 0.05169104749510807
13700 0.012665233018227718 0.012665233018227718 11.290415365868114 0.3566930195364533 0.051688033557723494
13750 0.012665233018227718 0.012665233018227718 11.290415365868114 0.3566930195364533 0.051688033557723494
13800 0.012665233018227718 0.012665233018227718 11.290415365868114 0.3566930195364533 0.051688033557723494
13850 0.012665233018227718 0.012665233018227718 11.290415365868114 0.3566930195364533 0.051688033557723494
13900 0.012665233018227718 0.012665233018227718 11.290415365868114 0.3566930195364533 0.051688033557723494
13950 0.012665233018227718 0.012665233018227718 11.290415365868114 0.3566930195364533 0.051688033557723494
14000 0.012665233018227718 0.012665233018227718 11.290415365868114 0.3566930195364533 0.051688033557723494
14050 0.012665233018227718 0.012665233018227718 11.290415365868114 0.3566930195364533 0.051688033557723494
14100 0.012665233018227718 0.012665233018227718 11.290415365868114 0.3566930195364533 0.051688033557723494
14150 0.012665232985616162 0.012665232985616162 11.28582316419839 0.3567713560861657 0.051691289737928574
14200 0.012665232985616162 0.012665232985616162 11.28582316419839 0.3567713560861657 0.051691289737928574
14250 0.012665232865467401 0.012665232865467401 11.288922276342676 0.3567184824670699 0.05168909198463388
14300 0.012665232865467401 0.012665232865467401 11.288922276342676 0.3567184824670699 0.05168909198463388
14350 0.012665232865467401 0.012665232865467401 11.288922276342676 0.3567184824670699 0.05168909198463388
14400 0.012665232865467401 0.012665232865467401 11.288922276342676 0.3567184824670699 0.05168909198463388
14450 0.012665232865467401 0.012665232865467401 11.288922276342676 0.3567184824670699 0.05168909198463388
14500 0.012665232865467401 0.012665232865467401 11.288922276342676 0.3567184824670699 0.05168909198463388
14550 0.012665232865467401 0.012665232865467401 11.288922276342676 0.3567184824670699 0.05168909198463388
14600 0.012665232865467401 0.012665232865467401 11.288922276342676 0.3567184824670699 0.05168909198463388
14650 0.012665232865467401 0.012665232865467401 11.288922276342676 0.3567184824670699 0.05168909198463388
14700 0.012665232865467401 0.012665232865467401 11.288922276342676 0.3567184824670699 0.05168909198463388
14750 0.012665232865467401 0.012665232865467401 11.288922276342676 0.3567184824670699 0.05168909198463388
14800 0.012665232861731874 0.012665232861731874 11.28828421367912 0.35672936656509224 0.05168954437527292
14850 0.012665232861731874 0.012665232861731874 11.28828421367912 0.35672936656509224 0.05168954437527292
14900 0.012665232845925242 0.012665232845925242 11.289246394117939 0.3567129538179609 0.05168886216086532
14950 0.012665232845925242 0.012665232845925242 11.289246394117939 0.3567129538179609 0.05168886216086532
15000 0.012665232845925242 0.012665232845925242 11.289246394117939 0.3567129538179609 0.05168886216086532
15050 0.012665232845925242 0.012665232845925242 11.289246394117939 0.3567129538179609 0.05168886216086532
15100 0.012665232845925242 0.012665232845925242 11.289246394117939 0.3567129538179609 0.05168886216086532
15150 0.012665232810192786 0.012665232810192786 11.287916415087842 0.3567356398690567 0.05168980513076454
15200 0.012665232810192786 0.012665232810192786 11.287916415087842 0.3567356398690567 0.05168980513076454
15250 0.012665232810192786 0.012665232810192786 11.287916415087842 0.3567356398690567 0.05168980513076454
15300 0.012665232810192786 0.012665232810192786 11.287916415087842 0.3567356398690567 0.05168980513076454
15350 0.012665232810192786 0.012665232810192786 11.287916415087842 0.3567356398690567 0.05168980513076454
15400 0.012665232810192786 0.012665232810192786 11.287916415087842 0.3567356398690567 0.05168980513076454
15450 0.012665232810192786 0.012665232810192786 11.287916415087842 0.3567356398690567 0.05168980513076454
15500 0.012665232810192786 0.012665232810192786 11.287916415087842 0.3567356398690567 0.05168980513076454
15550 0.012665232810192786 0.012665232810192786 11.287916415087842 0.3567356398690567 0.05168980513076454
15600 0.012665232802117775 0.012665232802117775 11.289471981376357 0.3567091054812653 0.05168870218148024
15650 0.012665232802117775 0.012665232802117775 11.289471981376357 0.3567091054812653 0.05168870218148024
15700 0.01266523279791721 0.01266523279791721 11.288694809633718 0.3567223614930949 0.05168925319528111
15750 0.01266523279791721 0.01266523279791721 11.288694809633718 0.3567223614930949 0.05168925319528111
15800 0.012665232796930655 0.012665232796930655 11.288691951894629 0.3567224102184492 0.0516892552210016
15850 0.012665232796930655 0.012665232796930655 11.288691951894629 0.3567224102184492 0.0516892552210016
15900 0.012665232796930655 0.012665232796930655 11.288691951894629 0.3567224102184492 0.0516892552210016
15950 0.012665232796930655 0.012665232796930655 11.288691951894629 0.3567224102184492 0.0516892552210016
16000 0.012665232796930655 0.012665232796930655 11.288691951894629 0.3567224102184492 0.0516892552210016
16050 0.012665232796930655 0.012665232796930655 11.288691951894629 0.3567224102184492 0.0516892552210016
16100 0.012665232796930655 0.012665232796930655 11.288691951894629 0.3567224102184492 0.0516892552210016
16150 0.012665232796930655 0.012665232796930655 11.288691951894629 0.3567224102184492 0.0516892552210016
16200 0.012665232796930655 0.012665232796930655 11.288691951894629 0.3567224102184492 0.0516892552210016
16250 0.012665232796930655 0.012665232796930655 11.288691951894629 0.3567224102184492 0.0516892552210016
16300 0.012665232796930655 0.012665232796930655 11.288691951894629 0.3567224102184492 0.0516892552210016
16350 0.012665232796930655 0.012665232796930655 11.288691951894629 0.3567224102184492 0.0516892552210016
16400 0.012665232796930655 0.012665232796930655 11.288691951894629 0.3567224102184492 0.0516892552210016
16450 0.012665232796930655 0.012665232796930655 11.288691951894629 0.3567224102184492 0.0516892552210016
16500 0.012665232796930655 0.012665232796930655 11.288691951894629 0.3567224102184492 0.0516892552210016
16550 0.012665232795434687 0.012665232795434687 11.288722835048375 0.3567218833810579 0.051689233324182994
16600 0.012665232795434687 0.012665232795434687 11.288722835048375 0.3567218833810579 0.051689233324182994
16650 0.012665232795190223 0.012665232795190223 11.288734023678607 0.3567216925468022 0.05168922538945701
16700 0.012665232795068983 0.012665232795068983 11.288940635425687 0.3567181682878471 0.051689078898467786
16750 0.012665232792924048 0.012665232792924048 11.288553587728298 0.3567247703420817 0.05168935332208648
16800 0.012665232792924048 0.012665232792924048 11.288553587728298 0.3567247703420817 0.05168935332208648
16850 0.012665232792822924 0.012665232792822924 11.288823137595195 0.35672017245128024 0.05168916220361489
16900 0.012665232792822924 0.012665232792822924 11.288823137595195 0.35672017245128024 0.05168916220361489
16950 0.012665232792329829 0.012665232792329829 11.288508829710974 0.35672553380526323 0.05168938505734161
17000 0.012665232792294126 0.012665232792294126 11.289098308836797 0.35671547884717947 0.05168896710206543
17050 0.012665232792294126 0.012665232792294126 11.289098308836797 0.35671547884717947 0.05168896710206543
17100 0.012665232791369356 0.012665232791369356 11.288617413531313 0.3567236815870279 0.051689308065861604
17150 0.012665232791369356 0.012665232791369356 11.288617413531313 0.3567236815870279 0.051689308065861604
17200 0.012665232791369356 0.012665232791369356 11.288617413531313 0.3567236815870279 0.051689308065861604
17250 0.012665232791129744 0.012665232791129744 11.289300527090612 0.3567120296839179 0.05168882372858621
17300 0.012665232791045578 0.012665232791045578 11.288519412219324 0.3567253532686212 0.05168937755275777
17350 0.012665232791045578 0.012665232791045578 11.288519412219324 0.3567253532686212 0.05168937755275777
17400 0.012665232791045578 0.012665232791045578 11.288519412219324 0.3567253532686212 0.05168937755275777
17450 0.012665232791045578 0.012665232791045578 11.288519412219324 0.3567253532686212 0.05168937755275777
17500 0.012665232791045578 0.012665232791045578 11.288519412219324 0.3567253532686212 0.05168937755275777
17550 0.012665232790631375 0.012665232790631375 11.288785495213387 0.35672081451124965 0.051689188889939966
17600 0.012665232790565053 0.012665232790565053 11.288980050723577 0.3567174959277565 0.05168905094702628
17650 0.012665232790565053 0.012665232790565053 11.288980050723577 0.3567174959277565 0.05168905094702628
17700 0.012665232789799578 0.012665232789799578 11.288957318475372 0.3567178836687209 0.05168906706319083
17750 0.012665232789799578 0.012665232789799578 11.288957318475372 0.3567178836687209 0.05168906706319083
17800 0.012665232789799578 0.012665232789799578 11.288957318475372 0.3567178836687209 0.05168906706319083
17850 0.012665232789799578 0.012665232789799578 11.288957318475372 0.3567178836687209 0.05168906706319083
17900 0.012665232789799578 0.012665232789799578 11.288957318475372 0.3567178836687209 0.05168906706319083
17950 0.012665232789706866 0.012665232789706866 11.288851365041495 0.3567196909256201 0.05168914218639967
18000 0.012665232789706866 0.012665232789706866 11.288851365041495 0.3567196909256201 0.05168914218639967
18050 0.012665232788896093 0.012665232788896093 11.288766615658593 0.35672113651583265 0.05168920227481055
18100 0.012665232788896093 0.012665232788896093 11.288766615658593 0.35672113651583265 0.05168920227481055
18150 0.012665232788896093 0.012665232788896093 11.288766615658593 0.35672113651583265 0.05168920227481055
18200 0.012665232788852739 0.012665232788852739 11.288796796981911 0.3567206216999047 0.051689180875439396
18250 0.012665232788852739 0.012665232788852739 11.288796796981911 0.3567206216999047 0.051689180875439396
18300 0.012665232788852739 0.012665232788852739 11.288796796981911 0.3567206216999047 0.051689180875439396
18350 0.012665232788852739 0.012665232788852739 11.288796796981911 0.3567206216999047 0.051689180875439396
18400 0.012665232788852739 0.012665232788852739 11.288796796981911 0.3567206216999047 0.051689180875439396
18450 0.012665232788852739 0.012665232788852739 11.288796796981911 0.3567206216999047 0.051689180875439396
18500 0.012665232788852739 0.012665232788852739 11.288796796981911 0.3567206216999047 0.051689180875439396
18550 0.012665232788852739 0.012665232788852739 11.288796796981911 0.3567206216999047 0.051689180875439396
18600 0.012665232788852739 0.012665232788852739 11.288796796981911 0.3567206216999047 0.051689180875439396
18650 0.012665232788814406 0.012665232788814406 11.288802600583821 0.3567205227053257 0.05168917676049225
18700 0.01266523278864925 0.01266523278864925 11.28879108791917 0.3567207190788967 0.05168918492308672
18750 0.01266523278864925 0.01266523278864925 11.28879108791917 0.3567207190788967 0.05168918492308672
18800 0.01266523278864925 0.01266523278864925 11.28879108791917 0.3567207190788967 0.05168918492308672
18850 0.01266523278864925 0.01266523278864925 11.28879108791917 0.3567207190788967 0.05168918492308672
18900 0.01266523278864925 0.01266523278864925 11.28879108791917 0.3567207190788967 0.05168918492308672
18950 0.01266523278864925 0.01266523278864925 11.28879108791917 0.3567207190788967 0.05168918492308672
19000 0.01266523278864925 0.01266523278864925 11.28879108791917 0.3567207190788967 0.05168918492308672
19050 0.01266523278864925 0.01266523278864925 11.28879108791917 0.3567207190788967 0.05168918492308672
19100 0.012665232788636672 0.012665232788636672 11.289013228217563 0.3567169299972411 0.05168902742153692
19150 0.012665232788636672 0.012665232788636672 11.289013228217563 0.3567169299972411 0.05168902742153692
19200 0.012665232788636672 0.012665232788636672 11.289013228217563 0.3567169299972411 0.05168902742153692
19250 0.012665232788636672 0.012665232788636672 11.289013228217563 0.3567169299972411 0.05168902742153692
19300 0.012665232788636672 0.012665232788636672 11.289013228217563 0.3567169299972411 0.05168902742153692
19350 0.012665232788636672 0.012665232788636672 11.289013228217563 0.3567169299972411 0.05168902742153692
19400 0.012665232788636672 0.012665232788636672 11.289013228217563 0.3567169299972411 0.05168902742153692
19450 0.012665232788492 0.012665232788492 11.288985760425383 0.3567173985112427 0.05168904689644122
19500 0.012665232788492 0.012665232788492 11.288985760425383 0.3567173985112427 0.05168904689644122
19550 0.012665232788492 0.012665232788492 11.288985760425383 0.3567173985112427 0.05168904689644122
19600 0.012665232788492 0.012665232788492 11.288985760425383 0.3567173985112427 0.05168904689644122
19650 0.012665232788492 0.012665232788492 11.288985760425383 0.3567173985112427 0.05168904689644122
19700 0.012665232788492 0.012665232788492 11.288985760425383 0.3567173985112427 0.05168904689644122
19750 0.012665232788492 0.012665232788492 11.288985760425383 0.3567173985112427 0.05168904689644122
19800 0.012665232788390065 0.012665232788390065 11.288958132111475 0.3567178697666922 0.05168906648515937
19850 0.012665232788390065 0.012665232788390065 11.288958132111475 0.3567178697666922 0.05168906648515937
19900 0.012665232788390065 0.012665232788390065 11.288958132111475 0.3567178697666922 0.05168906648515937
19950 0.012665232788390065 0.012665232788390065 11.288958132111475 0.3567178697666922 0.05168906648515937
20000 0.012665232788390065 0.012665232788390065 11.288958132111475 0.3567178697666922 0.05168906648515937
20050 0.012665232788390065 0.012665232788390065 11.288958132111475 0.3567178697666922 0.05168906648515937
20100 0.012665232788390065 0.012665232788390065 11.288958132111475 0.3567178697666922 0.05168906648515937
20150 0.012665232788390065 0.012665232788390065 11.288958132111475 0.3567178697666922 0.05168906648515937
20200 0.012665232788390065 0.012665232788390065 11.288958132111475 0.3567178697666922 0.05168906648515937
20250 0.012665232788390065 0.012665232788390065 11.288958132111475 0.3567178697666922 0.05168906648515937
20300 0.012665232788390065 0.012665232788390065 11.288958132111475 0.3567178697666922 0.05168906648515937
20350 0.012665232788390065 0.012665232788390065 11.288958132111475 0.3567178697666922 0.05168906648515937
20400 0.012665232788390065 0.012665232788390065 11.288958132111475 0.3567178697666922 0.05168906648515937
20450 0.012665232788390065 0.012665232788390065 11.288958132111475 0.3567178697666922 0.05168906648515937
20500 0.012665232788390065 0.012665232788390065 11.288958132111475 0.3567178697666922 0.05168906648515937
20550 0.012665232788390065 0.012665232788390065 11.288958132111475 0.3567178697666922 0.05168906648515937
20600 0.012665232788382797 0.012665232788382797 11.288889130328926 0.35671904673740196 0.051689115408597476
20650 0.012665232788382797 0.012665232788382797 11.288889130328926 0.35671904673740196 0.051689115408597476
20700 0.012665232788382797 0.012665232788382797 11.288889130328926 0.35671904673740196 0.051689115408597476
20750 0.012665232788382797 0.012665232788382797 11.288889130328926 0.35671904673740196 0.051689115408597476
20800 0.012665232788375 0.012665232788375 11.288965055385658 0.35671775167578934 0.05168906157645593
20850 0.012665232788354111 0.012665232788354111 11.288964774396618 0.3567177564682795 0.05168906177566367
20900 0.012665232788354111 0.012665232788354111 11.288964774396618 0.3567177564682795 0.05168906177566367
20950 0.012665232788354111 0.012665232788354111 11.288964774396618 0.3567177564682795 0.05168906177566367
21000 0.012665232788354111 0.012665232788354111 11.288964774396618 0.3567177564682795 0.05168906177566367
21050 0.012665232788354111 0.012665232788354111 11.288964774396618 0.3567177564682795 0.05168906177566367
21100 0.012665232788354111 0.012665232788354111 11.288964774396618 0.3567177564682795 0.05168906177566367
21150 0.012665232788354111 0.012665232788354111 11.288964774396618 0.3567177564682795 0.05168906177566367
21200 0.012665232788354111 0.012665232788354111 11.288964774396618 0.3567177564682795 0.05168906177566367
21250 0.012665232788340409 0.012665232788340409 11.288945517035629 0.35671808494176815 0.0516890754294042
21300 0.012665232788340409 0.012665232788340409 11.288945517035629 0.35671808494176815 0.0516890754294042
21350 0.012665232788340409 0.012665232788340409 11.288945517035629 0.35671808494176815 0.0516890754294042
21400 0.012665232788340409 0.012665232788340409 11.288945517035629 0.35671808494176815 0.0516890754294042
21450 0.012665232788340409 0.012665232788340409 11.288945517035629 0.35671808494176815 0.0516890754294042
21500 0.012665232788340409 0.012665232788340409 11.288945517035629 0.35671808494176815 0.0516890754294042
21550 0.012665232788340409 0.012665232788340409 11.288945517035629 0.35671808494176815 0.0516890754294042
21600 0.01266523278833029 0.01266523278833029 11.28894204662602 0.35671814413666475 0.051689077889966656
21650 0.01266523278833029 0.01266523278833029 11.28894204662602 0.35671814413666475 0.051689077889966656
21700 0.01266523278833029 0.01266523278833029 11.28894204662602 0.35671814413666475 0.051689077889966656
21750 0.01266523278833029 0.01266523278833029 11.28894204662602 0.35671814413666475 0.051689077889966656
21800 0.01266523278833029 0.01266523278833029 11.28894204662602 0.35671814413666475 0.051689077889966656
21850 0.01266523278833029 0.01266523278833029 11.28894204662602 0.35671814413666475 0.051689077889966656
21900 0.01266523278833029 0.01266523278833029 11.28894204662602 0.35671814413666475 0.051689077889966656
21950 0.01266523278833029 0.01266523278833029 11.28894204662602 0.35671814413666475 0.051689077889966656
22000 0.01266523278833029 0.01266523278833029 11.28894204662602 0.35671814413666475 0.051689077889966656
22050 0.01266523278833029 0.01266523278833029 11.28894204662602 0.35671814413666475 0.051689077889966656
22100 0.01266523278833029 0.01266523278833029 11.28894204662602 0.35671814413666475 0.051689077889966656
22150 0.01266523278833029 0.01266523278833029 11.28894204662602 0.35671814413666475 0.051689077889966656
22200 0.01266523278833029 0.01266523278833029 11.28894204662602 0.35671814413666475 0.051689077889966656
22250 0.01266523278833029 0.01266523278833029 11.28894204662602 0.35671814413666475 0.051689077889966656
22300 0.01266523278833029 0.01266523278833029 11.28894204662602 0.35671814413666475 0.051689077889966656
22350 0.01266523278833029 0.01266523278833029 11.28894204662602 0.35671814413666475 0.051689077889966656
22400 0.012665232788323162 0.012665232788323162 11.288958706573482 0.3567178599669308 0.05168906607780354
22450 0.012665232788323162 0.012665232788323162 11.288958706573482 0.3567178599669308 0.05168906607780354
22500 0.012665232788323162 0.012665232788323162 11.288958706573482 0.3567178599669308 0.05168906607780354
22550 0.012665232788323162 0.012665232788323162 11.288958706573482 0.3567178599669308 0.05168906607780354
22600 0.012665232788323162 0.012665232788323162 11.288958706573482 0.3567178599669308 0.05168906607780354
22650 0.012665232788323162 0.012665232788323162 11.288958706573482 0.3567178599669308 0.05168906607780354
22700 0.012665232788323162 0.012665232788323162 11.288958706573482 0.3567178599669308 0.05168906607780354
22750 0.012665232788323162 0.012665232788323162 11.288958706573482 0.3567178599669308 0.05168906607780354
22800 0.012665232788323162 0.012665232788323162 11.288958706573482 0.3567178599669308 0.05168906607780354
22850 0.012665232788323162 0.012665232788323162 11.288958706573482 0.3567178599669308 0.05168906607780354
22900 0.012665232788323162 0.012665232788323162 11.288958706573482 0.3567178599669308 0.05168906607780354
22950 0.012665232788323162 0.012665232788323162 11.288958706573482 0.3567178599669308 0.05168906607780354
23000 0.012665232788323162 0.012665232788323162 11.288958706573482 0.3567178599669308 0.05168906607780354
23050 0.012665232788323162 0.012665232788323162 11.288958706573482 0.3567178599669308 0.05168906607780354
23100 0.012665232788323162 0.012665232788323162 11.288958706573482 0.3567178599669308 0.05168906607780354
23150 0.012665232788323162 0.012665232788323162 11.288958706573482 0.3567178599669308 0.05168906607780354
23200 0.012665232788323162 0.012665232788323162 11.288958706573482 0.3567178599669308 0.05168906607780354
23250 0.012665232788323162 0.012665232788323162 11.288958706573482 0.3567178599669308 0.05168906607780354
23300 0.012665232788323162 0.012665232788323162 11.288958706573482 0.3567178599669308 0.05168906607780354
23350 0.012665232788323162 0.012665232788323162 11.288958706573482 0.3567178599669308 0.05168906607780354
23400 0.012665232788323162 0.012665232788323162 11.288958706573482 0.3567178599669308 0.05168906607780354
23450 0.012665232788323162 0.012665232788323162 11.288958706573482 0.3567178599669308 0.05168906607780354
23500 0.012665232788323162 0.012665232788323162 11.288958706573482 0.3567178599669308 0.05168906607780354
23550 0.012665232788323162 0.012665232788323162 11.288958706573482 0.3567178599669308 0.05168906607780354
23600 0.01266523278832284 0.01266523278832284 11.288968116646487 0.35671769945908177 0.05168905940592426
23650 0.01266523278832284 0.01266523278832284 11.288968116646487 0.35671769945908177 0.05168905940592426
23700 0.01266523278832284 0.01266523278832284 11.288968116646487 0.35671769945908177 0.05168905940592426
23750 0.01266523278832284 0.01266523278832284 11.288968116646487 0.35671769945908177 0.05168905940592426
23800 0.01266523278832284 0.01266523278832284 11.288968116646487 0.35671769945908177 0.05168905940592426
23850 0.01266523278832284 0.01266523278832284 11.288968116646487 0.35671769945908177 0.05168905940592426
23900 0.01266523278832284 0.01266523278832284 11.288968116646487 0.35671769945908177 0.05168905940592426
23950 0.01266523278832284 0.01266523278832284 11.288968116646487 0.35671769945908177 0.05168905940592426
24000 0.01266523278832284 0.01266523278832284 11.288968116646487 0.35671769945908177 0.05168905940592426
24050 0.01266523278832284 0.01266523278832284 11.288968116646487 0.35671769945908177 0.05168905940592426
24100 0.01266523278832284 0.01266523278832284 11.288968116646487 0.35671769945908177 0.05168905940592426
24150 0.01266523278832284 0.01266523278832284 11.288968116646487 0.35671769945908177 0.05168905940592426
24200 0.012665232788322562 0.012665232788322562 11.288962750783844 0.35671779098469947 0.051689063210398525
24250 0.012665232788322562 0.012665232788322562 11.288962750783844 0.35671779098469947 0.051689063210398525
24300 0.012665232788322562 0.012665232788322562 11.288962750783844 0.35671779098469947 0.051689063210398525
24350 0.012665232788322562 0.012665232788322562 11.288962750783844 0.35671779098469947 0.051689063210398525
24400 0.012665232788322562 0.012665232788322562 11.288962750783844 0.35671779098469947 0.051689063210398525
24450 0.012665232788322562 0.012665232788322562 11.288962750783844 0.35671779098469947 0.051689063210398525
24500 0.012665232788322562 0.012665232788322562 11.288962750783844 0.35671779098469947 0.051689063210398525
24550 0.012665232788320541 0.012665232788320541 11.288968048300102 0.3567177006248283 0.05168905945438094
24600 0.012665232788320541 0.012665232788320541 11.288968048300102 0.3567177006248283 0.05168905945438094
24650 0.012665232788320541 0.012665232788320541 11.288968048300102 0.3567177006248283 0.05168905945438094
24700 0.012665232788320541 0.012665232788320541 11.288968048300102 0.3567177006248283 0.05168905945438094
24750 0.012665232788320541 0.012665232788320541 11.288968048300102 0.3567177006248283 0.05168905945438094
24800 0.012665232788320541 0.012665232788320541 11.288968048300102 0.3567177006248283 0.05168905945438094
24850 0.012665232788320541 0.012665232788320541 11.288968048300102 0.3567177006248283 0.05168905945438094
24900 0.012665232788320541 0.012665232788320541 11.288968048300102 0.3567177006248283 0.05168905945438094
24950 0.012665232788320541 0.012665232788320541 11.288968048300102 0.3567177006248283 0.05168905945438094
25000 0.012665232788320385 0.012665232788320385 11.288969349810685 0.3567176784249425 0.05168905853159126
25050 0.012665232788320385 0.012665232788320385 11.288969349810685 0.3567176784249425 0.05168905853159126
25100 0.012665232788320385 0.012665232788320385 11.288969349810685 0.3567176784249425 0.05168905853159126
25150 0.012665232788320385 0.012665232788320385 11.288969349810685 0.3567176784249425 0.05168905853159126
25200 0.01266523278832036 0.01266523278832036 11.288970203592434 0.3567176638619772 0.05168905792624789
25250 0.01266523278832036 0.01266523278832036 11.288970203592434 0.3567176638619772 0.05168905792624789
25300 0.01266523278832036 0.01266523278832036 11.288970203592434 0.3567176638619772 0.05168905792624789
25350 0.012665232788320291 0.012665232788320291 11.288970985204465 0.35671765053001003 0.051689057372074035
25400 0.012665232788320291 0.012665232788320291 11.288970985204465 0.35671765053001003 0.051689057372074035
25450 0.012665232788320291 0.012665232788320291 11.288970985204465 0.35671765053001003 0.051689057372074035
25500 0.012665232788320182 0.012665232788320182 11.288970232158112 0.35671766337472965 0.051689057905994235
25550 0.012665232788320182 0.012665232788320182 11.288970232158112 0.35671766337472965 0.051689057905994235
25600 0.012665232788320182 0.012665232788320182 11.288970232158112 0.35671766337472965 0.051689057905994235
25650 0.01266523278832014 0.01266523278832014 11.28897018405444 0.3567176641952331 0.05168905794010044
25700 0.01266523278832014 0.01266523278832014 11.28897018405444 0.3567176641952331 0.05168905794010044
25750 0.01266523278832 0.01266523278832 11.28896274041447 0.35671779116153995 0.05168906321774752
25800 0.012665232788319875 0.012665232788319875 11.288966652507181 0.35671772443288435 0.051689060444017214
25850 0.012665232788319875 0.012665232788319875 11.288966652507181 0.35671772443288435 0.051689060444017214
25900 0.01266523278831981 0.01266523278831981 11.288966188760654 0.3567177323430159 0.05168906077282014
25950 0.01266523278831981 0.01266523278831981 11.288966188760654 0.3567177323430159 0.05168906077282014
26000 0.012665232788319731 0.012665232788319731 11.288960844046974 0.35671782350793146 0.05168906456229948
26050 0.012665232788319731 0.012665232788319731 11.288960844046974 0.35671782350793146 0.05168906456229948
26100 0.012665232788319686 0.012665232788319686 11.288969134833957 0.35671768209179283 0.051689058684012135
26150 0.012665232788319686 0.012665232788319686 11.288969134833957 0.35671768209179283 0.051689058684012135
26200 0.012665232788319594 0.012665232788319594 11.288967780223087 0.35671770519740914 0.05168905964445037
26250 0.012665232788319594 0.012665232788319594 11.288967780223087 0.35671770519740914 0.05168905964445037
26300 0.012665232788319594 0.012665232788319594 11.288967780223087 0.35671770519740914 0.05168905964445037
26350 0.012665232788319594 0.012665232788319594 11.288967780223087 0.35671770519740914 0.05168905964445037
26400 0.012665232788319594 0.012665232788319594 11.288967780223087 0.35671770519740914 0.05168905964445037
26450 0.012665232788319575 0.012665232788319575 11.28896664033901 0.35671772464043183 0.05168906045264439
26500 0.012665232788319575 0.012665232788319575 11.28896664033901 0.35671772464043183 0.05168906045264439
26550 0.012665232788319575 0.012665232788319575 11.28896664033901 0.35671772464043183 0.05168906045264439
26600 0.012665232788319575 0.012665232788319575 11.28896664033901 0.35671772464043183 0.05168906045264439
26650 0.012665232788319575 0.012665232788319575 11.28896664033901 0.35671772464043183 0.05168906045264439
26700 0.012665232788319575 0.012665232788319575 11.28896664033901 0.35671772464043183 0.05168906045264439
26750 0.012665232788319575 0.012665232788319575 11.28896664033901 0.35671772464043183 0.05168906045264439
26800 0.012665232788319575 0.012665232788319575 11.28896664033901 0.35671772464043183 0.05168906045264439
26850 0.012665232788319575 0.012665232788319575 11.28896664033901 0.35671772464043183 0.05168906045264439
26900 0.012665232788319575 0.012665232788319575 11.28896664033901 0.35671772464043183 0.05168906045264439
26950 0.012665232788319575 0.012665232788319575 11.28896664033901 0.35671772464043183 0.05168906045264439
27000 0.012665232788319538 0.012665232788319538 11.288964493302249 0.35671776126248234 0.051689061974924254
27050 0.012665232788319538 0.012665232788319538 11.288964493302249 0.35671776126248234 0.051689061974924254
27100 0.012665232788319538 0.012665232788319538 11.288964493302249 0.35671776126248234 0.051689061974924254
27150 0.012665232788319538 0.012665232788319538 11.288964493302249 0.35671776126248234 0.051689061974924254
27200 0.012665232788319538 0.012665232788319538 11.288964493302249 0.35671776126248234 0.051689061974924254
27250 0.012665232788319535 0.012665232788319535 11.288965401867559 0.35671774576506365 0.051689061330738355
27300 0.012665232788319523 0.012665232788319523 11.28896293791478 0.35671778779276514 0.05168906307771645
27350 0.012665232788319523 0.012665232788319523 11.28896293791478 0.35671778779276514 0.05168906307771645
27400 0.012665232788319523 0.012665232788319523 11.28896293791478 0.35671778779276514 0.05168906307771645
27450 0.012665232788319516 0.012665232788319516 11.288963419115797 0.3567177795849066 0.051689062736537957
27500 0.012665232788319516 0.012665232788319516 11.288963419115797 0.3567177795849066 0.051689062736537957
27550 0.012665232788319516 0.012665232788319516 11.288963419115797 0.3567177795849066 0.051689062736537957
27600 0.012665232788319516 0.012665232788319516 11.288963419115797 0.3567177795849066 0.051689062736537957
27650 0.012665232788319516 0.012665232788319516 11.288963419115797 0.3567177795849066 0.051689062736537957
27700 0.012665232788319516 0.012665232788319516 11.288963419115797 0.3567177795849066 0.051689062736537957
27750 0.012665232788319472 0.012665232788319472 11.288966158944055 0.3567177328515934 0.0516890607939602
27800 0.012665232788319472 0.012665232788319472 11.288966158944055 0.3567177328515934 0.0516890607939602
27850 0.012665232788319472 0.012665232788319472 11.288966158944055 0.3567177328515934 0.0516890607939602
27900 0.012665232788319472 0.012665232788319472 11.288966158944055 0.3567177328515934 0.0516890607939602
27950 0.012665232788319472 0.012665232788319472 11.288966158944055 0.3567177328515934 0.0516890607939602
28000 0.012665232788319472 0.012665232788319472 11.288966158944055 0.3567177328515934 0.0516890607939602
28050 0.012665232788319472 0.012665232788319472 11.288966158944055 0.3567177328515934 0.0516890607939602
28100 0.012665232788319472 0.012665232788319472 11.288966158944055 0.3567177328515934 0.0516890607939602
28150 0.012665232788319472 0.012665232788319472 11.288966158944055 0.3567177328515934 0.0516890607939602
28200 0.012665232788319472 0.012665232788319472 11.288966158944055 0.3567177328515934 0.0516890607939602
28250 0.012665232788319472 0.012665232788319472 11.288966158944055 0.3567177328515934 0.0516890607939602
28300 0.012665232788319472 0.012665232788319472 11.288966158944055 0.3567177328515934 0.0516890607939602
28350 0.012665232788319472 0.012665232788319472 11.288966158944055 0.3567177328515934 0.0516890607939602
28400 0.012665232788319472 0.012665232788319472 11.288966158944055 0.3567177328515934 0.0516890607939602
28450 0.012665232788319469 0.012665232788319469 11.288964105619538 0.3567177678751946 0.051689062249796816
28500 0.012665232788319467 0.012665232788319467 11.288966680691821 0.35671772395213164 0.05168906042403356
28550 0.012665232788319467 0.012665232788319467 11.288966680691821 0.35671772395213164 0.05168906042403356
28600 0.012665232788319462 0.012665232788319462 11.288964975846776 0.3567177530317084 0.051689061632793146
28650 0.012665232788319462 0.012665232788319462 11.288964975846776 0.3567177530317084 0.051689061632793146
28700 0.012665232788319462 0.012665232788319462 11.288964975846776 0.3567177530317084 0.051689061632793146
28750 0.012665232788319462 0.012665232788319462 11.288964975846776 0.3567177530317084 0.051689061632793146
28800 0.01266523278831945 0.01266523278831945 11.288966004981104 0.35671773547774227 0.05168906090312211
28850 0.012665232788319441 0.012665232788319441 11.288965499751335 0.35671774409545676 0.05168906126133725
28900 0.012665232788319441 0.012665232788319441 11.288965499751335 0.35671774409545676 0.05168906126133725
28950 0.012665232788319441 0.012665232788319441 11.288965499751335 0.35671774409545676 0.05168906126133725
29000 0.012665232788319441 0.012665232788319441 11.288965499751335 0.35671774409545676 0.05168906126133725
29050 0.012665232788319436 0.012665232788319436 11.28896516754527 0.35671774976190257 0.05168906149687613
29100 0.012665232788319436 0.012665232788319436 11.28896516754527 0.35671774976190257 0.05168906149687613
29150 0.012665232788319436 0.012665232788319436 11.28896516754527 0.35671774976190257 0.05168906149687613
29200 0.012665232788319436 0.012665232788319436 11.28896516754527 0.35671774976190257 0.05168906149687613
29250 0.01266523278831942 0.01266523278831942 11.288964920301861 0.3567177539791387 0.05168906167217525
29300 0.01266523278831942 0.01266523278831942 11.288964920301861 0.3567177539791387 0.05168906167217525
29350 0.01266523278831942 0.01266523278831942 11.288964920301861 0.3567177539791387 0.05168906167217525
29400 0.01266523278831942 0.01266523278831942 11.288964920301861 0.3567177539791387 0.05168906167217525
29450 0.01266523278831942 0.01266523278831942 11.288964920301861 0.3567177539791387 0.05168906167217525
29500 0.01266523278831942 0.01266523278831942 11.288964920301861 0.3567177539791387 0.05168906167217525
29550 0.01266523278831942 0.01266523278831942 11.288964920301861 0.3567177539791387 0.05168906167217525
29600 0.01266523278831942 0.01266523278831942 11.288964920301861 0.3567177539791387 0.05168906167217525
29650 0.01266523278831942 0.01266523278831942 11.288964920301861 0.3567177539791387 0.05168906167217525
29700 0.01266523278831942 0.01266523278831942 11.288964920301861 0.3567177539791387 0.05168906167217525
29750 0.01266523278831942 0.01266523278831942 11.288964920301861 0.3567177539791387 0.05168906167217525
29800 0.01266523278831942 0.01266523278831942 11.288964920301861 0.3567177539791387 0.05168906167217525
29850 0.01266523278831942 0.01266523278831942 11.288964920301861 0.3567177539791387 0.05168906167217525
29900 0.01266523278831942 0.01266523278831942 11.288964920301861 0.3567177539791387 0.05168906167217525
29950 0.01266523278831942 0.01266523278831942 11.288964920301861 0.3567177539791387 0.05168906167217525
30000 0.01266523278831942 0.01266523278831942 11.288964920301861 0.3567177539791387 0.05168906167217525
30050 0.01266523278831942 0.01266523278831942 11.288964920301861 0.3567177539791387 0.05168906167217525
30100 0.012665232788319419 0.012665232788319419 11.288965449463458 0.35671774495321773 0.051689061296992064
30150 0.012665232788319419 0.012665232788319419 11.288965449463458 0.35671774495321773 0.051689061296992064
30200 0.012665232788319417 0.012665232788319417 11.28896549605997 0.35671774415842006 0.051689061263954464
30250 0.012665232788319417 0.012665232788319417 11.28896549605997 0.35671774415842006 0.051689061263954464
30300 0.012665232788319417 0.012665232788319417 11.28896549605997 0.35671774415842006 0.051689061263954464
30350 0.012665232788319417 0.012665232788319417 11.28896549605997 0.35671774415842006 0.051689061263954464
30400 0.012665232788319417 0.012665232788319417 11.28896549605997 0.35671774415842006 0.051689061263954464
30450 0.012665232788319417 0.012665232788319417 11.28896549605997 0.35671774415842006 0.051689061263954464
30500 0.012665232788319417 0.012665232788319417 11.28896549605997 0.35671774415842006 0.051689061263954464
30550 0.012665232788319417 0.012665232788319417 11.28896549605997 0.35671774415842006 0.051689061263954464
30600 0.012665232788319417 0.012665232788319417 11.28896549605997 0.35671774415842006 0.051689061263954464
30650 0.012665232788319417 0.012665232788319417 11.28896549605997 0.35671774415842006 0.051689061263954464
30700 0.012665232788319417 0.012665232788319417 11.28896549605997 0.35671774415842006 0.051689061263954464
30750 0.012665232788319413 0.012665232788319413 11.288965624658472 0.3567177419649127 0.051689061172776274
30800 0.012665232788319413 0.012665232788319413 11.288965624658472 0.3567177419649127 0.051689061172776274
30850 0.012665232788319413 0.012665232788319413 11.288965624658472 0.3567177419649127 0.051689061172776274
30900 0.012665232788319413 0.012665232788319413 11.288965430728574 0.356717745272779 0.05168906131027536
30950 0.012665232788319412 0.012665232788319412 11.288965554135011 0.3567177431678328 0.05168906122277842
31000 0.012665232788319412 0.012665232788319412 11.288965554135011 0.3567177431678328 0.05168906122277842
31050 0.012665232788319412 0.012665232788319412 11.288965554135011 0.3567177431678328 0.05168906122277842
31100 0.012665232788319412 0.012665232788319412 11.288965554135011 0.3567177431678328 0.05168906122277842
31150 0.012665232788319412 0.012665232788319412 11.288965554135011 0.3567177431678328 0.05168906122277842
31200 0.012665232788319412 0.012665232788319412 11.288965554135011 0.3567177431678328 0.05168906122277842
31250 0.012665232788319412 0.012665232788319412 11.288965554135011 0.3567177431678328 0.05168906122277842
31300 0.012665232788319412 0.012665232788319412 11.288965554135011 0.3567177431678328 0.05168906122277842
31350 0.012665232788319412 0.012665232788319412 11.288965554135011 0.3567177431678328 0.05168906122277842
31400 0.012665232788319412 0.012665232788319412 11.288965554135011 0.3567177431678328 0.05168906122277842
31450 0.012665232788319412 0.012665232788319412 11.288965554135011 0.3567177431678328 0.05168906122277842
31500 0.012665232788319412 0.012665232788319412 11.288965554135011 0.3567177431678328 0.05168906122277842
31550 0.012665232788319412 0.012665232788319412 11.288965913476346 0.3567177370385402 0.05168906096800026
31600 0.012665232788319412 0.012665232788319412 11.288965913476346 0.3567177370385402 0.05168906096800026
31650 0.012665232788319412 0.012665232788319412 11.288965913476346 0.3567177370385402 0.05168906096800026
31700 0.012665232788319412 0.012665232788319412 11.288965913476346 0.3567177370385402 0.05168906096800026
31750 0.012665232788319412 0.012665232788319412 11.288965913476346 0.3567177370385402 0.05168906096800026
31800 0.012665232788319412 0.012665232788319412 11.288965913476346 0.3567177370385402 0.05168906096800026
31850 0.012665232788319412 0.012665232788319412 11.288965913476346 0.3567177370385402 0.05168906096800026
31900 0.012665232788319412 0.012665232788319412 11.288965913476346 0.3567177370385402 0.05168906096800026
31950 0.012665232788319412 0.012665232788319412 11.288965913476346 0.3567177370385402 0.05168906096800026
32000 0.012665232788319412 0.012665232788319412 11.288965913476346 0.3567177370385402 0.05168906096800026
32050 0.012665232788319412 0.012665232788319412 11.288965913476346 0.3567177370385402 0.05168906096800026
32100 0.012665232788319412 0.012665232788319412 11.288965913476346 0.3567177370385402 0.05168906096800026
32150 0.012665232788319412 0.012665232788319412 11.288965913476346 0.3567177370385402 0.05168906096800026
32200 0.012665232788319412 0.012665232788319412 11.288965913476346 0.3567177370385402 0.05168906096800026
32250 0.012665232788319412 0.012665232788319412 11.288965913476346 0.3567177370385402 0.05168906096800026
32300 0.012665232788319412 0.012665232788319412 11.288965913476346 0.3567177370385402 0.05168906096800026
32350 0.012665232788319412 0.012665232788319412 11.288965913476346 0.3567177370385402 0.05168906096800026
32400 0.012665232788319412 0.012665232788319412 11.288965913476346 0.3567177370385402 0.05168906096800026
32450 0.012665232788319412 0.012665232788319412 11.288965913476346 0.3567177370385402 0.05168906096800026
32500 0.012665232788319412 0.012665232788319412 11.288965913476346 0.3567177370385402 0.05168906096800026
32550 0.012665232788319412 0.012665232788319412 11.288965913476346 0.3567177370385402 0.05168906096800026
32600 0.012665232788319412 0.012665232788319412 11.288965913476346 0.3567177370385402 0.05168906096800026
32650 0.012665232788319412 0.012665232788319412 11.288965913476346 0.3567177370385402 0.05168906096800026
32700 0.012665232788319412 0.012665232788319412 11.288965913476346 0.3567177370385402 0.05168906096800026
32750 0.012665232788319412 0.012665232788319412 11.288965913476346 0.3567177370385402 0.05168906096800026
32800 0.012665232788319412 0.012665232788319412 11.288965913476346 0.3567177370385402 0.05168906096800026
32850 0.012665232788319412 0.012665232788319412 11.288965913476346 0.3567177370385402 0.05168906096800026
32900 0.012665232788319412 0.012665232788319412 11.288965913476346 0.3567177370385402 0.05168906096800026
32950 0.012665232788319412 0.012665232788319412 11.288965913476346 0.3567177370385402 0.05168906096800026
33000 0.012665232788319412 0.012665232788319412 11.288965913476346 0.3567177370385402 0.05168906096800026
33050 0.012665232788319412 0.012665232788319412 11.288965913476346 0.3567177370385402 0.05168906096800026
33100 0.012665232788319412 0.012665232788319412 11.288965913476346 0.3567177370385402 0.05168906096800026
33150 0.012665232788319412 0.012665232788319412 11.288965913476346 0.3567177370385402 0.05168906096800026
33200 0.012665232788319412 0.012665232788319412 11.288965913476346 0.3567177370385402 0.05168906096800026
33250 0.012665232788319412 0.012665232788319412 11.288965913476346 0.3567177370385402 0.05168906096800026
33300 0.012665232788319412 0.012665232788319412 11.288965913476346 0.3567177370385402 0.05168906096800026
33350 0.012665232788319412 0.012665232788319412 11.288965913476346 0.3567177370385402 0.05168906096800026
33400 0.012665232788319412 0.012665232788319412 11.288965913476346 0.3567177370385402 0.05168906096800026
33450 0.012665232788319408 0.012665232788319408 11.288965743594622 0.3567177399362162 0.05168906108844883
33500 0.012665232788319408 0.012665232788319408 11.288965743594622 0.3567177399362162 0.05168906108844883
33550 0.012665232788319408 0.012665232788319408 11.288965743594622 0.3567177399362162 0.05168906108844883
33600 0.012665232788319408 0.012665232788319408 11.288965721024308 0.3567177403211985 0.05168906110445151
33650 0.012665232788319408 0.012665232788319408 11.288965721024308 0.3567177403211985 0.05168906110445151
33700 0.012665232788319408 0.012665232788319408 11.288965721024308 0.3567177403211985 0.05168906110445151
33750 0.012665232788319408 0.012665232788319408 11.288965721024308 0.3567177403211985 0.05168906110445151
33800 0.012665232788319408 0.012665232788319408 11.288965721024308 0.3567177403211985 0.05168906110445151
33850 0.012665232788319408 0.012665232788319408 11.288965721024308 0.3567177403211985 0.05168906110445151
33900 0.012665232788319408 0.012665232788319408 11.288965721024308 0.3567177403211985 0.05168906110445151
33950 0.012665232788319408 0.012665232788319408 11.288965721024308 0.3567177403211985 0.05168906110445151
34000 0.012665232788319408 0.012665232788319408 11.288965721024308 0.3567177403211985 0.05168906110445151
34050 0.012665232788319408 0.012665232788319408 11.288965721024308 0.3567177403211985 0.05168906110445151
34100 0.012665232788319408 0.012665232788319408 11.288965721024308 0.3567177403211985 0.05168906110445151
34150 0.012665232788319408 0.012665232788319408 11.288965721024308 0.3567177403211985 0.05168906110445151
34200 0.012665232788319408 0.012665232788319408 11.288965721024308 0.3567177403211985 0.05168906110445151
34250 0.012665232788319408 0.012665232788319408 11.288965721024308 0.3567177403211985 0.05168906110445151
34300 0.012665232788319408 0.012665232788319408 11.288965721024308 0.3567177403211985 0.05168906110445151
34350 0.012665232788319408 0.012665232788319408 11.288965721024308 0.3567177403211985 0.05168906110445151
34400 0.012665232788319408 0.012665232788319408 11.288965721024308 0.3567177403211985 0.05168906110445151
34450 0.012665232788319408 0.012665232788319408 11.288965721024308 0.3567177403211985 0.05168906110445151
34500 0.012665232788319408 0.012665232788319408 11.288965721024308 0.3567177403211985 0.05168906110445151
34550 0.012665232788319408 0.012665232788319408 11.288965721024308 0.3567177403211985 0.05168906110445151
34600 0.012665232788319408 0.012665232788319408 11.288965721024308 0.3567177403211985 0.05168906110445151
34650 0.012665232788319408 0.012665232788319408 11.288965721024308 0.3567177403211985 0.05168906110445151
34700 0.012665232788319408 0.012665232788319408 11.288965721024308 0.3567177403211985 0.05168906110445151
34750 0.012665232788319408 0.012665232788319408 11.288965721024308 0.3567177403211985 0.05168906110445151
34800 0.012665232788319408 0.012665232788319408 11.288965721024308 0.3567177403211985 0.05168906110445151
34850 0.012665232788319408 0.012665232788319408 11.288965721024308 0.3567177403211985 0.05168906110445151
34900 0.012665232788319408 0.012665232788319408 11.288965721024308 0.3567177403211985 0.05168906110445151
34950 0.012665232788319408 0.012665232788319408 11.288965721024308 0.3567177403211985 0.05168906110445151
35000 0.012665232788319408 0.012665232788319408 11.288965721024308 0.3567177403211985 0.05168906110445151
35050 0.012665232788319408 0.012665232788319408 11.288965721024308 0.3567177403211985 0.05168906110445151
35100 0.012665232788319408 0.012665232788319408 11.288965721024308 0.3567177403211985 0.05168906110445151
35150 0.012665232788319408 0.012665232788319408 11.288965721024308 0.3567177403211985 0.05168906110445151
35200 0.012665232788319408 0.012665232788319408 11.288965721024308 0.3567177403211985 0.05168906110445151
35250 0.012665232788319408 0.012665232788319408 11.288965721024308 0.3567177403211985 0.05168906110445151
35300 0.012665232788319408 0.012665232788319408 11.288965721024308 0.3567177403211985 0.05168906110445151
35350 0.012665232788319408 0.012665232788319408 11.288965721024308 0.3567177403211985 0.05168906110445151
35400 0.012665232788319408 0.012665232788319408 11.288965721024308 0.3567177403211985 0.05168906110445151
35450 0.012665232788319408 0.012665232788319408 11.288965721024308 0.3567177403211985 0.05168906110445151
35500 0.012665232788319408 0.012665232788319408 11.288965721024308 0.3567177403211985 0.05168906110445151
35550 0.012665232788319408 0.012665232788319408 11.288965721024308 0.3567177403211985 0.05168906110445151
35600 0.012665232788319408 0.012665232788319408 11.288965721024308 0.3567177403211985 0.05168906110445151
35650 0.012665232788319408 0.012665232788319408 11.288965721024308 0.3567177403211985 0.05168906110445151
35700 0.012665232788319408 0.012665232788319408 11.288965721024308 0.3567177403211985 0.05168906110445151
35750 0.012665232788319408 0.012665232788319408 11.288965721024308 0.3567177403211985 0.05168906110445151
35800 0.012665232788319408 0.012665232788319408 11.288965721024308 0.3567177403211985 0.05168906110445151
35850 0.012665232788319408 0.012665232788319408 11.288965721024308 0.3567177403211985 0.05168906110445151
35900 0.012665232788319408 0.012665232788319408 11.288965721024308 0.3567177403211985 0.05168906110445151
35950 0.012665232788319408 0.012665232788319408 11.288965721024308 0.3567177403211985 0.05168906110445151
*---*---*---*---*---*---*---*---*---*---*---*---*---*---*---*---*---*---*---*---*
Status: Finished
Last individual
0.012665232788319408 0.012665232788319408 11.288965721024308 0.3567177403211985 0.05168906110445151
Hall of fame
0.012665232788319408 0.012665232788319408 11.288965743594622 0.3567177399362162 0.05168906108844883
Last factible individual
0.012665232788319408 0.012665232788319408 11.288965721024308 0.3567177403211985 0.05168906110445151
CPU time used (seconds)
1.5977189959994575
