*---*---*---*---*---*---*---*---*---*---*---*---*---*---*---*---*---*---*---*---*
Algorithm: Differential Evolution
Constrainth handling method: DEB
Function: 21
Case: continuous
Seed: 14
Parents size: 50
Offsprings size: 50
maxFe: 36000
CR: 0.9
F: 0.6
rweights: -
*---*---*---*---*---*---*---*---*---*---*---*---*---*---*---*---*---*---*---*---*
ngen ObjectiveFunction ViolationSum ProjectVariables
50 0.04137490006743775 0.12504201534042003 8.047738144897638 0.6673241978538287 0.07855356296808744
100 0.04137490006743775 0.12504201534042003 8.047738144897638 0.6673241978538287 0.07855356296808744
150 0.01336551372829082 0 15 0.31448267595978396 0.05
200 0.01336551372829082 0 15 0.31448267595978396 0.05
250 0.01336551372829082 0 15 0.31448267595978396 0.05
300 0.01336551372829082 0 15 0.31448267595978396 0.05
350 0.01336551372829082 0 15 0.31448267595978396 0.05
400 0.01336551372829082 0 15 0.31448267595978396 0.05
450 0.01336551372829082 0 15 0.31448267595978396 0.05
500 0.01336551372829082 0 15 0.31448267595978396 0.05
550 0.01336551372829082 0 15 0.31448267595978396 0.05
600 0.01336551372829082 0 15 0.31448267595978396 0.05
650 0.01336551372829082 0 15 0.31448267595978396 0.05
700 0.01336551372829082 0 15 0.31448267595978396 0.05
750 0.01336551372829082 0 15 0.31448267595978396 0.05
800 0.01336551372829082 0 15 0.31448267595978396 0.05
850 0.01336551372829082 0 15 0.31448267595978396 0.05
900 0.01336551372829082 0 15 0.31448267595978396 0.05
950 0.01336551372829082 0 15 0.31448267595978396 0.05
1000 0.01336551372829082 0 15 0.31448267595978396 0.05
1050 0.01336551372829082 0 15 0.31448267595978396 0.05
1100 0.01336551372829082 0 15 0.31448267595978396 0.05
1150 0.01336551372829082 0 15 0.31448267595978396 0.05
1200 0.01336551372829082 0 15 0.31448267595978396 0.05
1250 0.01336551372829082 0 15 0.31448267595978396 0.05
1300 0.01336551372829082 0 15 0.31448267595978396 0.05
1350 0.01336551372829082 0 15 0.31448267595978396 0.05
1400 0.01336551372829082 0 15 0.31448267595978396 0.05
1450 0.01336551372829082 0 15 0.31448267595978396 0.05
1500 0.01336551372829082 0 15 0.31448267595978396 0.05
1550 0.01336551372829082 0 15 0.31448267595978396 0.05
1600 0.01336551372829082 0 15 0.31448267595978396 0.05
1650 0.01336551372829082 0 15 0.31448267595978396 0.05
1700 0.01336551372829082 0 15 0.31448267595978396 0.05
1750 0.01336551372829082 0 15 0.31448267595978396 0.05
1800 0.01336551372829082 0 15 0.31448267595978396 0.05
1850 0.01336551372829082 0 15 0.31448267595978396 0.05
1900 0.01336551372829082 0 15 0.31448267595978396 0.05
1950 0.01336551372829082 0 15 0.31448267595978396 0.05
2000 0.01336551372829082 0 15 0.31448267595978396 0.05
2050 0.01336551372829082 0 15 0.31448267595978396 0.05
2100 0.01336551372829082 0 15 0.31448267595978396 0.05
2150 0.01336551372829082 0 15 0.31448267595978396 0.05
2200 0.013082532394892056 0 8.57651455098882 0.42070095708830996 0.054223540819109836
2250 0.013082532394892056 0 8.57651455098882 0.42070095708830996 0.054223540819109836
2300 0.013082532394892056 0 8.57651455098882 0.42070095708830996 0.054223540819109836
2350 0.013082532394892056 0 8.57651455098882 0.42070095708830996 0.054223540819109836
2400 0.013082532394892056 0 8.57651455098882 0.42070095708830996 0.054223540819109836
2450 0.013082532394892056 0 8.57651455098882 0.42070095708830996 0.054223540819109836
2500 0.013082532394892056 0 8.57651455098882 0.42070095708830996 0.054223540819109836
2550 0.013082532394892056 0 8.57651455098882 0.42070095708830996 0.054223540819109836
2600 0.013082532394892056 0 8.57651455098882 0.42070095708830996 0.054223540819109836
2650 0.013082532394892056 0 8.57651455098882 0.42070095708830996 0.054223540819109836
2700 0.012930234510508556 0 11.853237933527344 0.35045741045021517 0.05160715646586252
2750 0.012930234510508556 0 11.853237933527344 0.35045741045021517 0.05160715646586252
2800 0.012930234510508556 0 11.853237933527344 0.35045741045021517 0.05160715646586252
2850 0.012930234510508556 0 11.853237933527344 0.35045741045021517 0.05160715646586252
2900 0.012930234510508556 0 11.853237933527344 0.35045741045021517 0.05160715646586252
2950 0.012930234510508556 0 11.853237933527344 0.35045741045021517 0.05160715646586252
3000 0.012902979714490748 0 11.056314952941554 0.36445185467123836 0.05207324187469794
3050 0.012831232221841385 0 9.187548922718559 0.4009256716646773 0.053485341862326195
3100 0.012831232221841385 0 9.187548922718559 0.4009256716646773 0.053485341862326195
3150 0.012831232221841385 0 9.187548922718559 0.4009256716646773 0.053485341862326195
3200 0.012831232221841385 0 9.187548922718559 0.4009256716646773 0.053485341862326195
3250 0.01279921035174461 0 10.62961084335491 0.37008570306553157 0.05232936321119437
3300 0.012740183171846033 0 11.169529092418195 0.35975108199984396 0.05185631581594026
3350 0.012740183171846033 0 11.169529092418195 0.35975108199984396 0.05185631581594026
3400 0.012740183171846033 0 11.169529092418195 0.35975108199984396 0.05185631581594026
3450 0.012714166929142465 0 10.37046556809807 0.37422013576991614 0.052406765490260514
3500 0.012714166929142465 0 10.37046556809807 0.37422013576991614 0.052406765490260514
3550 0.012714166929142465 0 10.37046556809807 0.37422013576991614 0.052406765490260514
3600 0.012714166929142465 0 10.37046556809807 0.37422013576991614 0.052406765490260514
3650 0.012699849869029736 0 11.06447779701212 0.3610004487431645 0.05189187879744966
3700 0.012699849869029736 0 11.06447779701212 0.3610004487431645 0.05189187879744966
3750 0.012699849869029736 0 11.06447779701212 0.3610004487431645 0.05189187879744966
3800 0.012699849869029736 0 11.06447779701212 0.3610004487431645 0.05189187879744966
3850 0.012699849869029736 0 11.06447779701212 0.3610004487431645 0.05189187879744966
3900 0.012699849869029736 0 11.06447779701212 0.3610004487431645 0.05189187879744966
3950 0.012699849869029736 0 11.06447779701212 0.3610004487431645 0.05189187879744966
4000 0.012676111505414235 0 11.15201864546869 0.35926376043846037 0.05179527124707818
4050 0.012676111505414235 0 11.15201864546869 0.35926376043846037 0.05179527124707818
4100 0.012676111505414235 0 11.15201864546869 0.35926376043846037 0.05179527124707818
4150 0.012676111505414235 0 11.15201864546869 0.35926376043846037 0.05179527124707818
4200 0.012676111505414235 0 11.15201864546869 0.35926376043846037 0.05179527124707818
4250 0.012676111505414235 0 11.15201864546869 0.35926376043846037 0.05179527124707818
4300 0.012676111505414235 0 11.15201864546869 0.35926376043846037 0.05179527124707818
4350 0.012676111505414235 0 11.15201864546869 0.35926376043846037 0.05179527124707818
4400 0.012676111505414235 0 11.15201864546869 0.35926376043846037 0.05179527124707818
4450 0.012676111505414235 0 11.15201864546869 0.35926376043846037 0.05179527124707818
4500 0.012673969765485286 0 10.896582753796425 0.363710890237856 0.05198054831274834
4550 0.012673969765485286 0 10.896582753796425 0.363710890237856 0.05198054831274834
4600 0.012673969765485286 0 10.896582753796425 0.363710890237856 0.05198054831274834
4650 0.01266964053499503 0 11.118369334124106 0.3597295653316169 0.05181483901877264
4700 0.01266964053499503 0 11.118369334124106 0.3597295653316169 0.05181483901877264
4750 0.012668873410832216 0 11.707596073985385 0.3498149297966165 0.05140071718437774
4800 0.012668873410832216 0 11.707596073985385 0.3498149297966165 0.05140071718437774
4850 0.012668873410832216 0 11.707596073985385 0.3498149297966165 0.05140071718437774
4900 0.012668873410832216 0 11.707596073985385 0.3498149297966165 0.05140071718437774
4950 0.012668873410832216 0 11.707596073985385 0.3498149297966165 0.05140071718437774
5000 0.012668873410832216 0 11.707596073985385 0.3498149297966165 0.05140071718437774
5050 0.012668873410832216 0 11.707596073985385 0.3498149297966165 0.05140071718437774
5100 0.012668873410832216 0 11.707596073985385 0.3498149297966165 0.05140071718437774
5150 0.012668873410832216 0 11.707596073985385 0.3498149297966165 0.05140071718437774
5200 0.012668873410832216 0 11.707596073985385 0.3498149297966165 0.05140071718437774
5250 0.012668873410832216 0 11.707596073985385 0.3498149297966165 0.05140071718437774
5300 0.012668873410832216 0 11.707596073985385 0.3498149297966165 0.05140071718437774
5350 0.012668873410832216 0 11.707596073985385 0.3498149297966165 0.05140071718437774
5400 0.012668873410832216 0 11.707596073985385 0.3498149297966165 0.05140071718437774
5450 0.012668873410832216 0 11.707596073985385 0.3498149297966165 0.05140071718437774
5500 0.012667561895544946 0 10.950847398263518 0.36264604358754887 0.05193449973703065
5550 0.012667561895544946 0 10.950847398263518 0.36264604358754887 0.05193449973703065
5600 0.012667561895544946 0 10.950847398263518 0.36264604358754887 0.05193449973703065
5650 0.012667561895544946 0 10.950847398263518 0.36264604358754887 0.05193449973703065
5700 0.012667104821634124 0 11.38231301350011 0.35515710279212803 0.05162532966955883
5750 0.012666736933736045 0 11.203500490155777 0.3582026884745516 0.051751555988606784
5800 0.012666736933736045 0 11.203500490155777 0.3582026884745516 0.051751555988606784
5850 0.012666736933736045 0 11.203500490155777 0.3582026884745516 0.051751555988606784
5900 0.012666736933736045 0 11.203500490155777 0.3582026884745516 0.051751555988606784
5950 0.012666736933736045 0 11.203500490155777 0.3582026884745516 0.051751555988606784
6000 0.012666736933736045 0 11.203500490155777 0.3582026884745516 0.051751555988606784
6050 0.012666736933736045 0 11.203500490155777 0.3582026884745516 0.051751555988606784
6100 0.012665846190894671 0 11.325285919260395 0.35610850455119486 0.05166395672712716
6150 0.012665846190894671 0 11.325285919260395 0.35610850455119486 0.05166395672712716
6200 0.012665846190894671 0 11.325285919260395 0.35610850455119486 0.05166395672712716
6250 0.012665846190894671 0 11.325285919260395 0.35610850455119486 0.05166395672712716
6300 0.012665846190894671 0 11.325285919260395 0.35610850455119486 0.05166395672712716
6350 0.012665846190894671 0 11.325285919260395 0.35610850455119486 0.05166395672712716
6400 0.012665846190894671 0 11.325285919260395 0.35610850455119486 0.05166395672712716
6450 0.012665846190894671 0 11.325285919260395 0.35610850455119486 0.05166395672712716
6500 0.012665846190894671 0 11.325285919260395 0.35610850455119486 0.05166395672712716
6550 0.012665846190894671 0 11.325285919260395 0.35610850455119486 0.05166395672712716
6600 0.012665846190894671 0 11.325285919260395 0.35610850455119486 0.05166395672712716
6650 0.012665846190894671 0 11.325285919260395 0.35610850455119486 0.05166395672712716
6700 0.012665846190894671 0 11.325285919260395 0.35610850455119486 0.05166395672712716
6750 0.012665846190894671 0 11.325285919260395 0.35610850455119486 0.05166395672712716
6800 0.012665846190894671 0 11.325285919260395 0.35610850455119486 0.05166395672712716
6850 0.012665846190894671 0 11.325285919260395 0.35610850455119486 0.05166395672712716
6900 0.012665591425598258 0 11.228826846135531 0.35775211341767704 0.051732202284962295
6950 0.012665591425598258 0 11.228826846135531 0.35775211341767704 0.051732202284962295
7000 0.012665591425598258 0 11.228826846135531 0.35775211341767704 0.051732202284962295
7050 0.012665591425598258 0 11.228826846135531 0.35775211341767704 0.051732202284962295
7100 0.012665591425598258 0 11.228826846135531 0.35775211341767704 0.051732202284962295
7150 0.012665591425598258 0 11.228826846135531 0.35775211341767704 0.051732202284962295
7200 0.012665591425598258 0 11.228826846135531 0.35775211341767704 0.051732202284962295
7250 0.012665591425598258 0 11.228826846135531 0.35775211341767704 0.051732202284962295
7300 0.012665584874116098 0 11.2069088888377 0.35812924989383044 0.05174782935573076
7350 0.012665385301675604 0 11.31433082535444 0.3562877579139019 0.051671263476613924
7400 0.012665385301675604 0 11.31433082535444 0.3562877579139019 0.051671263476613924
7450 0.01266537068861128 0 11.279559471739297 0.35688037494611324 0.051695862461312976
7500 0.01266537068861128 0 11.279559471739297 0.35688037494611324 0.051695862461312976
7550 0.01266537068861128 0 11.279559471739297 0.35688037494611324 0.051695862461312976
7600 0.01266537068861128 0 11.279559471739297 0.35688037494611324 0.051695862461312976
7650 0.01266537068861128 0 11.279559471739297 0.35688037494611324 0.051695862461312976
7700 0.01266537068861128 0 11.279559471739297 0.35688037494611324 0.051695862461312976
7750 0.01266537068861128 0 11.279559471739297 0.35688037494611324 0.051695862461312976
7800 0.01266537068861128 0 11.279559471739297 0.35688037494611324 0.051695862461312976
7850 0.01266537068861128 0 11.279559471739297 0.35688037494611324 0.051695862461312976
7900 0.01266537068861128 0 11.279559471739297 0.35688037494611324 0.051695862461312976
7950 0.01266537068861128 0 11.279559471739297 0.35688037494611324 0.051695862461312976
8000 0.01266537068861128 0 11.279559471739297 0.35688037494611324 0.051695862461312976
8050 0.01266537068861128 0 11.279559471739297 0.35688037494611324 0.051695862461312976
8100 0.01266537068861128 0 11.279559471739297 0.35688037494611324 0.051695862461312976
8150 0.01266537068861128 0 11.279559471739297 0.35688037494611324 0.051695862461312976
8200 0.012665311548428525 0 11.328681750850194 0.3560431947959467 0.05166102215141972
8250 0.012665311548428525 0 11.328681750850194 0.3560431947959467 0.05166102215141972
8300 0.012665311548428525 0 11.328681750850194 0.3560431947959467 0.05166102215141972
8350 0.012665307447715114 0 11.32875325809001 0.3560416760500405 0.05166098539348547
8400 0.012665267902859259 0 11.329660204257367 0.356025927602868 0.05166028974910633
8450 0.012665267902859259 0 11.329660204257367 0.356025927602868 0.05166028974910633
8500 0.012665267902859259 0 11.329660204257367 0.356025927602868 0.05166028974910633
8550 0.012665267902859259 0 11.329660204257367 0.356025927602868 0.05166028974910633
8600 0.012665267902859259 0 11.329660204257367 0.356025927602868 0.05166028974910633
8650 0.012665267902859259 0 11.329660204257367 0.356025927602868 0.05166028974910633
8700 0.012665267902859259 0 11.329660204257367 0.356025927602868 0.05166028974910633
8750 0.012665267902859259 0 11.329660204257367 0.356025927602868 0.05166028974910633
8800 0.012665267902859259 0 11.329660204257367 0.356025927602868 0.05166028974910633
8850 0.012665267902859259 0 11.329660204257367 0.356025927602868 0.05166028974910633
8900 0.012665267902859259 0 11.329660204257367 0.356025927602868 0.05166028974910633
8950 0.012665267902859259 0 11.329660204257367 0.356025927602868 0.05166028974910633
9000 0.012665267902859259 0 11.329660204257367 0.356025927602868 0.05166028974910633
9050 0.012665267902859259 0 11.329660204257367 0.356025927602868 0.05166028974910633
9100 0.012665267902859259 0 11.329660204257367 0.356025927602868 0.05166028974910633
9150 0.012665267902859259 0 11.329660204257367 0.356025927602868 0.05166028974910633
9200 0.012665267902859259 0 11.329660204257367 0.356025927602868 0.05166028974910633
9250 0.012665267902859259 0 11.329660204257367 0.356025927602868 0.05166028974910633
9300 0.012665267902859259 0 11.329660204257367 0.356025927602868 0.05166028974910633
9350 0.012665257581488948 0 11.274920436647768 0.3569578746059191 0.05169905043707889
9400 0.012665257581488948 0 11.274920436647768 0.3569578746059191 0.05169905043707889
9450 0.012665257581488948 0 11.274920436647768 0.3569578746059191 0.05169905043707889
9500 0.012665257581488948 0 11.274920436647768 0.3569578746059191 0.05169905043707889
9550 0.012665257581488948 0 11.274920436647768 0.3569578746059191 0.05169905043707889
9600 0.012665257581488948 0 11.274920436647768 0.3569578746059191 0.05169905043707889
9650 0.012665257581488948 0 11.274920436647768 0.3569578746059191 0.05169905043707889
9700 0.012665256443281798 0 11.320469579638267 0.3561817592359855 0.05166677915719298
9750 0.012665256443281798 0 11.320469579638267 0.3561817592359855 0.05166677915719298
9800 0.012665256443281798 0 11.320469579638267 0.3561817592359855 0.05166677915719298
9850 0.012665248009580713 0 11.32090657747977 0.35617421262010046 0.051666461818800934
9900 0.012665248009580713 0 11.32090657747977 0.35617421262010046 0.051666461818800934
9950 0.012665248009580713 0 11.32090657747977 0.35617421262010046 0.051666461818800934
10000 0.012665248009580713 0 11.32090657747977 0.35617421262010046 0.051666461818800934
10050 0.012665248009580713 0 11.32090657747977 0.35617421262010046 0.051666461818800934
10100 0.012665242222330597 0 11.297618593212855 0.35657035699350587 0.05168293825590663
10150 0.012665242222330597 0 11.297618593212855 0.35657035699350587 0.05168293825590663
10200 0.012665242222330597 0 11.297618593212855 0.35657035699350587 0.05168293825590663
10250 0.012665242222330597 0 11.297618593212855 0.35657035699350587 0.05168293825590663
10300 0.012665242222330597 0 11.297618593212855 0.35657035699350587 0.05168293825590663
10350 0.012665242222330597 0 11.297618593212855 0.35657035699350587 0.05168293825590663
10400 0.012665242222330597 0 11.297618593212855 0.35657035699350587 0.05168293825590663
10450 0.012665242222330597 0 11.297618593212855 0.35657035699350587 0.05168293825590663
10500 0.012665242222330597 0 11.297618593212855 0.35657035699350587 0.05168293825590663
10550 0.012665242222330597 0 11.297618593212855 0.35657035699350587 0.05168293825590663
10600 0.012665242222330597 0 11.297618593212855 0.35657035699350587 0.05168293825590663
10650 0.012665242222330597 0 11.297618593212855 0.35657035699350587 0.05168293825590663
10700 0.01266524180592788 0 11.301782088289748 0.3564994508251687 0.05167998701534035
10750 0.012665239726163352 0 11.289321442853657 0.35671175630147833 0.0516888170111449
10800 0.01266523908180461 0 11.298956426581382 0.3565475415452394 0.051681985695905264
10850 0.01266523908180461 0 11.298956426581382 0.3565475415452394 0.051681985695905264
10900 0.01266523908180461 0 11.298956426581382 0.3565475415452394 0.051681985695905264
10950 0.01266523908180461 0 11.298956426581382 0.3565475415452394 0.051681985695905264
11000 0.01266523908180461 0 11.298956426581382 0.3565475415452394 0.051681985695905264
11050 0.012665238551990518 0 11.302826648440643 0.35648159369682547 0.051679245665625914
11100 0.012665237577520574 0 11.295621971749224 0.35660433455271445 0.051684346840867715
11150 0.012665237577520574 0 11.295621971749224 0.35660433455271445 0.051684346840867715
11200 0.012665237577520574 0 11.295621971749224 0.35660433455271445 0.051684346840867715
11250 0.01266523483861986 0 11.2958625496897 0.35660017818573425 0.0516841748578016
11300 0.01266523483861986 0 11.2958625496897 0.35660017818573425 0.0516841748578016
11350 0.01266523483861986 0 11.2958625496897 0.35660017818573425 0.0516841748578016
11400 0.01266523483861986 0 11.2958625496897 0.35660017818573425 0.0516841748578016
11450 0.01266523483861986 0 11.2958625496897 0.35660017818573425 0.0516841748578016
11500 0.01266523483861986 0 11.2958625496897 0.35660017818573425 0.0516841748578016
11550 0.01266523483861986 0 11.2958625496897 0.35660017818573425 0.0516841748578016
11600 0.01266523483861986 0 11.2958625496897 0.35660017818573425 0.0516841748578016
11650 0.01266523483861986 0 11.2958625496897 0.35660017818573425 0.0516841748578016
11700 0.01266523483861986 0 11.2958625496897 0.35660017818573425 0.0516841748578016
11750 0.01266523483861986 0 11.2958625496897 0.35660017818573425 0.0516841748578016
11800 0.012665234415454469 0 11.288615914998164 0.35672373160260096 0.05168931067079035
11850 0.012665234415454469 0 11.288615914998164 0.35672373160260096 0.05168931067079035
11900 0.012665234415454469 0 11.288615914998164 0.35672373160260096 0.05168931067079035
11950 0.012665234415454469 0 11.288615914998164 0.35672373160260096 0.05168931067079035
12000 0.012665234415454469 0 11.288615914998164 0.35672373160260096 0.05168931067079035
12050 0.012665234415454469 0 11.288615914998164 0.35672373160260096 0.05168931067079035
12100 0.012665234415454469 0 11.288615914998164 0.35672373160260096 0.05168931067079035
12150 0.012665234415454469 0 11.288615914998164 0.35672373160260096 0.05168931067079035
12200 0.012665234415454469 0 11.288615914998164 0.35672373160260096 0.05168931067079035
12250 0.012665234415454469 0 11.288615914998164 0.35672373160260096 0.05168931067079035
12300 0.012665234099626551 0 11.288245976086321 0.3567300325582406 0.05168957302020285
12350 0.012665233714527845 0 11.28973070998156 0.3567047078140822 0.05168851951541496
12400 0.012665233714527845 0 11.28973070998156 0.3567047078140822 0.05168851951541496
12450 0.012665233443402962 0 11.29020933171956 0.35669654061533446 0.05168817995772
12500 0.012665233443402962 0 11.29020933171956 0.35669654061533446 0.05168817995772
12550 0.012665233443402962 0 11.29020933171956 0.35669654061533446 0.05168817995772
12600 0.012665233443402962 0 11.29020933171956 0.35669654061533446 0.05168817995772
12650 0.012665233443402962 0 11.29020933171956 0.35669654061533446 0.05168817995772
12700 0.012665233443402962 0 11.29020933171956 0.35669654061533446 0.05168817995772
12750 0.012665233443402962 0 11.29020933171956 0.35669654061533446 0.05168817995772
12800 0.012665233443402962 0 11.29020933171956 0.35669654061533446 0.05168817995772
12850 0.012665232992495163 0 11.289562542577173 0.35670756335701337 0.051688638184585946
12900 0.012665232992495163 0 11.289562542577173 0.35670756335701337 0.051688638184585946
12950 0.012665232955764952 0 11.290479623336799 0.35669192225478624 0.051687987981176
13000 0.012665232955764952 0 11.290479623336799 0.35669192225478624 0.051687987981176
13050 0.012665232955764952 0 11.290479623336799 0.35669192225478624 0.051687987981176
13100 0.012665232955764952 0 11.290479623336799 0.35669192225478624 0.051687987981176
13150 0.012665232955764952 0 11.290479623336799 0.35669192225478624 0.051687987981176
13200 0.012665232955764952 0 11.290479623336799 0.35669192225478624 0.051687987981176
13250 0.012665232955764952 0 11.290479623336799 0.35669192225478624 0.051687987981176
13300 0.012665232955764952 0 11.290479623336799 0.35669192225478624 0.051687987981176
13350 0.012665232955764952 0 11.290479623336799 0.35669192225478624 0.051687987981176
13400 0.012665232955764952 0 11.290479623336799 0.35669192225478624 0.051687987981176
13450 0.012665232955764952 0 11.290479623336799 0.35669192225478624 0.051687987981176
13500 0.012665232955764952 0 11.290479623336799 0.35669192225478624 0.051687987981176
13550 0.012665232955764952 0 11.290479623336799 0.35669192225478624 0.051687987981176
13600 0.012665232895403581 0 11.290687853444217 0.35668837057661246 0.05168784028459731
13650 0.012665232895403581 0 11.290687853444217 0.35668837057661246 0.05168784028459731
13700 0.012665232895403581 0 11.290687853444217 0.35668837057661246 0.05168784028459731
13750 0.012665232895403581 0 11.290687853444217 0.35668837057661246 0.05168784028459731
13800 0.012665232895403581 0 11.290687853444217 0.35668837057661246 0.05168784028459731
13850 0.012665232864946856 0 11.290158789431084 0.3566973926247 0.05168821533047802
13900 0.012665232864946856 0 11.290158789431084 0.3566973926247 0.05168821533047802
13950 0.012665232864946856 0 11.290158789431084 0.3566973926247 0.05168821533047802
14000 0.012665232864946856 0 11.290158789431084 0.3566973926247 0.05168821533047802
14050 0.012665232864946856 0 11.290158789431084 0.3566973926247 0.05168821533047802
14100 0.012665232864946856 0 11.290158789431084 0.3566973926247 0.05168821533047802
14150 0.012665232864946856 0 11.290158789431084 0.3566973926247 0.05168821533047802
14200 0.012665232864946856 0 11.290158789431084 0.3566973926247 0.05168821533047802
14250 0.012665232864425627 0 11.289508418862017 0.3567084848276843 0.05168867641562772
14300 0.012665232864425627 0 11.289508418862017 0.3567084848276843 0.05168867641562772
14350 0.012665232864425627 0 11.289508418862017 0.3567084848276843 0.05168867641562772
14400 0.012665232807965107 0 11.288971813732891 0.3567176366817497 0.05168905680414987
14450 0.012665232807965107 0 11.288971813732891 0.3567176366817497 0.05168905680414987
14500 0.012665232807965107 0 11.288971813732891 0.3567176366817497 0.05168905680414987
14550 0.012665232807965107 0 11.288971813732891 0.3567176366817497 0.05168905680414987
14600 0.012665232807965107 0 11.288971813732891 0.3567176366817497 0.05168905680414987
14650 0.012665232807965107 0 11.288971813732891 0.3567176366817497 0.05168905680414987
14700 0.012665232807965107 0 11.288971813732891 0.3567176366817497 0.05168905680414987
14750 0.012665232807965107 0 11.288971813732891 0.3567176366817497 0.05168905680414987
14800 0.012665232807965107 0 11.288971813732891 0.3567176366817497 0.05168905680414987
14850 0.012665232807965107 0 11.288971813732891 0.3567176366817497 0.05168905680414987
14900 0.012665232807965107 0 11.288971813732891 0.3567176366817497 0.05168905680414987
14950 0.012665232807965107 0 11.288971813732891 0.3567176366817497 0.05168905680414987
15000 0.012665232807965107 0 11.288971813732891 0.3567176366817497 0.05168905680414987
15050 0.012665232807965107 0 11.288971813732891 0.3567176366817497 0.05168905680414987
15100 0.012665232807965107 0 11.288971813732891 0.3567176366817497 0.05168905680414987
15150 0.012665232807965107 0 11.288971813732891 0.3567176366817497 0.05168905680414987
15200 0.012665232807965107 0 11.288971813732891 0.3567176366817497 0.05168905680414987
15250 0.012665232804039778 0 11.288836743261209 0.356719940494744 0.051689152571119404
15300 0.012665232804039778 0 11.288836743261209 0.356719940494744 0.051689152571119404
15350 0.012665232804039778 0 11.288836743261209 0.356719940494744 0.051689152571119404
15400 0.012665232804039778 0 11.288836743261209 0.356719940494744 0.051689152571119404
15450 0.012665232804039778 0 11.288836743261209 0.356719940494744 0.051689152571119404
15500 0.012665232800093166 0 11.288781701451422 0.35672087933976404 0.05168919159066157
15550 0.012665232800093166 0 11.288781701451422 0.35672087933976404 0.05168919159066157
15600 0.012665232793980815 0 11.289149662671031 0.3567146029266003 0.051688930694996346
15650 0.012665232793980815 0 11.289149662671031 0.3567146029266003 0.051688930694996346
15700 0.012665232793980815 0 11.289149662671031 0.3567146029266003 0.051688930694996346
15750 0.012665232791721503 0 11.289156575415742 0.3567144850035903 0.05168892579031207
15800 0.012665232791721503 0 11.289156575415742 0.3567144850035903 0.05168892579031207
15850 0.012665232791721503 0 11.289156575415742 0.3567144850035903 0.05168892579031207
15900 0.012665232791721503 0 11.289156575415742 0.3567144850035903 0.05168892579031207
15950 0.012665232791721503 0 11.289156575415742 0.3567144850035903 0.05168892579031207
16000 0.012665232791721503 0 11.289156575415742 0.3567144850035903 0.05168892579031207
16050 0.012665232791721503 0 11.289156575415742 0.3567144850035903 0.05168892579031207
16100 0.012665232791721503 0 11.289156575415742 0.3567144850035903 0.05168892579031207
16150 0.012665232791721503 0 11.289156575415742 0.3567144850035903 0.05168892579031207
16200 0.012665232791721503 0 11.289156575415742 0.3567144850035903 0.05168892579031207
16250 0.012665232791721503 0 11.289156575415742 0.3567144850035903 0.05168892579031207
16300 0.012665232790872866 0 11.289116840223187 0.35671516273500553 0.05168895396230106
16350 0.012665232790872866 0 11.289116840223187 0.35671516273500553 0.05168895396230106
16400 0.012665232790872866 0 11.289116840223187 0.35671516273500553 0.05168895396230106
16450 0.012665232790872866 0 11.289116840223187 0.35671516273500553 0.05168895396230106
16500 0.012665232790872866 0 11.289116840223187 0.35671516273500553 0.05168895396230106
16550 0.012665232790562314 0 11.288739068000648 0.3567216064368047 0.051689221808259134
16600 0.012665232790562314 0 11.288739068000648 0.3567216064368047 0.051689221808259134
16650 0.012665232790457752 0 11.289021890559846 0.3567167822722595 0.05168902128154023
16700 0.012665232790457752 0 11.289021890559846 0.3567167822722595 0.05168902128154023
16750 0.012665232789169551 0 11.289018733358075 0.3567168361039279 0.051689023518881896
16800 0.012665232789169551 0 11.289018733358075 0.3567168361039279 0.051689023518881896
16850 0.012665232789169551 0 11.289018733358075 0.3567168361039279 0.051689023518881896
16900 0.012665232789169551 0 11.289018733358075 0.3567168361039279 0.051689023518881896
16950 0.012665232789169551 0 11.289018733358075 0.3567168361039279 0.051689023518881896
17000 0.012665232789169551 0 11.289018733358075 0.3567168361039279 0.051689023518881896
17050 0.012665232789169551 0 11.289018733358075 0.3567168361039279 0.051689023518881896
17100 0.012665232789169551 0 11.289018733358075 0.3567168361039279 0.051689023518881896
17150 0.012665232789169551 0 11.289018733358075 0.3567168361039279 0.051689023518881896
17200 0.012665232789169551 0 11.289018733358075 0.3567168361039279 0.051689023518881896
17250 0.012665232789169551 0 11.289018733358075 0.3567168361039279 0.051689023518881896
17300 0.012665232789169551 0 11.289018733358075 0.3567168361039279 0.051689023518881896
17350 0.012665232789169551 0 11.289018733358075 0.3567168361039279 0.051689023518881896
17400 0.012665232789169551 0 11.289018733358075 0.3567168361039279 0.051689023518881896
17450 0.012665232789169551 0 11.289018733358075 0.3567168361039279 0.051689023518881896
17500 0.012665232789169551 0 11.289018733358075 0.3567168361039279 0.051689023518881896
17550 0.012665232789169551 0 11.289018733358075 0.3567168361039279 0.051689023518881896
17600 0.012665232789169551 0 11.289018733358075 0.3567168361039279 0.051689023518881896
17650 0.012665232789169551 0 11.289018733358075 0.3567168361039279 0.051689023518881896
17700 0.012665232789169551 0 11.289018733358075 0.3567168361039279 0.051689023518881896
17750 0.012665232789169551 0 11.289018733358075 0.3567168361039279 0.051689023518881896
17800 0.012665232789110204 0 11.289116723514322 0.3567151647029979 0.05168895404309426
17850 0.012665232789110204 0 11.289116723514322 0.3567151647029979 0.05168895404309426
17900 0.012665232789110204 0 11.289116723514322 0.3567151647029979 0.05168895404309426
17950 0.01266523278900017 0 11.288961926016768 0.35671780506193407 0.05168906379588949
18000 0.01266523278865693 0 11.288951943262045 0.3567179753327852 0.05168907087350122
18050 0.01266523278865693 0 11.288951943262045 0.3567179753327852 0.05168907087350122
18100 0.01266523278865693 0 11.288951943262045 0.3567179753327852 0.05168907087350122
18150 0.01266523278865693 0 11.288951943262045 0.3567179753327852 0.05168907087350122
18200 0.01266523278865693 0 11.288951943262045 0.3567179753327852 0.05168907087350122
18250 0.01266523278865693 0 11.288951943262045 0.3567179753327852 0.05168907087350122
18300 0.01266523278865693 0 11.288951943262045 0.3567179753327852 0.05168907087350122
18350 0.012665232788613118 0 11.28895542371283 0.35671791596704616 0.05168906840568558
18400 0.012665232788613118 0 11.28895542371283 0.35671791596704616 0.05168906840568558
18450 0.012665232788585598 0 11.288868916732786 0.3567193915276704 0.05168912974064418
18500 0.012665232788585598 0 11.288868916732786 0.3567193915276704 0.05168912974064418
18550 0.012665232788585598 0 11.288868916732786 0.3567193915276704 0.05168912974064418
18600 0.012665232788585598 0 11.288868916732786 0.3567193915276704 0.05168912974064418
18650 0.012665232788412953 0 11.288910741600567 0.35671867811105196 0.05168910008582841
18700 0.012665232788412953 0 11.288910741600567 0.35671867811105196 0.05168910008582841
18750 0.012665232788412953 0 11.288910741600567 0.35671867811105196 0.05168910008582841
18800 0.012665232788412953 0 11.288910741600567 0.35671867811105196 0.05168910008582841
18850 0.012665232788412953 0 11.288910741600567 0.35671867811105196 0.05168910008582841
18900 0.012665232788412953 0 11.288910741600567 0.35671867811105196 0.05168910008582841
18950 0.012665232788412953 0 11.288910741600567 0.35671867811105196 0.05168910008582841
19000 0.012665232788410512 0 11.288951572120425 0.35671798166090846 0.05168907113632152
19050 0.01266523278838675 0 11.28899163643454 0.35671729828307747 0.05168904273014993
19100 0.01266523278838675 0 11.28899163643454 0.35671729828307747 0.05168904273014993
19150 0.01266523278838675 0 11.28899163643454 0.35671729828307747 0.05168904273014993
19200 0.01266523278838675 0 11.28899163643454 0.35671729828307747 0.05168904273014993
19250 0.01266523278838675 0 11.28899163643454 0.35671729828307747 0.05168904273014993
19300 0.01266523278838675 0 11.28899163643454 0.35671729828307747 0.05168904273014993
19350 0.012665232788386173 0 11.288981436996943 0.35671747225473305 0.05168904996167693
19400 0.012665232788386173 0 11.288981436996943 0.35671747225473305 0.05168904996167693
19450 0.012665232788386173 0 11.288981436996943 0.35671747225473305 0.05168904996167693
19500 0.012665232788386173 0 11.288981436996943 0.35671747225473305 0.05168904996167693
19550 0.012665232788386173 0 11.288981436996943 0.35671747225473305 0.05168904996167693
19600 0.012665232788386173 0 11.288981436996943 0.35671747225473305 0.05168904996167693
19650 0.012665232788386173 0 11.288981436996943 0.35671747225473305 0.05168904996167693
19700 0.012665232788350921 0 11.288993957317187 0.35671725869547816 0.051689041084569794
19750 0.012665232788350921 0 11.288993957317187 0.35671725869547816 0.051689041084569794
19800 0.012665232788350921 0 11.288993957317187 0.35671725869547816 0.051689041084569794
19850 0.012665232788350921 0 11.288993957317187 0.35671725869547816 0.051689041084569794
19900 0.012665232788350921 0 11.288993957317187 0.35671725869547816 0.051689041084569794
19950 0.012665232788350921 0 11.288993957317187 0.35671725869547816 0.051689041084569794
20000 0.012665232788350921 0 11.288993957317187 0.35671725869547816 0.051689041084569794
20050 0.012665232788350921 0 11.288993957317187 0.35671725869547816 0.051689041084569794
20100 0.012665232788350921 0 11.288993957317187 0.35671725869547816 0.051689041084569794
20150 0.012665232788350921 0 11.288993957317187 0.35671725869547816 0.051689041084569794
20200 0.012665232788350921 0 11.288993957317187 0.35671725869547816 0.051689041084569794
20250 0.012665232788347755 0 11.28899043503346 0.35671731877481944 0.05168904358191652
20300 0.012665232788347755 0 11.28899043503346 0.35671731877481944 0.05168904358191652
20350 0.012665232788347755 0 11.28899043503346 0.35671731877481944 0.05168904358191652
20400 0.012665232788342732 0 11.28894327733102 0.35671812314467355 0.05168907701738616
20450 0.012665232788335468 0 11.288977493656876 0.35671753951551044 0.051689052757508486
20500 0.012665232788335468 0 11.288977493656876 0.35671753951551044 0.051689052757508486
20550 0.012665232788326401 0 11.288977052478083 0.35671754704061104 0.05168905307029788
20600 0.012665232788326401 0 11.288977052478083 0.35671754704061104 0.05168905307029788
20650 0.012665232788326401 0 11.288977052478083 0.35671754704061104 0.05168905307029788
20700 0.012665232788326401 0 11.288977052478083 0.35671754704061104 0.05168905307029788
20750 0.012665232788326401 0 11.288977052478083 0.35671754704061104 0.05168905307029788
20800 0.012665232788326401 0 11.288977052478083 0.35671754704061104 0.05168905307029788
20850 0.012665232788326401 0 11.288977052478083 0.35671754704061104 0.05168905307029788
20900 0.012665232788326401 0 11.288977052478083 0.35671754704061104 0.05168905307029788
20950 0.012665232788326401 0 11.288977052478083 0.35671754704061104 0.05168905307029788
21000 0.012665232788326401 0 11.288977052478083 0.35671754704061104 0.05168905307029788
21050 0.012665232788326401 0 11.288977052478083 0.35671754704061104 0.05168905307029788
21100 0.012665232788326401 0 11.288977052478083 0.35671754704061104 0.05168905307029788
21150 0.012665232788323438 0 11.288959385970495 0.3567178483784432 0.0516890655961008
21200 0.012665232788323438 0 11.288959385970495 0.3567178483784432 0.0516890655961008
21250 0.012665232788323438 0 11.288959385970495 0.3567178483784432 0.0516890655961008
21300 0.012665232788321216 0 11.288962439771781 0.35671779628963035 0.05168906343090861
21350 0.012665232788321216 0 11.288962439771781 0.35671779628963035 0.05168906343090861
21400 0.012665232788321216 0 11.288962439771781 0.35671779628963035 0.05168906343090861
21450 0.012665232788321216 0 11.288962439771781 0.35671779628963035 0.05168906343090861
21500 0.012665232788321216 0 11.288962439771781 0.35671779628963035 0.05168906343090861
21550 0.012665232788321216 0 11.288962439771781 0.35671779628963035 0.05168906343090861
21600 0.012665232788321216 0 11.288962439771781 0.35671779628963035 0.05168906343090861
21650 0.012665232788321216 0 11.288962439771781 0.35671779628963035 0.05168906343090861
21700 0.012665232788321216 0 11.288962439771781 0.35671779628963035 0.05168906343090861
21750 0.012665232788321216 0 11.288962439771781 0.35671779628963035 0.05168906343090861
21800 0.012665232788321216 0 11.288962439771781 0.35671779628963035 0.05168906343090861
21850 0.012665232788321216 0 11.288962439771781 0.35671779628963035 0.05168906343090861
21900 0.012665232788321216 0 11.288962439771781 0.35671779628963035 0.05168906343090861
21950 0.012665232788321216 0 11.288962439771781 0.35671779628963035 0.05168906343090861
22000 0.012665232788321216 0 11.288962439771781 0.35671779628963035 0.05168906343090861
22050 0.012665232788321216 0 11.288962439771781 0.35671779628963035 0.05168906343090861
22100 0.012665232788321216 0 11.288962439771781 0.35671779628963035 0.05168906343090861
22150 0.012665232788321216 0 11.288962439771781 0.35671779628963035 0.05168906343090861
22200 0.012665232788321216 0 11.288962439771781 0.35671779628963035 0.05168906343090861
22250 0.012665232788321216 0 11.288962439771781 0.35671779628963035 0.05168906343090861
22300 0.012665232788321216 0 11.288962439771781 0.35671779628963035 0.05168906343090861
22350 0.012665232788321159 0 11.288965963141022 0.35671773619143776 0.05168906093278876
22400 0.012665232788321159 0 11.288965963141022 0.35671773619143776 0.05168906093278876
22450 0.012665232788321159 0 11.288965963141022 0.35671773619143776 0.05168906093278876
22500 0.012665232788321159 0 11.288965963141022 0.35671773619143776 0.05168906093278876
22550 0.012665232788321159 0 11.288965963141022 0.35671773619143776 0.05168906093278876
22600 0.012665232788321159 0 11.288965963141022 0.35671773619143776 0.05168906093278876
22650 0.012665232788321159 0 11.288965963141022 0.35671773619143776 0.05168906093278876
22700 0.012665232788321159 0 11.288965963141022 0.35671773619143776 0.05168906093278876
22750 0.012665232788320376 0 11.288964217965173 0.3567177659589234 0.05168906217014319
22800 0.012665232788320376 0 11.288964217965173 0.3567177659589234 0.05168906217014319
22850 0.012665232788320376 0 11.288964217965173 0.3567177659589234 0.05168906217014319
22900 0.012665232788320376 0 11.288964217965173 0.3567177659589234 0.05168906217014319
22950 0.012665232788320376 0 11.288964217965173 0.3567177659589234 0.05168906217014319
23000 0.012665232788320376 0 11.288964217965173 0.3567177659589234 0.05168906217014319
23050 0.012665232788320376 0 11.288964217965173 0.3567177659589234 0.05168906217014319
23100 0.012665232788320376 0 11.288964217965173 0.3567177659589234 0.05168906217014319
23150 0.012665232788320376 0 11.288964217965173 0.3567177659589234 0.05168906217014319
23200 0.012665232788320376 0 11.288964217965173 0.3567177659589234 0.05168906217014319
23250 0.012665232788320376 0 11.288964217965173 0.3567177659589234 0.05168906217014319
23300 0.012665232788320376 0 11.288964217965173 0.3567177659589234 0.05168906217014319
23350 0.012665232788320376 0 11.288964217965173 0.3567177659589234 0.05168906217014319
23400 0.012665232788320019 0 11.288962262626312 0.35671779931118747 0.05168906355650619
23450 0.012665232788320019 0 11.288962262626312 0.35671779931118747 0.05168906355650619
23500 0.012665232788320019 0 11.288962262626312 0.35671779931118747 0.05168906355650619
23550 0.012665232788319965 0 11.288962388427572 0.35671779716539126 0.0516890634673112
23600 0.012665232788319965 0 11.288962388427572 0.35671779716539126 0.0516890634673112
23650 0.012665232788319965 0 11.288962388427572 0.35671779716539126 0.0516890634673112
23700 0.012665232788319918 0 11.288961778042157 0.356717807576751 0.051689063900083376
23750 0.012665232788319918 0 11.288961778042157 0.356717807576751 0.051689063900083376
23800 0.012665232788319918 0 11.288961778042157 0.356717807576751 0.051689063900083376
23850 0.01266523278831966 0 11.288969074055359 0.3567176831284939 0.05168905872710499
23900 0.01266523278831966 0 11.288969074055359 0.3567176831284939 0.05168905872710499
23950 0.01266523278831966 0 11.288969074055359 0.3567176831284939 0.05168905872710499
24000 0.01266523278831966 0 11.288969074055359 0.3567176831284939 0.05168905872710499
24050 0.01266523278831966 0 11.288969074055359 0.3567176831284939 0.05168905872710499
24100 0.01266523278831966 0 11.288969074055359 0.3567176831284939 0.05168905872710499
24150 0.01266523278831966 0 11.288969074055359 0.3567176831284939 0.05168905872710499
24200 0.01266523278831966 0 11.288969074055359 0.3567176831284939 0.05168905872710499
24250 0.01266523278831966 0 11.288969074055359 0.3567176831284939 0.05168905872710499
24300 0.01266523278831966 0 11.288969074055359 0.3567176831284939 0.05168905872710499
24350 0.01266523278831966 0 11.288969074055359 0.3567176831284939 0.05168905872710499
24400 0.01266523278831966 0 11.288969074055359 0.3567176831284939 0.05168905872710499
24450 0.01266523278831955 0 11.288967897575517 0.3567177031957265 0.05168905956124576
24500 0.01266523278831955 0 11.288967897575517 0.3567177031957265 0.05168905956124576
24550 0.01266523278831955 0 11.288967897575517 0.3567177031957265 0.05168905956124576
24600 0.012665232788319521 0 11.288964648673254 0.3567177586123155 0.051689061864763935
24650 0.012665232788319521 0 11.288964648673254 0.3567177586123155 0.051689061864763935
24700 0.0126652327883195 0 11.288964811658467 0.3567177558322728 0.05168906174920505
24750 0.0126652327883195 0 11.288964811658467 0.3567177558322728 0.05168906174920505
24800 0.0126652327883195 0 11.288964811658467 0.3567177558322728 0.05168906174920505
24850 0.0126652327883195 0 11.288964811658467 0.3567177558322728 0.05168906174920505
24900 0.0126652327883195 0 11.288964811658467 0.3567177558322728 0.05168906174920505
24950 0.0126652327883195 0 11.288964811658467 0.3567177558322728 0.05168906174920505
25000 0.0126652327883195 0 11.288964811658467 0.3567177558322728 0.05168906174920505
25050 0.0126652327883195 0 11.28896487742562 0.35671775471048095 0.05168906170257519
25100 0.012665232788319485 0 11.288964183323412 0.356717766549798 0.051689062194703664
25150 0.012665232788319485 0 11.288964183323412 0.356717766549798 0.051689062194703664
25200 0.012665232788319485 0 11.288964183323412 0.356717766549798 0.051689062194703664
25250 0.012665232788319485 0 11.288964183323412 0.356717766549798 0.051689062194703664
25300 0.012665232788319485 0 11.288964183323412 0.356717766549798 0.051689062194703664
25350 0.012665232788319485 0 11.288964183323412 0.356717766549798 0.051689062194703664
25400 0.01266523278831948 0 11.288963428115203 0.3567177794314031 0.0516890627301572
25450 0.012665232788319469 0 11.28896515791616 0.356717749926147 0.05168906150370334
25500 0.012665232788319469 0 11.28896515791616 0.356717749926147 0.05168906150370334
25550 0.012665232788319469 0 11.28896515791616 0.356717749926147 0.05168906150370334
25600 0.012665232788319469 0 11.28896515791616 0.356717749926147 0.05168906150370334
25650 0.012665232788319469 0 11.28896515791616 0.356717749926147 0.05168906150370334
25700 0.012665232788319469 0 11.288965580683943 0.3567177427149878 0.05168906120395491
25750 0.012665232788319443 0 11.288965365879656 0.3567177463789088 0.0516890613562542
25800 0.012665232788319443 0 11.288965365879656 0.3567177463789088 0.0516890613562542
25850 0.012665232788319443 0 11.288965365879656 0.3567177463789088 0.0516890613562542
25900 0.012665232788319443 0 11.288965365879656 0.3567177463789088 0.0516890613562542
25950 0.012665232788319441 0 11.28896566335464 0.3567177413048716 0.05168906114534017
26000 0.012665232788319441 0 11.28896566335464 0.3567177413048716 0.05168906114534017
26050 0.012665232788319441 0 11.288964879684768 0.35671775467194566 0.05168906170097337
26100 0.012665232788319441 0 11.288964879684768 0.35671775467194566 0.05168906170097337
26150 0.012665232788319441 0 11.288964879684768 0.35671775467194566 0.05168906170097337
26200 0.012665232788319441 0 11.288964879684768 0.35671775467194566 0.05168906170097337
26250 0.012665232788319441 0 11.288964879684768 0.35671775467194566 0.05168906170097337
26300 0.012665232788319441 0 11.288964879684768 0.35671775467194566 0.05168906170097337
26350 0.012665232788319441 0 11.288964879684768 0.35671775467194566 0.05168906170097337
26400 0.012665232788319441 0 11.288964879684768 0.35671775467194566 0.05168906170097337
26450 0.01266523278831944 0 11.28896441277317 0.35671776263606747 0.05168906203202042
26500 0.01266523278831944 0 11.288964953081233 0.35671775342002043 0.05168906164893422
26550 0.01266523278831944 0 11.288964953081233 0.35671775342002043 0.05168906164893422
26600 0.01266523278831944 0 11.288965083223633 0.3567177512001786 0.051689061556661385
26650 0.012665232788319438 0 11.288965037710513 0.35671775197649686 0.05168906158893084
26700 0.012665232788319429 0 11.288965698982015 0.3567177406971746 0.051689061120079836
26750 0.012665232788319422 0 11.288965288666876 0.3567177476959285 0.05168906141099915
26800 0.012665232788319422 0 11.288965288666876 0.3567177476959285 0.05168906141099915
26850 0.012665232788319422 0 11.288965288666876 0.3567177476959285 0.05168906141099915
26900 0.012665232788319422 0 11.288965288666876 0.3567177476959285 0.05168906141099915
26950 0.012665232788319422 0 11.288965288666876 0.3567177476959285 0.05168906141099915
27000 0.01266523278831942 0 11.288965222421533 0.35671774882587676 0.051689061457968054
27050 0.01266523278831942 0 11.288965222421533 0.35671774882587676 0.051689061457968054
27100 0.01266523278831942 0 11.288965222421533 0.35671774882587676 0.051689061457968054
27150 0.012665232788319419 0 11.288964851247604 0.35671775515699866 0.05168906172113571
27200 0.012665232788319419 0 11.288964851247604 0.35671775515699866 0.05168906172113571
27250 0.012665232788319419 0 11.288964851247604 0.35671775515699866 0.05168906172113571
27300 0.012665232788319419 0 11.288964851247604 0.35671775515699866 0.05168906172113571
27350 0.012665232788319419 0 11.288964851247604 0.35671775515699866 0.05168906172113571
27400 0.012665232788319419 0 11.288964851247604 0.35671775515699866 0.05168906172113571
27450 0.012665232788319419 0 11.288964851247604 0.35671775515699866 0.05168906172113571
27500 0.012665232788319415 0 11.288964952831632 0.3567177534242776 0.05168906164911116
27550 0.012665232788319415 0 11.288964952831632 0.3567177534242776 0.05168906164911116
27600 0.012665232788319415 0 11.288964952831632 0.3567177534242776 0.05168906164911116
27650 0.012665232788319415 0 11.288964952831632 0.3567177534242776 0.05168906164911116
27700 0.012665232788319415 0 11.288964952831632 0.3567177534242776 0.05168906164911116
27750 0.012665232788319415 0 11.288964952831632 0.3567177534242776 0.05168906164911116
27800 0.012665232788319415 0 11.288964952831632 0.3567177534242776 0.05168906164911116
27850 0.012665232788319415 0 11.288964952831632 0.3567177534242776 0.05168906164911116
27900 0.012665232788319415 0 11.288964952831632 0.3567177534242776 0.05168906164911116
27950 0.012665232788319415 0 11.288964952831632 0.3567177534242776 0.05168906164911116
28000 0.012665232788319415 0 11.288964952831632 0.3567177534242776 0.05168906164911116
28050 0.012665232788319415 0 11.288964952831632 0.3567177534242776 0.05168906164911116
28100 0.012665232788319415 0 11.288964952831632 0.3567177534242776 0.05168906164911116
28150 0.012665232788319415 0 11.288964952831632 0.3567177534242776 0.05168906164911116
28200 0.012665232788319415 0 11.288964952831632 0.3567177534242776 0.05168906164911116
28250 0.012665232788319415 0 11.288964952831632 0.3567177534242776 0.05168906164911116
28300 0.012665232788319415 0 11.288964952831632 0.3567177534242776 0.05168906164911116
28350 0.012665232788319415 0 11.288964952831632 0.3567177534242776 0.05168906164911116
28400 0.012665232788319415 0 11.288964952831632 0.3567177534242776 0.05168906164911116
28450 0.012665232788319413 0 11.288965440679846 0.35671774510303994 0.05168906130321976
28500 0.012665232788319413 0 11.288965440679846 0.35671774510303994 0.05168906130321976
28550 0.012665232788319413 0 11.288965440679846 0.35671774510303994 0.05168906130321976
28600 0.012665232788319413 0 11.288965440679846 0.35671774510303994 0.05168906130321976
28650 0.012665232788319412 0 11.28896516484065 0.35671774980803506 0.051689061498793716
28700 0.012665232788319412 0 11.28896516484065 0.35671774980803506 0.051689061498793716
28750 0.012665232788319412 0 11.28896516484065 0.35671774980803506 0.051689061498793716
28800 0.012665232788319412 0 11.28896516484065 0.35671774980803506 0.051689061498793716
28850 0.012665232788319412 0 11.28896516484065 0.35671774980803506 0.051689061498793716
28900 0.012665232788319412 0 11.28896516484065 0.35671774980803506 0.051689061498793716
28950 0.012665232788319412 0 11.28896516484065 0.35671774980803506 0.051689061498793716
29000 0.012665232788319412 0 11.28896516484065 0.35671774980803506 0.051689061498793716
29050 0.012665232788319412 0 11.28896516484065 0.35671774980803506 0.051689061498793716
29100 0.012665232788319412 0 11.28896516484065 0.35671774980803506 0.051689061498793716
29150 0.012665232788319412 0 11.28896516484065 0.35671774980803506 0.051689061498793716
29200 0.012665232788319412 0 11.28896516484065 0.35671774980803506 0.051689061498793716
29250 0.012665232788319412 0 11.28896516484065 0.35671774980803506 0.051689061498793716
29300 0.012665232788319412 0 11.288965413724952 0.3567177455628101 0.05168906132233117
29350 0.012665232788319412 0 11.288965413724952 0.3567177455628101 0.05168906132233117
29400 0.012665232788319412 0 11.288965413724952 0.3567177455628101 0.05168906132233117
29450 0.012665232788319412 0 11.288965718191275 0.35671774036952164 0.051689061106460175
29500 0.012665232788319412 0 11.288965718191275 0.35671774036952164 0.051689061106460175
29550 0.012665232788319412 0 11.288965718191275 0.35671774036952164 0.051689061106460175
29600 0.012665232788319412 0 11.288965718191275 0.35671774036952164 0.051689061106460175
29650 0.012665232788319412 0 11.288965718191275 0.35671774036952164 0.051689061106460175
29700 0.012665232788319412 0 11.288965718191275 0.35671774036952164 0.051689061106460175
29750 0.012665232788319412 0 11.288965718191275 0.35671774036952164 0.051689061106460175
29800 0.012665232788319412 0 11.288965718191275 0.35671774036952164 0.051689061106460175
29850 0.012665232788319412 0 11.288965718191275 0.35671774036952164 0.051689061106460175
29900 0.012665232788319412 0 11.288965718191275 0.35671774036952164 0.051689061106460175
29950 0.012665232788319412 0 11.288965718191275 0.35671774036952164 0.051689061106460175
30000 0.012665232788319412 0 11.288965718191275 0.35671774036952164 0.051689061106460175
30050 0.012665232788319412 0 11.288965718191275 0.35671774036952164 0.051689061106460175
30100 0.012665232788319412 0 11.288965718191275 0.35671774036952164 0.051689061106460175
30150 0.012665232788319412 0 11.288965718191275 0.35671774036952164 0.051689061106460175
30200 0.012665232788319412 0 11.288965718191275 0.35671774036952164 0.051689061106460175
30250 0.012665232788319412 0 11.288965788998347 0.35671773916176397 0.051689061056256945
30300 0.012665232788319412 0 11.288965788998347 0.35671773916176397 0.051689061056256945
30350 0.012665232788319412 0 11.288965408776209 0.3567177456472209 0.0516890613258399
30400 0.012665232788319412 0 11.288965408776209 0.3567177456472209 0.0516890613258399
30450 0.012665232788319412 0 11.288965408776209 0.3567177456472209 0.0516890613258399
30500 0.012665232788319412 0 11.288965408776209 0.3567177456472209 0.0516890613258399
30550 0.012665232788319412 0 11.288965408776209 0.3567177456472209 0.0516890613258399
30600 0.012665232788319412 0 11.288965408776209 0.3567177456472209 0.0516890613258399
30650 0.012665232788319412 0 11.288965408776209 0.3567177456472209 0.0516890613258399
30700 0.012665232788319412 0 11.288965408776209 0.3567177456472209 0.0516890613258399
30750 0.012665232788319412 0 11.288965408776209 0.3567177456472209 0.0516890613258399
30800 0.012665232788319412 0 11.288965408776209 0.3567177456472209 0.0516890613258399
30850 0.012665232788319408 0 11.288965100510156 0.35671775090532165 0.05168906154440496
30900 0.012665232788319408 0 11.288965100510156 0.35671775090532165 0.05168906154440496
30950 0.012665232788319408 0 11.288965100510156 0.35671775090532165 0.05168906154440496
31000 0.012665232788319408 0 11.288965100510156 0.35671775090532165 0.05168906154440496
31050 0.012665232788319408 0 11.28896587248558 0.3567177377377205 0.051689060997063295
31100 0.012665232788319408 0 11.28896587248558 0.3567177377377205 0.051689060997063295
31150 0.012665232788319408 0 11.28896587248558 0.3567177377377205 0.051689060997063295
31200 0.012665232788319408 0 11.28896587248558 0.3567177377377205 0.051689060997063295
31250 0.012665232788319408 0 11.28896587248558 0.3567177377377205 0.051689060997063295
31300 0.012665232788319408 0 11.28896587248558 0.3567177377377205 0.051689060997063295
31350 0.012665232788319408 0 11.28896587248558 0.3567177377377205 0.051689060997063295
31400 0.012665232788319408 0 11.28896587248558 0.3567177377377205 0.051689060997063295
31450 0.012665232788319408 0 11.28896587248558 0.3567177377377205 0.051689060997063295
31500 0.012665232788319408 0 11.28896587248558 0.3567177377377205 0.051689060997063295
31550 0.012665232788319408 0 11.28896587248558 0.3567177377377205 0.051689060997063295
31600 0.012665232788319408 0 11.28896587248558 0.3567177377377205 0.051689060997063295
31650 0.012665232788319408 0 11.28896587248558 0.3567177377377205 0.051689060997063295
31700 0.012665232788319408 0 11.28896587248558 0.3567177377377205 0.051689060997063295
31750 0.012665232788319408 0 11.28896587248558 0.3567177377377205 0.051689060997063295
31800 0.012665232788319408 0 11.28896587248558 0.3567177377377205 0.051689060997063295
31850 0.012665232788319408 0 11.28896587248558 0.3567177377377205 0.051689060997063295
31900 0.012665232788319408 0 11.28896587248558 0.3567177377377205 0.051689060997063295
31950 0.012665232788319408 0 11.28896587248558 0.3567177377377205 0.051689060997063295
32000 0.012665232788319408 0 11.28896587248558 0.3567177377377205 0.051689060997063295
32050 0.012665232788319408 0 11.28896587248558 0.3567177377377205 0.051689060997063295
32100 0.012665232788319408 0 11.28896587248558 0.3567177377377205 0.051689060997063295
32150 0.012665232788319408 0 11.28896587248558 0.3567177377377205 0.051689060997063295
32200 0.012665232788319408 0 11.28896587248558 0.3567177377377205 0.051689060997063295
32250 0.012665232788319408 0 11.28896587248558 0.3567177377377205 0.051689060997063295
32300 0.012665232788319408 0 11.28896587248558 0.3567177377377205 0.051689060997063295
32350 0.012665232788319408 0 11.28896587248558 0.3567177377377205 0.051689060997063295
32400 0.012665232788319408 0 11.28896587248558 0.3567177377377205 0.051689060997063295
32450 0.012665232788319408 0 11.28896587248558 0.3567177377377205 0.051689060997063295
32500 0.012665232788319408 0 11.28896587248558 0.3567177377377205 0.051689060997063295
32550 0.012665232788319408 0 11.28896587248558 0.3567177377377205 0.051689060997063295
32600 0.012665232788319408 0 11.28896587248558 0.3567177377377205 0.051689060997063295
32650 0.012665232788319408 0 11.28896587248558 0.3567177377377205 0.051689060997063295
32700 0.012665232788319408 0 11.28896587248558 0.3567177377377205 0.051689060997063295
32750 0.012665232788319408 0 11.28896587248558 0.3567177377377205 0.051689060997063295
32800 0.012665232788319408 0 11.28896587248558 0.3567177377377205 0.051689060997063295
32850 0.012665232788319408 0 11.28896587248558 0.3567177377377205 0.051689060997063295
32900 0.012665232788319408 0 11.28896587248558 0.3567177377377205 0.051689060997063295
32950 0.012665232788319408 0 11.28896587248558 0.3567177377377205 0.051689060997063295
33000 0.012665232788319408 0 11.28896587248558 0.3567177377377205 0.051689060997063295
33050 0.012665232788319408 0 11.28896587248558 0.3567177377377205 0.051689060997063295
33100 0.012665232788319408 0 11.28896587248558 0.3567177377377205 0.051689060997063295
33150 0.012665232788319408 0 11.28896587248558 0.3567177377377205 0.051689060997063295
33200 0.012665232788319408 0 11.28896587248558 0.3567177377377205 0.051689060997063295
33250 0.012665232788319408 0 11.28896587248558 0.3567177377377205 0.051689060997063295
33300 0.012665232788319408 0 11.28896587248558 0.3567177377377205 0.051689060997063295
33350 0.012665232788319408 0 11.28896587248558 0.3567177377377205 0.051689060997063295
33400 0.012665232788319408 0 11.28896587248558 0.3567177377377205 0.051689060997063295
33450 0.012665232788319408 0 11.28896587248558 0.3567177377377205 0.051689060997063295
33500 0.012665232788319408 0 11.28896587248558 0.3567177377377205 0.051689060997063295
33550 0.012665232788319408 0 11.28896587248558 0.3567177377377205 0.051689060997063295
33600 0.012665232788319408 0 11.28896587248558 0.3567177377377205 0.051689060997063295
33650 0.012665232788319408 0 11.28896587248558 0.3567177377377205 0.051689060997063295
33700 0.012665232788319408 0 11.28896587248558 0.3567177377377205 0.051689060997063295
33750 0.012665232788319408 0 11.28896587248558 0.3567177377377205 0.051689060997063295
33800 0.012665232788319408 0 11.28896587248558 0.3567177377377205 0.051689060997063295
33850 0.012665232788319408 0 11.28896587248558 0.3567177377377205 0.051689060997063295
33900 0.012665232788319408 0 11.28896587248558 0.3567177377377205 0.051689060997063295
33950 0.012665232788319408 0 11.28896587248558 0.3567177377377205 0.051689060997063295
34000 0.012665232788319408 0 11.28896587248558 0.3567177377377205 0.051689060997063295
34050 0.012665232788319408 0 11.28896587248558 0.3567177377377205 0.051689060997063295
34100 0.012665232788319408 0 11.28896587248558 0.3567177377377205 0.051689060997063295
34150 0.012665232788319408 0 11.28896587248558 0.3567177377377205 0.051689060997063295
34200 0.012665232788319408 0 11.28896587248558 0.3567177377377205 0.051689060997063295
34250 0.012665232788319408 0 11.28896587248558 0.3567177377377205 0.051689060997063295
34300 0.012665232788319408 0 11.28896587248558 0.3567177377377205 0.051689060997063295
34350 0.012665232788319408 0 11.28896587248558 0.3567177377377205 0.051689060997063295
34400 0.012665232788319408 0 11.28896587248558 0.3567177377377205 0.051689060997063295
34450 0.012665232788319408 0 11.28896587248558 0.3567177377377205 0.051689060997063295
34500 0.012665232788319408 0 11.28896587248558 0.3567177377377205 0.051689060997063295
34550 0.012665232788319408 0 11.28896587248558 0.3567177377377205 0.051689060997063295
34600 0.012665232788319407 0 11.288965813291785 0.3567177387473902 0.05168906103903254
34650 0.012665232788319407 0 11.288965813291785 0.3567177387473902 0.05168906103903254
34700 0.012665232788319407 0 11.288965813291785 0.3567177387473902 0.05168906103903254
34750 0.012665232788319407 0 11.288965813291785 0.3567177387473902 0.05168906103903254
34800 0.012665232788319407 0 11.288965813291785 0.3567177387473902 0.05168906103903254
34850 0.012665232788319407 0 11.288965813291785 0.3567177387473902 0.05168906103903254
34900 0.012665232788319407 0 11.288965813291785 0.3567177387473902 0.05168906103903254
34950 0.012665232788319407 0 11.288965813291785 0.3567177387473902 0.05168906103903254
35000 0.012665232788319407 0 11.288965813291785 0.3567177387473902 0.05168906103903254
35050 0.012665232788319407 0 11.288965813291785 0.3567177387473902 0.05168906103903254
35100 0.012665232788319407 0 11.288965813291785 0.3567177387473902 0.05168906103903254
35150 0.012665232788319407 0 11.288965813291785 0.3567177387473902 0.05168906103903254
35200 0.012665232788319407 0 11.288965813291785 0.3567177387473902 0.05168906103903254
35250 0.012665232788319407 0 11.288965813291785 0.3567177387473902 0.05168906103903254
35300 0.012665232788319407 0 11.288965813291785 0.3567177387473902 0.05168906103903254
35350 0.012665232788319407 0 11.288965813291785 0.3567177387473902 0.05168906103903254
35400 0.012665232788319407 0 11.288965813291785 0.3567177387473902 0.05168906103903254
35450 0.012665232788319407 0 11.288965813291785 0.3567177387473902 0.05168906103903254
35500 0.012665232788319407 0 11.288965813291785 0.3567177387473902 0.05168906103903254
35550 0.012665232788319407 0 11.288965813291785 0.3567177387473902 0.05168906103903254
35600 0.012665232788319407 0 11.288965813291785 0.3567177387473902 0.05168906103903254
35650 0.012665232788319407 0 11.288965813291785 0.3567177387473902 0.05168906103903254
35700 0.012665232788319407 0 11.288965813291785 0.3567177387473902 0.05168906103903254
35750 0.012665232788319407 0 11.288965813291785 0.3567177387473902 0.05168906103903254
35800 0.012665232788319407 0 11.288965813291785 0.3567177387473902 0.05168906103903254
35850 0.012665232788319407 0 11.288965813291785 0.3567177387473902 0.05168906103903254
35900 0.012665232788319407 0 11.288965813291785 0.3567177387473902 0.05168906103903254
35950 0.012665232788319407 0 11.288965813291785 0.3567177387473902 0.05168906103903254
*---*---*---*---*---*---*---*---*---*---*---*---*---*---*---*---*---*---*---*---*
Status: Finished
Last individual
0.012665232788319407 0 11.288965813291785 0.3567177387473902 0.05168906103903254
Hall of fame
0.012665232788319407 0 11.288965813291785 0.3567177387473902 0.05168906103903254
Last factible individual
0.012665232788319407 0 11.288965813291785 0.3567177387473902 0.05168906103903254
CPU time used (seconds)
1.627016514999923
