*---*---*---*---*---*---*---*---*---*---*---*---*---*---*---*---*---*---*---*---*
Algorithm: Differential Evolution
Constrainth handling method: DEB
Function: 21
Case: continuous
Seed: 8
Parents size: 50
Offsprings size: 50
maxFe: 36000
CR: 0.9
F: 0.6
rweights: -
*---*---*---*---*---*---*---*---*---*---*---*---*---*---*---*---*---*---*---*---*
ngen ObjectiveFunction ViolationSum ProjectVariables
50 0.22631387399830877 0 15 0.9796010380970535 0.11657529158227695
100 0.08733207300281234 0 15 0.7284884856646088 0.08397520601879305
150 0.08733207300281234 0 15 0.7284884856646088 0.08397520601879305
200 0.08733207300281234 0 15 0.7284884856646088 0.08397520601879305
250 0.08733207300281234 0 15 0.7284884856646088 0.08397520601879305
300 0.050113073127958714 0 3.660745006657505 1.1510440161598228 0.08769861935449864
350 0.03922444573545689 0 6.467472402118581 0.8916124030734327 0.07207978162015236
400 0.016156228222506328 0 9.110222315627304 0.4409202205768633 0.05742864997356202
450 0.016156228222506328 0 9.110222315627304 0.4409202205768633 0.05742864997356202
500 0.016156228222506328 0 9.110222315627304 0.4409202205768633 0.05742864997356202
550 0.016156228222506328 0 9.110222315627304 0.4409202205768633 0.05742864997356202
600 0.016156228222506328 0 9.110222315627304 0.4409202205768633 0.05742864997356202
650 0.016156228222506328 0 9.110222315627304 0.4409202205768633 0.05742864997356202
700 0.016156228222506328 0 9.110222315627304 0.4409202205768633 0.05742864997356202
750 0.016156228222506328 0 9.110222315627304 0.4409202205768633 0.05742864997356202
800 0.016156228222506328 0 9.110222315627304 0.4409202205768633 0.05742864997356202
850 0.016156228222506328 0 9.110222315627304 0.4409202205768633 0.05742864997356202
900 0.016156228222506328 0 9.110222315627304 0.4409202205768633 0.05742864997356202
950 0.016156228222506328 0 9.110222315627304 0.4409202205768633 0.05742864997356202
1000 0.016156228222506328 0 9.110222315627304 0.4409202205768633 0.05742864997356202
1050 0.016156228222506328 0 9.110222315627304 0.4409202205768633 0.05742864997356202
1100 0.014483836650676622 0 10.067957947644153 0.4086159402963095 0.054196003567205255
1150 0.014483836650676622 0 10.067957947644153 0.4086159402963095 0.054196003567205255
1200 0.014483836650676622 0 10.067957947644153 0.4086159402963095 0.054196003567205255
1250 0.014386229480325507 0 7.702241360392042 0.47081087968725094 0.05611955383378774
1300 0.014386229480325507 0 7.702241360392042 0.47081087968725094 0.05611955383378774
1350 0.0143339077038221 0 6.753835085191751 0.49328410368393 0.05761486669451728
1400 0.0143339077038221 0 6.753835085191751 0.49328410368393 0.05761486669451728
1450 0.0143339077038221 0 6.753835085191751 0.49328410368393 0.05761486669451728
1500 0.0143339077038221 0 6.753835085191751 0.49328410368393 0.05761486669451728
1550 0.0143339077038221 0 6.753835085191751 0.49328410368393 0.05761486669451728
1600 0.0143339077038221 0 6.753835085191751 0.49328410368393 0.05761486669451728
1650 0.0143339077038221 0 6.753835085191751 0.49328410368393 0.05761486669451728
1700 0.0143339077038221 0 6.753835085191751 0.49328410368393 0.05761486669451728
1750 0.01325065694863251 0 10.369467654419664 0.3833419908745863 0.05286278062156313
1800 0.01325065694863251 0 10.369467654419664 0.3833419908745863 0.05286278062156313
1850 0.01325065694863251 0 10.369467654419664 0.3833419908745863 0.05286278062156313
1900 0.01325065694863251 0 10.369467654419664 0.3833419908745863 0.05286278062156313
1950 0.01325065694863251 0 10.369467654419664 0.3833419908745863 0.05286278062156313
2000 0.01325065694863251 0 10.369467654419664 0.3833419908745863 0.05286278062156313
2050 0.01325065694863251 0 10.369467654419664 0.3833419908745863 0.05286278062156313
2100 0.01325065694863251 0 10.369467654419664 0.3833419908745863 0.05286278062156313
2150 0.01325065694863251 0 10.369467654419664 0.3833419908745863 0.05286278062156313
2200 0.01325065694863251 0 10.369467654419664 0.3833419908745863 0.05286278062156313
2250 0.01325065694863251 0 10.369467654419664 0.3833419908745863 0.05286278062156313
2300 0.01325065694863251 0 10.369467654419664 0.3833419908745863 0.05286278062156313
2350 0.01325065694863251 0 10.369467654419664 0.3833419908745863 0.05286278062156313
2400 0.012999796567214854 0 11.475684484649635 0.3579717933570564 0.05191208321653935
2450 0.012999796567214854 0 11.475684484649635 0.3579717933570564 0.05191208321653935
2500 0.012999796567214854 0 11.475684484649635 0.3579717933570564 0.05191208321653935
2550 0.012999796567214854 0 11.475684484649635 0.3579717933570564 0.05191208321653935
2600 0.012859967685946818 0 10.66085443614922 0.3705078709944684 0.052358803266306694
2650 0.012859967685946818 0 10.66085443614922 0.3705078709944684 0.052358803266306694
2700 0.012859967685946818 0 10.66085443614922 0.3705078709944684 0.052358803266306694
2750 0.012859967685946818 0 10.66085443614922 0.3705078709944684 0.052358803266306694
2800 0.012819705812084905 0 12.432657386916494 0.34101047747378355 0.05103663320833926
2850 0.012819705812084905 0 12.432657386916494 0.34101047747378355 0.05103663320833926
2900 0.012782836776939758 0 12.271814348639639 0.34242089037051 0.051143907012801505
2950 0.012782836776939758 0 12.271814348639639 0.34242089037051 0.051143907012801505
3000 0.012782836776939758 0 12.271814348639639 0.34242089037051 0.051143907012801505
3050 0.012782836776939758 0 12.271814348639639 0.34242089037051 0.051143907012801505
3100 0.012782836776939758 0 12.271814348639639 0.34242089037051 0.051143907012801505
3150 0.012782836776939758 0 12.271814348639639 0.34242089037051 0.051143907012801505
3200 0.012782836776939758 0 12.271814348639639 0.34242089037051 0.051143907012801505
3250 0.012782836776939758 0 12.271814348639639 0.34242089037051 0.051143907012801505
3300 0.012782836776939758 0 12.271814348639639 0.34242089037051 0.051143907012801505
3350 0.0127812346216306 0 11.363665581190048 0.356780995951939 0.05177531469715642
3400 0.0127812346216306 0 11.363665581190048 0.356780995951939 0.05177531469715642
3450 0.012764350766584942 0 10.315179761467014 0.37594846398284176 0.052506712795582396
3500 0.012764350766584942 0 10.315179761467014 0.37594846398284176 0.052506712795582396
3550 0.012764350766584942 0 10.315179761467014 0.37594846398284176 0.052506712795582396
3600 0.012746905747330103 0 9.351302823221465 0.39568991257534497 0.05327237303925473
3650 0.012746905747330103 0 9.351302823221465 0.39568991257534497 0.05327237303925473
3700 0.01273556986971544 0 10.844344641546453 0.36538701278559377 0.05209267542635993
3750 0.012724978834068635 0 9.486982171817447 0.39233444178181953 0.05313703814955832
3800 0.012724978834068635 0 9.486982171817447 0.39233444178181953 0.05313703814955832
3850 0.012721553336068421 0 10.495945783947835 0.37193742395524426 0.05231793163177298
3900 0.012721553336068421 0 10.495945783947835 0.37193742395524426 0.05231793163177298
3950 0.012721553336068421 0 10.495945783947835 0.37193742395524426 0.05231793163177298
4000 0.012721553336068421 0 10.495945783947835 0.37193742395524426 0.05231793163177298
4050 0.012721438992001084 0 10.756787273361972 0.36707664541276935 0.05212176165449863
4100 0.012721438992001084 0 10.756787273361972 0.36707664541276935 0.05212176165449863
4150 0.012688077803221126 0 11.078291796644988 0.36071858737463347 0.051860672518539416
4200 0.012688077803221126 0 11.078291796644988 0.36071858737463347 0.051860672518539416
4250 0.012688077803221126 0 11.078291796644988 0.36071858737463347 0.051860672518539416
4300 0.012688077803221126 0 11.078291796644988 0.36071858737463347 0.051860672518539416
4350 0.012688077803221126 0 11.078291796644988 0.36071858737463347 0.051860672518539416
4400 0.012688077803221126 0 11.078291796644988 0.36071858737463347 0.051860672518539416
4450 0.012688077803221126 0 11.078291796644988 0.36071858737463347 0.051860672518539416
4500 0.012688077803221126 0 11.078291796644988 0.36071858737463347 0.051860672518539416
4550 0.012688077803221126 0 11.078291796644988 0.36071858737463347 0.051860672518539416
4600 0.012682828221306732 0 11.454324437818206 0.3541521281553697 0.05159197805392893
4650 0.012682828221306732 0 11.454324437818206 0.3541521281553697 0.05159197805392893
4700 0.012682828221306732 0 11.454324437818206 0.3541521281553697 0.05159197805392893
4750 0.012682828221306732 0 11.454324437818206 0.3541521281553697 0.05159197805392893
4800 0.01267762418367187 0 11.198524117711527 0.358473896305942 0.05176395885971545
4850 0.01267762418367187 0 11.198524117711527 0.358473896305942 0.05176395885971545
4900 0.01267762418367187 0 11.198524117711527 0.358473896305942 0.05176395885971545
4950 0.01267762418367187 0 11.198524117711527 0.358473896305942 0.05176395885971545
5000 0.01267762418367187 0 11.198524117711527 0.358473896305942 0.05176395885971545
5050 0.01267762418367187 0 11.198524117711527 0.358473896305942 0.05176395885971545
5100 0.01267762418367187 0 11.198524117711527 0.358473896305942 0.05176395885971545
5150 0.012677167899193043 0 11.771134030472947 0.34890153918637234 0.05136589100208619
5200 0.012677167899193043 0 11.771134030472947 0.34890153918637234 0.05136589100208619
5250 0.012675051191678641 0 10.519393554783735 0.3706455460035226 0.0522641416474579
5300 0.012674838647081205 0 11.907124797008022 0.3466886300819604 0.051272293464800986
5350 0.012674838647081205 0 11.907124797008022 0.3466886300819604 0.051272293464800986
5400 0.012674838647081205 0 11.907124797008022 0.3466886300819604 0.051272293464800986
5450 0.012674838647081205 0 11.907124797008022 0.3466886300819604 0.051272293464800986
5500 0.012674838647081205 0 11.907124797008022 0.3466886300819604 0.051272293464800986
5550 0.01267118290354647 0 11.737251507471706 0.3493662542040735 0.05138284872192401
5600 0.01267118290354647 0 11.737251507471706 0.3493662542040735 0.05138284872192401
5650 0.01267118290354647 0 11.737251507471706 0.3493662542040735 0.05138284872192401
5700 0.01267118290354647 0 11.737251507471706 0.3493662542040735 0.05138284872192401
5750 0.01267118290354647 0 11.737251507471706 0.3493662542040735 0.05138284872192401
5800 0.01267118290354647 0 11.737251507471706 0.3493662542040735 0.05138284872192401
5850 0.012669539818761103 0 11.487259106843945 0.3534366381139295 0.051554049733648966
5900 0.012668215157258517 0 11.522744958026646 0.3528357908237029 0.051527487968078524
5950 0.012668215157258517 0 11.522744958026646 0.3528357908237029 0.051527487968078524
6000 0.012668215157258517 0 11.522744958026646 0.3528357908237029 0.051527487968078524
6050 0.012668215157258517 0 11.522744958026646 0.3528357908237029 0.051527487968078524
6100 0.012668215157258517 0 11.522744958026646 0.3528357908237029 0.051527487968078524
6150 0.012667929959978558 0 10.88657808725969 0.363798314099602 0.05198208329643703
6200 0.012667929959978558 0 10.88657808725969 0.363798314099602 0.05198208329643703
6250 0.012667929959978558 0 10.88657808725969 0.363798314099602 0.05198208329643703
6300 0.012667929959978558 0 10.88657808725969 0.363798314099602 0.05198208329643703
6350 0.012667929959978558 0 10.88657808725969 0.363798314099602 0.05198208329643703
6400 0.012667389828606384 0 11.303674187915808 0.35649360316749695 0.05168111764648287
6450 0.012667389828606384 0 11.303674187915808 0.35649360316749695 0.05168111764648287
6500 0.012666801795761271 0 11.294033429467941 0.35665391869992685 0.05168703313614747
6550 0.012666801795761271 0 11.294033429467941 0.35665391869992685 0.05168703313614747
6600 0.012666801795761271 0 11.294033429467941 0.35665391869992685 0.05168703313614747
6650 0.012666801795761271 0 11.294033429467941 0.35665391869992685 0.05168703313614747
6700 0.012666801795761271 0 11.294033429467941 0.35665391869992685 0.05168703313614747
6750 0.012666801795761271 0 11.294033429467941 0.35665391869992685 0.05168703313614747
6800 0.012666447638438952 0 11.369894996310636 0.3553652949189503 0.051632827898856565
6850 0.012666447638438952 0 11.369894996310636 0.3553652949189503 0.051632827898856565
6900 0.012666447638438952 0 11.369894996310636 0.3553652949189503 0.051632827898856565
6950 0.012665802250037439 0 11.425923293482528 0.3544090847741604 0.05159312665259906
7000 0.012665802250037439 0 11.425923293482528 0.3544090847741604 0.05159312665259906
7050 0.012665802250037439 0 11.425923293482528 0.3544090847741604 0.05159312665259906
7100 0.012665802250037439 0 11.425923293482528 0.3544090847741604 0.05159312665259906
7150 0.012665802250037439 0 11.425923293482528 0.3544090847741604 0.05159312665259906
7200 0.012665802250037439 0 11.425923293482528 0.3544090847741604 0.05159312665259906
7250 0.012665802250037439 0 11.425923293482528 0.3544090847741604 0.05159312665259906
7300 0.012665802250037439 0 11.425923293482528 0.3544090847741604 0.05159312665259906
7350 0.012665802250037439 0 11.425923293482528 0.3544090847741604 0.05159312665259906
7400 0.012665510323911191 0 11.318700675208062 0.356215248153211 0.05166829902087227
7450 0.012665510323911191 0 11.318700675208062 0.356215248153211 0.05166829902087227
7500 0.012665510323911191 0 11.318700675208062 0.356215248153211 0.05166829902087227
7550 0.012665510323911191 0 11.318700675208062 0.356215248153211 0.05166829902087227
7600 0.012665510323911191 0 11.318700675208062 0.356215248153211 0.05166829902087227
7650 0.012665510323911191 0 11.318700675208062 0.356215248153211 0.05166829902087227
7700 0.012665510323911191 0 11.318700675208062 0.356215248153211 0.05166829902087227
7750 0.012665510323911191 0 11.318700675208062 0.356215248153211 0.05166829902087227
7800 0.012665510323911191 0 11.318700675208062 0.356215248153211 0.05166829902087227
7850 0.012665510323911191 0 11.318700675208062 0.356215248153211 0.05166829902087227
7900 0.012665510323911191 0 11.318700675208062 0.356215248153211 0.05166829902087227
7950 0.012665510323911191 0 11.318700675208062 0.356215248153211 0.05166829902087227
8000 0.012665510323911191 0 11.318700675208062 0.356215248153211 0.05166829902087227
8050 0.012665510323911191 0 11.318700675208062 0.356215248153211 0.05166829902087227
8100 0.012665510323911191 0 11.318700675208062 0.356215248153211 0.05166829902087227
8150 0.012665510323911191 0 11.318700675208062 0.356215248153211 0.05166829902087227
8200 0.012665510323911191 0 11.318700675208062 0.356215248153211 0.05166829902087227
8250 0.012665510323911191 0 11.318700675208062 0.356215248153211 0.05166829902087227
8300 0.012665510323911191 0 11.318700675208062 0.356215248153211 0.05166829902087227
8350 0.012665358634976866 0 11.28202670253053 0.35683827548394004 0.051694085345608404
8400 0.012665358634976866 0 11.28202670253053 0.35683827548394004 0.051694085345608404
8450 0.012665358634976866 0 11.28202670253053 0.35683827548394004 0.051694085345608404
8500 0.012665358634976866 0 11.28202670253053 0.35683827548394004 0.051694085345608404
8550 0.012665358634976866 0 11.28202670253053 0.35683827548394004 0.051694085345608404
8600 0.012665358634976866 0 11.28202670253053 0.35683827548394004 0.051694085345608404
8650 0.012665341270668023 0 11.322579959205774 0.35614743192389736 0.05166534953974731
8700 0.012665341270668023 0 11.322579959205774 0.35614743192389736 0.05166534953974731
8750 0.012665341270668023 0 11.322579959205774 0.35614743192389736 0.05166534953974731
8800 0.012665341270668023 0 11.322579959205774 0.35614743192389736 0.05166534953974731
8850 0.012665341270668023 0 11.322579959205774 0.35614743192389736 0.05166534953974731
8900 0.012665341270668023 0 11.322579959205774 0.35614743192389736 0.05166534953974731
8950 0.012665341270668023 0 11.322579959205774 0.35614743192389736 0.05166534953974731
9000 0.012665341270668023 0 11.322579959205774 0.35614743192389736 0.05166534953974731
9050 0.012665341270668023 0 11.322579959205774 0.35614743192389736 0.05166534953974731
9100 0.012665341270668023 0 11.322579959205774 0.35614743192389736 0.05166534953974731
9150 0.012665341270668023 0 11.322579959205774 0.35614743192389736 0.05166534953974731
9200 0.012665341270668023 0 11.322579959205774 0.35614743192389736 0.05166534953974731
9250 0.012665341270668023 0 11.322579959205774 0.35614743192389736 0.05166534953974731
9300 0.012665315602464679 0 11.353922042642786 0.3556153167270949 0.05164322566747104
9350 0.012665313156913608 0 11.29553288429845 0.3566067439680806 0.05168449960591685
9400 0.012665267367856954 0 11.281469800409688 0.35684607027170545 0.05169441825698724
9450 0.012665267367856954 0 11.281469800409688 0.35684607027170545 0.05169441825698724
9500 0.012665267367856954 0 11.281469800409688 0.35684607027170545 0.05169441825698724
9550 0.012665267367856954 0 11.281469800409688 0.35684607027170545 0.05169441825698724
9600 0.012665267367856954 0 11.281469800409688 0.35684607027170545 0.05169441825698724
9650 0.012665267367856954 0 11.281469800409688 0.35684607027170545 0.05169441825698724
9700 0.012665245223950192 0 11.280845707237672 0.3568565239628524 0.05169483047569002
9750 0.012665245223950192 0 11.280845707237672 0.3568565239628524 0.05169483047569002
9800 0.012665245223950192 0 11.280845707237672 0.3568565239628524 0.05169483047569002
9850 0.012665245223950192 0 11.280845707237672 0.3568565239628524 0.05169483047569002
9900 0.012665245223950192 0 11.280845707237672 0.3568565239628524 0.05169483047569002
9950 0.012665245223950192 0 11.280845707237672 0.3568565239628524 0.05169483047569002
10000 0.012665245223950192 0 11.280845707237672 0.3568565239628524 0.05169483047569002
10050 0.012665245223950192 0 11.280845707237672 0.3568565239628524 0.05169483047569002
10100 0.012665245223950192 0 11.280845707237672 0.3568565239628524 0.05169483047569002
10150 0.012665245223950192 0 11.280845707237672 0.3568565239628524 0.05169483047569002
10200 0.012665245223950192 0 11.280845707237672 0.3568565239628524 0.05169483047569002
10250 0.012665245223950192 0 11.280845707237672 0.3568565239628524 0.05169483047569002
10300 0.012665245223950192 0 11.280845707237672 0.3568565239628524 0.05169483047569002
10350 0.012665245223950192 0 11.280845707237672 0.3568565239628524 0.05169483047569002
10400 0.012665245223950192 0 11.280845707237672 0.3568565239628524 0.05169483047569002
10450 0.012665245172079865 0 11.292891333571532 0.356650944406165 0.05168629287959
10500 0.012665245172079865 0 11.292891333571532 0.356650944406165 0.05168629287959
10550 0.012665245172079865 0 11.292891333571532 0.356650944406165 0.05168629287959
10600 0.012665245172079865 0 11.292891333571532 0.356650944406165 0.05168629287959
10650 0.012665245172079865 0 11.292891333571532 0.356650944406165 0.05168629287959
10700 0.012665242689242259 0 11.307003660283941 0.35641054775745284 0.05167629225890631
10750 0.012665242689242259 0 11.307003660283941 0.35641054775745284 0.05167629225890631
10800 0.012665238843318818 0 11.309300462136033 0.35637141772274145 0.05167466203968967
10850 0.012665238843318818 0 11.309300462136033 0.35637141772274145 0.05167466203968967
10900 0.012665238726556892 0 11.307065458818359 0.35640943822767707 0.05167624461707156
10950 0.012665237716064747 0 11.294767535887754 0.3566188976314542 0.05168495258731545
11000 0.012665237716064747 0 11.294767535887754 0.3566188976314542 0.05168495258731545
11050 0.012665237716064747 0 11.294767535887754 0.3566188976314542 0.05168495258731545
11100 0.012665237716064747 0 11.294767535887754 0.3566188976314542 0.05168495258731545
11150 0.012665237716064747 0 11.294767535887754 0.3566188976314542 0.05168495258731545
11200 0.012665237716064747 0 11.294767535887754 0.3566188976314542 0.05168495258731545
11250 0.012665237716064747 0 11.294767535887754 0.3566188976314542 0.05168495258731545
11300 0.012665237716064747 0 11.294767535887754 0.3566188976314542 0.05168495258731545
11350 0.012665237716064747 0 11.294767535887754 0.3566188976314542 0.05168495258731545
11400 0.012665237716064747 0 11.294767535887754 0.3566188976314542 0.05168495258731545
11450 0.012665237716064747 0 11.294767535887754 0.3566188976314542 0.05168495258731545
11500 0.012665237716064747 0 11.294767535887754 0.3566188976314542 0.05168495258731545
11550 0.012665237716064747 0 11.294767535887754 0.3566188976314542 0.05168495258731545
11600 0.012665237716064747 0 11.294767535887754 0.3566188976314542 0.05168495258731545
11650 0.012665237716064747 0 11.294767535887754 0.3566188976314542 0.05168495258731545
11700 0.012665237716064747 0 11.294767535887754 0.3566188976314542 0.05168495258731545
11750 0.012665237716064747 0 11.294767535887754 0.3566188976314542 0.05168495258731545
11800 0.012665235953341097 0 11.297333740835 0.3565751314141551 0.05168313301848825
11850 0.012665235352890623 0 11.283861833080731 0.3568048557284117 0.05169268364881028
11900 0.012665235352890623 0 11.283861833080731 0.3568048557284117 0.05169268364881028
11950 0.012665235352890623 0 11.283861833080731 0.3568048557284117 0.05169268364881028
12000 0.012665234143388306 0 11.283022708173329 0.3568191691688694 0.05169327709586054
12050 0.012665234143388306 0 11.283022708173329 0.3568191691688694 0.05169327709586054
12100 0.012665234143388306 0 11.283022708173329 0.3568191691688694 0.05169327709586054
12150 0.012665234143388306 0 11.283022708173329 0.3568191691688694 0.05169327709586054
12200 0.012665234143388306 0 11.283022708173329 0.3568191691688694 0.05169327709586054
12250 0.012665234143388306 0 11.283022708173329 0.3568191691688694 0.05169327709586054
12300 0.012665234143388306 0 11.283022708173329 0.3568191691688694 0.05169327709586054
12350 0.012665234143388306 0 11.283022708173329 0.3568191691688694 0.05169327709586054
12400 0.012665234143388306 0 11.283022708173329 0.3568191691688694 0.05169327709586054
12450 0.012665234143388306 0 11.283022708173329 0.3568191691688694 0.05169327709586054
12500 0.012665234143388306 0 11.283022708173329 0.3568191691688694 0.05169327709586054
12550 0.012665234143388306 0 11.283022708173329 0.3568191691688694 0.05169327709586054
12600 0.012665234143388306 0 11.283022708173329 0.3568191691688694 0.05169327709586054
12650 0.012665234143388306 0 11.283022708173329 0.3568191691688694 0.05169327709586054
12700 0.012665233947290508 0 11.291350451620193 0.3566770901708097 0.05168737137100885
12750 0.012665233947290508 0 11.291350451620193 0.3566770901708097 0.05168737137100885
12800 0.012665233947290508 0 11.291350451620193 0.3566770901708097 0.05168737137100885
12850 0.012665233947290508 0 11.291350451620193 0.3566770901708097 0.05168737137100885
12900 0.012665233947290508 0 11.291350451620193 0.3566770901708097 0.05168737137100885
12950 0.01266523392092179 0 11.287258283211123 0.3567468824755226 0.051690272997691376
13000 0.01266523392092179 0 11.287258283211123 0.3567468824755226 0.051690272997691376
13050 0.012665233862373532 0 11.285825596913117 0.3567713278723304 0.05169128883851254
13100 0.012665233770373738 0 11.285601657939694 0.3567751478824686 0.051691447563293906
13150 0.012665233770373738 0 11.285601657939694 0.3567751478824686 0.051691447563293906
13200 0.012665233770373738 0 11.285601657939694 0.3567751478824686 0.051691447563293906
13250 0.012665233352069243 0 11.286607340926787 0.35675798237273276 0.05169073388372737
13300 0.012665233352069243 0 11.286607340926787 0.35675798237273276 0.05169073388372737
13350 0.012665233352069243 0 11.286607340926787 0.35675798237273276 0.05169073388372737
13400 0.012665233352069243 0 11.286607340926787 0.35675798237273276 0.05169073388372737
13450 0.012665233352069243 0 11.286607340926787 0.35675798237273276 0.05169073388372737
13500 0.012665233352069243 0 11.286607340926787 0.35675798237273276 0.05169073388372737
13550 0.012665233328449989 0 11.29381348470697 0.3566350856934333 0.05168562515273025
13600 0.012665233130165729 0 11.28732310283017 0.35674576673446695 0.05169022613518307
13650 0.012665233027875533 0 11.293280282206839 0.3566441698921762 0.051686002833775016
13700 0.012665233027875533 0 11.293280282206839 0.3566441698921762 0.051686002833775016
13750 0.012665233027875533 0 11.293280282206839 0.3566441698921762 0.051686002833775016
13800 0.012665233027875533 0 11.293280282206839 0.3566441698921762 0.051686002833775016
13850 0.012665233027875533 0 11.293280282206839 0.3566441698921762 0.051686002833775016
13900 0.012665233027875533 0 11.293280282206839 0.3566441698921762 0.051686002833775016
13950 0.012665233001466209 0 11.289229530477499 0.35671324424378836 0.051688874232247974
14000 0.012665233001466209 0 11.289229530477499 0.35671324424378836 0.051688874232247974
14050 0.01266523294775724 0 11.28871253808046 0.3567220608574808 0.05168924080289074
14100 0.01266523294775724 0 11.28871253808046 0.3567220608574808 0.05168924080289074
14150 0.01266523294775724 0 11.28871253808046 0.3567220608574808 0.05168924080289074
14200 0.01266523294775724 0 11.28871253808046 0.3567220608574808 0.05168924080289074
14250 0.012665232799197158 0 11.289580297995753 0.35670725802302583 0.051688625383256574
14300 0.012665232799197158 0 11.289580297995753 0.35670725802302583 0.051688625383256574
14350 0.012665232799197158 0 11.289580297995753 0.35670725802302583 0.051688625383256574
14400 0.012665232799197158 0 11.289580297995753 0.35670725802302583 0.051688625383256574
14450 0.012665232799197158 0 11.289580297995753 0.35670725802302583 0.051688625383256574
14500 0.012665232799197158 0 11.289580297995753 0.35670725802302583 0.051688625383256574
14550 0.012665232799197158 0 11.289580297995753 0.35670725802302583 0.051688625383256574
14600 0.012665232799197158 0 11.289580297995753 0.35670725802302583 0.051688625383256574
14650 0.012665232799197158 0 11.289580297995753 0.35670725802302583 0.051688625383256574
14700 0.012665232799197158 0 11.289580297995753 0.35670725802302583 0.051688625383256574
14750 0.012665232799197158 0 11.289580297995753 0.35670725802302583 0.051688625383256574
14800 0.012665232799197158 0 11.289580297995753 0.35670725802302583 0.051688625383256574
14850 0.012665232799197158 0 11.289580297995753 0.35670725802302583 0.051688625383256574
14900 0.012665232799197158 0 11.289580297995753 0.35670725802302583 0.051688625383256574
14950 0.012665232799197158 0 11.289580297995753 0.35670725802302583 0.051688625383256574
15000 0.012665232799197158 0 11.289580297995753 0.35670725802302583 0.051688625383256574
15050 0.012665232799197158 0 11.289580297995753 0.35670725802302583 0.051688625383256574
15100 0.012665232799197158 0 11.289580297995753 0.35670725802302583 0.051688625383256574
15150 0.012665232799197158 0 11.289580297995753 0.35670725802302583 0.051688625383256574
15200 0.012665232799197158 0 11.289580297995753 0.35670725802302583 0.051688625383256574
15250 0.012665232799197158 0 11.289580297995753 0.35670725802302583 0.051688625383256574
15300 0.012665232799197158 0 11.289580297995753 0.35670725802302583 0.051688625383256574
15350 0.012665232799197158 0 11.289580297995753 0.35670725802302583 0.051688625383256574
15400 0.012665232799197158 0 11.289580297995753 0.35670725802302583 0.051688625383256574
15450 0.012665232799197158 0 11.289580297995753 0.35670725802302583 0.051688625383256574
15500 0.012665232799197158 0 11.289580297995753 0.35670725802302583 0.051688625383256574
15550 0.012665232799197158 0 11.289580297995753 0.35670725802302583 0.051688625383256574
15600 0.012665232799197158 0 11.289580297995753 0.35670725802302583 0.051688625383256574
15650 0.012665232799197158 0 11.289580297995753 0.35670725802302583 0.051688625383256574
15700 0.012665232799197158 0 11.289580297995753 0.35670725802302583 0.051688625383256574
15750 0.012665232799197158 0 11.289580297995753 0.35670725802302583 0.051688625383256574
15800 0.012665232799197158 0 11.289580297995753 0.35670725802302583 0.051688625383256574
15850 0.012665232799197158 0 11.289580297995753 0.35670725802302583 0.051688625383256574
15900 0.012665232799197158 0 11.289580297995753 0.35670725802302583 0.051688625383256574
15950 0.012665232799197158 0 11.289580297995753 0.35670725802302583 0.051688625383256574
16000 0.012665232799197158 0 11.289580297995753 0.35670725802302583 0.051688625383256574
16050 0.012665232799197158 0 11.289580297995753 0.35670725802302583 0.051688625383256574
16100 0.012665232799197158 0 11.289580297995753 0.35670725802302583 0.051688625383256574
16150 0.012665232799197158 0 11.289580297995753 0.35670725802302583 0.051688625383256574
16200 0.012665232799197158 0 11.289580297995753 0.35670725802302583 0.051688625383256574
16250 0.012665232796261739 0 11.288989856896887 0.35671732876415696 0.05168904399869244
16300 0.012665232796261739 0 11.288989856896887 0.35671732876415696 0.05168904399869244
16350 0.012665232796261739 0 11.288989856896887 0.35671732876415696 0.05168904399869244
16400 0.012665232796261739 0 11.288989856896887 0.35671732876415696 0.05168904399869244
16450 0.012665232796261739 0 11.288989856896887 0.35671732876415696 0.05168904399869244
16500 0.012665232796261739 0 11.288989856896887 0.35671732876415696 0.05168904399869244
16550 0.012665232796261739 0 11.288989856896887 0.35671732876415696 0.05168904399869244
16600 0.012665232793827499 0 11.289139867843355 0.3567147699937895 0.05168893763922507
16650 0.012665232793827499 0 11.289139867843355 0.3567147699937895 0.05168893763922507
16700 0.012665232793504054 0 11.28901339756125 0.3567169271669471 0.05168902730718687
16750 0.012665232793504054 0 11.28901339756125 0.3567169271669471 0.05168902730718687
16800 0.012665232793504054 0 11.28901339756125 0.3567169271669471 0.05168902730718687
16850 0.012665232793504054 0 11.28901339756125 0.3567169271669471 0.05168902730718687
16900 0.012665232791145916 0 11.288946625331018 0.3567180660874973 0.051689074645708405
16950 0.012665232791145916 0 11.288946625331018 0.3567180660874973 0.051689074645708405
17000 0.012665232791145916 0 11.288946625331018 0.3567180660874973 0.051689074645708405
17050 0.012665232790733312 0 11.289245788774519 0.356712963323753 0.051688862536781066
17100 0.012665232790733312 0 11.289245788774519 0.356712963323753 0.051688862536781066
17150 0.012665232790733312 0 11.289245788774519 0.356712963323753 0.051688862536781066
17200 0.012665232790733312 0 11.289245788774519 0.356712963323753 0.051688862536781066
17250 0.012665232790733312 0 11.289245788774519 0.356712963323753 0.051688862536781066
17300 0.012665232790733312 0 11.289245788774519 0.356712963323753 0.051688862536781066
17350 0.012665232790733312 0 11.289245788774519 0.356712963323753 0.051688862536781066
17400 0.012665232790733312 0 11.289245788774519 0.356712963323753 0.051688862536781066
17450 0.012665232790733312 0 11.289245788774519 0.356712963323753 0.051688862536781066
17500 0.012665232790733312 0 11.289245788774519 0.356712963323753 0.051688862536781066
17550 0.012665232790440075 0 11.28903995853132 0.3567164740937993 0.051689008470777516
17600 0.012665232790440075 0 11.28903995853132 0.3567164740937993 0.051689008470777516
17650 0.012665232790440075 0 11.28903995853132 0.3567164740937993 0.051689008470777516
17700 0.012665232790440075 0 11.28903995853132 0.3567164740937993 0.051689008470777516
17750 0.012665232790440075 0 11.28903995853132 0.3567164740937993 0.051689008470777516
17800 0.012665232789528993 0 11.289076568621262 0.35671584962314956 0.05168898251340788
17850 0.012665232789528993 0 11.289076568621262 0.35671584962314956 0.05168898251340788
17900 0.012665232789528993 0 11.289076568621262 0.35671584962314956 0.05168898251340788
17950 0.012665232789240293 0 11.288786697714096 0.3567207939717307 0.05168918803652506
18000 0.012665232789240293 0 11.288786697714096 0.3567207939717307 0.05168918803652506
18050 0.012665232789240293 0 11.288786697714096 0.3567207939717307 0.05168918803652506
18100 0.012665232789240293 0 11.288786697714096 0.3567207939717307 0.05168918803652506
18150 0.012665232789240293 0 11.288786697714096 0.3567207939717307 0.05168918803652506
18200 0.012665232789240293 0 11.288786697714096 0.3567207939717307 0.05168918803652506
18250 0.012665232788806881 0 11.289142722902987 0.35671472123625464 0.0516889356090643
18300 0.012665232788806881 0 11.289142722902987 0.35671472123625464 0.0516889356090643
18350 0.012665232788806881 0 11.289142722902987 0.35671472123625464 0.0516889356090643
18400 0.012665232788806881 0 11.289142722902987 0.35671472123625464 0.0516889356090643
18450 0.012665232788806881 0 11.289142722902987 0.35671472123625464 0.0516889356090643
18500 0.012665232788806881 0 11.289142722902987 0.35671472123625464 0.0516889356090643
18550 0.012665232788806881 0 11.289142722902987 0.35671472123625464 0.0516889356090643
18600 0.012665232788806881 0 11.289142722902987 0.35671472123625464 0.0516889356090643
18650 0.012665232788806881 0 11.289142722902987 0.35671472123625464 0.0516889356090643
18700 0.012665232788806881 0 11.289142722902987 0.35671472123625464 0.0516889356090643
18750 0.012665232788806881 0 11.289142722902987 0.35671472123625464 0.0516889356090643
18800 0.012665232788806881 0 11.289142722902987 0.35671472123625464 0.0516889356090643
18850 0.012665232788806881 0 11.289142722902987 0.35671472123625464 0.0516889356090643
18900 0.012665232788806881 0 11.289142722902987 0.35671472123625464 0.0516889356090643
18950 0.012665232788786705 0 11.289095763504958 0.3567155222080304 0.05168896890349264
19000 0.012665232788786705 0 11.289095763504958 0.3567155222080304 0.05168896890349264
19050 0.012665232788786705 0 11.289095763504958 0.3567155222080304 0.05168896890349264
19100 0.012665232788786705 0 11.289095763504958 0.3567155222080304 0.05168896890349264
19150 0.012665232788786705 0 11.289095763504958 0.3567155222080304 0.05168896890349264
19200 0.012665232788786705 0 11.289095763504958 0.3567155222080304 0.05168896890349264
19250 0.012665232788786705 0 11.289095763504958 0.3567155222080304 0.05168896890349264
19300 0.012665232788786705 0 11.289095763504958 0.3567155222080304 0.05168896890349264
19350 0.012665232788786705 0 11.289095763504958 0.3567155222080304 0.05168896890349264
19400 0.012665232788786705 0 11.289095763504958 0.3567155222080304 0.05168896890349264
19450 0.012665232788786705 0 11.289095763504958 0.3567155222080304 0.05168896890349264
19500 0.012665232788786705 0 11.289095763504958 0.3567155222080304 0.05168896890349264
19550 0.012665232788786705 0 11.289095763504958 0.3567155222080304 0.05168896890349264
19600 0.012665232788786705 0 11.289095763504958 0.3567155222080304 0.05168896890349264
19650 0.012665232788786705 0 11.289095763504958 0.3567155222080304 0.05168896890349264
19700 0.012665232788786705 0 11.289095763504958 0.3567155222080304 0.05168896890349264
19750 0.012665232788764639 0 11.289069167526824 0.3567159758501767 0.05168898776014456
19800 0.012665232788764639 0 11.289069167526824 0.3567159758501767 0.05168898776014456
19850 0.01266523278868363 0 11.288893396385 0.35671897397410807 0.05168911238423701
19900 0.01266523278868363 0 11.288893396385 0.35671897397410807 0.05168911238423701
19950 0.01266523278868363 0 11.288893396385 0.35671897397410807 0.05168911238423701
20000 0.01266523278868363 0 11.288893396385 0.35671897397410807 0.05168911238423701
20050 0.01266523278868363 0 11.288893396385 0.35671897397410807 0.05168911238423701
20100 0.012665232788576813 0 11.288982625443671 0.3567174519862674 0.05168904911923461
20150 0.012665232788576813 0 11.288982625443671 0.3567174519862674 0.05168904911923461
20200 0.012665232788484049 0 11.288922902004899 0.3567184706908508 0.05168909146393953
20250 0.012665232788484049 0 11.288922902004899 0.3567184706908508 0.05168909146393953
20300 0.012665232788484049 0 11.288922902004899 0.3567184706908508 0.05168909146393953
20350 0.012665232788484049 0 11.288922902004899 0.3567184706908508 0.05168909146393953
20400 0.012665232788484049 0 11.288922902004899 0.3567184706908508 0.05168909146393953
20450 0.012665232788484049 0 11.288922902004899 0.3567184706908508 0.05168909146393953
20500 0.012665232788484049 0 11.288922902004899 0.3567184706908508 0.05168909146393953
20550 0.012665232788368994 0 11.288921939975559 0.35671848709813686 0.05168909214595617
20600 0.012665232788368994 0 11.288921939975559 0.35671848709813686 0.05168909214595617
20650 0.012665232788368994 0 11.288921939975559 0.35671848709813686 0.05168909214595617
20700 0.012665232788368994 0 11.288921939975559 0.35671848709813686 0.05168909214595617
20750 0.012665232788368994 0 11.288921939975559 0.35671848709813686 0.05168909214595617
20800 0.012665232788368994 0 11.288921939975559 0.35671848709813686 0.05168909214595617
20850 0.012665232788368994 0 11.288921939975559 0.35671848709813686 0.05168909214595617
20900 0.012665232788368994 0 11.288921939975559 0.35671848709813686 0.05168909214595617
20950 0.012665232788368994 0 11.288921939975559 0.35671848709813686 0.05168909214595617
21000 0.012665232788368994 0 11.288921939975559 0.35671848709813686 0.05168909214595617
21050 0.012665232788368994 0 11.288921939975559 0.35671848709813686 0.05168909214595617
21100 0.012665232788368994 0 11.288921939975559 0.35671848709813686 0.05168909214595617
21150 0.012665232788368994 0 11.288921939975559 0.35671848709813686 0.05168909214595617
21200 0.012665232788368994 0 11.288921939975559 0.35671848709813686 0.05168909214595617
21250 0.012665232788368994 0 11.288921939975559 0.35671848709813686 0.05168909214595617
21300 0.012665232788368994 0 11.288921939975559 0.35671848709813686 0.05168909214595617
21350 0.012665232788368994 0 11.288921939975559 0.35671848709813686 0.05168909214595617
21400 0.012665232788368994 0 11.288921939975559 0.35671848709813686 0.05168909214595617
21450 0.012665232788368994 0 11.288921939975559 0.35671848709813686 0.05168909214595617
21500 0.012665232788368994 0 11.288921939975559 0.35671848709813686 0.05168909214595617
21550 0.012665232788368994 0 11.288921939975559 0.35671848709813686 0.05168909214595617
21600 0.012665232788368994 0 11.288921939975559 0.35671848709813686 0.05168909214595617
21650 0.012665232788368994 0 11.288921939975559 0.35671848709813686 0.05168909214595617
21700 0.012665232788368994 0 11.288921939975559 0.35671848709813686 0.05168909214595617
21750 0.012665232788368994 0 11.288921939975559 0.35671848709813686 0.05168909214595617
21800 0.012665232788368994 0 11.288921939975559 0.35671848709813686 0.05168909214595617
21850 0.012665232788368994 0 11.288921939975559 0.35671848709813686 0.05168909214595617
21900 0.012665232788368994 0 11.288921939975559 0.35671848709813686 0.05168909214595617
21950 0.012665232788368994 0 11.288921939975559 0.35671848709813686 0.05168909214595617
22000 0.012665232788366575 0 11.288945556941576 0.3567180842614144 0.05168907540114015
22050 0.012665232788366575 0 11.288945556941576 0.3567180842614144 0.05168907540114015
22100 0.012665232788366575 0 11.288945556941576 0.3567180842614144 0.05168907540114015
22150 0.012665232788366575 0 11.288945556941576 0.3567180842614144 0.05168907540114015
22200 0.012665232788366575 0 11.288945556941576 0.3567180842614144 0.05168907540114015
22250 0.012665232788366575 0 11.288945556941576 0.3567180842614144 0.05168907540114015
22300 0.01266523278836611 0 11.288910537959566 0.3567186815838045 0.051689100230174416
22350 0.01266523278836611 0 11.288910537959566 0.3567186815838045 0.051689100230174416
22400 0.01266523278836611 0 11.288910537959566 0.3567186815838045 0.051689100230174416
22450 0.01266523278836611 0 11.288910537959566 0.3567186815838045 0.051689100230174416
22500 0.01266523278836611 0 11.288910537959566 0.3567186815838045 0.051689100230174416
22550 0.01266523278836611 0 11.288910537959566 0.3567186815838045 0.051689100230174416
22600 0.01266523278836611 0 11.288910537959566 0.3567186815838045 0.051689100230174416
22650 0.012665232788361602 0 11.288951829510115 0.3567179772698179 0.05168907095378514
22700 0.012665232788361602 0 11.288951829510115 0.3567179772698179 0.05168907095378514
22750 0.012665232788361602 0 11.288951829510115 0.3567179772698179 0.05168907095378514
22800 0.012665232788361602 0 11.288951829510115 0.3567179772698179 0.05168907095378514
22850 0.012665232788361602 0 11.288951829510115 0.3567179772698179 0.05168907095378514
22900 0.012665232788356939 0 11.288953697082944 0.35671794541461227 0.051689069629632836
22950 0.01266523278835025 0 11.288952512033593 0.35671796562777286 0.05168907046985756
23000 0.012665232788342732 0 11.28895597810246 0.35671790650688473 0.05168906801234688
23050 0.012665232788342732 0 11.28895597810246 0.35671790650688473 0.05168906801234688
23100 0.012665232788342732 0 11.28895597810246 0.35671790650688473 0.05168906801234688
23150 0.012665232788342732 0 11.28895597810246 0.35671790650688473 0.05168906801234688
23200 0.012665232788342732 0 11.28895597810246 0.35671790650688473 0.05168906801234688
23250 0.012665232788342732 0 11.28895597810246 0.35671790650688473 0.05168906801234688
23300 0.012665232788332884 0 11.288948441852469 0.35671803505291944 0.05168907335565352
23350 0.012665232788332884 0 11.288948441852469 0.35671803505291944 0.05168907335565352
23400 0.012665232788332884 0 11.288948441852469 0.35671803505291944 0.05168907335565352
23450 0.012665232788329909 0 11.288954051291284 0.3567179393723678 0.0516890693784746
23500 0.012665232788329909 0 11.288954051291284 0.3567179393723678 0.0516890693784746
23550 0.012665232788329909 0 11.288954051291284 0.3567179393723678 0.0516890693784746
23600 0.012665232788329909 0 11.288954051291284 0.3567179393723678 0.0516890693784746
23650 0.012665232788329909 0 11.288954051291284 0.3567179393723678 0.0516890693784746
23700 0.012665232788329909 0 11.288954051291284 0.3567179393723678 0.0516890693784746
23750 0.012665232788327195 0 11.288951100602256 0.35671798970237273 0.05168907147055529
23800 0.012665232788326613 0 11.288949950191867 0.3567180093249796 0.05168907228621294
23850 0.012665232788326314 0 11.288951587690782 0.35671798139408956 0.05168907112519953
23900 0.012665232788326314 0 11.288951587690782 0.35671798139408956 0.05168907112519953
23950 0.012665232788325135 0 11.288952475593524 0.3567179662490498 0.05168907049566338
24000 0.012665232788325135 0 11.288952475593524 0.3567179662490498 0.05168907049566338
24050 0.01266523278832335 0 11.28895021258966 0.35671800484920724 0.05168907210016506
24100 0.01266523278832335 0 11.28895021258966 0.35671800484920724 0.05168907210016506
24150 0.01266523278832335 0 11.28895021258966 0.35671800484920724 0.05168907210016506
24200 0.01266523278832335 0 11.28895021258966 0.35671800484920724 0.05168907210016506
24250 0.01266523278832335 0 11.28895021258966 0.35671800484920724 0.05168907210016506
24300 0.012665232788322472 0 11.288954674370933 0.35671792874437047 0.05168906893669382
24350 0.012665232788322472 0 11.288954674370933 0.35671792874437047 0.05168906893669382
24400 0.012665232788322472 0 11.288954674370933 0.35671792874437047 0.05168906893669382
24450 0.012665232788322472 0 11.288954674370933 0.35671792874437047 0.05168906893669382
24500 0.012665232788322472 0 11.288954674370933 0.35671792874437047 0.05168906893669382
24550 0.012665232788322472 0 11.288954674370933 0.35671792874437047 0.05168906893669382
24600 0.012665232788322472 0 11.288954674370933 0.35671792874437047 0.05168906893669382
24650 0.012665232788322472 0 11.288954674370933 0.35671792874437047 0.05168906893669382
24700 0.012665232788321953 0 11.288957328520889 0.3567178834724143 0.05168906705486155
24750 0.012665232788321747 0 11.288952388861231 0.3567179677284034 0.05168907055715412
24800 0.012665232788321747 0 11.288952388861231 0.3567179677284034 0.05168907055715412
24850 0.012665232788321702 0 11.288958444674256 0.3567178644341376 0.05168906626349226
24900 0.012665232788320841 0 11.288958315701565 0.35671786663402283 0.05168906635493453
24950 0.012665232788320841 0 11.288958315701565 0.35671786663402283 0.05168906635493453
25000 0.012665232788320841 0 11.288958315701565 0.35671786663402283 0.05168906635493453
25050 0.012665232788320841 0 11.288958315701565 0.35671786663402283 0.05168906635493453
25100 0.012665232788320659 0 11.288955912601423 0.3567179076237906 0.05168906805876827
25150 0.012665232788320279 0 11.28895908540681 0.35671785350512264 0.05168906580920175
25200 0.012665232788320279 0 11.28895908540681 0.35671785350512264 0.05168906580920175
25250 0.012665232788320279 0 11.28895908540681 0.35671785350512264 0.05168906580920175
25300 0.012665232788320279 0 11.28895908540681 0.35671785350512264 0.05168906580920175
25350 0.012665232788320279 0 11.28895908540681 0.35671785350512264 0.05168906580920175
25400 0.012665232788320279 0 11.28895908540681 0.35671785350512264 0.05168906580920175
25450 0.012665232788320276 0 11.288959007473405 0.35671785483443663 0.05168906586445759
25500 0.012665232788320276 0 11.288959007473405 0.35671785483443663 0.05168906586445759
25550 0.012665232788320041 0 11.288958567663471 0.3567178623362856 0.05168906617628919
25600 0.012665232788320041 0 11.288958567663471 0.3567178623362856 0.05168906617628919
25650 0.012665232788320041 0 11.288958567663471 0.3567178623362856 0.05168906617628919
25700 0.012665232788320041 0 11.288958567663471 0.3567178623362856 0.05168906617628919
25750 0.012665232788320041 0 11.288958567663471 0.3567178623362856 0.05168906617628919
25800 0.012665232788320041 0 11.288958567663471 0.3567178623362856 0.05168906617628919
25850 0.012665232788320041 0 11.288958567663471 0.3567178623362856 0.05168906617628919
25900 0.012665232788320041 0 11.288958567663471 0.3567178623362856 0.05168906617628919
25950 0.012665232788319995 0 11.288959298605482 0.3567178498685809 0.051689065658040496
26000 0.012665232788319995 0 11.288959298605482 0.3567178498685809 0.051689065658040496
26050 0.012665232788319995 0 11.288959298605482 0.3567178498685809 0.051689065658040496
26100 0.012665232788319995 0 11.288959298605482 0.3567178498685809 0.051689065658040496
26150 0.012665232788319939 0 11.288959324240093 0.3567178494313299 0.05168906563986511
26200 0.012665232788319939 0 11.288959324240093 0.3567178494313299 0.05168906563986511
26250 0.012665232788319939 0 11.288959324240093 0.3567178494313299 0.05168906563986511
26300 0.012665232788319939 0 11.288959324240093 0.3567178494313299 0.05168906563986511
26350 0.012665232788319939 0 11.288959324240093 0.3567178494313299 0.05168906563986511
26400 0.012665232788319873 0 11.288959731356226 0.35671784248713545 0.051689065351213696
26450 0.012665232788319873 0 11.288959731356226 0.35671784248713545 0.051689065351213696
26500 0.01266523278831983 0 11.288960014583546 0.35671783765611725 0.0516890651504013
26550 0.01266523278831983 0 11.288960014583546 0.35671783765611725 0.0516890651504013
26600 0.01266523278831983 0 11.288960014583546 0.35671783765611725 0.0516890651504013
26650 0.012665232788319745 0 11.28896026859585 0.3567178333234197 0.051689064970302775
26700 0.012665232788319745 0 11.28896026859585 0.3567178333234197 0.051689064970302775
26750 0.012665232788319745 0 11.28896026859585 0.3567178333234197 0.051689064970302775
26800 0.012665232788319745 0 11.28896026859585 0.3567178333234197 0.051689064970302775
26850 0.012665232788319745 0 11.28896026859585 0.3567178333234197 0.051689064970302775
26900 0.012665232788319745 0 11.28896026859585 0.3567178333234197 0.051689064970302775
26950 0.012665232788319712 0 11.288961019400226 0.3567178205169256 0.05168906443797142
27000 0.012665232788319712 0 11.288961019400226 0.3567178205169256 0.05168906443797142
27050 0.012665232788319712 0 11.288961019400226 0.3567178205169256 0.05168906443797142
27100 0.012665232788319608 0 11.288961477678331 0.3567178127000605 0.05168906411304545
27150 0.012665232788319608 0 11.288961477678331 0.3567178127000605 0.05168906411304545
27200 0.012665232788319608 0 11.288961477678331 0.3567178127000605 0.05168906411304545
27250 0.012665232788319608 0 11.288961477678331 0.3567178127000605 0.05168906411304545
27300 0.012665232788319608 0 11.288961477678331 0.3567178127000605 0.05168906411304545
27350 0.012665232788319608 0 11.288961477678331 0.3567178127000605 0.05168906411304545
27400 0.012665232788319604 0 11.288962042081963 0.35671780307301143 0.05168906371287502
27450 0.012665232788319578 0 11.288962280244858 0.3567177990106597 0.05168906354401404
27500 0.012665232788319578 0 11.288962280244858 0.3567177990106597 0.05168906354401404
27550 0.012665232788319578 0 11.288962280244858 0.3567177990106597 0.05168906354401404
27600 0.012665232788319575 0 11.28896243189124 0.3567177964240231 0.05168906343649454
27650 0.012665232788319575 0 11.28896243189124 0.3567177964240231 0.05168906343649454
27700 0.01266523278831953 0 11.288962534779353 0.3567177946690572 0.051689063363545326
27750 0.01266523278831953 0 11.288962534779353 0.3567177946690572 0.051689063363545326
27800 0.01266523278831953 0 11.288962534779353 0.3567177946690572 0.051689063363545326
27850 0.01266523278831953 0 11.288962534779353 0.3567177946690572 0.051689063363545326
27900 0.01266523278831953 0 11.288962534779353 0.3567177946690572 0.051689063363545326
27950 0.01266523278831953 0 11.288962534779353 0.3567177946690572 0.051689063363545326
28000 0.01266523278831953 0 11.288962534779353 0.3567177946690572 0.051689063363545326
28050 0.01266523278831953 0 11.288962534779353 0.3567177946690572 0.051689063363545326
28100 0.01266523278831952 0 11.28896265166037 0.3567177926754142 0.051689063280674984
28150 0.01266523278831952 0 11.28896265166037 0.3567177926754142 0.051689063280674984
28200 0.01266523278831952 0 11.28896265166037 0.3567177926754142 0.051689063280674984
28250 0.012665232788319514 0 11.288962663766988 0.35671779246891133 0.051689063272091204
28300 0.012665232788319514 0 11.288962663766988 0.35671779246891133 0.051689063272091204
28350 0.012665232788319504 0 11.288963030937973 0.3567177862060657 0.05168906301176164
28400 0.012665232788319495 0 11.288963172587707 0.3567177837899424 0.051689062911329915
28450 0.012665232788319495 0 11.288963172587707 0.3567177837899424 0.051689062911329915
28500 0.012665232788319495 0 11.288963172587707 0.3567177837899424 0.051689062911329915
28550 0.012665232788319495 0 11.288963172587707 0.3567177837899424 0.051689062911329915
28600 0.012665232788319486 0 11.288963415261565 0.356717779650648 0.051689062739270625
28650 0.012665232788319485 0 11.28896311661435 0.3567177847446813 0.05168906295101582
28700 0.012665232788319485 0 11.288963282414992 0.3567177819166154 0.05168906283346077
28750 0.012665232788319485 0 11.288963282414992 0.3567177819166154 0.05168906283346077
28800 0.012665232788319485 0 11.288963282414992 0.3567177819166154 0.05168906283346077
28850 0.012665232788319476 0 11.288963485854916 0.3567177784465353 0.0516890626892189
28900 0.012665232788319476 0 11.288963485854916 0.3567177784465353 0.0516890626892189
28950 0.012665232788319476 0 11.288963485854916 0.3567177784465353 0.0516890626892189
29000 0.01266523278831947 0 11.288963559890329 0.3567177771837113 0.05168906263672672
29050 0.01266523278831947 0 11.288963559890329 0.3567177771837113 0.05168906263672672
29100 0.01266523278831946 0 11.288963565905195 0.35671777708111546 0.05168906263246208
29150 0.01266523278831946 0 11.288963565905195 0.35671777708111546 0.05168906263246208
29200 0.01266523278831946 0 11.288963565905195 0.35671777708111546 0.05168906263246208
29250 0.01266523278831946 0 11.288963565905195 0.35671777708111546 0.05168906263246208
29300 0.01266523278831946 0 11.288963565905195 0.35671777708111546 0.05168906263246208
29350 0.01266523278831946 0 11.288963565905195 0.35671777708111546 0.05168906263246208
29400 0.01266523278831946 0 11.288963565905195 0.35671777708111546 0.05168906263246208
29450 0.012665232788319452 0 11.288963737265103 0.3567177741582251 0.05168906251096542
29500 0.012665232788319452 0 11.288963737265103 0.3567177741582251 0.05168906251096542
29550 0.012665232788319452 0 11.288963737265103 0.3567177741582251 0.05168906251096542
29600 0.012665232788319448 0 11.288963826761432 0.3567177726316839 0.051689062447511216
29650 0.012665232788319448 0 11.288963826761432 0.3567177726316839 0.051689062447511216
29700 0.012665232788319448 0 11.288963826761432 0.3567177726316839 0.051689062447511216
29750 0.012665232788319446 0 11.288963847665382 0.3567177722751247 0.05168906243269001
29800 0.012665232788319446 0 11.288963847665382 0.3567177722751247 0.05168906243269001
29850 0.012665232788319446 0 11.288963847665382 0.3567177722751247 0.05168906243269001
29900 0.012665232788319446 0 11.288963847665382 0.3567177722751247 0.05168906243269001
29950 0.012665232788319446 0 11.288963847665382 0.3567177722751247 0.05168906243269001
30000 0.012665232788319441 0 11.288964133790072 0.3567177673946888 0.05168906222982347
30050 0.012665232788319441 0 11.288964133790072 0.3567177673946888 0.05168906222982347
30100 0.012665232788319441 0 11.288964133790072 0.3567177673946888 0.05168906222982347
30150 0.012665232788319441 0 11.288964133790072 0.3567177673946888 0.05168906222982347
30200 0.012665232788319441 0 11.288964133790072 0.3567177673946888 0.05168906222982347
30250 0.012665232788319441 0 11.288964133790072 0.3567177673946888 0.05168906222982347
30300 0.01266523278831944 0 11.288964258022027 0.35671776527566135 0.05168906214174122
30350 0.01266523278831944 0 11.288964258022027 0.35671776527566135 0.05168906214174122
30400 0.01266523278831944 0 11.288964258022027 0.35671776527566135 0.05168906214174122
30450 0.01266523278831944 0 11.288964258022027 0.35671776527566135 0.05168906214174122
30500 0.012665232788319436 0 11.288964236977431 0.3567177656346195 0.051689062156662136
30550 0.012665232788319436 0 11.28896417018435 0.35671776677391065 0.05168906220401939
30600 0.012665232788319433 0 11.288964311158368 0.35671776436931346 0.05168906210406678
30650 0.012665232788319433 0 11.288964311158368 0.35671776436931346 0.05168906210406678
30700 0.012665232788319433 0 11.288964311158368 0.35671776436931346 0.05168906210406678
30750 0.012665232788319433 0 11.288964311158368 0.35671776436931346 0.05168906210406678
30800 0.012665232788319433 0 11.288964311158368 0.35671776436931346 0.05168906210406678
30850 0.012665232788319427 0 11.288964419314064 0.3567177625244991 0.05168906202738282
30900 0.012665232788319427 0 11.288964419314064 0.3567177625244991 0.05168906202738282
30950 0.012665232788319427 0 11.288964419314064 0.3567177625244991 0.05168906202738282
31000 0.012665232788319427 0 11.288964419314064 0.3567177625244991 0.05168906202738282
31050 0.012665232788319427 0 11.288964419314064 0.3567177625244991 0.05168906202738282
31100 0.012665232788319427 0 11.288964419314064 0.3567177625244991 0.05168906202738282
31150 0.012665232788319427 0 11.288964419314064 0.3567177625244991 0.05168906202738282
31200 0.012665232788319427 0 11.288964419314064 0.3567177625244991 0.05168906202738282
31250 0.012665232788319427 0 11.288964419314064 0.3567177625244991 0.05168906202738282
31300 0.012665232788319427 0 11.288964419314064 0.3567177625244991 0.05168906202738282
31350 0.012665232788319427 0 11.288964419314064 0.3567177625244991 0.05168906202738282
31400 0.012665232788319427 0 11.288964419314064 0.3567177625244991 0.05168906202738282
31450 0.012665232788319427 0 11.288964419314064 0.3567177625244991 0.05168906202738282
31500 0.012665232788319427 0 11.288964419314064 0.3567177625244991 0.05168906202738282
31550 0.012665232788319427 0 11.288964419314064 0.3567177625244991 0.05168906202738282
31600 0.012665232788319427 0 11.288964596258037 0.35671775950636164 0.05168906190192699
31650 0.012665232788319427 0 11.288964596258037 0.35671775950636164 0.05168906190192699
31700 0.012665232788319427 0 11.288964596258037 0.35671775950636164 0.05168906190192699
31750 0.012665232788319424 0 11.288964716558107 0.35671775745440054 0.051689061816632506
31800 0.012665232788319424 0 11.288964716558107 0.35671775745440054 0.051689061816632506
31850 0.012665232788319424 0 11.288964716558107 0.35671775745440054 0.051689061816632506
31900 0.012665232788319424 0 11.288964716558107 0.35671775745440054 0.051689061816632506
31950 0.012665232788319424 0 11.288964716558107 0.35671775745440054 0.051689061816632506
32000 0.012665232788319424 0 11.288964716558107 0.35671775745440054 0.051689061816632506
32050 0.012665232788319424 0 11.288964716558107 0.35671775745440054 0.051689061816632506
32100 0.012665232788319424 0 11.288964716558107 0.35671775745440054 0.051689061816632506
32150 0.012665232788319424 0 11.288964716558107 0.35671775745440054 0.051689061816632506
32200 0.012665232788319424 0 11.288964716558107 0.35671775745440054 0.051689061816632506
32250 0.012665232788319422 0 11.288964856930262 0.3567177550600695 0.051689061717106626
32300 0.012665232788319422 0 11.288964856930262 0.3567177550600695 0.051689061717106626
32350 0.012665232788319422 0 11.288964856930262 0.3567177550600695 0.051689061717106626
32400 0.012665232788319422 0 11.288964856930262 0.3567177550600695 0.051689061717106626
32450 0.012665232788319422 0 11.288964856930262 0.3567177550600695 0.051689061717106626
32500 0.012665232788319422 0 11.288964856930262 0.3567177550600695 0.051689061717106626
32550 0.012665232788319422 0 11.288964856930262 0.3567177550600695 0.051689061717106626
32600 0.012665232788319422 0 11.288964856930262 0.3567177550600695 0.051689061717106626
32650 0.012665232788319422 0 11.288964732726487 0.3567177571786161 0.05168906180516889
32700 0.012665232788319422 0 11.288964732726487 0.3567177571786161 0.05168906180516889
32750 0.01266523278831942 0 11.2889648088129 0.3567177558808084 0.05168906175122252
32800 0.01266523278831942 0 11.2889648088129 0.3567177558808084 0.05168906175122252
32850 0.01266523278831942 0 11.2889648088129 0.3567177558808084 0.05168906175122252
32900 0.01266523278831942 0 11.2889648088129 0.3567177558808084 0.05168906175122252
32950 0.01266523278831942 0 11.2889648088129 0.3567177558808084 0.05168906175122252
33000 0.01266523278831942 0 11.2889648088129 0.3567177558808084 0.05168906175122252
33050 0.012665232788319419 0 11.288964915609387 0.35671775405917827 0.051689061675502274
33100 0.012665232788319419 0 11.288964915609387 0.35671775405917827 0.051689061675502274
33150 0.012665232788319419 0 11.288964915609387 0.35671775405917827 0.051689061675502274
33200 0.012665232788319419 0 11.288964915609387 0.35671775405917827 0.051689061675502274
33250 0.012665232788319419 0 11.288964915609387 0.35671775405917827 0.051689061675502274
33300 0.012665232788319419 0 11.288964915609387 0.35671775405917827 0.051689061675502274
33350 0.012665232788319419 0 11.288964915609387 0.35671775405917827 0.051689061675502274
33400 0.012665232788319419 0 11.288964915609387 0.35671775405917827 0.051689061675502274
33450 0.012665232788319419 0 11.288964915609387 0.35671775405917827 0.051689061675502274
33500 0.012665232788319417 0 11.28896485298906 0.3567177551272946 0.05168906171990099
33550 0.012665232788319417 0 11.28896485298906 0.3567177551272946 0.05168906171990099
33600 0.012665232788319417 0 11.28896485298906 0.3567177551272946 0.05168906171990099
33650 0.012665232788319417 0 11.28896485298906 0.3567177551272946 0.05168906171990099
33700 0.012665232788319417 0 11.28896485298906 0.3567177551272946 0.05168906171990099
33750 0.012665232788319417 0 11.28896485298906 0.3567177551272946 0.05168906171990099
33800 0.012665232788319417 0 11.28896485298906 0.3567177551272946 0.05168906171990099
33850 0.012665232788319417 0 11.28896485298906 0.3567177551272946 0.05168906171990099
33900 0.012665232788319417 0 11.28896485298906 0.3567177551272946 0.05168906171990099
33950 0.012665232788319415 0 11.288965067871992 0.3567177514620316 0.051689061567545894
34000 0.012665232788319415 0 11.288965067871992 0.3567177514620316 0.051689061567545894
34050 0.012665232788319415 0 11.288965067871992 0.3567177514620316 0.051689061567545894
34100 0.012665232788319415 0 11.288965067871992 0.3567177514620316 0.051689061567545894
34150 0.012665232788319415 0 11.288965067871992 0.3567177514620316 0.051689061567545894
34200 0.012665232788319415 0 11.288965067871992 0.3567177514620316 0.051689061567545894
34250 0.012665232788319415 0 11.288965042227662 0.3567177518994475 0.05168906158572809
34300 0.012665232788319415 0 11.288965042227662 0.3567177518994475 0.05168906158572809
34350 0.012665232788319415 0 11.288965042227662 0.3567177518994475 0.05168906158572809
34400 0.012665232788319415 0 11.288965042227662 0.3567177518994475 0.05168906158572809
34450 0.012665232788319413 0 11.288965107892357 0.3567177507794033 0.051689061539170876
34500 0.012665232788319413 0 11.288965107892357 0.3567177507794033 0.051689061539170876
34550 0.012665232788319413 0 11.288965107892357 0.3567177507794033 0.051689061539170876
34600 0.012665232788319413 0 11.288965107892357 0.3567177507794033 0.051689061539170876
34650 0.012665232788319413 0 11.288965107892357 0.3567177507794033 0.051689061539170876
34700 0.012665232788319413 0 11.288965107892357 0.3567177507794033 0.051689061539170876
34750 0.012665232788319413 0 11.288965107892357 0.3567177507794033 0.051689061539170876
34800 0.012665232788319413 0 11.288965107892357 0.3567177507794033 0.051689061539170876
34850 0.012665232788319413 0 11.288965107892357 0.3567177507794033 0.051689061539170876
34900 0.012665232788319413 0 11.288965107892357 0.3567177507794033 0.051689061539170876
34950 0.012665232788319413 0 11.288965107892357 0.3567177507794033 0.051689061539170876
35000 0.012665232788319413 0 11.288965107892357 0.3567177507794033 0.051689061539170876
35050 0.012665232788319413 0 11.288965107892357 0.3567177507794033 0.051689061539170876
35100 0.012665232788319413 0 11.288965107892357 0.3567177507794033 0.051689061539170876
35150 0.012665232788319413 0 11.288965107892357 0.3567177507794033 0.051689061539170876
35200 0.012665232788319413 0 11.288965107892357 0.3567177507794033 0.051689061539170876
35250 0.012665232788319413 0 11.288965107892357 0.3567177507794033 0.051689061539170876
35300 0.012665232788319413 0 11.288965107892357 0.3567177507794033 0.051689061539170876
35350 0.012665232788319413 0 11.288965107892357 0.3567177507794033 0.051689061539170876
35400 0.012665232788319413 0 11.288965107892357 0.3567177507794033 0.051689061539170876
35450 0.012665232788319413 0 11.288965107892357 0.3567177507794033 0.051689061539170876
35500 0.012665232788319413 0 11.288965107892357 0.3567177507794033 0.051689061539170876
35550 0.012665232788319413 0 11.288965107892357 0.3567177507794033 0.051689061539170876
35600 0.012665232788319413 0 11.288965107892357 0.3567177507794033 0.051689061539170876
35650 0.012665232788319413 0 11.288965107892357 0.3567177507794033 0.051689061539170876
35700 0.012665232788319413 0 11.288965107892357 0.3567177507794033 0.051689061539170876
35750 0.012665232788319413 0 11.288965107892357 0.3567177507794033 0.051689061539170876
35800 0.012665232788319413 0 11.288965107892357 0.3567177507794033 0.051689061539170876
35850 0.012665232788319413 0 11.288965107892357 0.3567177507794033 0.051689061539170876
35900 0.012665232788319413 0 11.288965107892357 0.3567177507794033 0.051689061539170876
35950 0.012665232788319413 0 11.288965107892357 0.3567177507794033 0.051689061539170876
*---*---*---*---*---*---*---*---*---*---*---*---*---*---*---*---*---*---*---*---*
Status: Finished
Last individual
0.012665232788319413 0 11.288965107892357 0.3567177507794033 0.051689061539170876
Hall of fame
0.012665232788319413 0 11.288965107892357 0.3567177507794033 0.051689061539170876
Last factible individual
0.012665232788319413 0 11.288965107892357 0.3567177507794033 0.051689061539170876
CPU time used (seconds)
1.6204835459993774
