*---*---*---*---*---*---*---*---*---*---*---*---*---*---*---*---*---*---*---*---*
Algorithm: Differential Evolution
Constrainth handling method: DEB
Function: 21
Case: continuous
Seed: 1
Parents size: 50
Offsprings size: 50
maxFe: 36000
CR: 0.9
F: 0.6
rweights: -
*---*---*---*---*---*---*---*---*---*---*---*---*---*---*---*---*---*---*---*---*
ngen ObjectiveFunction ViolationSum ProjectVariables
50 0.061666791454067386 0 11.268856744974796 0.8377028311568496 0.07448416131027591
100 0.061666791454067386 0 11.268856744974796 0.8377028311568496 0.07448416131027591
150 0.061666791454067386 0 11.268856744974796 0.8377028311568496 0.07448416131027591
200 0.061666791454067386 0 11.268856744974796 0.8377028311568496 0.07448416131027591
250 0.03344063297514338 0 11.053752077997503 0.6277129394468057 0.06388354738101892
300 0.03344063297514338 0 11.053752077997503 0.6277129394468057 0.06388354738101892
350 0.03344063297514338 0 11.053752077997503 0.6277129394468057 0.06388354738101892
400 0.03344063297514338 0 11.053752077997503 0.6277129394468057 0.06388354738101892
450 0.03344063297514338 0 11.053752077997503 0.6277129394468057 0.06388354738101892
500 0.03344063297514338 0 11.053752077997503 0.6277129394468057 0.06388354738101892
550 0.03344063297514338 0 11.053752077997503 0.6277129394468057 0.06388354738101892
600 0.029960297674756938 0 2.3009974618739717 1.1363554187031404 0.07829452168584514
650 0.029960297674756938 0 2.3009974618739717 1.1363554187031404 0.07829452168584514
700 0.019269966409657557 0 4.0665905650833585 0.7584321678596118 0.06471571649193056
750 0.019269966409657557 0 4.0665905650833585 0.7584321678596118 0.06471571649193056
800 0.019269966409657557 0 4.0665905650833585 0.7584321678596118 0.06471571649193056
850 0.019269966409657557 0 4.0665905650833585 0.7584321678596118 0.06471571649193056
900 0.01711374402397373 0 15 0.3640536193371439 0.052585423838802
950 0.015581039810614584 0 14.844267736948469 0.33822413068624657 0.052296166670766704
1000 0.015581039810614584 0 14.844267736948469 0.33822413068624657 0.052296166670766704
1050 0.015581039810614584 0 14.844267736948469 0.33822413068624657 0.052296166670766704
1100 0.015581039810614584 0 14.844267736948469 0.33822413068624657 0.052296166670766704
1150 0.015581039810614584 0 14.844267736948469 0.33822413068624657 0.052296166670766704
1200 0.015581039810614584 0 14.844267736948469 0.33822413068624657 0.052296166670766704
1250 0.015500332940000429 0 10.76650970361072 0.40605017811665783 0.054682022701885734
1300 0.015500332940000429 0 10.76650970361072 0.40605017811665783 0.054682022701885734
1350 0.015500332940000429 0 10.76650970361072 0.40605017811665783 0.054682022701885734
1400 0.015500332940000429 0 10.76650970361072 0.40605017811665783 0.054682022701885734
1450 0.015500332940000429 0 10.76650970361072 0.40605017811665783 0.054682022701885734
1500 0.015500332940000429 0 10.76650970361072 0.40605017811665783 0.054682022701885734
1550 0.015500332940000429 0 10.76650970361072 0.40605017811665783 0.054682022701885734
1600 0.014543690687718035 0 12.965294269413024 0.3583470746988937 0.05207661563692013
1650 0.014543690687718035 0 12.965294269413024 0.3583470746988937 0.05207661563692013
1700 0.014543690687718035 0 12.965294269413024 0.3583470746988937 0.05207661563692013
1750 0.014543690687718035 0 12.965294269413024 0.3583470746988937 0.05207661563692013
1800 0.013769592798137383 0 12.461459115711895 0.35367241936270627 0.05188644247825742
1850 0.013261744601396175 0 9.868549726573079 0.3944711569961083 0.05322232910384586
1900 0.013261744601396175 0 9.868549726573079 0.3944711569961083 0.05322232910384586
1950 0.013261744601396175 0 9.868549726573079 0.3944711569961083 0.05322232910384586
2000 0.012866077171634132 0 9.959925402013825 0.3851710127399067 0.0528484242636312
2050 0.012866077171634132 0 9.959925402013825 0.3851710127399067 0.0528484242636312
2100 0.012866077171634132 0 9.959925402013825 0.3851710127399067 0.0528484242636312
2150 0.012866077171634132 0 9.959925402013825 0.3851710127399067 0.0528484242636312
2200 0.012866077171634132 0 9.959925402013825 0.3851710127399067 0.0528484242636312
2250 0.012866077171634132 0 9.959925402013825 0.3851710127399067 0.0528484242636312
2300 0.012866077171634132 0 9.959925402013825 0.3851710127399067 0.0528484242636312
2350 0.012866077171634132 0 9.959925402013825 0.3851710127399067 0.0528484242636312
2400 0.012866077171634132 0 9.959925402013825 0.3851710127399067 0.0528484242636312
2450 0.012866077171634132 0 9.959925402013825 0.3851710127399067 0.0528484242636312
2500 0.012866077171634132 0 9.959925402013825 0.3851710127399067 0.0528484242636312
2550 0.012866077171634132 0 9.959925402013825 0.3851710127399067 0.0528484242636312
2600 0.012866077171634132 0 9.959925402013825 0.3851710127399067 0.0528484242636312
2650 0.012866077171634132 0 9.959925402013825 0.3851710127399067 0.0528484242636312
2700 0.012866077171634132 0 9.959925402013825 0.3851710127399067 0.0528484242636312
2750 0.012866077171634132 0 9.959925402013825 0.3851710127399067 0.0528484242636312
2800 0.012844545567947676 0 8.88517299927512 0.40840088793656687 0.053752462541715174
2850 0.012844545567947676 0 8.88517299927512 0.40840088793656687 0.053752462541715174
2900 0.012844545567947676 0 8.88517299927512 0.40840088793656687 0.053752462541715174
2950 0.012844545567947676 0 8.88517299927512 0.40840088793656687 0.053752462541715174
3000 0.012844545567947676 0 8.88517299927512 0.40840088793656687 0.053752462541715174
3050 0.01277651570309586 0 12.661127523157326 0.33681224740519156 0.05086611786687709
3100 0.01277651570309586 0 12.661127523157326 0.33681224740519156 0.05086611786687709
3150 0.012775623307130883 0 12.73962453815682 0.33559589659924227 0.050820568339942224
3200 0.012775623307130883 0 12.73962453815682 0.33559589659924227 0.050820568339942224
3250 0.012775623307130883 0 12.73962453815682 0.33559589659924227 0.050820568339942224
3300 0.012775623307130883 0 12.73962453815682 0.33559589659924227 0.050820568339942224
3350 0.012775623307130883 0 12.73962453815682 0.33559589659924227 0.050820568339942224
3400 0.012774015384514548 0 11.849546481160028 0.34896118737021603 0.051411157078114084
3450 0.012774015384514548 0 11.849546481160028 0.34896118737021603 0.051411157078114084
3500 0.012774015384514548 0 11.849546481160028 0.34896118737021603 0.051411157078114084
3550 0.012735924693837646 0 11.22572089431741 0.35884262070387063 0.05180283818689298
3600 0.012735924693837646 0 11.22572089431741 0.35884262070387063 0.05180283818689298
3650 0.012717708652892219 0 11.532544425635573 0.35351882540270946 0.05155946855700605
3700 0.012717708652892219 0 11.532544425635573 0.35351882540270946 0.05155946855700605
3750 0.012717708652892219 0 11.532544425635573 0.35351882540270946 0.05155946855700605
3800 0.012717708652892219 0 11.532544425635573 0.35351882540270946 0.05155946855700605
3850 0.012717708652892219 0 11.532544425635573 0.35351882540270946 0.05155946855700605
3900 0.012717708652892219 0 11.532544425635573 0.35351882540270946 0.05155946855700605
3950 0.012717708652892219 0 11.532544425635573 0.35351882540270946 0.05155946855700605
4000 0.012714742850677715 0 13.3311296177776 0.32648384550149245 0.05040061830527532
4050 0.01269485404240334 0 12.459762519141353 0.33855657250776056 0.05092343033329076
4100 0.01269485404240334 0 12.459762519141353 0.33855657250776056 0.05092343033329076
4150 0.01269485404240334 0 12.459762519141353 0.33855657250776056 0.05092343033329076
4200 0.01269485404240334 0 12.459762519141353 0.33855657250776056 0.05092343033329076
4250 0.012685132910209434 0 11.815109574562074 0.34834533104593485 0.05134112101037542
4300 0.012685132910209434 0 11.815109574562074 0.34834533104593485 0.05134112101037542
4350 0.012685132910209434 0 11.815109574562074 0.34834533104593485 0.05134112101037542
4400 0.012685132910209434 0 11.815109574562074 0.34834533104593485 0.05134112101037542
4450 0.012685132910209434 0 11.815109574562074 0.34834533104593485 0.05134112101037542
4500 0.012685132910209434 0 11.815109574562074 0.34834533104593485 0.05134112101037542
4550 0.012685132910209434 0 11.815109574562074 0.34834533104593485 0.05134112101037542
4600 0.012685132910209434 0 11.815109574562074 0.34834533104593485 0.05134112101037542
4650 0.012685132910209434 0 11.815109574562074 0.34834533104593485 0.05134112101037542
4700 0.012685132910209434 0 11.815109574562074 0.34834533104593485 0.05134112101037542
4750 0.012685132910209434 0 11.815109574562074 0.34834533104593485 0.05134112101037542
4800 0.012674918810660959 0 11.887483872935562 0.34700394859592754 0.05128538273139057
4850 0.012674918810660959 0 11.887483872935562 0.34700394859592754 0.05128538273139057
4900 0.012674918810660959 0 11.887483872935562 0.34700394859592754 0.05128538273139057
4950 0.012674918810660959 0 11.887483872935562 0.34700394859592754 0.05128538273139057
5000 0.012673352573753656 0 11.749500066598312 0.3491831292299303 0.0513778206696314
5050 0.012673352573753656 0 11.749500066598312 0.3491831292299303 0.0513778206696314
5100 0.012673352573753656 0 11.749500066598312 0.3491831292299303 0.0513778206696314
5150 0.012673352573753656 0 11.749500066598312 0.3491831292299303 0.0513778206696314
5200 0.012673352573753656 0 11.749500066598312 0.3491831292299303 0.0513778206696314
5250 0.012669734189132727 0 11.601699021356211 0.3515395391009719 0.051475441709479014
5300 0.012669734189132727 0 11.601699021356211 0.3515395391009719 0.051475441709479014
5350 0.012669734189132727 0 11.601699021356211 0.3515395391009719 0.051475441709479014
5400 0.012669734189132727 0 11.601699021356211 0.3515395391009719 0.051475441709479014
5450 0.012669734189132727 0 11.601699021356211 0.3515395391009719 0.051475441709479014
5500 0.012669734189132727 0 11.601699021356211 0.3515395391009719 0.051475441709479014
5550 0.012669162229411555 0 11.88622857371836 0.3469515834368958 0.05127992211509771
5600 0.012669162229411555 0 11.88622857371836 0.3469515834368958 0.05127992211509771
5650 0.012669162229411555 0 11.88622857371836 0.3469515834368958 0.05127992211509771
5700 0.012666787210494732 0 11.47322190142195 0.3536334782202216 0.051560939231348316
5750 0.012666787210494732 0 11.47322190142195 0.3536334782202216 0.051560939231348316
5800 0.012666787210494732 0 11.47322190142195 0.3536334782202216 0.051560939231348316
5850 0.012666787210494732 0 11.47322190142195 0.3536334782202216 0.051560939231348316
5900 0.012666787210494732 0 11.47322190142195 0.3536334782202216 0.051560939231348316
5950 0.012666787210494732 0 11.47322190142195 0.3536334782202216 0.051560939231348316
6000 0.012666787210494732 0 11.47322190142195 0.3536334782202216 0.051560939231348316
6050 0.012666787210494732 0 11.47322190142195 0.3536334782202216 0.051560939231348316
6100 0.012666787210494732 0 11.47322190142195 0.3536334782202216 0.051560939231348316
6150 0.012666787210494732 0 11.47322190142195 0.3536334782202216 0.051560939231348316
6200 0.012666787210494732 0 11.47322190142195 0.3536334782202216 0.051560939231348316
6250 0.012666787210494732 0 11.47322190142195 0.3536334782202216 0.051560939231348316
6300 0.012666787210494732 0 11.47322190142195 0.3536334782202216 0.051560939231348316
6350 0.012666787210494732 0 11.47322190142195 0.3536334782202216 0.051560939231348316
6400 0.012666787210494732 0 11.47322190142195 0.3536334782202216 0.051560939231348316
6450 0.012666787210494732 0 11.47322190142195 0.3536334782202216 0.051560939231348316
6500 0.012666787210494732 0 11.47322190142195 0.3536334782202216 0.051560939231348316
6550 0.012666787210494732 0 11.47322190142195 0.3536334782202216 0.051560939231348316
6600 0.012666787210494732 0 11.47322190142195 0.3536334782202216 0.051560939231348316
6650 0.012666633517058268 0 11.551856181713317 0.3523263700104217 0.05150609635210792
6700 0.01266619694937155 0 11.574621059545741 0.35194457450188776 0.0514899089149835
6750 0.01266619694937155 0 11.574621059545741 0.35194457450188776 0.0514899089149835
6800 0.012666123830313812 0 11.47937387580424 0.35352096272848094 0.05155602426770812
6850 0.012666123830313812 0 11.47937387580424 0.35352096272848094 0.05155602426770812
6900 0.012665415324316288 0 11.287708834191706 0.35674214382912656 0.05169011012033659
6950 0.012665415324316288 0 11.287708834191706 0.35674214382912656 0.05169011012033659
7000 0.012665415324316288 0 11.287708834191706 0.35674214382912656 0.05169011012033659
7050 0.012665415324316288 0 11.287708834191706 0.35674214382912656 0.05169011012033659
7100 0.012665415324316288 0 11.287708834191706 0.35674214382912656 0.05169011012033659
7150 0.012665415324316288 0 11.287708834191706 0.35674214382912656 0.05169011012033659
7200 0.012665415324316288 0 11.287708834191706 0.35674214382912656 0.05169011012033659
7250 0.012665415324316288 0 11.287708834191706 0.35674214382912656 0.05169011012033659
7300 0.012665415324316288 0 11.287708834191706 0.35674214382912656 0.05169011012033659
7350 0.012665415324316288 0 11.287708834191706 0.35674214382912656 0.05169011012033659
7400 0.012665415324316288 0 11.287708834191706 0.35674214382912656 0.05169011012033659
7450 0.012665415324316288 0 11.287708834191706 0.35674214382912656 0.05169011012033659
7500 0.012665415324316288 0 11.287708834191706 0.35674214382912656 0.05169011012033659
7550 0.012665415324316288 0 11.287708834191706 0.35674214382912656 0.05169011012033659
7600 0.012665415324316288 0 11.287708834191706 0.35674214382912656 0.05169011012033659
7650 0.012665279817148614 0 11.294175845999067 0.35662956705734644 0.051685415499536674
7700 0.012665279817148614 0 11.294175845999067 0.35662956705734644 0.051685415499536674
7750 0.012665279817148614 0 11.294175845999067 0.35662956705734644 0.051685415499536674
7800 0.012665279817148614 0 11.294175845999067 0.35662956705734644 0.051685415499536674
7850 0.012665279817148614 0 11.294175845999067 0.35662956705734644 0.051685415499536674
7900 0.012665279817148614 0 11.294175845999067 0.35662956705734644 0.051685415499536674
7950 0.012665279817148614 0 11.294175845999067 0.35662956705734644 0.051685415499536674
8000 0.012665279817148614 0 11.294175845999067 0.35662956705734644 0.051685415499536674
8050 0.012665279817148614 0 11.294175845999067 0.35662956705734644 0.051685415499536674
8100 0.012665279817148614 0 11.294175845999067 0.35662956705734644 0.051685415499536674
8150 0.012665279817148614 0 11.294175845999067 0.35662956705734644 0.051685415499536674
8200 0.012665279817148614 0 11.294175845999067 0.35662956705734644 0.051685415499536674
8250 0.012665279817148614 0 11.294175845999067 0.35662956705734644 0.051685415499536674
8300 0.012665279817148614 0 11.294175845999067 0.35662956705734644 0.051685415499536674
8350 0.012665279817148614 0 11.294175845999067 0.35662956705734644 0.051685415499536674
8400 0.012665279817148614 0 11.294175845999067 0.35662956705734644 0.051685415499536674
8450 0.012665279817148614 0 11.294175845999067 0.35662956705734644 0.051685415499536674
8500 0.012665279817148614 0 11.294175845999067 0.35662956705734644 0.051685415499536674
8550 0.012665279817148614 0 11.294175845999067 0.35662956705734644 0.051685415499536674
8600 0.012665279817148614 0 11.294175845999067 0.35662956705734644 0.051685415499536674
8650 0.012665279817148614 0 11.294175845999067 0.35662956705734644 0.051685415499536674
8700 0.012665279817148614 0 11.294175845999067 0.35662956705734644 0.051685415499536674
8750 0.012665279817148614 0 11.294175845999067 0.35662956705734644 0.051685415499536674
8800 0.012665279817148614 0 11.294175845999067 0.35662956705734644 0.051685415499536674
8850 0.012665277652290315 0 11.334613811281452 0.3559419000395126 0.051656809488246094
8900 0.012665277652290315 0 11.334613811281452 0.3559419000395126 0.051656809488246094
8950 0.012665277652290315 0 11.334613811281452 0.3559419000395126 0.051656809488246094
9000 0.012665277652290315 0 11.334613811281452 0.3559419000395126 0.051656809488246094
9050 0.012665277652290315 0 11.334613811281452 0.3559419000395126 0.051656809488246094
9100 0.012665277652290315 0 11.334613811281452 0.3559419000395126 0.051656809488246094
9150 0.012665277652290315 0 11.334613811281452 0.3559419000395126 0.051656809488246094
9200 0.012665257735419645 0 11.321890601704066 0.3561576511858878 0.051665774638450374
9250 0.012665257735419645 0 11.321890601704066 0.3561576511858878 0.051665774638450374
9300 0.012665257735419645 0 11.321890601704066 0.3561576511858878 0.051665774638450374
9350 0.012665257735419645 0 11.321890601704066 0.3561576511858878 0.051665774638450374
9400 0.012665257735419645 0 11.321890601704066 0.3561576511858878 0.051665774638450374
9450 0.012665257735419645 0 11.321890601704066 0.3561576511858878 0.051665774638450374
9500 0.012665257735419645 0 11.321890601704066 0.3561576511858878 0.051665774638450374
9550 0.012665257735419645 0 11.321890601704066 0.3561576511858878 0.051665774638450374
9600 0.012665257735419645 0 11.321890601704066 0.3561576511858878 0.051665774638450374
9650 0.012665257735419645 0 11.321890601704066 0.3561576511858878 0.051665774638450374
9700 0.012665257735419645 0 11.321890601704066 0.3561576511858878 0.051665774638450374
9750 0.012665257735419645 0 11.321890601704066 0.3561576511858878 0.051665774638450374
9800 0.012665255191929924 0 11.325193758732432 0.3561015142242381 0.05166343710072548
9850 0.012665255191929924 0 11.325193758732432 0.3561015142242381 0.05166343710072548
9900 0.012665255191929924 0 11.325193758732432 0.3561015142242381 0.05166343710072548
9950 0.012665255191929924 0 11.325193758732432 0.3561015142242381 0.05166343710072548
10000 0.01266524684803171 0 11.30661983740645 0.35641712237084433 0.05167656939652236
10050 0.01266524684803171 0 11.30661983740645 0.35641712237084433 0.05167656939652236
10100 0.01266524684803171 0 11.30661983740645 0.35641712237084433 0.05167656939652236
10150 0.01266524684803171 0 11.30661983740645 0.35641712237084433 0.05167656939652236
10200 0.01266524684803171 0 11.30661983740645 0.35641712237084433 0.05167656939652236
10250 0.01266524684803171 0 11.30661983740645 0.35641712237084433 0.05167656939652236
10300 0.01266524684803171 0 11.30661983740645 0.35641712237084433 0.05167656939652236
10350 0.012665246829063932 0 11.298386352606377 0.35655734836965897 0.051682398484258915
10400 0.012665238190450281 0 11.296698446503541 0.35658599301064875 0.051683585077739534
10450 0.012665238190450281 0 11.296698446503541 0.35658599301064875 0.051683585077739534
10500 0.012665238190450281 0 11.296698446503541 0.35658599301064875 0.051683585077739534
10550 0.012665238190450281 0 11.296698446503541 0.35658599301064875 0.051683585077739534
10600 0.012665236022974475 0 11.294925584512855 0.35661616066859886 0.051684840253895976
10650 0.012665236022974475 0 11.294925584512855 0.35661616066859886 0.051684840253895976
10700 0.012665236022974475 0 11.294925584512855 0.35661616066859886 0.051684840253895976
10750 0.012665236022974475 0 11.294925584512855 0.35661616066859886 0.051684840253895976
10800 0.012665236022974475 0 11.294925584512855 0.35661616066859886 0.051684840253895976
10850 0.012665236022974475 0 11.294925584512855 0.35661616066859886 0.051684840253895976
10900 0.012665236022974475 0 11.294925584512855 0.35661616066859886 0.051684840253895976
10950 0.012665236022974475 0 11.294925584512855 0.35661616066859886 0.051684840253895976
11000 0.012665236022974475 0 11.294925584512855 0.35661616066859886 0.051684840253895976
11050 0.012665236022974475 0 11.294925584512855 0.35661616066859886 0.051684840253895976
11100 0.012665236022974475 0 11.294925584512855 0.35661616066859886 0.051684840253895976
11150 0.012665236022974475 0 11.294925584512855 0.35661616066859886 0.051684840253895976
11200 0.012665236022974475 0 11.294925584512855 0.35661616066859886 0.051684840253895976
11250 0.012665236022974475 0 11.294925584512855 0.35661616066859886 0.051684840253895976
11300 0.012665236022974475 0 11.294925584512855 0.35661616066859886 0.051684840253895976
11350 0.012665236022974475 0 11.294925584512855 0.35661616066859886 0.051684840253895976
11400 0.012665235998347233 0 11.291385938664266 0.35667651498334935 0.0516873482316509
11450 0.012665235900490826 0 11.297854143382759 0.3565662614589563 0.051682764427661086
11500 0.012665235900490826 0 11.297854143382759 0.3565662614589563 0.051682764427661086
11550 0.012665235900490826 0 11.297854143382759 0.3565662614589563 0.051682764427661086
11600 0.012665235900490826 0 11.297854143382759 0.3565662614589563 0.051682764427661086
11650 0.012665235491792099 0 11.293804867180123 0.35663526173707977 0.05168563356254202
11700 0.012665235491792099 0 11.293804867180123 0.35663526173707977 0.05168563356254202
11750 0.012665235274217205 0 11.299946969675993 0.3565305948292487 0.051681281547434045
11800 0.012665234456048006 0 11.300686630544375 0.35651798538550444 0.051680756747998345
11850 0.012665234456048006 0 11.300686630544375 0.35651798538550444 0.051680756747998345
11900 0.012665234456048006 0 11.300686630544375 0.35651798538550444 0.051680756747998345
11950 0.012665234456048006 0 11.300686630544375 0.35651798538550444 0.051680756747998345
12000 0.012665234456048006 0 11.300686630544375 0.35651798538550444 0.051680756747998345
12050 0.012665233878777436 0 11.292861388876545 0.35665132201917904 0.0516863006903258
12100 0.012665233878777436 0 11.292861388876545 0.35665132201917904 0.0516863006903258
12150 0.012665233878777436 0 11.292861388876545 0.35665132201917904 0.0516863006903258
12200 0.012665233348234812 0 11.288894338980167 0.3567189651818512 0.05168911232987605
12250 0.012665233348234812 0 11.288894338980167 0.3567189651818512 0.05168911232987605
12300 0.012665233206911153 0 11.288829414700915 0.3567200701707867 0.051689158250943876
12350 0.012665233206911153 0 11.288829414700915 0.3567200701707867 0.051689158250943876
12400 0.012665233206911153 0 11.288829414700915 0.3567200701707867 0.051689158250943876
12450 0.012665233206911153 0 11.288829414700915 0.3567200701707867 0.051689158250943876
12500 0.012665233206911153 0 11.288829414700915 0.3567200701707867 0.051689158250943876
12550 0.012665232938956205 0 11.28734168322687 0.35674544693877247 0.051690212772580804
12600 0.012665232938956205 0 11.28734168322687 0.35674544693877247 0.051690212772580804
12650 0.012665232938956205 0 11.28734168322687 0.35674544693877247 0.051690212772580804
12700 0.012665232938956205 0 11.28734168322687 0.35674544693877247 0.051690212772580804
12750 0.012665232938956205 0 11.28734168322687 0.35674544693877247 0.051690212772580804
12800 0.012665232938956205 0 11.28734168322687 0.35674544693877247 0.051690212772580804
12850 0.012665232938956205 0 11.28734168322687 0.35674544693877247 0.051690212772580804
12900 0.012665232938956205 0 11.28734168322687 0.35674544693877247 0.051690212772580804
12950 0.012665232938956205 0 11.28734168322687 0.35674544693877247 0.051690212772580804
13000 0.012665232938956205 0 11.28734168322687 0.35674544693877247 0.051690212772580804
13050 0.012665232938956205 0 11.28734168322687 0.35674544693877247 0.051690212772580804
13100 0.012665232938956205 0 11.28734168322687 0.35674544693877247 0.051690212772580804
13150 0.012665232938956205 0 11.28734168322687 0.35674544693877247 0.051690212772580804
13200 0.012665232938956205 0 11.28734168322687 0.35674544693877247 0.051690212772580804
13250 0.012665232938956205 0 11.28734168322687 0.35674544693877247 0.051690212772580804
13300 0.012665232938956205 0 11.28734168322687 0.35674544693877247 0.051690212772580804
13350 0.012665232938956205 0 11.28734168322687 0.35674544693877247 0.051690212772580804
13400 0.012665232938956205 0 11.28734168322687 0.35674544693877247 0.051690212772580804
13450 0.012665232938956205 0 11.28734168322687 0.35674544693877247 0.051690212772580804
13500 0.012665232938956205 0 11.28734168322687 0.35674544693877247 0.051690212772580804
13550 0.01266523285496998 0 11.288953664132006 0.35671794695746295 0.05168906971786519
13600 0.01266523285496998 0 11.288953664132006 0.35671794695746295 0.05168906971786519
13650 0.01266523285496998 0 11.288953664132006 0.35671794695746295 0.05168906971786519
13700 0.01266523285496998 0 11.288953664132006 0.35671794695746295 0.05168906971786519
13750 0.01266523285496998 0 11.288953664132006 0.35671794695746295 0.05168906971786519
13800 0.01266523285496998 0 11.288953664132006 0.35671794695746295 0.05168906971786519
13850 0.01266523285496998 0 11.288953664132006 0.35671794695746295 0.05168906971786519
13900 0.01266523285496998 0 11.288953664132006 0.35671794695746295 0.05168906971786519
13950 0.01266523285496998 0 11.288953664132006 0.35671794695746295 0.05168906971786519
14000 0.01266523285496998 0 11.288953664132006 0.35671794695746295 0.05168906971786519
14050 0.012665232847640028 0 11.28966144561475 0.35670587478583926 0.05168856789355384
14100 0.012665232847640028 0 11.28966144561475 0.35670587478583926 0.05168856789355384
14150 0.012665232847640028 0 11.28966144561475 0.35670587478583926 0.05168856789355384
14200 0.012665232847640028 0 11.28966144561475 0.35670587478583926 0.05168856789355384
14250 0.012665232823330635 0 11.289247922033105 0.3567129274445341 0.051688861054124464
14300 0.012665232823330635 0 11.289247922033105 0.3567129274445341 0.051688861054124464
14350 0.012665232823330635 0 11.289247922033105 0.3567129274445341 0.051688861054124464
14400 0.012665232823330635 0 11.289247922033105 0.3567129274445341 0.051688861054124464
14450 0.012665232823330635 0 11.289247922033105 0.3567129274445341 0.051688861054124464
14500 0.012665232823330635 0 11.289247922033105 0.3567129274445341 0.051688861054124464
14550 0.012665232814590782 0 11.287779584125834 0.35673797418440367 0.05168990215974162
14600 0.012665232814590782 0 11.287779584125834 0.35673797418440367 0.05168990215974162
14650 0.012665232814590782 0 11.287779584125834 0.35673797418440367 0.05168990215974162
14700 0.012665232814590782 0 11.287779584125834 0.35673797418440367 0.05168990215974162
14750 0.012665232814590782 0 11.287779584125834 0.35673797418440367 0.05168990215974162
14800 0.012665232805530125 0 11.289584589871627 0.35670718493702996 0.05168862234500818
14850 0.012665232805530125 0 11.289584589871627 0.35670718493702996 0.05168862234500818
14900 0.012665232805530125 0 11.289584589871627 0.35670718493702996 0.05168862234500818
14950 0.012665232805530125 0 11.289584589871627 0.35670718493702996 0.05168862234500818
15000 0.012665232805530125 0 11.289584589871627 0.35670718493702996 0.05168862234500818
15050 0.012665232805530125 0 11.289584589871627 0.35670718493702996 0.05168862234500818
15100 0.012665232801134784 0 11.288508376448702 0.35672554164471537 0.05168938538888773
15150 0.012665232801134784 0 11.288508376448702 0.35672554164471537 0.05168938538888773
15200 0.012665232801134784 0 11.288508376448702 0.35672554164471537 0.05168938538888773
15250 0.012665232801134784 0 11.288508376448702 0.35672554164471537 0.05168938538888773
15300 0.012665232801134784 0 11.288508376448702 0.35672554164471537 0.05168938538888773
15350 0.012665232801134784 0 11.288508376448702 0.35672554164471537 0.05168938538888773
15400 0.012665232801134784 0 11.288508376448702 0.35672554164471537 0.05168938538888773
15450 0.012665232801134784 0 11.288508376448702 0.35672554164471537 0.05168938538888773
15500 0.012665232801134784 0 11.288508376448702 0.35672554164471537 0.05168938538888773
15550 0.012665232801134784 0 11.288508376448702 0.35672554164471537 0.05168938538888773
15600 0.012665232801134784 0 11.288508376448702 0.35672554164471537 0.05168938538888773
15650 0.012665232801134784 0 11.288508376448702 0.35672554164471537 0.05168938538888773
15700 0.012665232801134784 0 11.288508376448702 0.35672554164471537 0.05168938538888773
15750 0.012665232801134784 0 11.288508376448702 0.35672554164471537 0.05168938538888773
15800 0.012665232800337694 0 11.289025903446557 0.35671671394897037 0.0516890184475295
15850 0.012665232800337694 0 11.289025903446557 0.35671671394897037 0.0516890184475295
15900 0.012665232790722306 0 11.289102564370227 0.3567154062430212 0.05168896408301038
15950 0.012665232790722306 0 11.289102564370227 0.3567154062430212 0.05168896408301038
16000 0.012665232790722306 0 11.289102564370227 0.3567154062430212 0.05168896408301038
16050 0.012665232790722306 0 11.289102564370227 0.3567154062430212 0.05168896408301038
16100 0.012665232790722306 0 11.289102564370227 0.3567154062430212 0.05168896408301038
16150 0.012665232790722306 0 11.289102564370227 0.3567154062430212 0.05168896408301038
16200 0.012665232790722306 0 11.289102564370227 0.3567154062430212 0.05168896408301038
16250 0.012665232790722306 0 11.289102564370227 0.3567154062430212 0.05168896408301038
16300 0.012665232790722306 0 11.289102564370227 0.3567154062430212 0.05168896408301038
16350 0.012665232790722306 0 11.289102564370227 0.3567154062430212 0.05168896408301038
16400 0.012665232790722306 0 11.289102564370227 0.3567154062430212 0.05168896408301038
16450 0.012665232790722306 0 11.289102564370227 0.3567154062430212 0.05168896408301038
16500 0.012665232790722306 0 11.289102564370227 0.3567154062430212 0.05168896408301038
16550 0.012665232790722306 0 11.289102564370227 0.3567154062430212 0.05168896408301038
16600 0.012665232790722306 0 11.289102564370227 0.3567154062430212 0.05168896408301038
16650 0.012665232790722306 0 11.289102564370227 0.3567154062430212 0.05168896408301038
16700 0.012665232790722306 0 11.289102564370227 0.3567154062430212 0.05168896408301038
16750 0.01266523278971169 0 11.289057706775418 0.3567161713449866 0.05168899588705487
16800 0.01266523278971169 0 11.289057706775418 0.3567161713449866 0.05168899588705487
16850 0.01266523278971169 0 11.289057706775418 0.3567161713449866 0.05168899588705487
16900 0.01266523278971169 0 11.289057706775418 0.3567161713449866 0.05168899588705487
16950 0.01266523278971169 0 11.289057706775418 0.3567161713449866 0.05168899588705487
17000 0.01266523278971169 0 11.289057706775418 0.3567161713449866 0.05168899588705487
17050 0.01266523278971169 0 11.289057706775418 0.3567161713449866 0.05168899588705487
17100 0.01266523278971169 0 11.289057706775418 0.3567161713449866 0.05168899588705487
17150 0.01266523278971169 0 11.289057706775418 0.3567161713449866 0.05168899588705487
17200 0.01266523278971169 0 11.289057706775418 0.3567161713449866 0.05168899588705487
17250 0.01266523278971169 0 11.289057706775418 0.3567161713449866 0.05168899588705487
17300 0.01266523278971169 0 11.289057706775418 0.3567161713449866 0.05168899588705487
17350 0.01266523278971169 0 11.289057706775418 0.3567161713449866 0.05168899588705487
17400 0.01266523278971169 0 11.289057706775418 0.3567161713449866 0.05168899588705487
17450 0.01266523278971169 0 11.289057706775418 0.3567161713449866 0.05168899588705487
17500 0.01266523278971169 0 11.289057706775418 0.3567161713449866 0.05168899588705487
17550 0.012665232789160643 0 11.288789871424704 0.3567207398374112 0.05168918578605471
17600 0.012665232789141714 0 11.28905395910675 0.356716235262293 0.05168899854345943
17650 0.012665232789141714 0 11.28905395910675 0.356716235262293 0.05168899854345943
17700 0.012665232789141714 0 11.28905395910675 0.356716235262293 0.05168899854345943
17750 0.012665232788951975 0 11.289176424755416 0.35671414639909876 0.05168891171450715
17800 0.012665232788827358 0 11.289100256599568 0.3567154455713618 0.05168896571787995
17850 0.012665232788685409 0 11.288994991456208 0.3567172410599424 0.05168904035176439
17900 0.012665232788685409 0 11.288994991456208 0.3567172410599424 0.05168904035176439
17950 0.012665232788685409 0 11.288994991456208 0.3567172410599424 0.05168904035176439
18000 0.012665232788685409 0 11.288994991456208 0.3567172410599424 0.05168904035176439
18050 0.012665232788685409 0 11.288994991456208 0.3567172410599424 0.05168904035176439
18100 0.012665232788685409 0 11.288994991456208 0.3567172410599424 0.05168904035176439
18150 0.012665232788685409 0 11.288994991456208 0.3567172410599424 0.05168904035176439
18200 0.012665232788685409 0 11.288994991456208 0.3567172410599424 0.05168904035176439
18250 0.012665232788685409 0 11.288994991456208 0.3567172410599424 0.05168904035176439
18300 0.012665232788685409 0 11.288994991456208 0.3567172410599424 0.05168904035176439
18350 0.012665232788685409 0 11.288994991456208 0.3567172410599424 0.05168904035176439
18400 0.012665232788685409 0 11.288994991456208 0.3567172410599424 0.05168904035176439
18450 0.012665232788648171 0 11.289060706356278 0.3567161201683077 0.05168899375912406
18500 0.012665232788648171 0 11.289060706356278 0.3567161201683077 0.05168899375912406
18550 0.01266523278862273 0 11.289022454062273 0.3567167726325451 0.051689020880302916
18600 0.01266523278862273 0 11.289022454062273 0.3567167726325451 0.051689020880302916
18650 0.01266523278862273 0 11.289022454062273 0.3567167726325451 0.051689020880302916
18700 0.01266523278862273 0 11.289022454062273 0.3567167726325451 0.051689020880302916
18750 0.012665232788565042 0 11.28899530466248 0.3567172357163823 0.05168904012953954
18800 0.012665232788565042 0 11.28899530466248 0.3567172357163823 0.05168904012953954
18850 0.012665232788565042 0 11.28899530466248 0.3567172357163823 0.05168904012953954
18900 0.012665232788557114 0 11.288955970345693 0.35671790664222724 0.05168906801806412
18950 0.012665232788557114 0 11.288955970345693 0.35671790664222724 0.05168906801806412
19000 0.012665232788557114 0 11.288955970345693 0.35671790664222724 0.05168906801806412
19050 0.012665232788471722 0 11.289012497868061 0.3567169424524999 0.05168902793918984
19100 0.012665232788471722 0 11.289012497868061 0.3567169424524999 0.05168902793918984
19150 0.012665232788459338 0 11.289062638163886 0.3567160872156495 0.051688992389227965
19200 0.012665232788459338 0 11.289062638163886 0.3567160872156495 0.051688992389227965
19250 0.012665232788391965 0 11.289009815295367 0.35671698820750075 0.05168902984110635
19300 0.012665232788391965 0 11.289009815295367 0.35671698820750075 0.05168902984110635
19350 0.012665232788391965 0 11.289009815295367 0.35671698820750075 0.05168902984110635
19400 0.012665232788391965 0 11.289009815295367 0.35671698820750075 0.05168902984110635
19450 0.012665232788391965 0 11.289009815295367 0.35671698820750075 0.05168902984110635
19500 0.012665232788391965 0 11.289009815295367 0.35671698820750075 0.05168902984110635
19550 0.012665232788391965 0 11.289009815295367 0.35671698820750075 0.05168902984110635
19600 0.012665232788376198 0 11.28901884323948 0.35671683421834627 0.051689023440177784
19650 0.012665232788376198 0 11.28901884323948 0.35671683421834627 0.051689023440177784
19700 0.012665232788376198 0 11.28901884323948 0.35671683421834627 0.051689023440177784
19750 0.012665232788376198 0 11.28901884323948 0.35671683421834627 0.051689023440177784
19800 0.012665232788376198 0 11.28901884323948 0.35671683421834627 0.051689023440177784
19850 0.012665232788376198 0 11.28901884323948 0.35671683421834627 0.051689023440177784
19900 0.012665232788376198 0 11.28901884323948 0.35671683421834627 0.051689023440177784
19950 0.012665232788376198 0 11.28901884323948 0.35671683421834627 0.051689023440177784
20000 0.012665232788376198 0 11.28901884323948 0.35671683421834627 0.051689023440177784
20050 0.012665232788376198 0 11.28901884323948 0.35671683421834627 0.051689023440177784
20100 0.012665232788366163 0 11.288961763895193 0.3567178078188282 0.05168906391015221
20150 0.012665232788366163 0 11.288961763895193 0.3567178078188282 0.05168906391015221
20200 0.012665232788366163 0 11.288961763895193 0.3567178078188282 0.05168906391015221
20250 0.012665232788366163 0 11.288961763895193 0.3567178078188282 0.05168906391015221
20300 0.012665232788366163 0 11.288961763895193 0.3567178078188282 0.05168906391015221
20350 0.012665232788366163 0 11.288961763895193 0.3567178078188282 0.05168906391015221
20400 0.012665232788366163 0 11.288961763895193 0.3567178078188282 0.05168906391015221
20450 0.01266523278835119 0 11.288977810500212 0.3567175341114117 0.05168905253287284
20500 0.01266523278835119 0 11.288977810500212 0.3567175341114117 0.05168905253287284
20550 0.01266523278835119 0 11.288977810500212 0.3567175341114117 0.05168905253287284
20600 0.01266523278835119 0 11.288977810500212 0.3567175341114117 0.05168905253287284
20650 0.01266523278835119 0 11.288977810500212 0.3567175341114117 0.05168905253287284
20700 0.01266523278835119 0 11.288977810500212 0.3567175341114117 0.05168905253287284
20750 0.01266523278835119 0 11.288977810500212 0.3567175341114117 0.05168905253287284
20800 0.01266523278835119 0 11.288977810500212 0.3567175341114117 0.05168905253287284
20850 0.012665232788346284 0 11.28897044229778 0.3567176597907678 0.05168905775702707
20900 0.012665232788346284 0 11.28897044229778 0.3567176597907678 0.05168905775702707
20950 0.012665232788346284 0 11.28897044229778 0.3567176597907678 0.05168905775702707
21000 0.012665232788346284 0 11.28897044229778 0.3567176597907678 0.05168905775702707
21050 0.012665232788346284 0 11.28897044229778 0.3567176597907678 0.05168905775702707
21100 0.012665232788344255 0 11.288992003867541 0.35671729201525826 0.051689042469586735
21150 0.012665232788336945 0 11.288950277933084 0.35671800373481677 0.05168907205385057
21200 0.012665232788336945 0 11.288950277933084 0.35671800373481677 0.05168907205385057
21250 0.012665232788336945 0 11.288950277933084 0.35671800373481677 0.05168907205385057
21300 0.012665232788336945 0 11.288950277933084 0.35671800373481677 0.05168907205385057
21350 0.012665232788336329 0 11.288999130720962 0.35671717045273094 0.051689037416549
21400 0.012665232788336329 0 11.288999130720962 0.35671717045273094 0.051689037416549
21450 0.012665232788336329 0 11.288999130720962 0.35671717045273094 0.051689037416549
21500 0.012665232788336329 0 11.288999130720962 0.35671717045273094 0.051689037416549
21550 0.012665232788334289 0 11.288960531555631 0.35671782883829023 0.05168906478387679
21600 0.012665232788334289 0 11.288960531555631 0.35671782883829023 0.05168906478387679
21650 0.012665232788334289 0 11.288960531555631 0.35671782883829023 0.05168906478387679
21700 0.012665232788325615 0 11.288969200314005 0.35671768097496814 0.05168905863759293
21750 0.012665232788325615 0 11.288969200314005 0.35671768097496814 0.05168905863759293
21800 0.012665232788325615 0 11.288969200314005 0.35671768097496814 0.05168905863759293
21850 0.012665232788325615 0 11.288969200314005 0.35671768097496814 0.05168905863759293
21900 0.012665232788321929 0 11.288966616733898 0.35671772504310645 0.05168906046938253
21950 0.012665232788321929 0 11.288966616733898 0.35671772504310645 0.05168906046938253
22000 0.012665232788321929 0 11.288966616733898 0.35671772504310645 0.05168906046938253
22050 0.012665232788321929 0 11.288966616733898 0.35671772504310645 0.05168906046938253
22100 0.012665232788321929 0 11.288966616733898 0.35671772504310645 0.05168906046938253
22150 0.012665232788321929 0 11.288966616733898 0.35671772504310645 0.05168906046938253
22200 0.012665232788321929 0 11.288966616733898 0.35671772504310645 0.05168906046938253
22250 0.012665232788321929 0 11.288966616733898 0.35671772504310645 0.05168906046938253
22300 0.012665232788321929 0 11.288966616733898 0.35671772504310645 0.05168906046938253
22350 0.012665232788321929 0 11.288966616733898 0.35671772504310645 0.05168906046938253
22400 0.012665232788321929 0 11.288966616733898 0.35671772504310645 0.05168906046938253
22450 0.012665232788321929 0 11.288966616733898 0.35671772504310645 0.05168906046938253
22500 0.012665232788321929 0 11.288966616733898 0.35671772504310645 0.05168906046938253
22550 0.012665232788321929 0 11.288966616733898 0.35671772504310645 0.05168906046938253
22600 0.012665232788321929 0 11.288966616733898 0.35671772504310645 0.05168906046938253
22650 0.012665232788321507 0 11.28896136338671 0.3567178146495614 0.05168906419408192
22700 0.012665232788321507 0 11.28896136338671 0.3567178146495614 0.05168906419408192
22750 0.012665232788321507 0 11.28896136338671 0.3567178146495614 0.05168906419408192
22800 0.012665232788321507 0 11.28896136338671 0.3567178146495614 0.05168906419408192
22850 0.012665232788321507 0 11.28896136338671 0.3567178146495614 0.05168906419408192
22900 0.012665232788321507 0 11.28896136338671 0.3567178146495614 0.05168906419408192
22950 0.012665232788321507 0 11.28896136338671 0.3567178146495614 0.05168906419408192
23000 0.012665232788321507 0 11.28896136338671 0.3567178146495614 0.05168906419408192
23050 0.012665232788320725 0 11.288963859785586 0.3567177720684076 0.05168906242409795
23100 0.012665232788320725 0 11.288963859785586 0.3567177720684076 0.05168906242409795
23150 0.012665232788320725 0 11.288963859785586 0.3567177720684076 0.05168906242409795
23200 0.012665232788320381 0 11.288965396224288 0.3567177458613337 0.05168906133474032
23250 0.012665232788320381 0 11.288965396224288 0.3567177458613337 0.05168906133474032
23300 0.012665232788320248 0 11.288969247803985 0.35671768016486965 0.05168905860391535
23350 0.012665232788320248 0 11.288969247803985 0.35671768016486965 0.05168905860391535
23400 0.012665232788320248 0 11.288969247803985 0.35671768016486965 0.05168905860391535
23450 0.012665232788320248 0 11.288969247803985 0.35671768016486965 0.05168905860391535
23500 0.012665232788320248 0 11.288969247803985 0.35671768016486965 0.05168905860391535
23550 0.012665232788320248 0 11.288969247803985 0.35671768016486965 0.05168905860391535
23600 0.012665232788320248 0 11.288969247803985 0.35671768016486965 0.05168905860391535
23650 0.012665232788320126 0 11.288958723611682 0.35671785967627256 0.051689066065719685
23700 0.012665232788319814 0 11.288964359850574 0.356717763538774 0.05168906206954374
23750 0.012665232788319814 0 11.288964359850574 0.356717763538774 0.05168906206954374
23800 0.012665232788319814 0 11.288964359850574 0.356717763538774 0.05168906206954374
23850 0.012665232788319814 0 11.288964359850574 0.356717763538774 0.05168906206954374
23900 0.012665232788319814 0 11.288964359850574 0.356717763538774 0.05168906206954374
23950 0.012665232788319814 0 11.288964359850574 0.356717763538774 0.05168906206954374
24000 0.012665232788319814 0 11.288964359850574 0.356717763538774 0.05168906206954374
24050 0.012665232788319814 0 11.288964359850574 0.356717763538774 0.05168906206954374
24100 0.012665232788319625 0 11.28896863691043 0.3567176905848806 0.051689059037046896
24150 0.012665232788319625 0 11.28896863691043 0.3567176905848806 0.051689059037046896
24200 0.012665232788319625 0 11.28896863691043 0.3567176905848806 0.051689059037046896
24250 0.012665232788319625 0 11.28896863691043 0.3567176905848806 0.051689059037046896
24300 0.012665232788319625 0 11.28896863691043 0.3567176905848806 0.051689059037046896
24350 0.012665232788319625 0 11.28896863691043 0.3567176905848806 0.051689059037046896
24400 0.012665232788319625 0 11.28896863691043 0.3567176905848806 0.051689059037046896
24450 0.012665232788319625 0 11.28896863691043 0.3567176905848806 0.051689059037046896
24500 0.012665232788319625 0 11.28896863691043 0.3567176905848806 0.051689059037046896
24550 0.012665232788319625 0 11.28896863691043 0.3567176905848806 0.051689059037046896
24600 0.012665232788319528 0 11.288968869812646 0.35671768661226294 0.05168905887191582
24650 0.012665232788319528 0 11.288968869812646 0.35671768661226294 0.05168905887191582
24700 0.012665232788319528 0 11.288968869812646 0.35671768661226294 0.05168905887191582
24750 0.012665232788319528 0 11.288968869812646 0.35671768661226294 0.05168905887191582
24800 0.012665232788319528 0 11.288968869812646 0.35671768661226294 0.05168905887191582
24850 0.012665232788319528 0 11.288968869812646 0.35671768661226294 0.05168905887191582
24900 0.012665232788319438 0 11.288967086795735 0.3567177170252094 0.05168906013610006
24950 0.012665232788319438 0 11.288967086795735 0.3567177170252094 0.05168906013610006
25000 0.012665232788319438 0 11.288967086795735 0.3567177170252094 0.05168906013610006
25050 0.012665232788319438 0 11.288967086795735 0.3567177170252094 0.05168906013610006
25100 0.012665232788319438 0 11.288967086795735 0.3567177170252094 0.05168906013610006
25150 0.012665232788319438 0 11.288967086795735 0.3567177170252094 0.05168906013610006
25200 0.012665232788319438 0 11.288967086795735 0.3567177170252094 0.05168906013610006
25250 0.012665232788319438 0 11.288967086795735 0.3567177170252094 0.05168906013610006
25300 0.012665232788319438 0 11.288967086795735 0.3567177170252094 0.05168906013610006
25350 0.012665232788319438 0 11.288967086795735 0.3567177170252094 0.05168906013610006
25400 0.012665232788319438 0 11.288967086795735 0.3567177170252094 0.05168906013610006
25450 0.012665232788319438 0 11.288967086795735 0.3567177170252094 0.05168906013610006
25500 0.012665232788319438 0 11.288967086795735 0.3567177170252094 0.05168906013610006
25550 0.012665232788319438 0 11.288967086795735 0.3567177170252094 0.05168906013610006
25600 0.012665232788319438 0 11.288967086795735 0.3567177170252094 0.05168906013610006
25650 0.012665232788319438 0 11.288967086795735 0.3567177170252094 0.05168906013610006
25700 0.012665232788319438 0 11.288967086795735 0.3567177170252094 0.05168906013610006
25750 0.012665232788319438 0 11.288967086795735 0.3567177170252094 0.05168906013610006
25800 0.012665232788319438 0 11.288967086795735 0.3567177170252094 0.05168906013610006
25850 0.012665232788319438 0 11.288967086795735 0.3567177170252094 0.05168906013610006
25900 0.012665232788319438 0 11.288967086795735 0.3567177170252094 0.05168906013610006
25950 0.012665232788319433 0 11.288966313492173 0.3567177302154626 0.05168906068438332
26000 0.012665232788319433 0 11.288966313492173 0.3567177302154626 0.05168906068438332
26050 0.012665232788319433 0 11.288966313492173 0.3567177302154626 0.05168906068438332
26100 0.012665232788319433 0 11.288966313492173 0.3567177302154626 0.05168906068438332
26150 0.012665232788319433 0 11.288966313492173 0.3567177302154626 0.05168906068438332
26200 0.012665232788319433 0 11.288966313492173 0.3567177302154626 0.05168906068438332
26250 0.012665232788319433 0 11.288966313492173 0.3567177302154626 0.05168906068438332
26300 0.012665232788319419 0 11.288965813214233 0.35671773874871315 0.05168906103908754
26350 0.012665232788319419 0 11.288965813214233 0.35671773874871315 0.05168906103908754
26400 0.012665232788319419 0 11.288965813214233 0.35671773874871315 0.05168906103908754
26450 0.012665232788319419 0 11.288965813214233 0.35671773874871315 0.05168906103908754
26500 0.012665232788319419 0 11.288965813214233 0.35671773874871315 0.05168906103908754
26550 0.012665232788319419 0 11.288965813214233 0.35671773874871315 0.05168906103908754
26600 0.012665232788319419 0 11.288965813214233 0.35671773874871315 0.05168906103908754
26650 0.012665232788319419 0 11.288965813214233 0.35671773874871315 0.05168906103908754
26700 0.012665232788319419 0 11.288965813214233 0.35671773874871315 0.05168906103908754
26750 0.012665232788319419 0 11.288965813214233 0.35671773874871315 0.05168906103908754
26800 0.012665232788319419 0 11.288965813214233 0.35671773874871315 0.05168906103908754
26850 0.012665232788319419 0 11.288965813214233 0.35671773874871315 0.05168906103908754
26900 0.012665232788319419 0 11.288965813214233 0.35671773874871315 0.05168906103908754
26950 0.012665232788319419 0 11.288965813214233 0.35671773874871315 0.05168906103908754
27000 0.012665232788319419 0 11.288965813214233 0.35671773874871315 0.05168906103908754
27050 0.012665232788319419 0 11.288965813214233 0.35671773874871315 0.05168906103908754
27100 0.012665232788319419 0 11.288965813214233 0.35671773874871315 0.05168906103908754
27150 0.012665232788319419 0 11.288965813214233 0.35671773874871315 0.05168906103908754
27200 0.012665232788319419 0 11.288965813214233 0.35671773874871315 0.05168906103908754
27250 0.012665232788319419 0 11.288965813214233 0.35671773874871315 0.05168906103908754
27300 0.012665232788319419 0 11.288965813214233 0.35671773874871315 0.05168906103908754
27350 0.012665232788319419 0 11.288965813214233 0.35671773874871315 0.05168906103908754
27400 0.012665232788319419 0 11.288965813214233 0.35671773874871315 0.05168906103908754
27450 0.012665232788319419 0 11.288965813214233 0.35671773874871315 0.05168906103908754
27500 0.012665232788319419 0 11.288965813214233 0.35671773874871315 0.05168906103908754
27550 0.012665232788319419 0 11.288965813214233 0.35671773874871315 0.05168906103908754
27600 0.012665232788319419 0 11.288965813214233 0.35671773874871315 0.05168906103908754
27650 0.012665232788319419 0 11.288965813214233 0.35671773874871315 0.05168906103908754
27700 0.012665232788319419 0 11.288965813214233 0.35671773874871315 0.05168906103908754
27750 0.012665232788319419 0 11.288965813214233 0.35671773874871315 0.05168906103908754
27800 0.012665232788319419 0 11.288966058680238 0.35671773456179456 0.051689060865048625
27850 0.012665232788319419 0 11.288966058680238 0.35671773456179456 0.051689060865048625
27900 0.012665232788319419 0 11.288966058680238 0.35671773456179456 0.051689060865048625
27950 0.012665232788319419 0 11.288966058680238 0.35671773456179456 0.051689060865048625
28000 0.012665232788319415 0 11.288966336844565 0.3567177298171401 0.05168906066782613
28050 0.012665232788319415 0 11.288966336844565 0.3567177298171401 0.05168906066782613
28100 0.012665232788319415 0 11.288966336844565 0.3567177298171401 0.05168906066782613
28150 0.012665232788319415 0 11.288966336844565 0.3567177298171401 0.05168906066782613
28200 0.012665232788319415 0 11.288966336844565 0.3567177298171401 0.05168906066782613
28250 0.012665232788319415 0 11.288966336844565 0.3567177298171401 0.05168906066782613
28300 0.012665232788319415 0 11.288966336844565 0.3567177298171401 0.05168906066782613
28350 0.012665232788319415 0 11.288966336844565 0.3567177298171401 0.05168906066782613
28400 0.012665232788319412 0 11.288966145202123 0.356717733085989 0.05168906080370336
28450 0.012665232788319412 0 11.288966145202123 0.356717733085989 0.05168906080370336
28500 0.012665232788319412 0 11.288966145202123 0.356717733085989 0.05168906080370336
28550 0.012665232788319412 0 11.288966145202123 0.356717733085989 0.05168906080370336
28600 0.012665232788319412 0 11.288966145202123 0.356717733085989 0.05168906080370336
28650 0.012665232788319412 0 11.288966145202123 0.356717733085989 0.05168906080370336
28700 0.012665232788319412 0 11.288965814265657 0.35671773873077894 0.05168906103834206
28750 0.012665232788319412 0 11.288965814265657 0.35671773873077894 0.05168906103834206
28800 0.012665232788319412 0 11.288965814265657 0.35671773873077894 0.05168906103834206
28850 0.012665232788319412 0 11.288965814265657 0.35671773873077894 0.05168906103834206
28900 0.012665232788319412 0 11.288965814265657 0.35671773873077894 0.05168906103834206
28950 0.012665232788319412 0 11.288965814265657 0.35671773873077894 0.05168906103834206
29000 0.012665232788319412 0 11.288965814265657 0.35671773873077894 0.05168906103834206
29050 0.012665232788319412 0 11.288965814265657 0.35671773873077894 0.05168906103834206
29100 0.012665232788319412 0 11.288965814265657 0.35671773873077894 0.05168906103834206
29150 0.012665232788319412 0 11.288965814265657 0.35671773873077894 0.05168906103834206
29200 0.012665232788319412 0 11.288965814265657 0.35671773873077894 0.05168906103834206
29250 0.012665232788319412 0 11.288965814265657 0.35671773873077894 0.05168906103834206
29300 0.012665232788319412 0 11.288965814265657 0.35671773873077894 0.05168906103834206
29350 0.012665232788319412 0 11.288965814265657 0.35671773873077894 0.05168906103834206
29400 0.01266523278831941 0 11.288965673985558 0.35671774112353943 0.05168906113780266
29450 0.01266523278831941 0 11.288965673985558 0.35671774112353943 0.05168906113780266
29500 0.01266523278831941 0 11.288965673985558 0.35671774112353943 0.05168906113780266
29550 0.01266523278831941 0 11.288965673985558 0.35671774112353943 0.05168906113780266
29600 0.01266523278831941 0 11.288965673985558 0.35671774112353943 0.05168906113780266
29650 0.01266523278831941 0 11.288965673985558 0.35671774112353943 0.05168906113780266
29700 0.01266523278831941 0 11.288965673985558 0.35671774112353943 0.05168906113780266
29750 0.01266523278831941 0 11.288965673985558 0.35671774112353943 0.05168906113780266
29800 0.01266523278831941 0 11.288965673985558 0.35671774112353943 0.05168906113780266
29850 0.01266523278831941 0 11.288965673985558 0.35671774112353943 0.05168906113780266
29900 0.01266523278831941 0 11.288965673985558 0.35671774112353943 0.05168906113780266
29950 0.012665232788319407 0 11.288965838172631 0.35671773832299714 0.05168906102139167
30000 0.012665232788319407 0 11.288965838172631 0.35671773832299714 0.05168906102139167
30050 0.012665232788319407 0 11.288965838172631 0.35671773832299714 0.05168906102139167
30100 0.012665232788319407 0 11.288965838172631 0.35671773832299714 0.05168906102139167
30150 0.012665232788319407 0 11.288965838172631 0.35671773832299714 0.05168906102139167
30200 0.012665232788319407 0 11.288965838172631 0.35671773832299714 0.05168906102139167
30250 0.012665232788319407 0 11.288965838172631 0.35671773832299714 0.05168906102139167
30300 0.012665232788319407 0 11.288965838172631 0.35671773832299714 0.05168906102139167
30350 0.012665232788319407 0 11.288965838172631 0.35671773832299714 0.05168906102139167
30400 0.012665232788319407 0 11.288965838172631 0.35671773832299714 0.05168906102139167
30450 0.012665232788319407 0 11.288965838172631 0.35671773832299714 0.05168906102139167
30500 0.012665232788319407 0 11.288965838172631 0.35671773832299714 0.05168906102139167
30550 0.012665232788319407 0 11.288965838172631 0.35671773832299714 0.05168906102139167
30600 0.012665232788319407 0 11.288965838172631 0.35671773832299714 0.05168906102139167
30650 0.012665232788319407 0 11.288965838172631 0.35671773832299714 0.05168906102139167
30700 0.012665232788319407 0 11.288965838172631 0.35671773832299714 0.05168906102139167
30750 0.012665232788319407 0 11.288965838172631 0.35671773832299714 0.05168906102139167
30800 0.012665232788319407 0 11.288965838172631 0.35671773832299714 0.05168906102139167
30850 0.012665232788319407 0 11.288965838172631 0.35671773832299714 0.05168906102139167
30900 0.012665232788319407 0 11.288965838172631 0.35671773832299714 0.05168906102139167
30950 0.012665232788319407 0 11.288965838172631 0.35671773832299714 0.05168906102139167
31000 0.012665232788319407 0 11.288965838172631 0.35671773832299714 0.05168906102139167
31050 0.012665232788319407 0 11.288965838172631 0.35671773832299714 0.05168906102139167
31100 0.012665232788319407 0 11.288965838172631 0.35671773832299714 0.05168906102139167
31150 0.012665232788319407 0 11.288965838172631 0.35671773832299714 0.05168906102139167
31200 0.012665232788319407 0 11.288965838172631 0.35671773832299714 0.05168906102139167
31250 0.012665232788319407 0 11.288965838172631 0.35671773832299714 0.05168906102139167
31300 0.012665232788319407 0 11.288965838172631 0.35671773832299714 0.05168906102139167
31350 0.012665232788319407 0 11.288965838172631 0.35671773832299714 0.05168906102139167
31400 0.012665232788319407 0 11.288965838172631 0.35671773832299714 0.05168906102139167
31450 0.012665232788319407 0 11.288965838172631 0.35671773832299714 0.05168906102139167
31500 0.012665232788319407 0 11.288965838172631 0.35671773832299714 0.05168906102139167
31550 0.012665232788319407 0 11.288965838172631 0.35671773832299714 0.05168906102139167
31600 0.012665232788319407 0 11.288965838172631 0.35671773832299714 0.05168906102139167
31650 0.012665232788319407 0 11.288965838172631 0.35671773832299714 0.05168906102139167
31700 0.012665232788319407 0 11.288965838172631 0.35671773832299714 0.05168906102139167
31750 0.012665232788319407 0 11.288965838172631 0.35671773832299714 0.05168906102139167
31800 0.012665232788319407 0 11.288965838172631 0.35671773832299714 0.05168906102139167
31850 0.012665232788319407 0 11.288965838172631 0.35671773832299714 0.05168906102139167
31900 0.012665232788319407 0 11.288965838172631 0.35671773832299714 0.05168906102139167
31950 0.012665232788319407 0 11.288965838172631 0.35671773832299714 0.05168906102139167
32000 0.012665232788319407 0 11.288965838172631 0.35671773832299714 0.05168906102139167
32050 0.012665232788319407 0 11.288965838172631 0.35671773832299714 0.05168906102139167
32100 0.012665232788319407 0 11.288965838172631 0.35671773832299714 0.05168906102139167
32150 0.012665232788319407 0 11.288965838172631 0.35671773832299714 0.05168906102139167
32200 0.012665232788319407 0 11.288965838172631 0.35671773832299714 0.05168906102139167
32250 0.012665232788319407 0 11.288965838172631 0.35671773832299714 0.05168906102139167
32300 0.012665232788319407 0 11.288965733342929 0.35671774011107954 0.05168906109571743
32350 0.012665232788319407 0 11.288965733342929 0.35671774011107954 0.05168906109571743
32400 0.012665232788319407 0 11.288965733342929 0.35671774011107954 0.05168906109571743
32450 0.012665232788319407 0 11.288965733342929 0.35671774011107954 0.05168906109571743
32500 0.012665232788319407 0 11.288965733342929 0.35671774011107954 0.05168906109571743
32550 0.012665232788319407 0 11.288965733342929 0.35671774011107954 0.05168906109571743
32600 0.012665232788319407 0 11.288965733342929 0.35671774011107954 0.05168906109571743
32650 0.012665232788319407 0 11.288965733342929 0.35671774011107954 0.05168906109571743
32700 0.012665232788319407 0 11.288965733342929 0.35671774011107954 0.05168906109571743
32750 0.012665232788319407 0 11.288965733342929 0.35671774011107954 0.05168906109571743
32800 0.012665232788319407 0 11.288965733342929 0.35671774011107954 0.05168906109571743
32850 0.012665232788319407 0 11.288965733342929 0.35671774011107954 0.05168906109571743
32900 0.012665232788319407 0 11.288965733342929 0.35671774011107954 0.05168906109571743
32950 0.012665232788319407 0 11.288965733342929 0.35671774011107954 0.05168906109571743
33000 0.012665232788319407 0 11.288965733342929 0.35671774011107954 0.05168906109571743
33050 0.012665232788319407 0 11.288965733342929 0.35671774011107954 0.05168906109571743
33100 0.012665232788319407 0 11.288965733342929 0.35671774011107954 0.05168906109571743
33150 0.012665232788319405 0 11.288965639529778 0.35671774171125237 0.0516890611622323
33200 0.012665232788319405 0 11.288965639529778 0.35671774171125237 0.0516890611622323
33250 0.012665232788319405 0 11.288965639529778 0.35671774171125237 0.0516890611622323
33300 0.012665232788319405 0 11.288965639529778 0.35671774171125237 0.0516890611622323
33350 0.012665232788319405 0 11.288965639529778 0.35671774171125237 0.0516890611622323
33400 0.012665232788319405 0 11.288965639529778 0.35671774171125237 0.0516890611622323
33450 0.012665232788319405 0 11.288965639529778 0.35671774171125237 0.0516890611622323
33500 0.012665232788319405 0 11.288965639529778 0.35671774171125237 0.0516890611622323
33550 0.012665232788319405 0 11.288965639529778 0.35671774171125237 0.0516890611622323
33600 0.012665232788319405 0 11.288965639529778 0.35671774171125237 0.0516890611622323
33650 0.012665232788319405 0 11.288965639529778 0.35671774171125237 0.0516890611622323
33700 0.012665232788319405 0 11.288965639529778 0.35671774171125237 0.0516890611622323
33750 0.012665232788319405 0 11.288965639529778 0.35671774171125237 0.0516890611622323
33800 0.012665232788319405 0 11.288965639529778 0.35671774171125237 0.0516890611622323
33850 0.012665232788319405 0 11.288965639529778 0.35671774171125237 0.0516890611622323
33900 0.012665232788319405 0 11.288965639529778 0.35671774171125237 0.0516890611622323
33950 0.012665232788319405 0 11.288965639529778 0.35671774171125237 0.0516890611622323
34000 0.012665232788319405 0 11.288965639529778 0.35671774171125237 0.0516890611622323
34050 0.012665232788319405 0 11.288965639529778 0.35671774171125237 0.0516890611622323
34100 0.012665232788319405 0 11.288965639529778 0.35671774171125237 0.0516890611622323
34150 0.012665232788319405 0 11.288965639529778 0.35671774171125237 0.0516890611622323
34200 0.012665232788319405 0 11.288965639529778 0.35671774171125237 0.0516890611622323
34250 0.012665232788319405 0 11.288965639529778 0.35671774171125237 0.0516890611622323
34300 0.012665232788319405 0 11.288965639529778 0.35671774171125237 0.0516890611622323
34350 0.012665232788319405 0 11.288965639529778 0.35671774171125237 0.0516890611622323
34400 0.012665232788319405 0 11.288965639529778 0.35671774171125237 0.0516890611622323
34450 0.012665232788319405 0 11.288965639529778 0.35671774171125237 0.0516890611622323
34500 0.012665232788319405 0 11.288965639529778 0.35671774171125237 0.0516890611622323
34550 0.012665232788319405 0 11.288965639529778 0.35671774171125237 0.0516890611622323
34600 0.012665232788319405 0 11.288965639529778 0.35671774171125237 0.0516890611622323
34650 0.012665232788319405 0 11.288965639529778 0.35671774171125237 0.0516890611622323
34700 0.012665232788319405 0 11.288965639529778 0.35671774171125237 0.0516890611622323
34750 0.012665232788319405 0 11.288965639529778 0.35671774171125237 0.0516890611622323
34800 0.012665232788319405 0 11.288965639529778 0.35671774171125237 0.0516890611622323
34850 0.012665232788319405 0 11.288965639529778 0.35671774171125237 0.0516890611622323
34900 0.012665232788319405 0 11.288965639529778 0.35671774171125237 0.0516890611622323
34950 0.012665232788319405 0 11.288965639529778 0.35671774171125237 0.0516890611622323
35000 0.012665232788319405 0 11.288965639529778 0.35671774171125237 0.0516890611622323
35050 0.012665232788319405 0 11.288965639529778 0.35671774171125237 0.0516890611622323
35100 0.012665232788319405 0 11.288965639529778 0.35671774171125237 0.0516890611622323
35150 0.012665232788319405 0 11.288965639529778 0.35671774171125237 0.0516890611622323
35200 0.012665232788319405 0 11.288965639529778 0.35671774171125237 0.0516890611622323
35250 0.012665232788319405 0 11.288965639529778 0.35671774171125237 0.0516890611622323
35300 0.012665232788319405 0 11.288965639529778 0.35671774171125237 0.0516890611622323
35350 0.012665232788319405 0 11.288965639529778 0.35671774171125237 0.0516890611622323
35400 0.012665232788319405 0 11.288965639529778 0.35671774171125237 0.0516890611622323
35450 0.012665232788319405 0 11.288965639529778 0.35671774171125237 0.0516890611622323
35500 0.012665232788319405 0 11.288965639529778 0.35671774171125237 0.0516890611622323
35550 0.012665232788319405 0 11.288965639529778 0.35671774171125237 0.0516890611622323
35600 0.012665232788319405 0 11.288965639529778 0.35671774171125237 0.0516890611622323
35650 0.012665232788319405 0 11.288965639529778 0.35671774171125237 0.0516890611622323
35700 0.012665232788319405 0 11.288965639529778 0.35671774171125237 0.0516890611622323
35750 0.012665232788319405 0 11.288965639529778 0.35671774171125237 0.0516890611622323
35800 0.012665232788319405 0 11.288965639529778 0.35671774171125237 0.0516890611622323
35850 0.012665232788319405 0 11.288965639529778 0.35671774171125237 0.0516890611622323
35900 0.012665232788319405 0 11.288965639529778 0.35671774171125237 0.0516890611622323
35950 0.012665232788319405 0 11.288965639529778 0.35671774171125237 0.0516890611622323
*---*---*---*---*---*---*---*---*---*---*---*---*---*---*---*---*---*---*---*---*
Status: Finished
Last individual
0.012665232788319405 0 11.288965639529778 0.35671774171125237 0.0516890611622323
Hall of fame
0.012665232788319405 0 11.288965639529778 0.35671774171125237 0.0516890611622323
Last factible individual
0.012665232788319405 0 11.288965639529778 0.35671774171125237 0.0516890611622323
CPU time used (seconds)
1.6118724280004244
